table-0 148 431 376 541 
cell-0-1-0 148 431 34 35 
cell-0-1-1 182 431 34 35 
cell-0-1-2 216 431 34 35 
cell-0-1-3 250 431 34 35 
cell-0-1-4 284 431 34 35 
cell-0-1-5 318 431 34 35 
cell-0-1-6 352 431 34 35 
cell-0-1-7 386 431 34 35 
cell-0-1-8 420 431 34 35 
cell-0-1-9 454 431 34 35 
cell-0-1-10 488 431 34 35 
cell-0-2-0 148 494 34 35 
cell-0-2-1 182 494 34 35 
cell-0-2-2 216 494 34 35 
cell-0-2-3 250 494 34 35 
cell-0-2-4 284 494 34 35 
cell-0-2-5 318 494 34 35 
cell-0-2-6 352 494 34 35 
cell-0-2-7 386 494 34 35 
cell-0-2-8 420 494 34 35 
cell-0-2-9 454 494 34 35 
cell-0-2-10 488 494 34 35 
cell-0-3-0 148 557 34 35 
cell-0-3-1 182 557 34 35 
cell-0-3-2 216 557 34 35 
cell-0-3-3 250 557 34 35 
cell-0-3-4 284 557 34 35 
cell-0-3-5 318 557 34 35 
cell-0-3-6 352 557 34 35 
cell-0-3-7 386 557 34 35 
cell-0-3-8 420 557 34 35 
cell-0-3-9 454 557 34 35 
cell-0-3-10 488 557 34 35 
cell-0-4-0 148 620 34 35 
cell-0-4-1 182 620 34 35 
cell-0-4-2 216 620 34 35 
cell-0-4-3 250 620 34 35 
cell-0-4-4 284 620 34 35 
cell-0-4-5 318 620 34 35 
cell-0-4-6 352 620 34 35 
cell-0-4-7 386 620 34 35 
cell-0-4-8 420 620 34 35 
cell-0-4-9 454 620 34 35 
cell-0-4-10 488 620 34 35 
cell-0-5-0 148 683 34 35 
cell-0-5-1 182 683 34 35 
cell-0-5-2 216 683 34 35 
cell-0-5-3 250 683 34 35 
cell-0-5-4 284 683 34 35 
cell-0-5-5 318 683 34 35 
cell-0-5-6 352 683 34 35 
cell-0-5-7 386 683 34 35 
cell-0-5-8 420 683 34 35 
cell-0-5-9 454 683 34 35 
cell-0-5-10 488 683 34 35 
cell-0-6-0 148 746 34 35 
cell-0-6-1 182 746 34 35 
cell-0-6-2 216 746 34 35 
cell-0-6-3 250 746 34 35 
cell-0-6-4 284 746 34 35 
cell-0-6-5 318 746 34 35 
cell-0-6-6 352 746 34 35 
cell-0-6-7 386 746 34 35 
cell-0-6-8 420 746 34 35 
cell-0-6-9 454 746 34 35 
cell-0-6-10 488 746 34 35 
cell-0-7-0 148 809 34 35 
cell-0-7-1 182 809 34 35 
cell-0-7-2 216 809 34 35 
cell-0-7-3 250 809 34 35 
cell-0-7-4 284 809 34 35 
cell-0-7-5 318 809 34 35 
cell-0-7-6 352 809 34 35 
cell-0-7-7 386 809 34 35 
cell-0-7-8 420 809 34 35 
cell-0-7-9 454 809 34 35 
cell-0-7-10 488 809 34 35 
cell-0-8-0 148 872 34 35 
cell-0-8-1 182 872 34 35 
cell-0-8-2 216 872 34 35 
cell-0-8-3 250 872 34 35 
cell-0-8-4 284 872 34 35 
cell-0-8-5 318 872 34 35 
cell-0-8-6 352 872 34 35 
cell-0-8-7 386 872 34 35 
cell-0-8-8 420 872 34 35 
cell-0-8-9 454 872 34 35 
cell-0-8-10 488 872 34 35 
cell-0-9-0 148 935 34 35 
cell-0-9-1 182 935 34 35 
cell-0-9-2 216 935 34 35 
cell-0-9-3 250 935 34 35 
cell-0-9-4 284 935 34 35 
cell-0-9-5 318 935 34 35 
cell-0-9-6 352 935 34 35 
cell-0-9-7 386 935 34 35 
cell-0-9-8 420 935 34 35 
cell-0-9-9 454 935 34 35 
cell-0-9-10 488 935 34 35 
table-1 649 474 266 537 
cell-1-0-0 649 474 44 35 
cell-1-0-1 693 474 44 35 
cell-1-0-2 737 474 44 35 
cell-1-0-3 781 474 44 35 
cell-1-0-4 825 474 44 35 
cell-1-0-5 869 474 44 35 
cell-1-1-0 649 524 44 35 
cell-1-1-1 693 524 44 35 
cell-1-1-2 737 524 44 35 
cell-1-1-3 781 524 44 35 
cell-1-1-4 825 524 44 35 
cell-1-1-5 869 524 44 35 
cell-1-2-0 649 574 44 35 
cell-1-2-1 693 574 44 35 
cell-1-2-2 737 574 44 35 
cell-1-2-3 781 574 44 35 
cell-1-2-4 825 574 44 35 
cell-1-2-5 869 574 44 35 
cell-1-3-0 649 624 44 35 
cell-1-3-1 693 624 44 35 
cell-1-3-2 737 624 44 35 
cell-1-3-3 781 624 44 35 
cell-1-3-4 825 624 44 35 
cell-1-3-5 869 624 44 35 
cell-1-4-0 649 674 44 35 
cell-1-4-1 693 674 44 35 
cell-1-4-2 737 674 44 35 
cell-1-4-3 781 674 44 35 
cell-1-4-4 825 674 44 35 
cell-1-4-5 869 674 44 35 
cell-1-5-0 649 724 44 35 
cell-1-5-1 693 724 44 35 
cell-1-5-2 737 724 44 35 
cell-1-5-3 781 724 44 35 
cell-1-5-4 825 724 44 35 
cell-1-5-5 869 724 44 35 
cell-1-6-0 649 774 44 35 
cell-1-6-1 693 774 44 35 
cell-1-6-2 737 774 44 35 
cell-1-6-3 781 774 44 35 
cell-1-6-4 825 774 44 35 
cell-1-6-5 869 774 44 35 
cell-1-7-0 649 824 44 35 
cell-1-7-1 693 824 44 35 
cell-1-7-2 737 824 44 35 
cell-1-7-3 781 824 44 35 
cell-1-7-4 825 824 44 35 
cell-1-7-5 869 824 44 35 
cell-1-8-0 649 874 44 35 
cell-1-8-1 693 874 44 35 
cell-1-8-2 737 874 44 35 
cell-1-8-3 781 874 44 35 
cell-1-8-4 825 874 44 35 
cell-1-8-5 869 874 44 35 
cell-1-9-0 649 924 44 35 
cell-1-9-1 693 924 44 35 
cell-1-9-2 737 924 44 35 
cell-1-9-3 781 924 44 35 
cell-1-9-4 825 924 44 35 
cell-1-9-5 869 924 44 35 
cell-1-10-0 649 974 44 35 
cell-1-10-1 693 974 44 35 
cell-1-10-2 737 974 44 35 
cell-1-10-3 781 974 44 35 
cell-1-10-4 825 974 44 35 
cell-1-10-5 869 974 44 35 
header-2 150 1171 772 193 
row-1-1 150 1171 372 40 
row-1-2 542 1171 273 40 
row-2-1 150 1221 273 40 
row-2-2 443 1221 476 40 
row-3-1 150 1271 636 40 
row-4-1 150 1321 669 40 
