header-0 130 83 842 193 
row-1-1 130 83 377 40 
row-1-2 527 83 278 40 
row-2-1 130 133 344 40 
row-2-2 494 133 470 40 
row-3-1 130 183 575 40 
row-4-1 130 233 509 40 
table-4 167 815 222 537 
cell-4-0-0 167 815 44 35 
cell-4-0-1 211 815 44 35 
cell-4-0-2 255 815 44 35 
cell-4-0-3 299 815 44 35 
cell-4-0-4 343 815 44 35 
cell-4-1-0 167 865 44 35 
cell-4-1-1 211 865 44 35 
cell-4-1-2 255 865 44 35 
cell-4-1-3 299 865 44 35 
cell-4-1-4 343 865 44 35 
cell-4-2-0 167 915 44 35 
cell-4-2-1 211 915 44 35 
cell-4-2-2 255 915 44 35 
cell-4-2-3 299 915 44 35 
cell-4-2-4 343 915 44 35 
cell-4-3-0 167 965 44 35 
cell-4-3-1 211 965 44 35 
cell-4-3-2 255 965 44 35 
cell-4-3-3 299 965 44 35 
cell-4-3-4 343 965 44 35 
cell-4-4-0 167 1015 44 35 
cell-4-4-1 211 1015 44 35 
cell-4-4-2 255 1015 44 35 
cell-4-4-3 299 1015 44 35 
cell-4-4-4 343 1015 44 35 
cell-4-5-0 167 1065 44 35 
cell-4-5-1 211 1065 44 35 
cell-4-5-2 255 1065 44 35 
cell-4-5-3 299 1065 44 35 
cell-4-5-4 343 1065 44 35 
cell-4-6-0 167 1115 44 35 
cell-4-6-1 211 1115 44 35 
cell-4-6-2 255 1115 44 35 
cell-4-6-3 299 1115 44 35 
cell-4-6-4 343 1115 44 35 
cell-4-7-0 167 1165 44 35 
cell-4-7-1 211 1165 44 35 
cell-4-7-2 255 1165 44 35 
cell-4-7-3 299 1165 44 35 
cell-4-7-4 343 1165 44 35 
cell-4-8-0 167 1215 44 35 
cell-4-8-1 211 1215 44 35 
cell-4-8-2 255 1215 44 35 
cell-4-8-3 299 1215 44 35 
cell-4-8-4 343 1215 44 35 
cell-4-9-0 167 1265 44 35 
cell-4-9-1 211 1265 44 35 
cell-4-9-2 255 1265 44 35 
cell-4-9-3 299 1265 44 35 
cell-4-9-4 343 1265 44 35 
cell-4-10-0 167 1315 44 35 
cell-4-10-1 211 1315 44 35 
cell-4-10-2 255 1315 44 35 
cell-4-10-3 299 1315 44 35 
cell-4-10-4 343 1315 44 35 
