table-0 95 667 900 258 
cell-0-0-0 95 667 100 49 
cell-0-0-1 195 667 100 49 
cell-0-0-2 295 667 100 49 
cell-0-0-3 395 667 100 49 
cell-0-0-4 495 667 100 49 
cell-0-0-5 595 667 100 49 
cell-0-0-6 695 667 100 49 
cell-0-0-7 795 667 100 49 
cell-0-0-8 895 667 100 49 
cell-0-1-0 95 719 100 49 
cell-0-1-1 195 719 100 49 
cell-0-1-2 295 719 100 49 
cell-0-1-3 395 719 100 49 
cell-0-1-4 495 719 100 49 
cell-0-1-5 595 719 100 49 
cell-0-1-6 695 719 100 49 
cell-0-1-7 795 719 100 49 
cell-0-1-8 895 719 100 49 
cell-0-2-0 95 771 100 49 
cell-0-2-1 195 771 100 49 
cell-0-2-2 295 771 100 49 
cell-0-2-3 395 771 100 49 
cell-0-2-4 495 771 100 49 
cell-0-2-5 595 771 100 49 
cell-0-2-6 695 771 100 49 
cell-0-2-7 795 771 100 49 
cell-0-2-8 895 771 100 49 
cell-0-3-0 95 823 100 49 
cell-0-3-1 195 823 100 49 
cell-0-3-2 295 823 100 49 
cell-0-3-3 395 823 100 49 
cell-0-3-4 495 823 100 49 
cell-0-3-5 595 823 100 49 
cell-0-3-6 695 823 100 49 
cell-0-3-7 795 823 100 49 
cell-0-3-8 895 823 100 49 
cell-0-4-0 95 875 100 49 
cell-0-4-1 195 875 100 49 
cell-0-4-2 295 875 100 49 
cell-0-4-3 395 875 100 49 
cell-0-4-4 495 875 100 49 
cell-0-4-5 595 875 100 49 
cell-0-4-6 695 875 100 49 
cell-0-4-7 795 875 100 49 
cell-0-4-8 895 875 100 49 
