table-0 488 827 228 362 
cell-0-0-0 488 827 45 35 
cell-0-0-1 533 827 45 35 
cell-0-0-2 578 827 45 35 
cell-0-0-3 623 827 45 35 
cell-0-0-4 668 827 45 35 
cell-0-1-0 488 863 45 35 
cell-0-1-1 533 863 45 35 
cell-0-1-2 578 863 45 35 
cell-0-1-3 623 863 45 35 
cell-0-1-4 668 863 45 35 
cell-0-2-0 488 899 45 35 
cell-0-2-1 533 899 45 35 
cell-0-2-2 578 899 45 35 
cell-0-2-3 623 899 45 35 
cell-0-2-4 668 899 45 35 
cell-0-3-0 488 935 45 35 
cell-0-3-1 533 935 45 35 
cell-0-3-2 578 935 45 35 
cell-0-3-3 623 935 45 35 
cell-0-3-4 668 935 45 35 
cell-0-4-0 488 971 45 35 
cell-0-4-1 533 971 45 35 
cell-0-4-2 578 971 45 35 
cell-0-4-3 623 971 45 35 
cell-0-4-4 668 971 45 35 
cell-0-5-0 488 1007 45 35 
cell-0-5-1 533 1007 45 35 
cell-0-5-2 578 1007 45 35 
cell-0-5-3 623 1007 45 35 
cell-0-5-4 668 1007 45 35 
cell-0-6-0 488 1043 45 35 
cell-0-6-1 533 1043 45 35 
cell-0-6-2 578 1043 45 35 
cell-0-6-3 623 1043 45 35 
cell-0-6-4 668 1043 45 35 
cell-0-7-0 488 1079 45 35 
cell-0-7-1 533 1079 45 35 
cell-0-7-2 578 1079 45 35 
cell-0-7-3 623 1079 45 35 
cell-0-7-4 668 1079 45 35 
cell-0-8-0 488 1115 45 35 
cell-0-8-1 533 1115 45 35 
cell-0-8-2 578 1115 45 35 
cell-0-8-3 623 1115 45 35 
cell-0-8-4 668 1115 45 35 
cell-0-9-0 488 1151 45 35 
cell-0-9-1 533 1151 45 35 
cell-0-9-2 578 1151 45 35 
cell-0-9-3 623 1151 45 35 
cell-0-9-4 668 1151 45 35 
