header-0 93 313 782 195 
row-1-1 93 313 257 41 
row-1-2 370 313 290 41 
row-2-1 93 364 257 41 
row-2-2 370 364 439 41 
row-3-1 93 415 653 41 
row-4-1 93 466 785 41 
table-2 211 792 682 397 
cell-2-1-0 211 792 34 35 
cell-2-1-1 245 792 34 35 
cell-2-1-2 279 792 34 35 
cell-2-1-3 313 792 34 35 
cell-2-1-4 347 792 34 35 
cell-2-1-5 381 792 34 35 
cell-2-1-6 415 792 34 35 
cell-2-1-7 449 792 34 35 
cell-2-1-8 483 792 34 35 
cell-2-1-9 517 792 34 35 
cell-2-1-10 551 792 34 35 
cell-2-1-11 585 792 34 35 
cell-2-1-12 619 792 34 35 
cell-2-1-13 653 792 34 35 
cell-2-1-14 687 792 34 35 
cell-2-1-15 721 792 34 35 
cell-2-1-16 755 792 34 35 
cell-2-1-17 789 792 34 35 
cell-2-1-18 823 792 34 35 
cell-2-1-19 857 792 34 35 
cell-2-2-0 211 852 34 35 
cell-2-2-1 245 852 34 35 
cell-2-2-2 279 852 34 35 
cell-2-2-3 313 852 34 35 
cell-2-2-4 347 852 34 35 
cell-2-2-5 381 852 34 35 
cell-2-2-6 415 852 34 35 
cell-2-2-7 449 852 34 35 
cell-2-2-8 483 852 34 35 
cell-2-2-9 517 852 34 35 
cell-2-2-10 551 852 34 35 
cell-2-2-11 585 852 34 35 
cell-2-2-12 619 852 34 35 
cell-2-2-13 653 852 34 35 
cell-2-2-14 687 852 34 35 
cell-2-2-15 721 852 34 35 
cell-2-2-16 755 852 34 35 
cell-2-2-17 789 852 34 35 
cell-2-2-18 823 852 34 35 
cell-2-2-19 857 852 34 35 
cell-2-3-0 211 912 34 35 
cell-2-3-1 245 912 34 35 
cell-2-3-2 279 912 34 35 
cell-2-3-3 313 912 34 35 
cell-2-3-4 347 912 34 35 
cell-2-3-5 381 912 34 35 
cell-2-3-6 415 912 34 35 
cell-2-3-7 449 912 34 35 
cell-2-3-8 483 912 34 35 
cell-2-3-9 517 912 34 35 
cell-2-3-10 551 912 34 35 
cell-2-3-11 585 912 34 35 
cell-2-3-12 619 912 34 35 
cell-2-3-13 653 912 34 35 
cell-2-3-14 687 912 34 35 
cell-2-3-15 721 912 34 35 
cell-2-3-16 755 912 34 35 
cell-2-3-17 789 912 34 35 
cell-2-3-18 823 912 34 35 
cell-2-3-19 857 912 34 35 
cell-2-4-0 211 972 34 35 
cell-2-4-1 245 972 34 35 
cell-2-4-2 279 972 34 35 
cell-2-4-3 313 972 34 35 
cell-2-4-4 347 972 34 35 
cell-2-4-5 381 972 34 35 
cell-2-4-6 415 972 34 35 
cell-2-4-7 449 972 34 35 
cell-2-4-8 483 972 34 35 
cell-2-4-9 517 972 34 35 
cell-2-4-10 551 972 34 35 
cell-2-4-11 585 972 34 35 
cell-2-4-12 619 972 34 35 
cell-2-4-13 653 972 34 35 
cell-2-4-14 687 972 34 35 
cell-2-4-15 721 972 34 35 
cell-2-4-16 755 972 34 35 
cell-2-4-17 789 972 34 35 
cell-2-4-18 823 972 34 35 
cell-2-4-19 857 972 34 35 
cell-2-5-0 211 1032 34 35 
cell-2-5-1 245 1032 34 35 
cell-2-5-2 279 1032 34 35 
cell-2-5-3 313 1032 34 35 
cell-2-5-4 347 1032 34 35 
cell-2-5-5 381 1032 34 35 
cell-2-5-6 415 1032 34 35 
cell-2-5-7 449 1032 34 35 
cell-2-5-8 483 1032 34 35 
cell-2-5-9 517 1032 34 35 
cell-2-5-10 551 1032 34 35 
cell-2-5-11 585 1032 34 35 
cell-2-5-12 619 1032 34 35 
cell-2-5-13 653 1032 34 35 
cell-2-5-14 687 1032 34 35 
cell-2-5-15 721 1032 34 35 
cell-2-5-16 755 1032 34 35 
cell-2-5-17 789 1032 34 35 
cell-2-5-18 823 1032 34 35 
cell-2-5-19 857 1032 34 35 
cell-2-6-0 211 1092 34 35 
cell-2-6-1 245 1092 34 35 
cell-2-6-2 279 1092 34 35 
cell-2-6-3 313 1092 34 35 
cell-2-6-4 347 1092 34 35 
cell-2-6-5 381 1092 34 35 
cell-2-6-6 415 1092 34 35 
cell-2-6-7 449 1092 34 35 
cell-2-6-8 483 1092 34 35 
cell-2-6-9 517 1092 34 35 
cell-2-6-10 551 1092 34 35 
cell-2-6-11 585 1092 34 35 
cell-2-6-12 619 1092 34 35 
cell-2-6-13 653 1092 34 35 
cell-2-6-14 687 1092 34 35 
cell-2-6-15 721 1092 34 35 
cell-2-6-16 755 1092 34 35 
cell-2-6-17 789 1092 34 35 
cell-2-6-18 823 1092 34 35 
cell-2-6-19 857 1092 34 35 
cell-2-7-0 211 1152 34 35 
cell-2-7-1 245 1152 34 35 
cell-2-7-2 279 1152 34 35 
cell-2-7-3 313 1152 34 35 
cell-2-7-4 347 1152 34 35 
cell-2-7-5 381 1152 34 35 
cell-2-7-6 415 1152 34 35 
cell-2-7-7 449 1152 34 35 
cell-2-7-8 483 1152 34 35 
cell-2-7-9 517 1152 34 35 
cell-2-7-10 551 1152 34 35 
cell-2-7-11 585 1152 34 35 
cell-2-7-12 619 1152 34 35 
cell-2-7-13 653 1152 34 35 
cell-2-7-14 687 1152 34 35 
cell-2-7-15 721 1152 34 35 
cell-2-7-16 755 1152 34 35 
cell-2-7-17 789 1152 34 35 
cell-2-7-18 823 1152 34 35 
cell-2-7-19 857 1152 34 35 
