table-0 354 1062 580 325 
cell-0-1-0 354 1062 34 35 
cell-0-1-1 388 1062 34 35 
cell-0-1-2 422 1062 34 35 
cell-0-1-3 456 1062 34 35 
cell-0-1-4 490 1062 34 35 
cell-0-1-5 524 1062 34 35 
cell-0-1-6 558 1062 34 35 
cell-0-1-7 592 1062 34 35 
cell-0-1-8 626 1062 34 35 
cell-0-1-9 660 1062 34 35 
cell-0-1-10 694 1062 34 35 
cell-0-1-11 728 1062 34 35 
cell-0-1-12 762 1062 34 35 
cell-0-1-13 796 1062 34 35 
cell-0-1-14 830 1062 34 35 
cell-0-1-15 864 1062 34 35 
cell-0-1-16 898 1062 34 35 
cell-0-2-0 354 1098 34 35 
cell-0-2-1 388 1098 34 35 
cell-0-2-2 422 1098 34 35 
cell-0-2-3 456 1098 34 35 
cell-0-2-4 490 1098 34 35 
cell-0-2-5 524 1098 34 35 
cell-0-2-6 558 1098 34 35 
cell-0-2-7 592 1098 34 35 
cell-0-2-8 626 1098 34 35 
cell-0-2-9 660 1098 34 35 
cell-0-2-10 694 1098 34 35 
cell-0-2-11 728 1098 34 35 
cell-0-2-12 762 1098 34 35 
cell-0-2-13 796 1098 34 35 
cell-0-2-14 830 1098 34 35 
cell-0-2-15 864 1098 34 35 
cell-0-2-16 898 1098 34 35 
cell-0-3-0 354 1134 34 35 
cell-0-3-1 388 1134 34 35 
cell-0-3-2 422 1134 34 35 
cell-0-3-3 456 1134 34 35 
cell-0-3-4 490 1134 34 35 
cell-0-3-5 524 1134 34 35 
cell-0-3-6 558 1134 34 35 
cell-0-3-7 592 1134 34 35 
cell-0-3-8 626 1134 34 35 
cell-0-3-9 660 1134 34 35 
cell-0-3-10 694 1134 34 35 
cell-0-3-11 728 1134 34 35 
cell-0-3-12 762 1134 34 35 
cell-0-3-13 796 1134 34 35 
cell-0-3-14 830 1134 34 35 
cell-0-3-15 864 1134 34 35 
cell-0-3-16 898 1134 34 35 
cell-0-4-0 354 1170 34 35 
cell-0-4-1 388 1170 34 35 
cell-0-4-2 422 1170 34 35 
cell-0-4-3 456 1170 34 35 
cell-0-4-4 490 1170 34 35 
cell-0-4-5 524 1170 34 35 
cell-0-4-6 558 1170 34 35 
cell-0-4-7 592 1170 34 35 
cell-0-4-8 626 1170 34 35 
cell-0-4-9 660 1170 34 35 
cell-0-4-10 694 1170 34 35 
cell-0-4-11 728 1170 34 35 
cell-0-4-12 762 1170 34 35 
cell-0-4-13 796 1170 34 35 
cell-0-4-14 830 1170 34 35 
cell-0-4-15 864 1170 34 35 
cell-0-4-16 898 1170 34 35 
cell-0-5-0 354 1206 34 35 
cell-0-5-1 388 1206 34 35 
cell-0-5-2 422 1206 34 35 
cell-0-5-3 456 1206 34 35 
cell-0-5-4 490 1206 34 35 
cell-0-5-5 524 1206 34 35 
cell-0-5-6 558 1206 34 35 
cell-0-5-7 592 1206 34 35 
cell-0-5-8 626 1206 34 35 
cell-0-5-9 660 1206 34 35 
cell-0-5-10 694 1206 34 35 
cell-0-5-11 728 1206 34 35 
cell-0-5-12 762 1206 34 35 
cell-0-5-13 796 1206 34 35 
cell-0-5-14 830 1206 34 35 
cell-0-5-15 864 1206 34 35 
cell-0-5-16 898 1206 34 35 
cell-0-6-0 354 1242 34 35 
cell-0-6-1 388 1242 34 35 
cell-0-6-2 422 1242 34 35 
cell-0-6-3 456 1242 34 35 
cell-0-6-4 490 1242 34 35 
cell-0-6-5 524 1242 34 35 
cell-0-6-6 558 1242 34 35 
cell-0-6-7 592 1242 34 35 
cell-0-6-8 626 1242 34 35 
cell-0-6-9 660 1242 34 35 
cell-0-6-10 694 1242 34 35 
cell-0-6-11 728 1242 34 35 
cell-0-6-12 762 1242 34 35 
cell-0-6-13 796 1242 34 35 
cell-0-6-14 830 1242 34 35 
cell-0-6-15 864 1242 34 35 
cell-0-6-16 898 1242 34 35 
cell-0-7-0 354 1278 34 35 
cell-0-7-1 388 1278 34 35 
cell-0-7-2 422 1278 34 35 
cell-0-7-3 456 1278 34 35 
cell-0-7-4 490 1278 34 35 
cell-0-7-5 524 1278 34 35 
cell-0-7-6 558 1278 34 35 
cell-0-7-7 592 1278 34 35 
cell-0-7-8 626 1278 34 35 
cell-0-7-9 660 1278 34 35 
cell-0-7-10 694 1278 34 35 
cell-0-7-11 728 1278 34 35 
cell-0-7-12 762 1278 34 35 
cell-0-7-13 796 1278 34 35 
cell-0-7-14 830 1278 34 35 
cell-0-7-15 864 1278 34 35 
cell-0-7-16 898 1278 34 35 
cell-0-8-0 354 1314 34 35 
cell-0-8-1 388 1314 34 35 
cell-0-8-2 422 1314 34 35 
cell-0-8-3 456 1314 34 35 
cell-0-8-4 490 1314 34 35 
cell-0-8-5 524 1314 34 35 
cell-0-8-6 558 1314 34 35 
cell-0-8-7 592 1314 34 35 
cell-0-8-8 626 1314 34 35 
cell-0-8-9 660 1314 34 35 
cell-0-8-10 694 1314 34 35 
cell-0-8-11 728 1314 34 35 
cell-0-8-12 762 1314 34 35 
cell-0-8-13 796 1314 34 35 
cell-0-8-14 830 1314 34 35 
cell-0-8-15 864 1314 34 35 
cell-0-8-16 898 1314 34 35 
cell-0-9-0 354 1350 34 35 
cell-0-9-1 388 1350 34 35 
cell-0-9-2 422 1350 34 35 
cell-0-9-3 456 1350 34 35 
cell-0-9-4 490 1350 34 35 
cell-0-9-5 524 1350 34 35 
cell-0-9-6 558 1350 34 35 
cell-0-9-7 592 1350 34 35 
cell-0-9-8 626 1350 34 35 
cell-0-9-9 660 1350 34 35 
cell-0-9-10 694 1350 34 35 
cell-0-9-11 728 1350 34 35 
cell-0-9-12 762 1350 34 35 
cell-0-9-13 796 1350 34 35 
cell-0-9-14 830 1350 34 35 
cell-0-9-15 864 1350 34 35 
cell-0-9-16 898 1350 34 35 
table-1 96 493 800 315 
cell-1-0-0 96 493 133 32 
cell-1-0-1 229 493 133 32 
cell-1-0-2 362 493 133 32 
cell-1-0-3 495 493 133 32 
cell-1-0-4 628 493 133 32 
cell-1-0-5 761 493 133 32 
cell-1-1-0 96 540 133 32 
cell-1-1-1 229 540 133 32 
cell-1-1-2 362 540 133 32 
cell-1-1-3 495 540 133 32 
cell-1-1-4 628 540 133 32 
cell-1-1-5 761 540 133 32 
cell-1-2-0 96 587 133 32 
cell-1-2-1 229 587 133 32 
cell-1-2-2 362 587 133 32 
cell-1-2-3 495 587 133 32 
cell-1-2-4 628 587 133 32 
cell-1-2-5 761 587 133 32 
cell-1-3-0 96 634 133 32 
cell-1-3-1 229 634 133 32 
cell-1-3-2 362 634 133 32 
cell-1-3-3 495 634 133 32 
cell-1-3-4 628 634 133 32 
cell-1-3-5 761 634 133 32 
cell-1-4-0 96 681 133 32 
cell-1-4-1 229 681 133 32 
cell-1-4-2 362 681 133 32 
cell-1-4-3 495 681 133 32 
cell-1-4-4 628 681 133 32 
cell-1-4-5 761 681 133 32 
cell-1-5-0 96 728 133 32 
cell-1-5-1 229 728 133 32 
cell-1-5-2 362 728 133 32 
cell-1-5-3 495 728 133 32 
cell-1-5-4 628 728 133 32 
cell-1-5-5 761 728 133 32 
cell-1-6-0 96 775 133 32 
cell-1-6-1 229 775 133 32 
cell-1-6-2 362 775 133 32 
cell-1-6-3 495 775 133 32 
cell-1-6-4 628 775 133 32 
cell-1-6-5 761 775 133 32 
