header-0 143 1087 815 193 
row-1-1 143 1087 379 40 
row-1-2 542 1087 412 40 
row-2-1 143 1137 313 40 
row-2-2 476 1137 469 40 
row-3-1 143 1187 610 40 
row-4-1 143 1237 511 40 
table-1 93 447 407 282 
cell-1-1-0 93 447 38 35 
cell-1-1-1 134 447 38 35 
cell-1-1-2 175 447 38 35 
cell-1-1-3 216 447 38 35 
cell-1-1-4 257 447 38 35 
cell-1-1-5 298 447 38 35 
cell-1-1-6 339 447 38 35 
cell-1-1-7 380 447 38 35 
cell-1-1-8 421 447 38 35 
cell-1-1-9 462 447 38 35 
cell-1-2-0 93 508 38 35 
cell-1-2-1 134 508 38 35 
cell-1-2-2 175 508 38 35 
cell-1-2-3 216 508 38 35 
cell-1-2-4 257 508 38 35 
cell-1-2-5 298 508 38 35 
cell-1-2-6 339 508 38 35 
cell-1-2-7 380 508 38 35 
cell-1-2-8 421 508 38 35 
cell-1-2-9 462 508 38 35 
cell-1-3-0 93 569 38 35 
cell-1-3-1 134 569 38 35 
cell-1-3-2 175 569 38 35 
cell-1-3-3 216 569 38 35 
cell-1-3-4 257 569 38 35 
cell-1-3-5 298 569 38 35 
cell-1-3-6 339 569 38 35 
cell-1-3-7 380 569 38 35 
cell-1-3-8 421 569 38 35 
cell-1-3-9 462 569 38 35 
cell-1-4-0 93 630 38 35 
cell-1-4-1 134 630 38 35 
cell-1-4-2 175 630 38 35 
cell-1-4-3 216 630 38 35 
cell-1-4-4 257 630 38 35 
cell-1-4-5 298 630 38 35 
cell-1-4-6 339 630 38 35 
cell-1-4-7 380 630 38 35 
cell-1-4-8 421 630 38 35 
cell-1-4-9 462 630 38 35 
cell-1-5-0 93 691 38 35 
cell-1-5-1 134 691 38 35 
cell-1-5-2 175 691 38 35 
cell-1-5-3 216 691 38 35 
cell-1-5-4 257 691 38 35 
cell-1-5-5 298 691 38 35 
cell-1-5-6 339 691 38 35 
cell-1-5-7 380 691 38 35 
cell-1-5-8 421 691 38 35 
cell-1-5-9 462 691 38 35 
