table-0 297 925 183 456 
cell-0-0-0 297 925 45 35 
cell-0-0-1 342 925 45 35 
cell-0-0-2 387 925 45 35 
cell-0-0-3 432 925 45 35 
cell-0-1-0 297 963 45 35 
cell-0-1-1 342 963 45 35 
cell-0-1-2 387 963 45 35 
cell-0-1-3 432 963 45 35 
cell-0-2-0 297 1001 45 35 
cell-0-2-1 342 1001 45 35 
cell-0-2-2 387 1001 45 35 
cell-0-2-3 432 1001 45 35 
cell-0-3-0 297 1039 45 35 
cell-0-3-1 342 1039 45 35 
cell-0-3-2 387 1039 45 35 
cell-0-3-3 432 1039 45 35 
cell-0-4-0 297 1077 45 35 
cell-0-4-1 342 1077 45 35 
cell-0-4-2 387 1077 45 35 
cell-0-4-3 432 1077 45 35 
cell-0-5-0 297 1115 45 35 
cell-0-5-1 342 1115 45 35 
cell-0-5-2 387 1115 45 35 
cell-0-5-3 432 1115 45 35 
cell-0-6-0 297 1153 45 35 
cell-0-6-1 342 1153 45 35 
cell-0-6-2 387 1153 45 35 
cell-0-6-3 432 1153 45 35 
cell-0-7-0 297 1191 45 35 
cell-0-7-1 342 1191 45 35 
cell-0-7-2 387 1191 45 35 
cell-0-7-3 432 1191 45 35 
cell-0-8-0 297 1229 45 35 
cell-0-8-1 342 1229 45 35 
cell-0-8-2 387 1229 45 35 
cell-0-8-3 432 1229 45 35 
cell-0-9-0 297 1267 45 35 
cell-0-9-1 342 1267 45 35 
cell-0-9-2 387 1267 45 35 
cell-0-9-3 432 1267 45 35 
cell-0-10-0 297 1305 45 35 
cell-0-10-1 342 1305 45 35 
cell-0-10-2 387 1305 45 35 
cell-0-10-3 432 1305 45 35 
cell-0-11-0 297 1343 45 35 
cell-0-11-1 342 1343 45 35 
cell-0-11-2 387 1343 45 35 
cell-0-11-3 432 1343 45 35 
table-3 107 223 703 274 
cell-3-1-0 107 223 35 35 
cell-3-1-1 142 223 35 35 
cell-3-1-2 177 223 35 35 
cell-3-1-3 212 223 35 35 
cell-3-1-4 247 223 35 35 
cell-3-1-5 282 223 35 35 
cell-3-1-6 317 223 35 35 
cell-3-1-7 352 223 35 35 
cell-3-1-8 387 223 35 35 
cell-3-1-9 422 223 35 35 
cell-3-1-10 457 223 35 35 
cell-3-1-11 492 223 35 35 
cell-3-1-12 527 223 35 35 
cell-3-1-13 562 223 35 35 
cell-3-1-14 597 223 35 35 
cell-3-1-15 632 223 35 35 
cell-3-1-16 667 223 35 35 
cell-3-1-17 702 223 35 35 
cell-3-1-18 737 223 35 35 
cell-3-1-19 772 223 35 35 
cell-3-2-0 107 282 35 35 
cell-3-2-1 142 282 35 35 
cell-3-2-2 177 282 35 35 
cell-3-2-3 212 282 35 35 
cell-3-2-4 247 282 35 35 
cell-3-2-5 282 282 35 35 
cell-3-2-6 317 282 35 35 
cell-3-2-7 352 282 35 35 
cell-3-2-8 387 282 35 35 
cell-3-2-9 422 282 35 35 
cell-3-2-10 457 282 35 35 
cell-3-2-11 492 282 35 35 
cell-3-2-12 527 282 35 35 
cell-3-2-13 562 282 35 35 
cell-3-2-14 597 282 35 35 
cell-3-2-15 632 282 35 35 
cell-3-2-16 667 282 35 35 
cell-3-2-17 702 282 35 35 
cell-3-2-18 737 282 35 35 
cell-3-2-19 772 282 35 35 
cell-3-3-0 107 341 35 35 
cell-3-3-1 142 341 35 35 
cell-3-3-2 177 341 35 35 
cell-3-3-3 212 341 35 35 
cell-3-3-4 247 341 35 35 
cell-3-3-5 282 341 35 35 
cell-3-3-6 317 341 35 35 
cell-3-3-7 352 341 35 35 
cell-3-3-8 387 341 35 35 
cell-3-3-9 422 341 35 35 
cell-3-3-10 457 341 35 35 
cell-3-3-11 492 341 35 35 
cell-3-3-12 527 341 35 35 
cell-3-3-13 562 341 35 35 
cell-3-3-14 597 341 35 35 
cell-3-3-15 632 341 35 35 
cell-3-3-16 667 341 35 35 
cell-3-3-17 702 341 35 35 
cell-3-3-18 737 341 35 35 
cell-3-3-19 772 341 35 35 
cell-3-4-0 107 400 35 35 
cell-3-4-1 142 400 35 35 
cell-3-4-2 177 400 35 35 
cell-3-4-3 212 400 35 35 
cell-3-4-4 247 400 35 35 
cell-3-4-5 282 400 35 35 
cell-3-4-6 317 400 35 35 
cell-3-4-7 352 400 35 35 
cell-3-4-8 387 400 35 35 
cell-3-4-9 422 400 35 35 
cell-3-4-10 457 400 35 35 
cell-3-4-11 492 400 35 35 
cell-3-4-12 527 400 35 35 
cell-3-4-13 562 400 35 35 
cell-3-4-14 597 400 35 35 
cell-3-4-15 632 400 35 35 
cell-3-4-16 667 400 35 35 
cell-3-4-17 702 400 35 35 
cell-3-4-18 737 400 35 35 
cell-3-4-19 772 400 35 35 
cell-3-5-0 107 459 35 35 
cell-3-5-1 142 459 35 35 
cell-3-5-2 177 459 35 35 
cell-3-5-3 212 459 35 35 
cell-3-5-4 247 459 35 35 
cell-3-5-5 282 459 35 35 
cell-3-5-6 317 459 35 35 
cell-3-5-7 352 459 35 35 
cell-3-5-8 387 459 35 35 
cell-3-5-9 422 459 35 35 
cell-3-5-10 457 459 35 35 
cell-3-5-11 492 459 35 35 
cell-3-5-12 527 459 35 35 
cell-3-5-13 562 459 35 35 
cell-3-5-14 597 459 35 35 
cell-3-5-15 632 459 35 35 
cell-3-5-16 667 459 35 35 
cell-3-5-17 702 459 35 35 
cell-3-5-18 737 459 35 35 
cell-3-5-19 772 459 35 35 
