table-0 342 830 699 437 
cell-0-1-0 342 830 36 35 
cell-0-1-1 381 830 36 35 
cell-0-1-2 420 830 36 35 
cell-0-1-3 459 830 36 35 
cell-0-1-4 498 830 36 35 
cell-0-1-5 537 830 36 35 
cell-0-1-6 576 830 36 35 
cell-0-1-7 615 830 36 35 
cell-0-1-8 654 830 36 35 
cell-0-1-9 693 830 36 35 
cell-0-1-10 732 830 36 35 
cell-0-1-11 771 830 36 35 
cell-0-1-12 810 830 36 35 
cell-0-1-13 849 830 36 35 
cell-0-1-14 888 830 36 35 
cell-0-1-15 927 830 36 35 
cell-0-1-16 966 830 36 35 
cell-0-1-17 1005 830 36 35 
cell-0-2-0 342 880 36 35 
cell-0-2-1 381 880 36 35 
cell-0-2-2 420 880 36 35 
cell-0-2-3 459 880 36 35 
cell-0-2-4 498 880 36 35 
cell-0-2-5 537 880 36 35 
cell-0-2-6 576 880 36 35 
cell-0-2-7 615 880 36 35 
cell-0-2-8 654 880 36 35 
cell-0-2-9 693 880 36 35 
cell-0-2-10 732 880 36 35 
cell-0-2-11 771 880 36 35 
cell-0-2-12 810 880 36 35 
cell-0-2-13 849 880 36 35 
cell-0-2-14 888 880 36 35 
cell-0-2-15 927 880 36 35 
cell-0-2-16 966 880 36 35 
cell-0-2-17 1005 880 36 35 
cell-0-3-0 342 930 36 35 
cell-0-3-1 381 930 36 35 
cell-0-3-2 420 930 36 35 
cell-0-3-3 459 930 36 35 
cell-0-3-4 498 930 36 35 
cell-0-3-5 537 930 36 35 
cell-0-3-6 576 930 36 35 
cell-0-3-7 615 930 36 35 
cell-0-3-8 654 930 36 35 
cell-0-3-9 693 930 36 35 
cell-0-3-10 732 930 36 35 
cell-0-3-11 771 930 36 35 
cell-0-3-12 810 930 36 35 
cell-0-3-13 849 930 36 35 
cell-0-3-14 888 930 36 35 
cell-0-3-15 927 930 36 35 
cell-0-3-16 966 930 36 35 
cell-0-3-17 1005 930 36 35 
cell-0-4-0 342 980 36 35 
cell-0-4-1 381 980 36 35 
cell-0-4-2 420 980 36 35 
cell-0-4-3 459 980 36 35 
cell-0-4-4 498 980 36 35 
cell-0-4-5 537 980 36 35 
cell-0-4-6 576 980 36 35 
cell-0-4-7 615 980 36 35 
cell-0-4-8 654 980 36 35 
cell-0-4-9 693 980 36 35 
cell-0-4-10 732 980 36 35 
cell-0-4-11 771 980 36 35 
cell-0-4-12 810 980 36 35 
cell-0-4-13 849 980 36 35 
cell-0-4-14 888 980 36 35 
cell-0-4-15 927 980 36 35 
cell-0-4-16 966 980 36 35 
cell-0-4-17 1005 980 36 35 
cell-0-5-0 342 1030 36 35 
cell-0-5-1 381 1030 36 35 
cell-0-5-2 420 1030 36 35 
cell-0-5-3 459 1030 36 35 
cell-0-5-4 498 1030 36 35 
cell-0-5-5 537 1030 36 35 
cell-0-5-6 576 1030 36 35 
cell-0-5-7 615 1030 36 35 
cell-0-5-8 654 1030 36 35 
cell-0-5-9 693 1030 36 35 
cell-0-5-10 732 1030 36 35 
cell-0-5-11 771 1030 36 35 
cell-0-5-12 810 1030 36 35 
cell-0-5-13 849 1030 36 35 
cell-0-5-14 888 1030 36 35 
cell-0-5-15 927 1030 36 35 
cell-0-5-16 966 1030 36 35 
cell-0-5-17 1005 1030 36 35 
cell-0-6-0 342 1080 36 35 
cell-0-6-1 381 1080 36 35 
cell-0-6-2 420 1080 36 35 
cell-0-6-3 459 1080 36 35 
cell-0-6-4 498 1080 36 35 
cell-0-6-5 537 1080 36 35 
cell-0-6-6 576 1080 36 35 
cell-0-6-7 615 1080 36 35 
cell-0-6-8 654 1080 36 35 
cell-0-6-9 693 1080 36 35 
cell-0-6-10 732 1080 36 35 
cell-0-6-11 771 1080 36 35 
cell-0-6-12 810 1080 36 35 
cell-0-6-13 849 1080 36 35 
cell-0-6-14 888 1080 36 35 
cell-0-6-15 927 1080 36 35 
cell-0-6-16 966 1080 36 35 
cell-0-6-17 1005 1080 36 35 
cell-0-7-0 342 1130 36 35 
cell-0-7-1 381 1130 36 35 
cell-0-7-2 420 1130 36 35 
cell-0-7-3 459 1130 36 35 
cell-0-7-4 498 1130 36 35 
cell-0-7-5 537 1130 36 35 
cell-0-7-6 576 1130 36 35 
cell-0-7-7 615 1130 36 35 
cell-0-7-8 654 1130 36 35 
cell-0-7-9 693 1130 36 35 
cell-0-7-10 732 1130 36 35 
cell-0-7-11 771 1130 36 35 
cell-0-7-12 810 1130 36 35 
cell-0-7-13 849 1130 36 35 
cell-0-7-14 888 1130 36 35 
cell-0-7-15 927 1130 36 35 
cell-0-7-16 966 1130 36 35 
cell-0-7-17 1005 1130 36 35 
cell-0-8-0 342 1180 36 35 
cell-0-8-1 381 1180 36 35 
cell-0-8-2 420 1180 36 35 
cell-0-8-3 459 1180 36 35 
cell-0-8-4 498 1180 36 35 
cell-0-8-5 537 1180 36 35 
cell-0-8-6 576 1180 36 35 
cell-0-8-7 615 1180 36 35 
cell-0-8-8 654 1180 36 35 
cell-0-8-9 693 1180 36 35 
cell-0-8-10 732 1180 36 35 
cell-0-8-11 771 1180 36 35 
cell-0-8-12 810 1180 36 35 
cell-0-8-13 849 1180 36 35 
cell-0-8-14 888 1180 36 35 
cell-0-8-15 927 1180 36 35 
cell-0-8-16 966 1180 36 35 
cell-0-8-17 1005 1180 36 35 
cell-0-9-0 342 1230 36 35 
cell-0-9-1 381 1230 36 35 
cell-0-9-2 420 1230 36 35 
cell-0-9-3 459 1230 36 35 
cell-0-9-4 498 1230 36 35 
cell-0-9-5 537 1230 36 35 
cell-0-9-6 576 1230 36 35 
cell-0-9-7 615 1230 36 35 
cell-0-9-8 654 1230 36 35 
cell-0-9-9 693 1230 36 35 
cell-0-9-10 732 1230 36 35 
cell-0-9-11 771 1230 36 35 
cell-0-9-12 810 1230 36 35 
cell-0-9-13 849 1230 36 35 
cell-0-9-14 888 1230 36 35 
cell-0-9-15 927 1230 36 35 
cell-0-9-16 966 1230 36 35 
cell-0-9-17 1005 1230 36 35 
