table-0 103 215 500 244 
cell-0-0-0 103 215 71 36 
cell-0-0-1 174 215 71 36 
cell-0-0-2 245 215 71 36 
cell-0-0-3 316 215 71 36 
cell-0-0-4 387 215 71 36 
cell-0-0-5 458 215 71 36 
cell-0-0-6 529 215 71 36 
cell-0-1-0 103 256 71 36 
cell-0-1-1 174 256 71 36 
cell-0-1-2 245 256 71 36 
cell-0-1-3 316 256 71 36 
cell-0-1-4 387 256 71 36 
cell-0-1-5 458 256 71 36 
cell-0-1-6 529 256 71 36 
cell-0-2-0 103 297 71 36 
cell-0-2-1 174 297 71 36 
cell-0-2-2 245 297 71 36 
cell-0-2-3 316 297 71 36 
cell-0-2-4 387 297 71 36 
cell-0-2-5 458 297 71 36 
cell-0-2-6 529 297 71 36 
cell-0-3-0 103 338 71 36 
cell-0-3-1 174 338 71 36 
cell-0-3-2 245 338 71 36 
cell-0-3-3 316 338 71 36 
cell-0-3-4 387 338 71 36 
cell-0-3-5 458 338 71 36 
cell-0-3-6 529 338 71 36 
cell-0-4-0 103 379 71 36 
cell-0-4-1 174 379 71 36 
cell-0-4-2 245 379 71 36 
cell-0-4-3 316 379 71 36 
cell-0-4-4 387 379 71 36 
cell-0-4-5 458 379 71 36 
cell-0-4-6 529 379 71 36 
cell-0-5-0 103 420 71 36 
cell-0-5-1 174 420 71 36 
cell-0-5-2 245 420 71 36 
cell-0-5-3 316 420 71 36 
cell-0-5-4 387 420 71 36 
cell-0-5-5 458 420 71 36 
cell-0-5-6 529 420 71 36 
