table-0 221 485 625 605 
cell-0-0-0 221 485 44 42 
cell-0-0-1 265 485 44 42 
cell-0-0-2 309 485 44 42 
cell-0-0-3 353 485 44 42 
cell-0-0-4 397 485 44 42 
cell-0-0-5 441 485 405 42 
cell-0-1-0 221 536 44 42 
cell-0-1-1 265 536 44 42 
cell-0-1-2 309 536 44 42 
cell-0-1-3 353 536 44 42 
cell-0-1-4 397 536 44 42 
cell-0-1-5 441 536 405 42 
cell-0-2-0 221 587 44 42 
cell-0-2-1 265 587 44 42 
cell-0-2-2 309 587 44 42 
cell-0-2-3 353 587 44 42 
cell-0-2-4 397 587 44 42 
cell-0-2-5 441 587 405 42 
cell-0-3-0 221 638 44 42 
cell-0-3-1 265 638 44 42 
cell-0-3-2 309 638 44 42 
cell-0-3-3 353 638 44 42 
cell-0-3-4 397 638 44 42 
cell-0-3-5 441 638 405 42 
cell-0-4-0 221 689 44 42 
cell-0-4-1 265 689 44 42 
cell-0-4-2 309 689 44 42 
cell-0-4-3 353 689 44 42 
cell-0-4-4 397 689 44 42 
cell-0-4-5 441 689 405 42 
cell-0-5-0 221 740 44 42 
cell-0-5-1 265 740 44 42 
cell-0-5-2 309 740 44 42 
cell-0-5-3 353 740 44 42 
cell-0-5-4 397 740 44 42 
cell-0-5-5 441 740 405 42 
cell-0-6-0 221 791 44 42 
cell-0-6-1 265 791 44 42 
cell-0-6-2 309 791 44 42 
cell-0-6-3 353 791 44 42 
cell-0-6-4 397 791 44 42 
cell-0-6-5 441 791 405 42 
cell-0-7-0 221 842 44 42 
cell-0-7-1 265 842 44 42 
cell-0-7-2 309 842 44 42 
cell-0-7-3 353 842 44 42 
cell-0-7-4 397 842 44 42 
cell-0-7-5 441 842 405 42 
cell-0-8-0 221 893 44 42 
cell-0-8-1 265 893 44 42 
cell-0-8-2 309 893 44 42 
cell-0-8-3 353 893 44 42 
cell-0-8-4 397 893 44 42 
cell-0-8-5 441 893 405 42 
cell-0-9-0 221 944 44 42 
cell-0-9-1 265 944 44 42 
cell-0-9-2 309 944 44 42 
cell-0-9-3 353 944 44 42 
cell-0-9-4 397 944 44 42 
cell-0-9-5 441 944 405 42 
cell-0-10-0 221 995 44 42 
cell-0-10-1 265 995 44 42 
cell-0-10-2 309 995 44 42 
cell-0-10-3 353 995 44 42 
cell-0-10-4 397 995 44 42 
cell-0-10-5 441 995 405 42 
cell-0-11-0 221 1046 44 42 
cell-0-11-1 265 1046 44 42 
cell-0-11-2 309 1046 44 42 
cell-0-11-3 353 1046 44 42 
cell-0-11-4 397 1046 44 42 
cell-0-11-5 441 1046 405 42 
