table-0 544 733 173 477 
cell-0-0-0 544 733 43 35 
cell-0-0-1 587 733 43 35 
cell-0-0-2 630 733 43 35 
cell-0-0-3 673 733 43 35 
cell-0-1-0 544 782 43 35 
cell-0-1-1 587 782 43 35 
cell-0-1-2 630 782 43 35 
cell-0-1-3 673 782 43 35 
cell-0-2-0 544 831 43 35 
cell-0-2-1 587 831 43 35 
cell-0-2-2 630 831 43 35 
cell-0-2-3 673 831 43 35 
cell-0-3-0 544 880 43 35 
cell-0-3-1 587 880 43 35 
cell-0-3-2 630 880 43 35 
cell-0-3-3 673 880 43 35 
cell-0-4-0 544 929 43 35 
cell-0-4-1 587 929 43 35 
cell-0-4-2 630 929 43 35 
cell-0-4-3 673 929 43 35 
cell-0-5-0 544 978 43 35 
cell-0-5-1 587 978 43 35 
cell-0-5-2 630 978 43 35 
cell-0-5-3 673 978 43 35 
cell-0-6-0 544 1027 43 35 
cell-0-6-1 587 1027 43 35 
cell-0-6-2 630 1027 43 35 
cell-0-6-3 673 1027 43 35 
cell-0-7-0 544 1076 43 35 
cell-0-7-1 587 1076 43 35 
cell-0-7-2 630 1076 43 35 
cell-0-7-3 673 1076 43 35 
cell-0-8-0 544 1125 43 35 
cell-0-8-1 587 1125 43 35 
cell-0-8-2 630 1125 43 35 
cell-0-8-3 673 1125 43 35 
cell-0-9-0 544 1174 43 35 
cell-0-9-1 587 1174 43 35 
cell-0-9-2 630 1174 43 35 
cell-0-9-3 673 1174 43 35 
