header-0 171 981 851 193 
row-1-1 171 981 414 40 
row-1-2 605 981 414 40 
row-2-1 171 1031 282 40 
row-2-2 473 1031 460 40 
row-3-1 171 1081 546 40 
row-4-1 171 1131 546 40 
table-1 298 277 653 498 
cell-1-1-0 298 277 38 35 
cell-1-1-1 339 277 38 35 
cell-1-1-2 380 277 38 35 
cell-1-1-3 421 277 38 35 
cell-1-1-4 462 277 38 35 
cell-1-1-5 503 277 38 35 
cell-1-1-6 544 277 38 35 
cell-1-1-7 585 277 38 35 
cell-1-1-8 626 277 38 35 
cell-1-1-9 667 277 38 35 
cell-1-1-10 708 277 38 35 
cell-1-1-11 749 277 38 35 
cell-1-1-12 790 277 38 35 
cell-1-1-13 831 277 38 35 
cell-1-1-14 872 277 38 35 
cell-1-1-15 913 277 38 35 
cell-1-2-0 298 323 38 35 
cell-1-2-1 339 323 38 35 
cell-1-2-2 380 323 38 35 
cell-1-2-3 421 323 38 35 
cell-1-2-4 462 323 38 35 
cell-1-2-5 503 323 38 35 
cell-1-2-6 544 323 38 35 
cell-1-2-7 585 323 38 35 
cell-1-2-8 626 323 38 35 
cell-1-2-9 667 323 38 35 
cell-1-2-10 708 323 38 35 
cell-1-2-11 749 323 38 35 
cell-1-2-12 790 323 38 35 
cell-1-2-13 831 323 38 35 
cell-1-2-14 872 323 38 35 
cell-1-2-15 913 323 38 35 
cell-1-3-0 298 369 38 35 
cell-1-3-1 339 369 38 35 
cell-1-3-2 380 369 38 35 
cell-1-3-3 421 369 38 35 
cell-1-3-4 462 369 38 35 
cell-1-3-5 503 369 38 35 
cell-1-3-6 544 369 38 35 
cell-1-3-7 585 369 38 35 
cell-1-3-8 626 369 38 35 
cell-1-3-9 667 369 38 35 
cell-1-3-10 708 369 38 35 
cell-1-3-11 749 369 38 35 
cell-1-3-12 790 369 38 35 
cell-1-3-13 831 369 38 35 
cell-1-3-14 872 369 38 35 
cell-1-3-15 913 369 38 35 
cell-1-4-0 298 415 38 35 
cell-1-4-1 339 415 38 35 
cell-1-4-2 380 415 38 35 
cell-1-4-3 421 415 38 35 
cell-1-4-4 462 415 38 35 
cell-1-4-5 503 415 38 35 
cell-1-4-6 544 415 38 35 
cell-1-4-7 585 415 38 35 
cell-1-4-8 626 415 38 35 
cell-1-4-9 667 415 38 35 
cell-1-4-10 708 415 38 35 
cell-1-4-11 749 415 38 35 
cell-1-4-12 790 415 38 35 
cell-1-4-13 831 415 38 35 
cell-1-4-14 872 415 38 35 
cell-1-4-15 913 415 38 35 
cell-1-5-0 298 461 38 35 
cell-1-5-1 339 461 38 35 
cell-1-5-2 380 461 38 35 
cell-1-5-3 421 461 38 35 
cell-1-5-4 462 461 38 35 
cell-1-5-5 503 461 38 35 
cell-1-5-6 544 461 38 35 
cell-1-5-7 585 461 38 35 
cell-1-5-8 626 461 38 35 
cell-1-5-9 667 461 38 35 
cell-1-5-10 708 461 38 35 
cell-1-5-11 749 461 38 35 
cell-1-5-12 790 461 38 35 
cell-1-5-13 831 461 38 35 
cell-1-5-14 872 461 38 35 
cell-1-5-15 913 461 38 35 
cell-1-6-0 298 507 38 35 
cell-1-6-1 339 507 38 35 
cell-1-6-2 380 507 38 35 
cell-1-6-3 421 507 38 35 
cell-1-6-4 462 507 38 35 
cell-1-6-5 503 507 38 35 
cell-1-6-6 544 507 38 35 
cell-1-6-7 585 507 38 35 
cell-1-6-8 626 507 38 35 
cell-1-6-9 667 507 38 35 
cell-1-6-10 708 507 38 35 
cell-1-6-11 749 507 38 35 
cell-1-6-12 790 507 38 35 
cell-1-6-13 831 507 38 35 
cell-1-6-14 872 507 38 35 
cell-1-6-15 913 507 38 35 
cell-1-7-0 298 553 38 35 
cell-1-7-1 339 553 38 35 
cell-1-7-2 380 553 38 35 
cell-1-7-3 421 553 38 35 
cell-1-7-4 462 553 38 35 
cell-1-7-5 503 553 38 35 
cell-1-7-6 544 553 38 35 
cell-1-7-7 585 553 38 35 
cell-1-7-8 626 553 38 35 
cell-1-7-9 667 553 38 35 
cell-1-7-10 708 553 38 35 
cell-1-7-11 749 553 38 35 
cell-1-7-12 790 553 38 35 
cell-1-7-13 831 553 38 35 
cell-1-7-14 872 553 38 35 
cell-1-7-15 913 553 38 35 
cell-1-8-0 298 599 38 35 
cell-1-8-1 339 599 38 35 
cell-1-8-2 380 599 38 35 
cell-1-8-3 421 599 38 35 
cell-1-8-4 462 599 38 35 
cell-1-8-5 503 599 38 35 
cell-1-8-6 544 599 38 35 
cell-1-8-7 585 599 38 35 
cell-1-8-8 626 599 38 35 
cell-1-8-9 667 599 38 35 
cell-1-8-10 708 599 38 35 
cell-1-8-11 749 599 38 35 
cell-1-8-12 790 599 38 35 
cell-1-8-13 831 599 38 35 
cell-1-8-14 872 599 38 35 
cell-1-8-15 913 599 38 35 
cell-1-9-0 298 645 38 35 
cell-1-9-1 339 645 38 35 
cell-1-9-2 380 645 38 35 
cell-1-9-3 421 645 38 35 
cell-1-9-4 462 645 38 35 
cell-1-9-5 503 645 38 35 
cell-1-9-6 544 645 38 35 
cell-1-9-7 585 645 38 35 
cell-1-9-8 626 645 38 35 
cell-1-9-9 667 645 38 35 
cell-1-9-10 708 645 38 35 
cell-1-9-11 749 645 38 35 
cell-1-9-12 790 645 38 35 
cell-1-9-13 831 645 38 35 
cell-1-9-14 872 645 38 35 
cell-1-9-15 913 645 38 35 
cell-1-10-0 298 691 38 35 
cell-1-10-1 339 691 38 35 
cell-1-10-2 380 691 38 35 
cell-1-10-3 421 691 38 35 
cell-1-10-4 462 691 38 35 
cell-1-10-5 503 691 38 35 
cell-1-10-6 544 691 38 35 
cell-1-10-7 585 691 38 35 
cell-1-10-8 626 691 38 35 
cell-1-10-9 667 691 38 35 
cell-1-10-10 708 691 38 35 
cell-1-10-11 749 691 38 35 
cell-1-10-12 790 691 38 35 
cell-1-10-13 831 691 38 35 
cell-1-10-14 872 691 38 35 
cell-1-10-15 913 691 38 35 
cell-1-11-0 298 737 38 35 
cell-1-11-1 339 737 38 35 
cell-1-11-2 380 737 38 35 
cell-1-11-3 421 737 38 35 
cell-1-11-4 462 737 38 35 
cell-1-11-5 503 737 38 35 
cell-1-11-6 544 737 38 35 
cell-1-11-7 585 737 38 35 
cell-1-11-8 626 737 38 35 
cell-1-11-9 667 737 38 35 
cell-1-11-10 708 737 38 35 
cell-1-11-11 749 737 38 35 
cell-1-11-12 790 737 38 35 
cell-1-11-13 831 737 38 35 
cell-1-11-14 872 737 38 35 
cell-1-11-15 913 737 38 35 
