table-0 311 449 648 493 
cell-0-1-0 311 449 34 35 
cell-0-1-1 345 449 34 35 
cell-0-1-2 379 449 34 35 
cell-0-1-3 413 449 34 35 
cell-0-1-4 447 449 34 35 
cell-0-1-5 481 449 34 35 
cell-0-1-6 515 449 34 35 
cell-0-1-7 549 449 34 35 
cell-0-1-8 583 449 34 35 
cell-0-1-9 617 449 34 35 
cell-0-1-10 651 449 34 35 
cell-0-1-11 685 449 34 35 
cell-0-1-12 719 449 34 35 
cell-0-1-13 753 449 34 35 
cell-0-1-14 787 449 34 35 
cell-0-1-15 821 449 34 35 
cell-0-1-16 855 449 34 35 
cell-0-1-17 889 449 34 35 
cell-0-1-18 923 449 34 35 
cell-0-2-0 311 506 34 35 
cell-0-2-1 345 506 34 35 
cell-0-2-2 379 506 34 35 
cell-0-2-3 413 506 34 35 
cell-0-2-4 447 506 34 35 
cell-0-2-5 481 506 34 35 
cell-0-2-6 515 506 34 35 
cell-0-2-7 549 506 34 35 
cell-0-2-8 583 506 34 35 
cell-0-2-9 617 506 34 35 
cell-0-2-10 651 506 34 35 
cell-0-2-11 685 506 34 35 
cell-0-2-12 719 506 34 35 
cell-0-2-13 753 506 34 35 
cell-0-2-14 787 506 34 35 
cell-0-2-15 821 506 34 35 
cell-0-2-16 855 506 34 35 
cell-0-2-17 889 506 34 35 
cell-0-2-18 923 506 34 35 
cell-0-3-0 311 563 34 35 
cell-0-3-1 345 563 34 35 
cell-0-3-2 379 563 34 35 
cell-0-3-3 413 563 34 35 
cell-0-3-4 447 563 34 35 
cell-0-3-5 481 563 34 35 
cell-0-3-6 515 563 34 35 
cell-0-3-7 549 563 34 35 
cell-0-3-8 583 563 34 35 
cell-0-3-9 617 563 34 35 
cell-0-3-10 651 563 34 35 
cell-0-3-11 685 563 34 35 
cell-0-3-12 719 563 34 35 
cell-0-3-13 753 563 34 35 
cell-0-3-14 787 563 34 35 
cell-0-3-15 821 563 34 35 
cell-0-3-16 855 563 34 35 
cell-0-3-17 889 563 34 35 
cell-0-3-18 923 563 34 35 
cell-0-4-0 311 620 34 35 
cell-0-4-1 345 620 34 35 
cell-0-4-2 379 620 34 35 
cell-0-4-3 413 620 34 35 
cell-0-4-4 447 620 34 35 
cell-0-4-5 481 620 34 35 
cell-0-4-6 515 620 34 35 
cell-0-4-7 549 620 34 35 
cell-0-4-8 583 620 34 35 
cell-0-4-9 617 620 34 35 
cell-0-4-10 651 620 34 35 
cell-0-4-11 685 620 34 35 
cell-0-4-12 719 620 34 35 
cell-0-4-13 753 620 34 35 
cell-0-4-14 787 620 34 35 
cell-0-4-15 821 620 34 35 
cell-0-4-16 855 620 34 35 
cell-0-4-17 889 620 34 35 
cell-0-4-18 923 620 34 35 
cell-0-5-0 311 677 34 35 
cell-0-5-1 345 677 34 35 
cell-0-5-2 379 677 34 35 
cell-0-5-3 413 677 34 35 
cell-0-5-4 447 677 34 35 
cell-0-5-5 481 677 34 35 
cell-0-5-6 515 677 34 35 
cell-0-5-7 549 677 34 35 
cell-0-5-8 583 677 34 35 
cell-0-5-9 617 677 34 35 
cell-0-5-10 651 677 34 35 
cell-0-5-11 685 677 34 35 
cell-0-5-12 719 677 34 35 
cell-0-5-13 753 677 34 35 
cell-0-5-14 787 677 34 35 
cell-0-5-15 821 677 34 35 
cell-0-5-16 855 677 34 35 
cell-0-5-17 889 677 34 35 
cell-0-5-18 923 677 34 35 
cell-0-6-0 311 734 34 35 
cell-0-6-1 345 734 34 35 
cell-0-6-2 379 734 34 35 
cell-0-6-3 413 734 34 35 
cell-0-6-4 447 734 34 35 
cell-0-6-5 481 734 34 35 
cell-0-6-6 515 734 34 35 
cell-0-6-7 549 734 34 35 
cell-0-6-8 583 734 34 35 
cell-0-6-9 617 734 34 35 
cell-0-6-10 651 734 34 35 
cell-0-6-11 685 734 34 35 
cell-0-6-12 719 734 34 35 
cell-0-6-13 753 734 34 35 
cell-0-6-14 787 734 34 35 
cell-0-6-15 821 734 34 35 
cell-0-6-16 855 734 34 35 
cell-0-6-17 889 734 34 35 
cell-0-6-18 923 734 34 35 
cell-0-7-0 311 791 34 35 
cell-0-7-1 345 791 34 35 
cell-0-7-2 379 791 34 35 
cell-0-7-3 413 791 34 35 
cell-0-7-4 447 791 34 35 
cell-0-7-5 481 791 34 35 
cell-0-7-6 515 791 34 35 
cell-0-7-7 549 791 34 35 
cell-0-7-8 583 791 34 35 
cell-0-7-9 617 791 34 35 
cell-0-7-10 651 791 34 35 
cell-0-7-11 685 791 34 35 
cell-0-7-12 719 791 34 35 
cell-0-7-13 753 791 34 35 
cell-0-7-14 787 791 34 35 
cell-0-7-15 821 791 34 35 
cell-0-7-16 855 791 34 35 
cell-0-7-17 889 791 34 35 
cell-0-7-18 923 791 34 35 
cell-0-8-0 311 848 34 35 
cell-0-8-1 345 848 34 35 
cell-0-8-2 379 848 34 35 
cell-0-8-3 413 848 34 35 
cell-0-8-4 447 848 34 35 
cell-0-8-5 481 848 34 35 
cell-0-8-6 515 848 34 35 
cell-0-8-7 549 848 34 35 
cell-0-8-8 583 848 34 35 
cell-0-8-9 617 848 34 35 
cell-0-8-10 651 848 34 35 
cell-0-8-11 685 848 34 35 
cell-0-8-12 719 848 34 35 
cell-0-8-13 753 848 34 35 
cell-0-8-14 787 848 34 35 
cell-0-8-15 821 848 34 35 
cell-0-8-16 855 848 34 35 
cell-0-8-17 889 848 34 35 
cell-0-8-18 923 848 34 35 
cell-0-9-0 311 905 34 35 
cell-0-9-1 345 905 34 35 
cell-0-9-2 379 905 34 35 
cell-0-9-3 413 905 34 35 
cell-0-9-4 447 905 34 35 
cell-0-9-5 481 905 34 35 
cell-0-9-6 515 905 34 35 
cell-0-9-7 549 905 34 35 
cell-0-9-8 583 905 34 35 
cell-0-9-9 617 905 34 35 
cell-0-9-10 651 905 34 35 
cell-0-9-11 685 905 34 35 
cell-0-9-12 719 905 34 35 
cell-0-9-13 753 905 34 35 
cell-0-9-14 787 905 34 35 
cell-0-9-15 821 905 34 35 
cell-0-9-16 855 905 34 35 
cell-0-9-17 889 905 34 35 
cell-0-9-18 923 905 34 35 
