table-0 699 399 273 443 
cell-0-0-0 699 399 45 35 
cell-0-0-1 744 399 45 35 
cell-0-0-2 789 399 45 35 
cell-0-0-3 834 399 45 35 
cell-0-0-4 879 399 45 35 
cell-0-0-5 924 399 45 35 
cell-0-1-0 699 444 45 35 
cell-0-1-1 744 444 45 35 
cell-0-1-2 789 444 45 35 
cell-0-1-3 834 444 45 35 
cell-0-1-4 879 444 45 35 
cell-0-1-5 924 444 45 35 
cell-0-2-0 699 489 45 35 
cell-0-2-1 744 489 45 35 
cell-0-2-2 789 489 45 35 
cell-0-2-3 834 489 45 35 
cell-0-2-4 879 489 45 35 
cell-0-2-5 924 489 45 35 
cell-0-3-0 699 534 45 35 
cell-0-3-1 744 534 45 35 
cell-0-3-2 789 534 45 35 
cell-0-3-3 834 534 45 35 
cell-0-3-4 879 534 45 35 
cell-0-3-5 924 534 45 35 
cell-0-4-0 699 579 45 35 
cell-0-4-1 744 579 45 35 
cell-0-4-2 789 579 45 35 
cell-0-4-3 834 579 45 35 
cell-0-4-4 879 579 45 35 
cell-0-4-5 924 579 45 35 
cell-0-5-0 699 624 45 35 
cell-0-5-1 744 624 45 35 
cell-0-5-2 789 624 45 35 
cell-0-5-3 834 624 45 35 
cell-0-5-4 879 624 45 35 
cell-0-5-5 924 624 45 35 
cell-0-6-0 699 669 45 35 
cell-0-6-1 744 669 45 35 
cell-0-6-2 789 669 45 35 
cell-0-6-3 834 669 45 35 
cell-0-6-4 879 669 45 35 
cell-0-6-5 924 669 45 35 
cell-0-7-0 699 714 45 35 
cell-0-7-1 744 714 45 35 
cell-0-7-2 789 714 45 35 
cell-0-7-3 834 714 45 35 
cell-0-7-4 879 714 45 35 
cell-0-7-5 924 714 45 35 
cell-0-8-0 699 759 45 35 
cell-0-8-1 744 759 45 35 
cell-0-8-2 789 759 45 35 
cell-0-8-3 834 759 45 35 
cell-0-8-4 879 759 45 35 
cell-0-8-5 924 759 45 35 
cell-0-9-0 699 804 45 35 
cell-0-9-1 744 804 45 35 
cell-0-9-2 789 804 45 35 
cell-0-9-3 834 804 45 35 
cell-0-9-4 879 804 45 35 
cell-0-9-5 924 804 45 35 
table-4 113 960 700 440 
cell-4-0-0 113 960 87 54 
cell-4-0-1 200 960 87 54 
cell-4-0-2 287 960 87 54 
cell-4-0-3 374 960 87 54 
cell-4-0-4 461 960 87 54 
cell-4-0-5 548 960 87 54 
cell-4-0-6 635 960 87 54 
cell-4-0-7 722 960 87 54 
cell-4-1-0 113 1024 87 54 
cell-4-1-1 200 1024 87 54 
cell-4-1-2 287 1024 87 54 
cell-4-1-3 374 1024 87 54 
cell-4-1-4 461 1024 87 54 
cell-4-1-5 548 1024 87 54 
cell-4-1-6 635 1024 87 54 
cell-4-1-7 722 1024 87 54 
cell-4-2-0 113 1088 87 54 
cell-4-2-1 200 1088 87 54 
cell-4-2-2 287 1088 87 54 
cell-4-2-3 374 1088 87 54 
cell-4-2-4 461 1088 87 54 
cell-4-2-5 548 1088 87 54 
cell-4-2-6 635 1088 87 54 
cell-4-2-7 722 1088 87 54 
cell-4-3-0 113 1152 87 54 
cell-4-3-1 200 1152 87 54 
cell-4-3-2 287 1152 87 54 
cell-4-3-3 374 1152 87 54 
cell-4-3-4 461 1152 87 54 
cell-4-3-5 548 1152 87 54 
cell-4-3-6 635 1152 87 54 
cell-4-3-7 722 1152 87 54 
cell-4-4-0 113 1216 87 54 
cell-4-4-1 200 1216 87 54 
cell-4-4-2 287 1216 87 54 
cell-4-4-3 374 1216 87 54 
cell-4-4-4 461 1216 87 54 
cell-4-4-5 548 1216 87 54 
cell-4-4-6 635 1216 87 54 
cell-4-4-7 722 1216 87 54 
cell-4-5-0 113 1280 87 54 
cell-4-5-1 200 1280 87 54 
cell-4-5-2 287 1280 87 54 
cell-4-5-3 374 1280 87 54 
cell-4-5-4 461 1280 87 54 
cell-4-5-5 548 1280 87 54 
cell-4-5-6 635 1280 87 54 
cell-4-5-7 722 1280 87 54 
cell-4-6-0 113 1344 87 54 
cell-4-6-1 200 1344 87 54 
cell-4-6-2 287 1344 87 54 
cell-4-6-3 374 1344 87 54 
cell-4-6-4 461 1344 87 54 
cell-4-6-5 548 1344 87 54 
cell-4-6-6 635 1344 87 54 
cell-4-6-7 722 1344 87 54 
