table-0 267 802 178 437 
cell-0-0-0 267 802 44 35 
cell-0-0-1 311 802 44 35 
cell-0-0-2 355 802 44 35 
cell-0-0-3 399 802 44 35 
cell-0-1-0 267 842 44 35 
cell-0-1-1 311 842 44 35 
cell-0-1-2 355 842 44 35 
cell-0-1-3 399 842 44 35 
cell-0-2-0 267 882 44 35 
cell-0-2-1 311 882 44 35 
cell-0-2-2 355 882 44 35 
cell-0-2-3 399 882 44 35 
cell-0-3-0 267 922 44 35 
cell-0-3-1 311 922 44 35 
cell-0-3-2 355 922 44 35 
cell-0-3-3 399 922 44 35 
cell-0-4-0 267 962 44 35 
cell-0-4-1 311 962 44 35 
cell-0-4-2 355 962 44 35 
cell-0-4-3 399 962 44 35 
cell-0-5-0 267 1002 44 35 
cell-0-5-1 311 1002 44 35 
cell-0-5-2 355 1002 44 35 
cell-0-5-3 399 1002 44 35 
cell-0-6-0 267 1042 44 35 
cell-0-6-1 311 1042 44 35 
cell-0-6-2 355 1042 44 35 
cell-0-6-3 399 1042 44 35 
cell-0-7-0 267 1082 44 35 
cell-0-7-1 311 1082 44 35 
cell-0-7-2 355 1082 44 35 
cell-0-7-3 399 1082 44 35 
cell-0-8-0 267 1122 44 35 
cell-0-8-1 311 1122 44 35 
cell-0-8-2 355 1122 44 35 
cell-0-8-3 399 1122 44 35 
cell-0-9-0 267 1162 44 35 
cell-0-9-1 311 1162 44 35 
cell-0-9-2 355 1162 44 35 
cell-0-9-3 399 1162 44 35 
cell-0-10-0 267 1202 44 35 
cell-0-10-1 311 1202 44 35 
cell-0-10-2 355 1202 44 35 
cell-0-10-3 399 1202 44 35 
header-2 116 478 890 193 
row-1-1 116 478 270 40 
row-1-2 406 478 270 40 
row-2-1 116 528 402 40 
row-2-2 538 528 463 40 
row-3-1 116 578 765 40 
row-4-1 116 628 798 40 
