table-0 504 473 259 387 
cell-0-0-0 504 473 43 35 
cell-0-0-1 547 473 43 35 
cell-0-0-2 590 473 43 35 
cell-0-0-3 633 473 43 35 
cell-0-0-4 676 473 43 35 
cell-0-0-5 719 473 43 35 
cell-0-1-0 504 512 43 35 
cell-0-1-1 547 512 43 35 
cell-0-1-2 590 512 43 35 
cell-0-1-3 633 512 43 35 
cell-0-1-4 676 512 43 35 
cell-0-1-5 719 512 43 35 
cell-0-2-0 504 551 43 35 
cell-0-2-1 547 551 43 35 
cell-0-2-2 590 551 43 35 
cell-0-2-3 633 551 43 35 
cell-0-2-4 676 551 43 35 
cell-0-2-5 719 551 43 35 
cell-0-3-0 504 590 43 35 
cell-0-3-1 547 590 43 35 
cell-0-3-2 590 590 43 35 
cell-0-3-3 633 590 43 35 
cell-0-3-4 676 590 43 35 
cell-0-3-5 719 590 43 35 
cell-0-4-0 504 629 43 35 
cell-0-4-1 547 629 43 35 
cell-0-4-2 590 629 43 35 
cell-0-4-3 633 629 43 35 
cell-0-4-4 676 629 43 35 
cell-0-4-5 719 629 43 35 
cell-0-5-0 504 668 43 35 
cell-0-5-1 547 668 43 35 
cell-0-5-2 590 668 43 35 
cell-0-5-3 633 668 43 35 
cell-0-5-4 676 668 43 35 
cell-0-5-5 719 668 43 35 
cell-0-6-0 504 707 43 35 
cell-0-6-1 547 707 43 35 
cell-0-6-2 590 707 43 35 
cell-0-6-3 633 707 43 35 
cell-0-6-4 676 707 43 35 
cell-0-6-5 719 707 43 35 
cell-0-7-0 504 746 43 35 
cell-0-7-1 547 746 43 35 
cell-0-7-2 590 746 43 35 
cell-0-7-3 633 746 43 35 
cell-0-7-4 676 746 43 35 
cell-0-7-5 719 746 43 35 
cell-0-8-0 504 785 43 35 
cell-0-8-1 547 785 43 35 
cell-0-8-2 590 785 43 35 
cell-0-8-3 633 785 43 35 
cell-0-8-4 676 785 43 35 
cell-0-8-5 719 785 43 35 
cell-0-9-0 504 824 43 35 
cell-0-9-1 547 824 43 35 
cell-0-9-2 590 824 43 35 
cell-0-9-3 633 824 43 35 
cell-0-9-4 676 824 43 35 
cell-0-9-5 719 824 43 35 
table-3 93 1042 900 351 
cell-3-0-0 93 1042 150 33 
cell-3-0-1 243 1042 150 33 
cell-3-0-2 393 1042 150 33 
cell-3-0-3 543 1042 150 33 
cell-3-0-4 693 1042 150 33 
cell-3-0-5 843 1042 150 33 
cell-3-1-0 93 1087 150 33 
cell-3-1-1 243 1087 150 33 
cell-3-1-2 393 1087 150 33 
cell-3-1-3 543 1087 150 33 
cell-3-1-4 693 1087 150 33 
cell-3-1-5 843 1087 150 33 
cell-3-2-0 93 1132 150 33 
cell-3-2-1 243 1132 150 33 
cell-3-2-2 393 1132 150 33 
cell-3-2-3 543 1132 150 33 
cell-3-2-4 693 1132 150 33 
cell-3-2-5 843 1132 150 33 
cell-3-3-0 93 1177 150 33 
cell-3-3-1 243 1177 150 33 
cell-3-3-2 393 1177 150 33 
cell-3-3-3 543 1177 150 33 
cell-3-3-4 693 1177 150 33 
cell-3-3-5 843 1177 150 33 
cell-3-4-0 93 1222 150 33 
cell-3-4-1 243 1222 150 33 
cell-3-4-2 393 1222 150 33 
cell-3-4-3 543 1222 150 33 
cell-3-4-4 693 1222 150 33 
cell-3-4-5 843 1222 150 33 
cell-3-5-0 93 1267 150 33 
cell-3-5-1 243 1267 150 33 
cell-3-5-2 393 1267 150 33 
cell-3-5-3 543 1267 150 33 
cell-3-5-4 693 1267 150 33 
cell-3-5-5 843 1267 150 33 
cell-3-6-0 93 1312 150 33 
cell-3-6-1 243 1312 150 33 
cell-3-6-2 393 1312 150 33 
cell-3-6-3 543 1312 150 33 
cell-3-6-4 693 1312 150 33 
cell-3-6-5 843 1312 150 33 
cell-3-7-0 93 1357 150 33 
cell-3-7-1 243 1357 150 33 
cell-3-7-2 393 1357 150 33 
cell-3-7-3 543 1357 150 33 
cell-3-7-4 693 1357 150 33 
cell-3-7-5 843 1357 150 33 
