table-0 666 763 183 423 
cell-0-0-0 666 763 45 35 
cell-0-0-1 711 763 45 35 
cell-0-0-2 756 763 45 35 
cell-0-0-3 801 763 45 35 
cell-0-1-0 666 798 45 35 
cell-0-1-1 711 798 45 35 
cell-0-1-2 756 798 45 35 
cell-0-1-3 801 798 45 35 
cell-0-2-0 666 833 45 35 
cell-0-2-1 711 833 45 35 
cell-0-2-2 756 833 45 35 
cell-0-2-3 801 833 45 35 
cell-0-3-0 666 868 45 35 
cell-0-3-1 711 868 45 35 
cell-0-3-2 756 868 45 35 
cell-0-3-3 801 868 45 35 
cell-0-4-0 666 903 45 35 
cell-0-4-1 711 903 45 35 
cell-0-4-2 756 903 45 35 
cell-0-4-3 801 903 45 35 
cell-0-5-0 666 938 45 35 
cell-0-5-1 711 938 45 35 
cell-0-5-2 756 938 45 35 
cell-0-5-3 801 938 45 35 
cell-0-6-0 666 973 45 35 
cell-0-6-1 711 973 45 35 
cell-0-6-2 756 973 45 35 
cell-0-6-3 801 973 45 35 
cell-0-7-0 666 1008 45 35 
cell-0-7-1 711 1008 45 35 
cell-0-7-2 756 1008 45 35 
cell-0-7-3 801 1008 45 35 
cell-0-8-0 666 1043 45 35 
cell-0-8-1 711 1043 45 35 
cell-0-8-2 756 1043 45 35 
cell-0-8-3 801 1043 45 35 
cell-0-9-0 666 1078 45 35 
cell-0-9-1 711 1078 45 35 
cell-0-9-2 756 1078 45 35 
cell-0-9-3 801 1078 45 35 
cell-0-10-0 666 1113 45 35 
cell-0-10-1 711 1113 45 35 
cell-0-10-2 756 1113 45 35 
cell-0-10-3 801 1113 45 35 
cell-0-11-0 666 1148 45 35 
cell-0-11-1 711 1148 45 35 
cell-0-11-2 756 1148 45 35 
cell-0-11-3 801 1148 45 35 
header-1 118 94 911 193 
row-1-1 118 94 406 40 
row-1-2 544 94 340 40 
row-2-1 118 144 406 40 
row-2-2 544 144 482 40 
row-3-1 118 194 670 40 
row-4-1 118 244 604 40 
table-2 225 446 800 233 
cell-2-0-0 225 446 88 37 
cell-2-0-1 313 446 88 37 
cell-2-0-2 401 446 88 37 
cell-2-0-3 489 446 88 37 
cell-2-0-4 577 446 88 37 
cell-2-0-5 665 446 88 37 
cell-2-0-6 753 446 88 37 
cell-2-0-7 841 446 88 37 
cell-2-0-8 929 446 88 37 
cell-2-1-0 225 485 88 37 
cell-2-1-1 313 485 88 37 
cell-2-1-2 401 485 88 37 
cell-2-1-3 489 485 88 37 
cell-2-1-4 577 485 88 37 
cell-2-1-5 665 485 88 37 
cell-2-1-6 753 485 88 37 
cell-2-1-7 841 485 88 37 
cell-2-1-8 929 485 88 37 
cell-2-2-0 225 524 88 37 
cell-2-2-1 313 524 88 37 
cell-2-2-2 401 524 88 37 
cell-2-2-3 489 524 88 37 
cell-2-2-4 577 524 88 37 
cell-2-2-5 665 524 88 37 
cell-2-2-6 753 524 88 37 
cell-2-2-7 841 524 88 37 
cell-2-2-8 929 524 88 37 
cell-2-3-0 225 563 88 37 
cell-2-3-1 313 563 88 37 
cell-2-3-2 401 563 88 37 
cell-2-3-3 489 563 88 37 
cell-2-3-4 577 563 88 37 
cell-2-3-5 665 563 88 37 
cell-2-3-6 753 563 88 37 
cell-2-3-7 841 563 88 37 
cell-2-3-8 929 563 88 37 
cell-2-4-0 225 602 88 37 
cell-2-4-1 313 602 88 37 
cell-2-4-2 401 602 88 37 
cell-2-4-3 489 602 88 37 
cell-2-4-4 577 602 88 37 
cell-2-4-5 665 602 88 37 
cell-2-4-6 753 602 88 37 
cell-2-4-7 841 602 88 37 
cell-2-4-8 929 602 88 37 
cell-2-5-0 225 641 88 37 
cell-2-5-1 313 641 88 37 
cell-2-5-2 401 641 88 37 
cell-2-5-3 489 641 88 37 
cell-2-5-4 577 641 88 37 
cell-2-5-5 665 641 88 37 
cell-2-5-6 753 641 88 37 
cell-2-5-7 841 641 88 37 
cell-2-5-8 929 641 88 37 
