table-0 348 234 600 265 
cell-0-0-0 348 234 150 35 
cell-0-0-1 498 234 150 35 
cell-0-0-2 648 234 150 35 
cell-0-0-3 798 234 150 35 
cell-0-1-0 348 272 150 35 
cell-0-1-1 498 272 150 35 
cell-0-1-2 648 272 150 35 
cell-0-1-3 798 272 150 35 
cell-0-2-0 348 310 150 35 
cell-0-2-1 498 310 150 35 
cell-0-2-2 648 310 150 35 
cell-0-2-3 798 310 150 35 
cell-0-3-0 348 348 150 35 
cell-0-3-1 498 348 150 35 
cell-0-3-2 648 348 150 35 
cell-0-3-3 798 348 150 35 
cell-0-4-0 348 386 150 35 
cell-0-4-1 498 386 150 35 
cell-0-4-2 648 386 150 35 
cell-0-4-3 798 386 150 35 
cell-0-5-0 348 424 150 35 
cell-0-5-1 498 424 150 35 
cell-0-5-2 648 424 150 35 
cell-0-5-3 798 424 150 35 
cell-0-6-0 348 462 150 35 
cell-0-6-1 498 462 150 35 
cell-0-6-2 648 462 150 35 
cell-0-6-3 798 462 150 35 
