table-0 121 60 500 480 
cell-0-0-0 121 60 71 46 
cell-0-0-1 192 60 71 46 
cell-0-0-2 263 60 71 46 
cell-0-0-3 334 60 71 46 
cell-0-0-4 405 60 71 46 
cell-0-0-5 476 60 71 46 
cell-0-0-6 547 60 71 46 
cell-0-1-0 121 108 71 46 
cell-0-1-1 192 108 71 46 
cell-0-1-2 263 108 71 46 
cell-0-1-3 334 108 71 46 
cell-0-1-4 405 108 71 46 
cell-0-1-5 476 108 71 46 
cell-0-1-6 547 108 71 46 
cell-0-2-0 121 156 71 46 
cell-0-2-1 192 156 71 46 
cell-0-2-2 263 156 71 46 
cell-0-2-3 334 156 71 46 
cell-0-2-4 405 156 71 46 
cell-0-2-5 476 156 71 46 
cell-0-2-6 547 156 71 46 
cell-0-3-0 121 204 71 46 
cell-0-3-1 192 204 71 46 
cell-0-3-2 263 204 71 46 
cell-0-3-3 334 204 71 46 
cell-0-3-4 405 204 71 46 
cell-0-3-5 476 204 71 46 
cell-0-3-6 547 204 71 46 
cell-0-4-0 121 252 71 46 
cell-0-4-1 192 252 71 46 
cell-0-4-2 263 252 71 46 
cell-0-4-3 334 252 71 46 
cell-0-4-4 405 252 71 46 
cell-0-4-5 476 252 71 46 
cell-0-4-6 547 252 71 46 
cell-0-5-0 121 300 71 46 
cell-0-5-1 192 300 71 46 
cell-0-5-2 263 300 71 46 
cell-0-5-3 334 300 71 46 
cell-0-5-4 405 300 71 46 
cell-0-5-5 476 300 71 46 
cell-0-5-6 547 300 71 46 
cell-0-6-0 121 348 71 46 
cell-0-6-1 192 348 71 46 
cell-0-6-2 263 348 71 46 
cell-0-6-3 334 348 71 46 
cell-0-6-4 405 348 71 46 
cell-0-6-5 476 348 71 46 
cell-0-6-6 547 348 71 46 
cell-0-7-0 121 396 71 46 
cell-0-7-1 192 396 71 46 
cell-0-7-2 263 396 71 46 
cell-0-7-3 334 396 71 46 
cell-0-7-4 405 396 71 46 
cell-0-7-5 476 396 71 46 
cell-0-7-6 547 396 71 46 
cell-0-8-0 121 444 71 46 
cell-0-8-1 192 444 71 46 
cell-0-8-2 263 444 71 46 
cell-0-8-3 334 444 71 46 
cell-0-8-4 405 444 71 46 
cell-0-8-5 476 444 71 46 
cell-0-8-6 547 444 71 46 
cell-0-9-0 121 492 71 46 
cell-0-9-1 192 492 71 46 
cell-0-9-2 263 492 71 46 
cell-0-9-3 334 492 71 46 
cell-0-9-4 405 492 71 46 
cell-0-9-5 476 492 71 46 
cell-0-9-6 547 492 71 46 
