table-0 159 604 668 149 
cell-0-1-0 159 604 35 35 
cell-0-1-1 194 604 35 35 
cell-0-1-2 229 604 35 35 
cell-0-1-3 264 604 35 35 
cell-0-1-4 299 604 35 35 
cell-0-1-5 334 604 35 35 
cell-0-1-6 369 604 35 35 
cell-0-1-7 404 604 35 35 
cell-0-1-8 439 604 35 35 
cell-0-1-9 474 604 35 35 
cell-0-1-10 509 604 35 35 
cell-0-1-11 544 604 35 35 
cell-0-1-12 579 604 35 35 
cell-0-1-13 614 604 35 35 
cell-0-1-14 649 604 35 35 
cell-0-1-15 684 604 35 35 
cell-0-1-16 719 604 35 35 
cell-0-1-17 754 604 35 35 
cell-0-1-18 789 604 35 35 
cell-0-2-0 159 641 35 35 
cell-0-2-1 194 641 35 35 
cell-0-2-2 229 641 35 35 
cell-0-2-3 264 641 35 35 
cell-0-2-4 299 641 35 35 
cell-0-2-5 334 641 35 35 
cell-0-2-6 369 641 35 35 
cell-0-2-7 404 641 35 35 
cell-0-2-8 439 641 35 35 
cell-0-2-9 474 641 35 35 
cell-0-2-10 509 641 35 35 
cell-0-2-11 544 641 35 35 
cell-0-2-12 579 641 35 35 
cell-0-2-13 614 641 35 35 
cell-0-2-14 649 641 35 35 
cell-0-2-15 684 641 35 35 
cell-0-2-16 719 641 35 35 
cell-0-2-17 754 641 35 35 
cell-0-2-18 789 641 35 35 
cell-0-3-0 159 678 35 35 
cell-0-3-1 194 678 35 35 
cell-0-3-2 229 678 35 35 
cell-0-3-3 264 678 35 35 
cell-0-3-4 299 678 35 35 
cell-0-3-5 334 678 35 35 
cell-0-3-6 369 678 35 35 
cell-0-3-7 404 678 35 35 
cell-0-3-8 439 678 35 35 
cell-0-3-9 474 678 35 35 
cell-0-3-10 509 678 35 35 
cell-0-3-11 544 678 35 35 
cell-0-3-12 579 678 35 35 
cell-0-3-13 614 678 35 35 
cell-0-3-14 649 678 35 35 
cell-0-3-15 684 678 35 35 
cell-0-3-16 719 678 35 35 
cell-0-3-17 754 678 35 35 
cell-0-3-18 789 678 35 35 
cell-0-4-0 159 715 35 35 
cell-0-4-1 194 715 35 35 
cell-0-4-2 229 715 35 35 
cell-0-4-3 264 715 35 35 
cell-0-4-4 299 715 35 35 
cell-0-4-5 334 715 35 35 
cell-0-4-6 369 715 35 35 
cell-0-4-7 404 715 35 35 
cell-0-4-8 439 715 35 35 
cell-0-4-9 474 715 35 35 
cell-0-4-10 509 715 35 35 
cell-0-4-11 544 715 35 35 
cell-0-4-12 579 715 35 35 
cell-0-4-13 614 715 35 35 
cell-0-4-14 649 715 35 35 
cell-0-4-15 684 715 35 35 
cell-0-4-16 719 715 35 35 
cell-0-4-17 754 715 35 35 
cell-0-4-18 789 715 35 35 
