table-0 65 839 222 541 
cell-0-0-0 65 839 44 35 
cell-0-0-1 109 839 44 35 
cell-0-0-2 153 839 44 35 
cell-0-0-3 197 839 44 35 
cell-0-0-4 241 839 44 35 
cell-0-1-0 65 875 44 35 
cell-0-1-1 109 875 44 35 
cell-0-1-2 153 875 44 35 
cell-0-1-3 197 875 44 35 
cell-0-1-4 241 875 44 35 
cell-0-2-0 65 911 44 35 
cell-0-2-1 109 911 44 35 
cell-0-2-2 153 911 44 35 
cell-0-2-3 197 911 44 35 
cell-0-2-4 241 911 44 35 
cell-0-3-0 65 947 44 35 
cell-0-3-1 109 947 44 35 
cell-0-3-2 153 947 44 35 
cell-0-3-3 197 947 44 35 
cell-0-3-4 241 947 44 35 
cell-0-4-0 65 983 44 35 
cell-0-4-1 109 983 44 35 
cell-0-4-2 153 983 44 35 
cell-0-4-3 197 983 44 35 
cell-0-4-4 241 983 44 35 
cell-0-5-0 65 1019 44 35 
cell-0-5-1 109 1019 44 35 
cell-0-5-2 153 1019 44 35 
cell-0-5-3 197 1019 44 35 
cell-0-5-4 241 1019 44 35 
cell-0-6-0 65 1055 44 35 
cell-0-6-1 109 1055 44 35 
cell-0-6-2 153 1055 44 35 
cell-0-6-3 197 1055 44 35 
cell-0-6-4 241 1055 44 35 
cell-0-7-0 65 1091 44 35 
cell-0-7-1 109 1091 44 35 
cell-0-7-2 153 1091 44 35 
cell-0-7-3 197 1091 44 35 
cell-0-7-4 241 1091 44 35 
cell-0-8-0 65 1127 44 35 
cell-0-8-1 109 1127 44 35 
cell-0-8-2 153 1127 44 35 
cell-0-8-3 197 1127 44 35 
cell-0-8-4 241 1127 44 35 
cell-0-9-0 65 1163 44 35 
cell-0-9-1 109 1163 44 35 
cell-0-9-2 153 1163 44 35 
cell-0-9-3 197 1163 44 35 
cell-0-9-4 241 1163 44 35 
cell-0-10-0 65 1199 44 35 
cell-0-10-1 109 1199 44 35 
cell-0-10-2 153 1199 44 35 
cell-0-10-3 197 1199 44 35 
cell-0-10-4 241 1199 44 35 
cell-0-11-0 65 1235 44 35 
cell-0-11-1 109 1235 44 35 
cell-0-11-2 153 1235 44 35 
cell-0-11-3 197 1235 44 35 
cell-0-11-4 241 1235 44 35 
cell-0-12-0 65 1271 44 35 
cell-0-12-1 109 1271 44 35 
cell-0-12-2 153 1271 44 35 
cell-0-12-3 197 1271 44 35 
cell-0-12-4 241 1271 44 35 
cell-0-13-0 65 1307 44 35 
cell-0-13-1 109 1307 44 35 
cell-0-13-2 153 1307 44 35 
cell-0-13-3 197 1307 44 35 
cell-0-13-4 241 1307 44 35 
cell-0-14-0 65 1343 44 35 
cell-0-14-1 109 1343 44 35 
cell-0-14-2 153 1343 44 35 
cell-0-14-3 197 1343 44 35 
cell-0-14-4 241 1343 44 35 
