table-0 68 749 761 548 
cell-0-0-0 68 749 43 42 
cell-0-0-1 111 749 43 42 
cell-0-0-2 154 749 43 42 
cell-0-0-3 197 749 43 42 
cell-0-0-4 240 749 43 42 
cell-0-0-5 283 749 43 42 
cell-0-0-6 326 749 499 42 
cell-0-1-0 68 805 43 42 
cell-0-1-1 111 805 43 42 
cell-0-1-2 154 805 43 42 
cell-0-1-3 197 805 43 42 
cell-0-1-4 240 805 43 42 
cell-0-1-5 283 805 43 42 
cell-0-1-6 326 805 499 42 
cell-0-2-0 68 861 43 42 
cell-0-2-1 111 861 43 42 
cell-0-2-2 154 861 43 42 
cell-0-2-3 197 861 43 42 
cell-0-2-4 240 861 43 42 
cell-0-2-5 283 861 43 42 
cell-0-2-6 326 861 499 42 
cell-0-3-0 68 917 43 42 
cell-0-3-1 111 917 43 42 
cell-0-3-2 154 917 43 42 
cell-0-3-3 197 917 43 42 
cell-0-3-4 240 917 43 42 
cell-0-3-5 283 917 43 42 
cell-0-3-6 326 917 499 42 
cell-0-4-0 68 973 43 42 
cell-0-4-1 111 973 43 42 
cell-0-4-2 154 973 43 42 
cell-0-4-3 197 973 43 42 
cell-0-4-4 240 973 43 42 
cell-0-4-5 283 973 43 42 
cell-0-4-6 326 973 499 42 
cell-0-5-0 68 1029 43 42 
cell-0-5-1 111 1029 43 42 
cell-0-5-2 154 1029 43 42 
cell-0-5-3 197 1029 43 42 
cell-0-5-4 240 1029 43 42 
cell-0-5-5 283 1029 43 42 
cell-0-5-6 326 1029 499 42 
cell-0-6-0 68 1085 43 42 
cell-0-6-1 111 1085 43 42 
cell-0-6-2 154 1085 43 42 
cell-0-6-3 197 1085 43 42 
cell-0-6-4 240 1085 43 42 
cell-0-6-5 283 1085 43 42 
cell-0-6-6 326 1085 499 42 
cell-0-7-0 68 1141 43 42 
cell-0-7-1 111 1141 43 42 
cell-0-7-2 154 1141 43 42 
cell-0-7-3 197 1141 43 42 
cell-0-7-4 240 1141 43 42 
cell-0-7-5 283 1141 43 42 
cell-0-7-6 326 1141 499 42 
cell-0-8-0 68 1197 43 42 
cell-0-8-1 111 1197 43 42 
cell-0-8-2 154 1197 43 42 
cell-0-8-3 197 1197 43 42 
cell-0-8-4 240 1197 43 42 
cell-0-8-5 283 1197 43 42 
cell-0-8-6 326 1197 499 42 
cell-0-9-0 68 1253 43 42 
cell-0-9-1 111 1253 43 42 
cell-0-9-2 154 1253 43 42 
cell-0-9-3 197 1253 43 42 
cell-0-9-4 240 1253 43 42 
cell-0-9-5 283 1253 43 42 
cell-0-9-6 326 1253 499 42 
