table-0 83 663 698 534 
cell-0-0-0 83 663 43 41 
cell-0-0-1 126 663 43 41 
cell-0-0-2 169 663 43 41 
cell-0-0-3 212 663 43 41 
cell-0-0-4 255 663 43 41 
cell-0-0-5 298 663 43 41 
cell-0-0-6 341 663 440 41 
cell-0-1-0 83 704 43 41 
cell-0-1-1 126 704 43 41 
cell-0-1-2 169 704 43 41 
cell-0-1-3 212 704 43 41 
cell-0-1-4 255 704 43 41 
cell-0-1-5 298 704 43 41 
cell-0-1-6 341 704 440 41 
cell-0-2-0 83 745 43 41 
cell-0-2-1 126 745 43 41 
cell-0-2-2 169 745 43 41 
cell-0-2-3 212 745 43 41 
cell-0-2-4 255 745 43 41 
cell-0-2-5 298 745 43 41 
cell-0-2-6 341 745 440 41 
cell-0-3-0 83 786 43 41 
cell-0-3-1 126 786 43 41 
cell-0-3-2 169 786 43 41 
cell-0-3-3 212 786 43 41 
cell-0-3-4 255 786 43 41 
cell-0-3-5 298 786 43 41 
cell-0-3-6 341 786 440 41 
cell-0-4-0 83 827 43 41 
cell-0-4-1 126 827 43 41 
cell-0-4-2 169 827 43 41 
cell-0-4-3 212 827 43 41 
cell-0-4-4 255 827 43 41 
cell-0-4-5 298 827 43 41 
cell-0-4-6 341 827 440 41 
cell-0-5-0 83 868 43 41 
cell-0-5-1 126 868 43 41 
cell-0-5-2 169 868 43 41 
cell-0-5-3 212 868 43 41 
cell-0-5-4 255 868 43 41 
cell-0-5-5 298 868 43 41 
cell-0-5-6 341 868 440 41 
cell-0-6-0 83 909 43 41 
cell-0-6-1 126 909 43 41 
cell-0-6-2 169 909 43 41 
cell-0-6-3 212 909 43 41 
cell-0-6-4 255 909 43 41 
cell-0-6-5 298 909 43 41 
cell-0-6-6 341 909 440 41 
cell-0-7-0 83 950 43 41 
cell-0-7-1 126 950 43 41 
cell-0-7-2 169 950 43 41 
cell-0-7-3 212 950 43 41 
cell-0-7-4 255 950 43 41 
cell-0-7-5 298 950 43 41 
cell-0-7-6 341 950 440 41 
cell-0-8-0 83 991 43 41 
cell-0-8-1 126 991 43 41 
cell-0-8-2 169 991 43 41 
cell-0-8-3 212 991 43 41 
cell-0-8-4 255 991 43 41 
cell-0-8-5 298 991 43 41 
cell-0-8-6 341 991 440 41 
cell-0-9-0 83 1032 43 41 
cell-0-9-1 126 1032 43 41 
cell-0-9-2 169 1032 43 41 
cell-0-9-3 212 1032 43 41 
cell-0-9-4 255 1032 43 41 
cell-0-9-5 298 1032 43 41 
cell-0-9-6 341 1032 440 41 
cell-0-10-0 83 1073 43 41 
cell-0-10-1 126 1073 43 41 
cell-0-10-2 169 1073 43 41 
cell-0-10-3 212 1073 43 41 
cell-0-10-4 255 1073 43 41 
cell-0-10-5 298 1073 43 41 
cell-0-10-6 341 1073 440 41 
cell-0-11-0 83 1114 43 41 
cell-0-11-1 126 1114 43 41 
cell-0-11-2 169 1114 43 41 
cell-0-11-3 212 1114 43 41 
cell-0-11-4 255 1114 43 41 
cell-0-11-5 298 1114 43 41 
cell-0-11-6 341 1114 440 41 
cell-0-12-0 83 1155 43 41 
cell-0-12-1 126 1155 43 41 
cell-0-12-2 169 1155 43 41 
cell-0-12-3 212 1155 43 41 
cell-0-12-4 255 1155 43 41 
cell-0-12-5 298 1155 43 41 
cell-0-12-6 341 1155 440 41 
