table-0 229 173 777 261 
cell-0-1-0 229 173 36 35 
cell-0-1-1 268 173 36 35 
cell-0-1-2 307 173 36 35 
cell-0-1-3 346 173 36 35 
cell-0-1-4 385 173 36 35 
cell-0-1-5 424 173 36 35 
cell-0-1-6 463 173 36 35 
cell-0-1-7 502 173 36 35 
cell-0-1-8 541 173 36 35 
cell-0-1-9 580 173 36 35 
cell-0-1-10 619 173 36 35 
cell-0-1-11 658 173 36 35 
cell-0-1-12 697 173 36 35 
cell-0-1-13 736 173 36 35 
cell-0-1-14 775 173 36 35 
cell-0-1-15 814 173 36 35 
cell-0-1-16 853 173 36 35 
cell-0-1-17 892 173 36 35 
cell-0-1-18 931 173 36 35 
cell-0-1-19 970 173 36 35 
cell-0-2-0 229 229 36 35 
cell-0-2-1 268 229 36 35 
cell-0-2-2 307 229 36 35 
cell-0-2-3 346 229 36 35 
cell-0-2-4 385 229 36 35 
cell-0-2-5 424 229 36 35 
cell-0-2-6 463 229 36 35 
cell-0-2-7 502 229 36 35 
cell-0-2-8 541 229 36 35 
cell-0-2-9 580 229 36 35 
cell-0-2-10 619 229 36 35 
cell-0-2-11 658 229 36 35 
cell-0-2-12 697 229 36 35 
cell-0-2-13 736 229 36 35 
cell-0-2-14 775 229 36 35 
cell-0-2-15 814 229 36 35 
cell-0-2-16 853 229 36 35 
cell-0-2-17 892 229 36 35 
cell-0-2-18 931 229 36 35 
cell-0-2-19 970 229 36 35 
cell-0-3-0 229 285 36 35 
cell-0-3-1 268 285 36 35 
cell-0-3-2 307 285 36 35 
cell-0-3-3 346 285 36 35 
cell-0-3-4 385 285 36 35 
cell-0-3-5 424 285 36 35 
cell-0-3-6 463 285 36 35 
cell-0-3-7 502 285 36 35 
cell-0-3-8 541 285 36 35 
cell-0-3-9 580 285 36 35 
cell-0-3-10 619 285 36 35 
cell-0-3-11 658 285 36 35 
cell-0-3-12 697 285 36 35 
cell-0-3-13 736 285 36 35 
cell-0-3-14 775 285 36 35 
cell-0-3-15 814 285 36 35 
cell-0-3-16 853 285 36 35 
cell-0-3-17 892 285 36 35 
cell-0-3-18 931 285 36 35 
cell-0-3-19 970 285 36 35 
cell-0-4-0 229 341 36 35 
cell-0-4-1 268 341 36 35 
cell-0-4-2 307 341 36 35 
cell-0-4-3 346 341 36 35 
cell-0-4-4 385 341 36 35 
cell-0-4-5 424 341 36 35 
cell-0-4-6 463 341 36 35 
cell-0-4-7 502 341 36 35 
cell-0-4-8 541 341 36 35 
cell-0-4-9 580 341 36 35 
cell-0-4-10 619 341 36 35 
cell-0-4-11 658 341 36 35 
cell-0-4-12 697 341 36 35 
cell-0-4-13 736 341 36 35 
cell-0-4-14 775 341 36 35 
cell-0-4-15 814 341 36 35 
cell-0-4-16 853 341 36 35 
cell-0-4-17 892 341 36 35 
cell-0-4-18 931 341 36 35 
cell-0-4-19 970 341 36 35 
cell-0-5-0 229 397 36 35 
cell-0-5-1 268 397 36 35 
cell-0-5-2 307 397 36 35 
cell-0-5-3 346 397 36 35 
cell-0-5-4 385 397 36 35 
cell-0-5-5 424 397 36 35 
cell-0-5-6 463 397 36 35 
cell-0-5-7 502 397 36 35 
cell-0-5-8 541 397 36 35 
cell-0-5-9 580 397 36 35 
cell-0-5-10 619 397 36 35 
cell-0-5-11 658 397 36 35 
cell-0-5-12 697 397 36 35 
cell-0-5-13 736 397 36 35 
cell-0-5-14 775 397 36 35 
cell-0-5-15 814 397 36 35 
cell-0-5-16 853 397 36 35 
cell-0-5-17 892 397 36 35 
cell-0-5-18 931 397 36 35 
cell-0-5-19 970 397 36 35 
table-2 60 561 1000 288 
cell-2-0-0 60 561 250 51 
cell-2-0-1 310 561 250 51 
cell-2-0-2 560 561 250 51 
cell-2-0-3 810 561 250 51 
cell-2-1-0 60 620 250 51 
cell-2-1-1 310 620 250 51 
cell-2-1-2 560 620 250 51 
cell-2-1-3 810 620 250 51 
cell-2-2-0 60 679 250 51 
cell-2-2-1 310 679 250 51 
cell-2-2-2 560 679 250 51 
cell-2-2-3 810 679 250 51 
cell-2-3-0 60 738 250 51 
cell-2-3-1 310 738 250 51 
cell-2-3-2 560 738 250 51 
cell-2-3-3 810 738 250 51 
cell-2-4-0 60 797 250 51 
cell-2-4-1 310 797 250 51 
cell-2-4-2 560 797 250 51 
cell-2-4-3 810 797 250 51 
