table-0 857 354 178 601 
cell-0-0-0 857 354 44 35 
cell-0-0-1 901 354 44 35 
cell-0-0-2 945 354 44 35 
cell-0-0-3 989 354 44 35 
cell-0-1-0 857 401 44 35 
cell-0-1-1 901 401 44 35 
cell-0-1-2 945 401 44 35 
cell-0-1-3 989 401 44 35 
cell-0-2-0 857 448 44 35 
cell-0-2-1 901 448 44 35 
cell-0-2-2 945 448 44 35 
cell-0-2-3 989 448 44 35 
cell-0-3-0 857 495 44 35 
cell-0-3-1 901 495 44 35 
cell-0-3-2 945 495 44 35 
cell-0-3-3 989 495 44 35 
cell-0-4-0 857 542 44 35 
cell-0-4-1 901 542 44 35 
cell-0-4-2 945 542 44 35 
cell-0-4-3 989 542 44 35 
cell-0-5-0 857 589 44 35 
cell-0-5-1 901 589 44 35 
cell-0-5-2 945 589 44 35 
cell-0-5-3 989 589 44 35 
cell-0-6-0 857 636 44 35 
cell-0-6-1 901 636 44 35 
cell-0-6-2 945 636 44 35 
cell-0-6-3 989 636 44 35 
cell-0-7-0 857 683 44 35 
cell-0-7-1 901 683 44 35 
cell-0-7-2 945 683 44 35 
cell-0-7-3 989 683 44 35 
cell-0-8-0 857 730 44 35 
cell-0-8-1 901 730 44 35 
cell-0-8-2 945 730 44 35 
cell-0-8-3 989 730 44 35 
cell-0-9-0 857 777 44 35 
cell-0-9-1 901 777 44 35 
cell-0-9-2 945 777 44 35 
cell-0-9-3 989 777 44 35 
cell-0-10-0 857 824 44 35 
cell-0-10-1 901 824 44 35 
cell-0-10-2 945 824 44 35 
cell-0-10-3 989 824 44 35 
cell-0-11-0 857 871 44 35 
cell-0-11-1 901 871 44 35 
cell-0-11-2 945 871 44 35 
cell-0-11-3 989 871 44 35 
cell-0-12-0 857 918 44 35 
cell-0-12-1 901 918 44 35 
cell-0-12-2 945 918 44 35 
cell-0-12-3 989 918 44 35 
table-2 540 728 183 408 
cell-2-0-0 540 728 45 35 
cell-2-0-1 585 728 45 35 
cell-2-0-2 630 728 45 35 
cell-2-0-3 675 728 45 35 
cell-2-1-0 540 765 45 35 
cell-2-1-1 585 765 45 35 
cell-2-1-2 630 765 45 35 
cell-2-1-3 675 765 45 35 
cell-2-2-0 540 802 45 35 
cell-2-2-1 585 802 45 35 
cell-2-2-2 630 802 45 35 
cell-2-2-3 675 802 45 35 
cell-2-3-0 540 839 45 35 
cell-2-3-1 585 839 45 35 
cell-2-3-2 630 839 45 35 
cell-2-3-3 675 839 45 35 
cell-2-4-0 540 876 45 35 
cell-2-4-1 585 876 45 35 
cell-2-4-2 630 876 45 35 
cell-2-4-3 675 876 45 35 
cell-2-5-0 540 913 45 35 
cell-2-5-1 585 913 45 35 
cell-2-5-2 630 913 45 35 
cell-2-5-3 675 913 45 35 
cell-2-6-0 540 950 45 35 
cell-2-6-1 585 950 45 35 
cell-2-6-2 630 950 45 35 
cell-2-6-3 675 950 45 35 
cell-2-7-0 540 987 45 35 
cell-2-7-1 585 987 45 35 
cell-2-7-2 630 987 45 35 
cell-2-7-3 675 987 45 35 
cell-2-8-0 540 1024 45 35 
cell-2-8-1 585 1024 45 35 
cell-2-8-2 630 1024 45 35 
cell-2-8-3 675 1024 45 35 
cell-2-9-0 540 1061 45 35 
cell-2-9-1 585 1061 45 35 
cell-2-9-2 630 1061 45 35 
cell-2-9-3 675 1061 45 35 
cell-2-10-0 540 1098 45 35 
cell-2-10-1 585 1098 45 35 
cell-2-10-2 630 1098 45 35 
cell-2-10-3 675 1098 45 35 
