table-0 646 310 216 423 
cell-0-0-0 646 310 43 35 
cell-0-0-1 689 310 43 35 
cell-0-0-2 732 310 43 35 
cell-0-0-3 775 310 43 35 
cell-0-0-4 818 310 43 35 
cell-0-1-0 646 353 43 35 
cell-0-1-1 689 353 43 35 
cell-0-1-2 732 353 43 35 
cell-0-1-3 775 353 43 35 
cell-0-1-4 818 353 43 35 
cell-0-2-0 646 396 43 35 
cell-0-2-1 689 396 43 35 
cell-0-2-2 732 396 43 35 
cell-0-2-3 775 396 43 35 
cell-0-2-4 818 396 43 35 
cell-0-3-0 646 439 43 35 
cell-0-3-1 689 439 43 35 
cell-0-3-2 732 439 43 35 
cell-0-3-3 775 439 43 35 
cell-0-3-4 818 439 43 35 
cell-0-4-0 646 482 43 35 
cell-0-4-1 689 482 43 35 
cell-0-4-2 732 482 43 35 
cell-0-4-3 775 482 43 35 
cell-0-4-4 818 482 43 35 
cell-0-5-0 646 525 43 35 
cell-0-5-1 689 525 43 35 
cell-0-5-2 732 525 43 35 
cell-0-5-3 775 525 43 35 
cell-0-5-4 818 525 43 35 
cell-0-6-0 646 568 43 35 
cell-0-6-1 689 568 43 35 
cell-0-6-2 732 568 43 35 
cell-0-6-3 775 568 43 35 
cell-0-6-4 818 568 43 35 
cell-0-7-0 646 611 43 35 
cell-0-7-1 689 611 43 35 
cell-0-7-2 732 611 43 35 
cell-0-7-3 775 611 43 35 
cell-0-7-4 818 611 43 35 
cell-0-8-0 646 654 43 35 
cell-0-8-1 689 654 43 35 
cell-0-8-2 732 654 43 35 
cell-0-8-3 775 654 43 35 
cell-0-8-4 818 654 43 35 
cell-0-9-0 646 697 43 35 
cell-0-9-1 689 697 43 35 
cell-0-9-2 732 697 43 35 
cell-0-9-3 775 697 43 35 
cell-0-9-4 818 697 43 35 
table-1 275 1027 500 432 
cell-1-0-0 275 1027 71 39 
cell-1-0-1 346 1027 71 39 
cell-1-0-2 417 1027 71 39 
cell-1-0-3 488 1027 71 39 
cell-1-0-4 559 1027 71 39 
cell-1-0-5 630 1027 71 39 
cell-1-0-6 701 1027 71 39 
cell-1-1-0 275 1076 71 39 
cell-1-1-1 346 1076 71 39 
cell-1-1-2 417 1076 71 39 
cell-1-1-3 488 1076 71 39 
cell-1-1-4 559 1076 71 39 
cell-1-1-5 630 1076 71 39 
cell-1-1-6 701 1076 71 39 
cell-1-2-0 275 1125 71 39 
cell-1-2-1 346 1125 71 39 
cell-1-2-2 417 1125 71 39 
cell-1-2-3 488 1125 71 39 
cell-1-2-4 559 1125 71 39 
cell-1-2-5 630 1125 71 39 
cell-1-2-6 701 1125 71 39 
cell-1-3-0 275 1174 71 39 
cell-1-3-1 346 1174 71 39 
cell-1-3-2 417 1174 71 39 
cell-1-3-3 488 1174 71 39 
cell-1-3-4 559 1174 71 39 
cell-1-3-5 630 1174 71 39 
cell-1-3-6 701 1174 71 39 
cell-1-4-0 275 1223 71 39 
cell-1-4-1 346 1223 71 39 
cell-1-4-2 417 1223 71 39 
cell-1-4-3 488 1223 71 39 
cell-1-4-4 559 1223 71 39 
cell-1-4-5 630 1223 71 39 
cell-1-4-6 701 1223 71 39 
cell-1-5-0 275 1272 71 39 
cell-1-5-1 346 1272 71 39 
cell-1-5-2 417 1272 71 39 
cell-1-5-3 488 1272 71 39 
cell-1-5-4 559 1272 71 39 
cell-1-5-5 630 1272 71 39 
cell-1-5-6 701 1272 71 39 
cell-1-6-0 275 1321 71 39 
cell-1-6-1 346 1321 71 39 
cell-1-6-2 417 1321 71 39 
cell-1-6-3 488 1321 71 39 
cell-1-6-4 559 1321 71 39 
cell-1-6-5 630 1321 71 39 
cell-1-6-6 701 1321 71 39 
cell-1-7-0 275 1370 71 39 
cell-1-7-1 346 1370 71 39 
cell-1-7-2 417 1370 71 39 
cell-1-7-3 488 1370 71 39 
cell-1-7-4 559 1370 71 39 
cell-1-7-5 630 1370 71 39 
cell-1-7-6 701 1370 71 39 
cell-1-8-0 275 1419 71 39 
cell-1-8-1 346 1419 71 39 
cell-1-8-2 417 1419 71 39 
cell-1-8-3 488 1419 71 39 
cell-1-8-4 559 1419 71 39 
cell-1-8-5 630 1419 71 39 
cell-1-8-6 701 1419 71 39 
