table-0 152 181 600 395 
cell-0-0-0 152 181 100 37 
cell-0-0-1 252 181 100 37 
cell-0-0-2 352 181 100 37 
cell-0-0-3 452 181 100 37 
cell-0-0-4 552 181 100 37 
cell-0-0-5 652 181 100 37 
cell-0-1-0 152 232 100 37 
cell-0-1-1 252 232 100 37 
cell-0-1-2 352 232 100 37 
cell-0-1-3 452 232 100 37 
cell-0-1-4 552 232 100 37 
cell-0-1-5 652 232 100 37 
cell-0-2-0 152 283 100 37 
cell-0-2-1 252 283 100 37 
cell-0-2-2 352 283 100 37 
cell-0-2-3 452 283 100 37 
cell-0-2-4 552 283 100 37 
cell-0-2-5 652 283 100 37 
cell-0-3-0 152 334 100 37 
cell-0-3-1 252 334 100 37 
cell-0-3-2 352 334 100 37 
cell-0-3-3 452 334 100 37 
cell-0-3-4 552 334 100 37 
cell-0-3-5 652 334 100 37 
cell-0-4-0 152 385 100 37 
cell-0-4-1 252 385 100 37 
cell-0-4-2 352 385 100 37 
cell-0-4-3 452 385 100 37 
cell-0-4-4 552 385 100 37 
cell-0-4-5 652 385 100 37 
cell-0-5-0 152 436 100 37 
cell-0-5-1 252 436 100 37 
cell-0-5-2 352 436 100 37 
cell-0-5-3 452 436 100 37 
cell-0-5-4 552 436 100 37 
cell-0-5-5 652 436 100 37 
cell-0-6-0 152 487 100 37 
cell-0-6-1 252 487 100 37 
cell-0-6-2 352 487 100 37 
cell-0-6-3 452 487 100 37 
cell-0-6-4 552 487 100 37 
cell-0-6-5 652 487 100 37 
cell-0-7-0 152 538 100 37 
cell-0-7-1 252 538 100 37 
cell-0-7-2 352 538 100 37 
cell-0-7-3 452 538 100 37 
cell-0-7-4 552 538 100 37 
cell-0-7-5 652 538 100 37 
table-2 216 714 634 514 
cell-2-0-0 216 714 44 42 
cell-2-0-1 260 714 44 42 
cell-2-0-2 304 714 44 42 
cell-2-0-3 348 714 44 42 
cell-2-0-4 392 714 44 42 
cell-2-0-5 436 714 414 42 
cell-2-1-0 216 761 44 42 
cell-2-1-1 260 761 44 42 
cell-2-1-2 304 761 44 42 
cell-2-1-3 348 761 44 42 
cell-2-1-4 392 761 44 42 
cell-2-1-5 436 761 414 42 
cell-2-2-0 216 808 44 42 
cell-2-2-1 260 808 44 42 
cell-2-2-2 304 808 44 42 
cell-2-2-3 348 808 44 42 
cell-2-2-4 392 808 44 42 
cell-2-2-5 436 808 414 42 
cell-2-3-0 216 855 44 42 
cell-2-3-1 260 855 44 42 
cell-2-3-2 304 855 44 42 
cell-2-3-3 348 855 44 42 
cell-2-3-4 392 855 44 42 
cell-2-3-5 436 855 414 42 
cell-2-4-0 216 902 44 42 
cell-2-4-1 260 902 44 42 
cell-2-4-2 304 902 44 42 
cell-2-4-3 348 902 44 42 
cell-2-4-4 392 902 44 42 
cell-2-4-5 436 902 414 42 
cell-2-5-0 216 949 44 42 
cell-2-5-1 260 949 44 42 
cell-2-5-2 304 949 44 42 
cell-2-5-3 348 949 44 42 
cell-2-5-4 392 949 44 42 
cell-2-5-5 436 949 414 42 
cell-2-6-0 216 996 44 42 
cell-2-6-1 260 996 44 42 
cell-2-6-2 304 996 44 42 
cell-2-6-3 348 996 44 42 
cell-2-6-4 392 996 44 42 
cell-2-6-5 436 996 414 42 
cell-2-7-0 216 1043 44 42 
cell-2-7-1 260 1043 44 42 
cell-2-7-2 304 1043 44 42 
cell-2-7-3 348 1043 44 42 
cell-2-7-4 392 1043 44 42 
cell-2-7-5 436 1043 414 42 
cell-2-8-0 216 1090 44 42 
cell-2-8-1 260 1090 44 42 
cell-2-8-2 304 1090 44 42 
cell-2-8-3 348 1090 44 42 
cell-2-8-4 392 1090 44 42 
cell-2-8-5 436 1090 414 42 
cell-2-9-0 216 1137 44 42 
cell-2-9-1 260 1137 44 42 
cell-2-9-2 304 1137 44 42 
cell-2-9-3 348 1137 44 42 
cell-2-9-4 392 1137 44 42 
cell-2-9-5 436 1137 414 42 
cell-2-10-0 216 1184 44 42 
cell-2-10-1 260 1184 44 42 
cell-2-10-2 304 1184 44 42 
cell-2-10-3 348 1184 44 42 
cell-2-10-4 392 1184 44 42 
cell-2-10-5 436 1184 414 42 
