table-0 343 645 696 660 
cell-0-0-0 343 645 44 42 
cell-0-0-1 387 645 44 42 
cell-0-0-2 431 645 44 42 
cell-0-0-3 475 645 44 42 
cell-0-0-4 519 645 44 42 
cell-0-0-5 563 645 476 42 
cell-0-1-0 343 701 44 42 
cell-0-1-1 387 701 44 42 
cell-0-1-2 431 701 44 42 
cell-0-1-3 475 701 44 42 
cell-0-1-4 519 701 44 42 
cell-0-1-5 563 701 476 42 
cell-0-2-0 343 757 44 42 
cell-0-2-1 387 757 44 42 
cell-0-2-2 431 757 44 42 
cell-0-2-3 475 757 44 42 
cell-0-2-4 519 757 44 42 
cell-0-2-5 563 757 476 42 
cell-0-3-0 343 813 44 42 
cell-0-3-1 387 813 44 42 
cell-0-3-2 431 813 44 42 
cell-0-3-3 475 813 44 42 
cell-0-3-4 519 813 44 42 
cell-0-3-5 563 813 476 42 
cell-0-4-0 343 869 44 42 
cell-0-4-1 387 869 44 42 
cell-0-4-2 431 869 44 42 
cell-0-4-3 475 869 44 42 
cell-0-4-4 519 869 44 42 
cell-0-4-5 563 869 476 42 
cell-0-5-0 343 925 44 42 
cell-0-5-1 387 925 44 42 
cell-0-5-2 431 925 44 42 
cell-0-5-3 475 925 44 42 
cell-0-5-4 519 925 44 42 
cell-0-5-5 563 925 476 42 
cell-0-6-0 343 981 44 42 
cell-0-6-1 387 981 44 42 
cell-0-6-2 431 981 44 42 
cell-0-6-3 475 981 44 42 
cell-0-6-4 519 981 44 42 
cell-0-6-5 563 981 476 42 
cell-0-7-0 343 1037 44 42 
cell-0-7-1 387 1037 44 42 
cell-0-7-2 431 1037 44 42 
cell-0-7-3 475 1037 44 42 
cell-0-7-4 519 1037 44 42 
cell-0-7-5 563 1037 476 42 
cell-0-8-0 343 1093 44 42 
cell-0-8-1 387 1093 44 42 
cell-0-8-2 431 1093 44 42 
cell-0-8-3 475 1093 44 42 
cell-0-8-4 519 1093 44 42 
cell-0-8-5 563 1093 476 42 
cell-0-9-0 343 1149 44 42 
cell-0-9-1 387 1149 44 42 
cell-0-9-2 431 1149 44 42 
cell-0-9-3 475 1149 44 42 
cell-0-9-4 519 1149 44 42 
cell-0-9-5 563 1149 476 42 
cell-0-10-0 343 1205 44 42 
cell-0-10-1 387 1205 44 42 
cell-0-10-2 431 1205 44 42 
cell-0-10-3 475 1205 44 42 
cell-0-10-4 519 1205 44 42 
cell-0-10-5 563 1205 476 42 
cell-0-11-0 343 1261 44 42 
cell-0-11-1 387 1261 44 42 
cell-0-11-2 431 1261 44 42 
cell-0-11-3 475 1261 44 42 
cell-0-11-4 519 1261 44 42 
cell-0-11-5 563 1261 476 42 
