table-0 170 243 387 443 
cell-0-1-0 170 243 36 35 
cell-0-1-1 209 243 36 35 
cell-0-1-2 248 243 36 35 
cell-0-1-3 287 243 36 35 
cell-0-1-4 326 243 36 35 
cell-0-1-5 365 243 36 35 
cell-0-1-6 404 243 36 35 
cell-0-1-7 443 243 36 35 
cell-0-1-8 482 243 36 35 
cell-0-1-9 521 243 36 35 
cell-0-2-0 170 301 36 35 
cell-0-2-1 209 301 36 35 
cell-0-2-2 248 301 36 35 
cell-0-2-3 287 301 36 35 
cell-0-2-4 326 301 36 35 
cell-0-2-5 365 301 36 35 
cell-0-2-6 404 301 36 35 
cell-0-2-7 443 301 36 35 
cell-0-2-8 482 301 36 35 
cell-0-2-9 521 301 36 35 
cell-0-3-0 170 359 36 35 
cell-0-3-1 209 359 36 35 
cell-0-3-2 248 359 36 35 
cell-0-3-3 287 359 36 35 
cell-0-3-4 326 359 36 35 
cell-0-3-5 365 359 36 35 
cell-0-3-6 404 359 36 35 
cell-0-3-7 443 359 36 35 
cell-0-3-8 482 359 36 35 
cell-0-3-9 521 359 36 35 
cell-0-4-0 170 417 36 35 
cell-0-4-1 209 417 36 35 
cell-0-4-2 248 417 36 35 
cell-0-4-3 287 417 36 35 
cell-0-4-4 326 417 36 35 
cell-0-4-5 365 417 36 35 
cell-0-4-6 404 417 36 35 
cell-0-4-7 443 417 36 35 
cell-0-4-8 482 417 36 35 
cell-0-4-9 521 417 36 35 
cell-0-5-0 170 475 36 35 
cell-0-5-1 209 475 36 35 
cell-0-5-2 248 475 36 35 
cell-0-5-3 287 475 36 35 
cell-0-5-4 326 475 36 35 
cell-0-5-5 365 475 36 35 
cell-0-5-6 404 475 36 35 
cell-0-5-7 443 475 36 35 
cell-0-5-8 482 475 36 35 
cell-0-5-9 521 475 36 35 
cell-0-6-0 170 533 36 35 
cell-0-6-1 209 533 36 35 
cell-0-6-2 248 533 36 35 
cell-0-6-3 287 533 36 35 
cell-0-6-4 326 533 36 35 
cell-0-6-5 365 533 36 35 
cell-0-6-6 404 533 36 35 
cell-0-6-7 443 533 36 35 
cell-0-6-8 482 533 36 35 
cell-0-6-9 521 533 36 35 
cell-0-7-0 170 591 36 35 
cell-0-7-1 209 591 36 35 
cell-0-7-2 248 591 36 35 
cell-0-7-3 287 591 36 35 
cell-0-7-4 326 591 36 35 
cell-0-7-5 365 591 36 35 
cell-0-7-6 404 591 36 35 
cell-0-7-7 443 591 36 35 
cell-0-7-8 482 591 36 35 
cell-0-7-9 521 591 36 35 
cell-0-8-0 170 649 36 35 
cell-0-8-1 209 649 36 35 
cell-0-8-2 248 649 36 35 
cell-0-8-3 287 649 36 35 
cell-0-8-4 326 649 36 35 
cell-0-8-5 365 649 36 35 
cell-0-8-6 404 649 36 35 
cell-0-8-7 443 649 36 35 
cell-0-8-8 482 649 36 35 
cell-0-8-9 521 649 36 35 
