table-0 516 668 500 505 
cell-0-0-0 516 668 125 54 
cell-0-0-1 641 668 125 54 
cell-0-0-2 766 668 125 54 
cell-0-0-3 891 668 125 54 
cell-0-1-0 516 724 125 54 
cell-0-1-1 641 724 125 54 
cell-0-1-2 766 724 125 54 
cell-0-1-3 891 724 125 54 
cell-0-2-0 516 780 125 54 
cell-0-2-1 641 780 125 54 
cell-0-2-2 766 780 125 54 
cell-0-2-3 891 780 125 54 
cell-0-3-0 516 836 125 54 
cell-0-3-1 641 836 125 54 
cell-0-3-2 766 836 125 54 
cell-0-3-3 891 836 125 54 
cell-0-4-0 516 892 125 54 
cell-0-4-1 641 892 125 54 
cell-0-4-2 766 892 125 54 
cell-0-4-3 891 892 125 54 
cell-0-5-0 516 948 125 54 
cell-0-5-1 641 948 125 54 
cell-0-5-2 766 948 125 54 
cell-0-5-3 891 948 125 54 
cell-0-6-0 516 1004 125 54 
cell-0-6-1 641 1004 125 54 
cell-0-6-2 766 1004 125 54 
cell-0-6-3 891 1004 125 54 
cell-0-7-0 516 1060 125 54 
cell-0-7-1 641 1060 125 54 
cell-0-7-2 766 1060 125 54 
cell-0-7-3 891 1060 125 54 
cell-0-8-0 516 1116 125 54 
cell-0-8-1 641 1116 125 54 
cell-0-8-2 766 1116 125 54 
cell-0-8-3 891 1116 125 54 
