table-0 148 671 478 277 
cell-0-1-0 148 671 34 35 
cell-0-1-1 182 671 34 35 
cell-0-1-2 216 671 34 35 
cell-0-1-3 250 671 34 35 
cell-0-1-4 284 671 34 35 
cell-0-1-5 318 671 34 35 
cell-0-1-6 352 671 34 35 
cell-0-1-7 386 671 34 35 
cell-0-1-8 420 671 34 35 
cell-0-1-9 454 671 34 35 
cell-0-1-10 488 671 34 35 
cell-0-1-11 522 671 34 35 
cell-0-1-12 556 671 34 35 
cell-0-1-13 590 671 34 35 
cell-0-2-0 148 731 34 35 
cell-0-2-1 182 731 34 35 
cell-0-2-2 216 731 34 35 
cell-0-2-3 250 731 34 35 
cell-0-2-4 284 731 34 35 
cell-0-2-5 318 731 34 35 
cell-0-2-6 352 731 34 35 
cell-0-2-7 386 731 34 35 
cell-0-2-8 420 731 34 35 
cell-0-2-9 454 731 34 35 
cell-0-2-10 488 731 34 35 
cell-0-2-11 522 731 34 35 
cell-0-2-12 556 731 34 35 
cell-0-2-13 590 731 34 35 
cell-0-3-0 148 791 34 35 
cell-0-3-1 182 791 34 35 
cell-0-3-2 216 791 34 35 
cell-0-3-3 250 791 34 35 
cell-0-3-4 284 791 34 35 
cell-0-3-5 318 791 34 35 
cell-0-3-6 352 791 34 35 
cell-0-3-7 386 791 34 35 
cell-0-3-8 420 791 34 35 
cell-0-3-9 454 791 34 35 
cell-0-3-10 488 791 34 35 
cell-0-3-11 522 791 34 35 
cell-0-3-12 556 791 34 35 
cell-0-3-13 590 791 34 35 
cell-0-4-0 148 851 34 35 
cell-0-4-1 182 851 34 35 
cell-0-4-2 216 851 34 35 
cell-0-4-3 250 851 34 35 
cell-0-4-4 284 851 34 35 
cell-0-4-5 318 851 34 35 
cell-0-4-6 352 851 34 35 
cell-0-4-7 386 851 34 35 
cell-0-4-8 420 851 34 35 
cell-0-4-9 454 851 34 35 
cell-0-4-10 488 851 34 35 
cell-0-4-11 522 851 34 35 
cell-0-4-12 556 851 34 35 
cell-0-4-13 590 851 34 35 
cell-0-5-0 148 911 34 35 
cell-0-5-1 182 911 34 35 
cell-0-5-2 216 911 34 35 
cell-0-5-3 250 911 34 35 
cell-0-5-4 284 911 34 35 
cell-0-5-5 318 911 34 35 
cell-0-5-6 352 911 34 35 
cell-0-5-7 386 911 34 35 
cell-0-5-8 420 911 34 35 
cell-0-5-9 454 911 34 35 
cell-0-5-10 488 911 34 35 
cell-0-5-11 522 911 34 35 
cell-0-5-12 556 911 34 35 
cell-0-5-13 590 911 34 35 
