table-0 771 628 216 542 
cell-0-0-0 771 628 43 35 
cell-0-0-1 814 628 43 35 
cell-0-0-2 857 628 43 35 
cell-0-0-3 900 628 43 35 
cell-0-0-4 943 628 43 35 
cell-0-1-0 771 674 43 35 
cell-0-1-1 814 674 43 35 
cell-0-1-2 857 674 43 35 
cell-0-1-3 900 674 43 35 
cell-0-1-4 943 674 43 35 
cell-0-2-0 771 720 43 35 
cell-0-2-1 814 720 43 35 
cell-0-2-2 857 720 43 35 
cell-0-2-3 900 720 43 35 
cell-0-2-4 943 720 43 35 
cell-0-3-0 771 766 43 35 
cell-0-3-1 814 766 43 35 
cell-0-3-2 857 766 43 35 
cell-0-3-3 900 766 43 35 
cell-0-3-4 943 766 43 35 
cell-0-4-0 771 812 43 35 
cell-0-4-1 814 812 43 35 
cell-0-4-2 857 812 43 35 
cell-0-4-3 900 812 43 35 
cell-0-4-4 943 812 43 35 
cell-0-5-0 771 858 43 35 
cell-0-5-1 814 858 43 35 
cell-0-5-2 857 858 43 35 
cell-0-5-3 900 858 43 35 
cell-0-5-4 943 858 43 35 
cell-0-6-0 771 904 43 35 
cell-0-6-1 814 904 43 35 
cell-0-6-2 857 904 43 35 
cell-0-6-3 900 904 43 35 
cell-0-6-4 943 904 43 35 
cell-0-7-0 771 950 43 35 
cell-0-7-1 814 950 43 35 
cell-0-7-2 857 950 43 35 
cell-0-7-3 900 950 43 35 
cell-0-7-4 943 950 43 35 
cell-0-8-0 771 996 43 35 
cell-0-8-1 814 996 43 35 
cell-0-8-2 857 996 43 35 
cell-0-8-3 900 996 43 35 
cell-0-8-4 943 996 43 35 
cell-0-9-0 771 1042 43 35 
cell-0-9-1 814 1042 43 35 
cell-0-9-2 857 1042 43 35 
cell-0-9-3 900 1042 43 35 
cell-0-9-4 943 1042 43 35 
cell-0-10-0 771 1088 43 35 
cell-0-10-1 814 1088 43 35 
cell-0-10-2 857 1088 43 35 
cell-0-10-3 900 1088 43 35 
cell-0-10-4 943 1088 43 35 
cell-0-11-0 771 1134 43 35 
cell-0-11-1 814 1134 43 35 
cell-0-11-2 857 1134 43 35 
cell-0-11-3 900 1134 43 35 
cell-0-11-4 943 1134 43 35 
