table-0 77 331 628 268 
cell-0-1-0 77 331 33 35 
cell-0-1-1 110 331 33 35 
cell-0-1-2 143 331 33 35 
cell-0-1-3 176 331 33 35 
cell-0-1-4 209 331 33 35 
cell-0-1-5 242 331 33 35 
cell-0-1-6 275 331 33 35 
cell-0-1-7 308 331 33 35 
cell-0-1-8 341 331 33 35 
cell-0-1-9 374 331 33 35 
cell-0-1-10 407 331 33 35 
cell-0-1-11 440 331 33 35 
cell-0-1-12 473 331 33 35 
cell-0-1-13 506 331 33 35 
cell-0-1-14 539 331 33 35 
cell-0-1-15 572 331 33 35 
cell-0-1-16 605 331 33 35 
cell-0-1-17 638 331 33 35 
cell-0-1-18 671 331 33 35 
cell-0-2-0 77 389 33 35 
cell-0-2-1 110 389 33 35 
cell-0-2-2 143 389 33 35 
cell-0-2-3 176 389 33 35 
cell-0-2-4 209 389 33 35 
cell-0-2-5 242 389 33 35 
cell-0-2-6 275 389 33 35 
cell-0-2-7 308 389 33 35 
cell-0-2-8 341 389 33 35 
cell-0-2-9 374 389 33 35 
cell-0-2-10 407 389 33 35 
cell-0-2-11 440 389 33 35 
cell-0-2-12 473 389 33 35 
cell-0-2-13 506 389 33 35 
cell-0-2-14 539 389 33 35 
cell-0-2-15 572 389 33 35 
cell-0-2-16 605 389 33 35 
cell-0-2-17 638 389 33 35 
cell-0-2-18 671 389 33 35 
cell-0-3-0 77 447 33 35 
cell-0-3-1 110 447 33 35 
cell-0-3-2 143 447 33 35 
cell-0-3-3 176 447 33 35 
cell-0-3-4 209 447 33 35 
cell-0-3-5 242 447 33 35 
cell-0-3-6 275 447 33 35 
cell-0-3-7 308 447 33 35 
cell-0-3-8 341 447 33 35 
cell-0-3-9 374 447 33 35 
cell-0-3-10 407 447 33 35 
cell-0-3-11 440 447 33 35 
cell-0-3-12 473 447 33 35 
cell-0-3-13 506 447 33 35 
cell-0-3-14 539 447 33 35 
cell-0-3-15 572 447 33 35 
cell-0-3-16 605 447 33 35 
cell-0-3-17 638 447 33 35 
cell-0-3-18 671 447 33 35 
cell-0-4-0 77 505 33 35 
cell-0-4-1 110 505 33 35 
cell-0-4-2 143 505 33 35 
cell-0-4-3 176 505 33 35 
cell-0-4-4 209 505 33 35 
cell-0-4-5 242 505 33 35 
cell-0-4-6 275 505 33 35 
cell-0-4-7 308 505 33 35 
cell-0-4-8 341 505 33 35 
cell-0-4-9 374 505 33 35 
cell-0-4-10 407 505 33 35 
cell-0-4-11 440 505 33 35 
cell-0-4-12 473 505 33 35 
cell-0-4-13 506 505 33 35 
cell-0-4-14 539 505 33 35 
cell-0-4-15 572 505 33 35 
cell-0-4-16 605 505 33 35 
cell-0-4-17 638 505 33 35 
cell-0-4-18 671 505 33 35 
cell-0-5-0 77 563 33 35 
cell-0-5-1 110 563 33 35 
cell-0-5-2 143 563 33 35 
cell-0-5-3 176 563 33 35 
cell-0-5-4 209 563 33 35 
cell-0-5-5 242 563 33 35 
cell-0-5-6 275 563 33 35 
cell-0-5-7 308 563 33 35 
cell-0-5-8 341 563 33 35 
cell-0-5-9 374 563 33 35 
cell-0-5-10 407 563 33 35 
cell-0-5-11 440 563 33 35 
cell-0-5-12 473 563 33 35 
cell-0-5-13 506 563 33 35 
cell-0-5-14 539 563 33 35 
cell-0-5-15 572 563 33 35 
cell-0-5-16 605 563 33 35 
cell-0-5-17 638 563 33 35 
cell-0-5-18 671 563 33 35 
table-2 447 824 598 344 
cell-2-1-0 447 824 35 35 
cell-2-1-1 482 824 35 35 
cell-2-1-2 517 824 35 35 
cell-2-1-3 552 824 35 35 
cell-2-1-4 587 824 35 35 
cell-2-1-5 622 824 35 35 
cell-2-1-6 657 824 35 35 
cell-2-1-7 692 824 35 35 
cell-2-1-8 727 824 35 35 
cell-2-1-9 762 824 35 35 
cell-2-1-10 797 824 35 35 
cell-2-1-11 832 824 35 35 
cell-2-1-12 867 824 35 35 
cell-2-1-13 902 824 35 35 
cell-2-1-14 937 824 35 35 
cell-2-1-15 972 824 35 35 
cell-2-1-16 1007 824 35 35 
cell-2-2-0 447 875 35 35 
cell-2-2-1 482 875 35 35 
cell-2-2-2 517 875 35 35 
cell-2-2-3 552 875 35 35 
cell-2-2-4 587 875 35 35 
cell-2-2-5 622 875 35 35 
cell-2-2-6 657 875 35 35 
cell-2-2-7 692 875 35 35 
cell-2-2-8 727 875 35 35 
cell-2-2-9 762 875 35 35 
cell-2-2-10 797 875 35 35 
cell-2-2-11 832 875 35 35 
cell-2-2-12 867 875 35 35 
cell-2-2-13 902 875 35 35 
cell-2-2-14 937 875 35 35 
cell-2-2-15 972 875 35 35 
cell-2-2-16 1007 875 35 35 
cell-2-3-0 447 926 35 35 
cell-2-3-1 482 926 35 35 
cell-2-3-2 517 926 35 35 
cell-2-3-3 552 926 35 35 
cell-2-3-4 587 926 35 35 
cell-2-3-5 622 926 35 35 
cell-2-3-6 657 926 35 35 
cell-2-3-7 692 926 35 35 
cell-2-3-8 727 926 35 35 
cell-2-3-9 762 926 35 35 
cell-2-3-10 797 926 35 35 
cell-2-3-11 832 926 35 35 
cell-2-3-12 867 926 35 35 
cell-2-3-13 902 926 35 35 
cell-2-3-14 937 926 35 35 
cell-2-3-15 972 926 35 35 
cell-2-3-16 1007 926 35 35 
cell-2-4-0 447 977 35 35 
cell-2-4-1 482 977 35 35 
cell-2-4-2 517 977 35 35 
cell-2-4-3 552 977 35 35 
cell-2-4-4 587 977 35 35 
cell-2-4-5 622 977 35 35 
cell-2-4-6 657 977 35 35 
cell-2-4-7 692 977 35 35 
cell-2-4-8 727 977 35 35 
cell-2-4-9 762 977 35 35 
cell-2-4-10 797 977 35 35 
cell-2-4-11 832 977 35 35 
cell-2-4-12 867 977 35 35 
cell-2-4-13 902 977 35 35 
cell-2-4-14 937 977 35 35 
cell-2-4-15 972 977 35 35 
cell-2-4-16 1007 977 35 35 
cell-2-5-0 447 1028 35 35 
cell-2-5-1 482 1028 35 35 
cell-2-5-2 517 1028 35 35 
cell-2-5-3 552 1028 35 35 
cell-2-5-4 587 1028 35 35 
cell-2-5-5 622 1028 35 35 
cell-2-5-6 657 1028 35 35 
cell-2-5-7 692 1028 35 35 
cell-2-5-8 727 1028 35 35 
cell-2-5-9 762 1028 35 35 
cell-2-5-10 797 1028 35 35 
cell-2-5-11 832 1028 35 35 
cell-2-5-12 867 1028 35 35 
cell-2-5-13 902 1028 35 35 
cell-2-5-14 937 1028 35 35 
cell-2-5-15 972 1028 35 35 
cell-2-5-16 1007 1028 35 35 
cell-2-6-0 447 1079 35 35 
cell-2-6-1 482 1079 35 35 
cell-2-6-2 517 1079 35 35 
cell-2-6-3 552 1079 35 35 
cell-2-6-4 587 1079 35 35 
cell-2-6-5 622 1079 35 35 
cell-2-6-6 657 1079 35 35 
cell-2-6-7 692 1079 35 35 
cell-2-6-8 727 1079 35 35 
cell-2-6-9 762 1079 35 35 
cell-2-6-10 797 1079 35 35 
cell-2-6-11 832 1079 35 35 
cell-2-6-12 867 1079 35 35 
cell-2-6-13 902 1079 35 35 
cell-2-6-14 937 1079 35 35 
cell-2-6-15 972 1079 35 35 
cell-2-6-16 1007 1079 35 35 
cell-2-7-0 447 1130 35 35 
cell-2-7-1 482 1130 35 35 
cell-2-7-2 517 1130 35 35 
cell-2-7-3 552 1130 35 35 
cell-2-7-4 587 1130 35 35 
cell-2-7-5 622 1130 35 35 
cell-2-7-6 657 1130 35 35 
cell-2-7-7 692 1130 35 35 
cell-2-7-8 727 1130 35 35 
cell-2-7-9 762 1130 35 35 
cell-2-7-10 797 1130 35 35 
cell-2-7-11 832 1130 35 35 
cell-2-7-12 867 1130 35 35 
cell-2-7-13 902 1130 35 35 
cell-2-7-14 937 1130 35 35 
cell-2-7-15 972 1130 35 35 
cell-2-7-16 1007 1130 35 35 
