table-0 275 105 500 232 
cell-0-0-0 275 105 71 33 
cell-0-0-1 346 105 71 33 
cell-0-0-2 417 105 71 33 
cell-0-0-3 488 105 71 33 
cell-0-0-4 559 105 71 33 
cell-0-0-5 630 105 71 33 
cell-0-0-6 701 105 71 33 
cell-0-1-0 275 138 71 33 
cell-0-1-1 346 138 71 33 
cell-0-1-2 417 138 71 33 
cell-0-1-3 488 138 71 33 
cell-0-1-4 559 138 71 33 
cell-0-1-5 630 138 71 33 
cell-0-1-6 701 138 71 33 
cell-0-2-0 275 171 71 33 
cell-0-2-1 346 171 71 33 
cell-0-2-2 417 171 71 33 
cell-0-2-3 488 171 71 33 
cell-0-2-4 559 171 71 33 
cell-0-2-5 630 171 71 33 
cell-0-2-6 701 171 71 33 
cell-0-3-0 275 204 71 33 
cell-0-3-1 346 204 71 33 
cell-0-3-2 417 204 71 33 
cell-0-3-3 488 204 71 33 
cell-0-3-4 559 204 71 33 
cell-0-3-5 630 204 71 33 
cell-0-3-6 701 204 71 33 
cell-0-4-0 275 237 71 33 
cell-0-4-1 346 237 71 33 
cell-0-4-2 417 237 71 33 
cell-0-4-3 488 237 71 33 
cell-0-4-4 559 237 71 33 
cell-0-4-5 630 237 71 33 
cell-0-4-6 701 237 71 33 
cell-0-5-0 275 270 71 33 
cell-0-5-1 346 270 71 33 
cell-0-5-2 417 270 71 33 
cell-0-5-3 488 270 71 33 
cell-0-5-4 559 270 71 33 
cell-0-5-5 630 270 71 33 
cell-0-5-6 701 270 71 33 
cell-0-6-0 275 303 71 33 
cell-0-6-1 346 303 71 33 
cell-0-6-2 417 303 71 33 
cell-0-6-3 488 303 71 33 
cell-0-6-4 559 303 71 33 
cell-0-6-5 630 303 71 33 
cell-0-6-6 701 303 71 33 
