table-0 60 414 1000 386 
cell-0-0-0 60 414 166 54 
cell-0-0-1 226 414 166 54 
cell-0-0-2 392 414 166 54 
cell-0-0-3 558 414 166 54 
cell-0-0-4 724 414 166 54 
cell-0-0-5 890 414 166 54 
cell-0-1-0 60 480 166 54 
cell-0-1-1 226 480 166 54 
cell-0-1-2 392 480 166 54 
cell-0-1-3 558 480 166 54 
cell-0-1-4 724 480 166 54 
cell-0-1-5 890 480 166 54 
cell-0-2-0 60 546 166 54 
cell-0-2-1 226 546 166 54 
cell-0-2-2 392 546 166 54 
cell-0-2-3 558 546 166 54 
cell-0-2-4 724 546 166 54 
cell-0-2-5 890 546 166 54 
cell-0-3-0 60 612 166 54 
cell-0-3-1 226 612 166 54 
cell-0-3-2 392 612 166 54 
cell-0-3-3 558 612 166 54 
cell-0-3-4 724 612 166 54 
cell-0-3-5 890 612 166 54 
cell-0-4-0 60 678 166 54 
cell-0-4-1 226 678 166 54 
cell-0-4-2 392 678 166 54 
cell-0-4-3 558 678 166 54 
cell-0-4-4 724 678 166 54 
cell-0-4-5 890 678 166 54 
cell-0-5-0 60 744 166 54 
cell-0-5-1 226 744 166 54 
cell-0-5-2 392 744 166 54 
cell-0-5-3 558 744 166 54 
cell-0-5-4 724 744 166 54 
cell-0-5-5 890 744 166 54 
