header-0 111 182 899 193 
row-1-1 111 182 309 40 
row-1-2 440 182 276 40 
row-2-1 111 232 408 40 
row-2-2 539 232 469 40 
row-3-1 111 282 672 40 
row-4-1 111 332 738 40 
table-2 408 701 259 736 
cell-2-0-0 408 701 43 35 
cell-2-0-1 451 701 43 35 
cell-2-0-2 494 701 43 35 
cell-2-0-3 537 701 43 35 
cell-2-0-4 580 701 43 35 
cell-2-0-5 623 701 43 35 
cell-2-1-0 408 751 43 35 
cell-2-1-1 451 751 43 35 
cell-2-1-2 494 751 43 35 
cell-2-1-3 537 751 43 35 
cell-2-1-4 580 751 43 35 
cell-2-1-5 623 751 43 35 
cell-2-2-0 408 801 43 35 
cell-2-2-1 451 801 43 35 
cell-2-2-2 494 801 43 35 
cell-2-2-3 537 801 43 35 
cell-2-2-4 580 801 43 35 
cell-2-2-5 623 801 43 35 
cell-2-3-0 408 851 43 35 
cell-2-3-1 451 851 43 35 
cell-2-3-2 494 851 43 35 
cell-2-3-3 537 851 43 35 
cell-2-3-4 580 851 43 35 
cell-2-3-5 623 851 43 35 
cell-2-4-0 408 901 43 35 
cell-2-4-1 451 901 43 35 
cell-2-4-2 494 901 43 35 
cell-2-4-3 537 901 43 35 
cell-2-4-4 580 901 43 35 
cell-2-4-5 623 901 43 35 
cell-2-5-0 408 951 43 35 
cell-2-5-1 451 951 43 35 
cell-2-5-2 494 951 43 35 
cell-2-5-3 537 951 43 35 
cell-2-5-4 580 951 43 35 
cell-2-5-5 623 951 43 35 
cell-2-6-0 408 1001 43 35 
cell-2-6-1 451 1001 43 35 
cell-2-6-2 494 1001 43 35 
cell-2-6-3 537 1001 43 35 
cell-2-6-4 580 1001 43 35 
cell-2-6-5 623 1001 43 35 
cell-2-7-0 408 1051 43 35 
cell-2-7-1 451 1051 43 35 
cell-2-7-2 494 1051 43 35 
cell-2-7-3 537 1051 43 35 
cell-2-7-4 580 1051 43 35 
cell-2-7-5 623 1051 43 35 
cell-2-8-0 408 1101 43 35 
cell-2-8-1 451 1101 43 35 
cell-2-8-2 494 1101 43 35 
cell-2-8-3 537 1101 43 35 
cell-2-8-4 580 1101 43 35 
cell-2-8-5 623 1101 43 35 
cell-2-9-0 408 1151 43 35 
cell-2-9-1 451 1151 43 35 
cell-2-9-2 494 1151 43 35 
cell-2-9-3 537 1151 43 35 
cell-2-9-4 580 1151 43 35 
cell-2-9-5 623 1151 43 35 
cell-2-10-0 408 1201 43 35 
cell-2-10-1 451 1201 43 35 
cell-2-10-2 494 1201 43 35 
cell-2-10-3 537 1201 43 35 
cell-2-10-4 580 1201 43 35 
cell-2-10-5 623 1201 43 35 
cell-2-11-0 408 1251 43 35 
cell-2-11-1 451 1251 43 35 
cell-2-11-2 494 1251 43 35 
cell-2-11-3 537 1251 43 35 
cell-2-11-4 580 1251 43 35 
cell-2-11-5 623 1251 43 35 
cell-2-12-0 408 1301 43 35 
cell-2-12-1 451 1301 43 35 
cell-2-12-2 494 1301 43 35 
cell-2-12-3 537 1301 43 35 
cell-2-12-4 580 1301 43 35 
cell-2-12-5 623 1301 43 35 
cell-2-13-0 408 1351 43 35 
cell-2-13-1 451 1351 43 35 
cell-2-13-2 494 1351 43 35 
cell-2-13-3 537 1351 43 35 
cell-2-13-4 580 1351 43 35 
cell-2-13-5 623 1351 43 35 
cell-2-14-0 408 1401 43 35 
cell-2-14-1 451 1401 43 35 
cell-2-14-2 494 1401 43 35 
cell-2-14-3 537 1401 43 35 
cell-2-14-4 580 1401 43 35 
cell-2-14-5 623 1401 43 35 
