table-0 422 302 600 434 
cell-0-0-0 422 302 120 59 
cell-0-0-1 542 302 120 59 
cell-0-0-2 662 302 120 59 
cell-0-0-3 782 302 120 59 
cell-0-0-4 902 302 120 59 
cell-0-1-0 422 364 120 59 
cell-0-1-1 542 364 120 59 
cell-0-1-2 662 364 120 59 
cell-0-1-3 782 364 120 59 
cell-0-1-4 902 364 120 59 
cell-0-2-0 422 426 120 59 
cell-0-2-1 542 426 120 59 
cell-0-2-2 662 426 120 59 
cell-0-2-3 782 426 120 59 
cell-0-2-4 902 426 120 59 
cell-0-3-0 422 488 120 59 
cell-0-3-1 542 488 120 59 
cell-0-3-2 662 488 120 59 
cell-0-3-3 782 488 120 59 
cell-0-3-4 902 488 120 59 
cell-0-4-0 422 550 120 59 
cell-0-4-1 542 550 120 59 
cell-0-4-2 662 550 120 59 
cell-0-4-3 782 550 120 59 
cell-0-4-4 902 550 120 59 
cell-0-5-0 422 612 120 59 
cell-0-5-1 542 612 120 59 
cell-0-5-2 662 612 120 59 
cell-0-5-3 782 612 120 59 
cell-0-5-4 902 612 120 59 
cell-0-6-0 422 674 120 59 
cell-0-6-1 542 674 120 59 
cell-0-6-2 662 674 120 59 
cell-0-6-3 782 674 120 59 
cell-0-6-4 902 674 120 59 
header-2 74 894 849 193 
row-1-1 74 894 402 40 
row-1-2 496 894 270 40 
row-2-1 74 944 336 40 
row-2-2 430 944 488 40 
row-3-1 74 994 600 40 
row-4-1 74 1044 567 40 
