table-0 142 552 800 271 
cell-0-0-0 142 552 100 48 
cell-0-0-1 242 552 100 48 
cell-0-0-2 342 552 100 48 
cell-0-0-3 442 552 100 48 
cell-0-0-4 542 552 100 48 
cell-0-0-5 642 552 100 48 
cell-0-0-6 742 552 100 48 
cell-0-0-7 842 552 100 48 
cell-0-1-0 142 607 100 48 
cell-0-1-1 242 607 100 48 
cell-0-1-2 342 607 100 48 
cell-0-1-3 442 607 100 48 
cell-0-1-4 542 607 100 48 
cell-0-1-5 642 607 100 48 
cell-0-1-6 742 607 100 48 
cell-0-1-7 842 607 100 48 
cell-0-2-0 142 662 100 48 
cell-0-2-1 242 662 100 48 
cell-0-2-2 342 662 100 48 
cell-0-2-3 442 662 100 48 
cell-0-2-4 542 662 100 48 
cell-0-2-5 642 662 100 48 
cell-0-2-6 742 662 100 48 
cell-0-2-7 842 662 100 48 
cell-0-3-0 142 717 100 48 
cell-0-3-1 242 717 100 48 
cell-0-3-2 342 717 100 48 
cell-0-3-3 442 717 100 48 
cell-0-3-4 542 717 100 48 
cell-0-3-5 642 717 100 48 
cell-0-3-6 742 717 100 48 
cell-0-3-7 842 717 100 48 
cell-0-4-0 142 772 100 48 
cell-0-4-1 242 772 100 48 
cell-0-4-2 342 772 100 48 
cell-0-4-3 442 772 100 48 
cell-0-4-4 542 772 100 48 
cell-0-4-5 642 772 100 48 
cell-0-4-6 742 772 100 48 
cell-0-4-7 842 772 100 48 
