table-0 262 283 649 683 
cell-0-0-0 262 283 44 43 
cell-0-0-1 306 283 44 43 
cell-0-0-2 350 283 44 43 
cell-0-0-3 394 283 44 43 
cell-0-0-4 438 283 44 43 
cell-0-0-5 482 283 425 43 
cell-0-1-0 262 332 44 43 
cell-0-1-1 306 332 44 43 
cell-0-1-2 350 332 44 43 
cell-0-1-3 394 332 44 43 
cell-0-1-4 438 332 44 43 
cell-0-1-5 482 332 425 43 
cell-0-2-0 262 381 44 43 
cell-0-2-1 306 381 44 43 
cell-0-2-2 350 381 44 43 
cell-0-2-3 394 381 44 43 
cell-0-2-4 438 381 44 43 
cell-0-2-5 482 381 425 43 
cell-0-3-0 262 430 44 43 
cell-0-3-1 306 430 44 43 
cell-0-3-2 350 430 44 43 
cell-0-3-3 394 430 44 43 
cell-0-3-4 438 430 44 43 
cell-0-3-5 482 430 425 43 
cell-0-4-0 262 479 44 43 
cell-0-4-1 306 479 44 43 
cell-0-4-2 350 479 44 43 
cell-0-4-3 394 479 44 43 
cell-0-4-4 438 479 44 43 
cell-0-4-5 482 479 425 43 
cell-0-5-0 262 528 44 43 
cell-0-5-1 306 528 44 43 
cell-0-5-2 350 528 44 43 
cell-0-5-3 394 528 44 43 
cell-0-5-4 438 528 44 43 
cell-0-5-5 482 528 425 43 
cell-0-6-0 262 577 44 43 
cell-0-6-1 306 577 44 43 
cell-0-6-2 350 577 44 43 
cell-0-6-3 394 577 44 43 
cell-0-6-4 438 577 44 43 
cell-0-6-5 482 577 425 43 
cell-0-7-0 262 626 44 43 
cell-0-7-1 306 626 44 43 
cell-0-7-2 350 626 44 43 
cell-0-7-3 394 626 44 43 
cell-0-7-4 438 626 44 43 
cell-0-7-5 482 626 425 43 
cell-0-8-0 262 675 44 43 
cell-0-8-1 306 675 44 43 
cell-0-8-2 350 675 44 43 
cell-0-8-3 394 675 44 43 
cell-0-8-4 438 675 44 43 
cell-0-8-5 482 675 425 43 
cell-0-9-0 262 724 44 43 
cell-0-9-1 306 724 44 43 
cell-0-9-2 350 724 44 43 
cell-0-9-3 394 724 44 43 
cell-0-9-4 438 724 44 43 
cell-0-9-5 482 724 425 43 
cell-0-10-0 262 773 44 43 
cell-0-10-1 306 773 44 43 
cell-0-10-2 350 773 44 43 
cell-0-10-3 394 773 44 43 
cell-0-10-4 438 773 44 43 
cell-0-10-5 482 773 425 43 
cell-0-11-0 262 822 44 43 
cell-0-11-1 306 822 44 43 
cell-0-11-2 350 822 44 43 
cell-0-11-3 394 822 44 43 
cell-0-11-4 438 822 44 43 
cell-0-11-5 482 822 425 43 
cell-0-12-0 262 871 44 43 
cell-0-12-1 306 871 44 43 
cell-0-12-2 350 871 44 43 
cell-0-12-3 394 871 44 43 
cell-0-12-4 438 871 44 43 
cell-0-12-5 482 871 425 43 
cell-0-13-0 262 920 44 43 
cell-0-13-1 306 920 44 43 
cell-0-13-2 350 920 44 43 
cell-0-13-3 394 920 44 43 
cell-0-13-4 438 920 44 43 
cell-0-13-5 482 920 425 43 
