table-0 142 494 663 656 
cell-0-1-0 142 494 34 35 
cell-0-1-1 179 494 34 35 
cell-0-1-2 216 494 34 35 
cell-0-1-3 253 494 34 35 
cell-0-1-4 290 494 34 35 
cell-0-1-5 327 494 34 35 
cell-0-1-6 364 494 34 35 
cell-0-1-7 401 494 34 35 
cell-0-1-8 438 494 34 35 
cell-0-1-9 475 494 34 35 
cell-0-1-10 512 494 34 35 
cell-0-1-11 549 494 34 35 
cell-0-1-12 586 494 34 35 
cell-0-1-13 623 494 34 35 
cell-0-1-14 660 494 34 35 
cell-0-1-15 697 494 34 35 
cell-0-1-16 734 494 34 35 
cell-0-1-17 771 494 34 35 
cell-0-2-0 142 556 34 35 
cell-0-2-1 179 556 34 35 
cell-0-2-2 216 556 34 35 
cell-0-2-3 253 556 34 35 
cell-0-2-4 290 556 34 35 
cell-0-2-5 327 556 34 35 
cell-0-2-6 364 556 34 35 
cell-0-2-7 401 556 34 35 
cell-0-2-8 438 556 34 35 
cell-0-2-9 475 556 34 35 
cell-0-2-10 512 556 34 35 
cell-0-2-11 549 556 34 35 
cell-0-2-12 586 556 34 35 
cell-0-2-13 623 556 34 35 
cell-0-2-14 660 556 34 35 
cell-0-2-15 697 556 34 35 
cell-0-2-16 734 556 34 35 
cell-0-2-17 771 556 34 35 
cell-0-3-0 142 618 34 35 
cell-0-3-1 179 618 34 35 
cell-0-3-2 216 618 34 35 
cell-0-3-3 253 618 34 35 
cell-0-3-4 290 618 34 35 
cell-0-3-5 327 618 34 35 
cell-0-3-6 364 618 34 35 
cell-0-3-7 401 618 34 35 
cell-0-3-8 438 618 34 35 
cell-0-3-9 475 618 34 35 
cell-0-3-10 512 618 34 35 
cell-0-3-11 549 618 34 35 
cell-0-3-12 586 618 34 35 
cell-0-3-13 623 618 34 35 
cell-0-3-14 660 618 34 35 
cell-0-3-15 697 618 34 35 
cell-0-3-16 734 618 34 35 
cell-0-3-17 771 618 34 35 
cell-0-4-0 142 680 34 35 
cell-0-4-1 179 680 34 35 
cell-0-4-2 216 680 34 35 
cell-0-4-3 253 680 34 35 
cell-0-4-4 290 680 34 35 
cell-0-4-5 327 680 34 35 
cell-0-4-6 364 680 34 35 
cell-0-4-7 401 680 34 35 
cell-0-4-8 438 680 34 35 
cell-0-4-9 475 680 34 35 
cell-0-4-10 512 680 34 35 
cell-0-4-11 549 680 34 35 
cell-0-4-12 586 680 34 35 
cell-0-4-13 623 680 34 35 
cell-0-4-14 660 680 34 35 
cell-0-4-15 697 680 34 35 
cell-0-4-16 734 680 34 35 
cell-0-4-17 771 680 34 35 
cell-0-5-0 142 742 34 35 
cell-0-5-1 179 742 34 35 
cell-0-5-2 216 742 34 35 
cell-0-5-3 253 742 34 35 
cell-0-5-4 290 742 34 35 
cell-0-5-5 327 742 34 35 
cell-0-5-6 364 742 34 35 
cell-0-5-7 401 742 34 35 
cell-0-5-8 438 742 34 35 
cell-0-5-9 475 742 34 35 
cell-0-5-10 512 742 34 35 
cell-0-5-11 549 742 34 35 
cell-0-5-12 586 742 34 35 
cell-0-5-13 623 742 34 35 
cell-0-5-14 660 742 34 35 
cell-0-5-15 697 742 34 35 
cell-0-5-16 734 742 34 35 
cell-0-5-17 771 742 34 35 
cell-0-6-0 142 804 34 35 
cell-0-6-1 179 804 34 35 
cell-0-6-2 216 804 34 35 
cell-0-6-3 253 804 34 35 
cell-0-6-4 290 804 34 35 
cell-0-6-5 327 804 34 35 
cell-0-6-6 364 804 34 35 
cell-0-6-7 401 804 34 35 
cell-0-6-8 438 804 34 35 
cell-0-6-9 475 804 34 35 
cell-0-6-10 512 804 34 35 
cell-0-6-11 549 804 34 35 
cell-0-6-12 586 804 34 35 
cell-0-6-13 623 804 34 35 
cell-0-6-14 660 804 34 35 
cell-0-6-15 697 804 34 35 
cell-0-6-16 734 804 34 35 
cell-0-6-17 771 804 34 35 
cell-0-7-0 142 866 34 35 
cell-0-7-1 179 866 34 35 
cell-0-7-2 216 866 34 35 
cell-0-7-3 253 866 34 35 
cell-0-7-4 290 866 34 35 
cell-0-7-5 327 866 34 35 
cell-0-7-6 364 866 34 35 
cell-0-7-7 401 866 34 35 
cell-0-7-8 438 866 34 35 
cell-0-7-9 475 866 34 35 
cell-0-7-10 512 866 34 35 
cell-0-7-11 549 866 34 35 
cell-0-7-12 586 866 34 35 
cell-0-7-13 623 866 34 35 
cell-0-7-14 660 866 34 35 
cell-0-7-15 697 866 34 35 
cell-0-7-16 734 866 34 35 
cell-0-7-17 771 866 34 35 
cell-0-8-0 142 928 34 35 
cell-0-8-1 179 928 34 35 
cell-0-8-2 216 928 34 35 
cell-0-8-3 253 928 34 35 
cell-0-8-4 290 928 34 35 
cell-0-8-5 327 928 34 35 
cell-0-8-6 364 928 34 35 
cell-0-8-7 401 928 34 35 
cell-0-8-8 438 928 34 35 
cell-0-8-9 475 928 34 35 
cell-0-8-10 512 928 34 35 
cell-0-8-11 549 928 34 35 
cell-0-8-12 586 928 34 35 
cell-0-8-13 623 928 34 35 
cell-0-8-14 660 928 34 35 
cell-0-8-15 697 928 34 35 
cell-0-8-16 734 928 34 35 
cell-0-8-17 771 928 34 35 
cell-0-9-0 142 990 34 35 
cell-0-9-1 179 990 34 35 
cell-0-9-2 216 990 34 35 
cell-0-9-3 253 990 34 35 
cell-0-9-4 290 990 34 35 
cell-0-9-5 327 990 34 35 
cell-0-9-6 364 990 34 35 
cell-0-9-7 401 990 34 35 
cell-0-9-8 438 990 34 35 
cell-0-9-9 475 990 34 35 
cell-0-9-10 512 990 34 35 
cell-0-9-11 549 990 34 35 
cell-0-9-12 586 990 34 35 
cell-0-9-13 623 990 34 35 
cell-0-9-14 660 990 34 35 
cell-0-9-15 697 990 34 35 
cell-0-9-16 734 990 34 35 
cell-0-9-17 771 990 34 35 
cell-0-10-0 142 1052 34 35 
cell-0-10-1 179 1052 34 35 
cell-0-10-2 216 1052 34 35 
cell-0-10-3 253 1052 34 35 
cell-0-10-4 290 1052 34 35 
cell-0-10-5 327 1052 34 35 
cell-0-10-6 364 1052 34 35 
cell-0-10-7 401 1052 34 35 
cell-0-10-8 438 1052 34 35 
cell-0-10-9 475 1052 34 35 
cell-0-10-10 512 1052 34 35 
cell-0-10-11 549 1052 34 35 
cell-0-10-12 586 1052 34 35 
cell-0-10-13 623 1052 34 35 
cell-0-10-14 660 1052 34 35 
cell-0-10-15 697 1052 34 35 
cell-0-10-16 734 1052 34 35 
cell-0-10-17 771 1052 34 35 
cell-0-11-0 142 1114 34 35 
cell-0-11-1 179 1114 34 35 
cell-0-11-2 216 1114 34 35 
cell-0-11-3 253 1114 34 35 
cell-0-11-4 290 1114 34 35 
cell-0-11-5 327 1114 34 35 
cell-0-11-6 364 1114 34 35 
cell-0-11-7 401 1114 34 35 
cell-0-11-8 438 1114 34 35 
cell-0-11-9 475 1114 34 35 
cell-0-11-10 512 1114 34 35 
cell-0-11-11 549 1114 34 35 
cell-0-11-12 586 1114 34 35 
cell-0-11-13 623 1114 34 35 
cell-0-11-14 660 1114 34 35 
cell-0-11-15 697 1114 34 35 
cell-0-11-16 734 1114 34 35 
cell-0-11-17 771 1114 34 35 
