table-0 132 758 216 421 
cell-0-0-0 132 758 43 35 
cell-0-0-1 175 758 43 35 
cell-0-0-2 218 758 43 35 
cell-0-0-3 261 758 43 35 
cell-0-0-4 304 758 43 35 
cell-0-1-0 132 793 43 35 
cell-0-1-1 175 793 43 35 
cell-0-1-2 218 793 43 35 
cell-0-1-3 261 793 43 35 
cell-0-1-4 304 793 43 35 
cell-0-2-0 132 828 43 35 
cell-0-2-1 175 828 43 35 
cell-0-2-2 218 828 43 35 
cell-0-2-3 261 828 43 35 
cell-0-2-4 304 828 43 35 
cell-0-3-0 132 863 43 35 
cell-0-3-1 175 863 43 35 
cell-0-3-2 218 863 43 35 
cell-0-3-3 261 863 43 35 
cell-0-3-4 304 863 43 35 
cell-0-4-0 132 898 43 35 
cell-0-4-1 175 898 43 35 
cell-0-4-2 218 898 43 35 
cell-0-4-3 261 898 43 35 
cell-0-4-4 304 898 43 35 
cell-0-5-0 132 933 43 35 
cell-0-5-1 175 933 43 35 
cell-0-5-2 218 933 43 35 
cell-0-5-3 261 933 43 35 
cell-0-5-4 304 933 43 35 
cell-0-6-0 132 968 43 35 
cell-0-6-1 175 968 43 35 
cell-0-6-2 218 968 43 35 
cell-0-6-3 261 968 43 35 
cell-0-6-4 304 968 43 35 
cell-0-7-0 132 1003 43 35 
cell-0-7-1 175 1003 43 35 
cell-0-7-2 218 1003 43 35 
cell-0-7-3 261 1003 43 35 
cell-0-7-4 304 1003 43 35 
cell-0-8-0 132 1038 43 35 
cell-0-8-1 175 1038 43 35 
cell-0-8-2 218 1038 43 35 
cell-0-8-3 261 1038 43 35 
cell-0-8-4 304 1038 43 35 
cell-0-9-0 132 1073 43 35 
cell-0-9-1 175 1073 43 35 
cell-0-9-2 218 1073 43 35 
cell-0-9-3 261 1073 43 35 
cell-0-9-4 304 1073 43 35 
cell-0-10-0 132 1108 43 35 
cell-0-10-1 175 1108 43 35 
cell-0-10-2 218 1108 43 35 
cell-0-10-3 261 1108 43 35 
cell-0-10-4 304 1108 43 35 
cell-0-11-0 132 1143 43 35 
cell-0-11-1 175 1143 43 35 
cell-0-11-2 218 1143 43 35 
cell-0-11-3 261 1143 43 35 
cell-0-11-4 304 1143 43 35 
header-2 69 268 871 193 
row-1-1 69 268 345 40 
row-1-2 434 268 345 40 
row-2-1 69 318 378 40 
row-2-2 467 318 465 40 
row-3-1 69 368 642 40 
row-4-1 69 418 510 40 
