table-0 449 742 600 356 
cell-0-0-0 449 742 85 35 
cell-0-0-1 534 742 85 35 
cell-0-0-2 619 742 85 35 
cell-0-0-3 704 742 85 35 
cell-0-0-4 789 742 85 35 
cell-0-0-5 874 742 85 35 
cell-0-0-6 959 742 85 35 
cell-0-1-0 449 782 85 35 
cell-0-1-1 534 782 85 35 
cell-0-1-2 619 782 85 35 
cell-0-1-3 704 782 85 35 
cell-0-1-4 789 782 85 35 
cell-0-1-5 874 782 85 35 
cell-0-1-6 959 782 85 35 
cell-0-2-0 449 822 85 35 
cell-0-2-1 534 822 85 35 
cell-0-2-2 619 822 85 35 
cell-0-2-3 704 822 85 35 
cell-0-2-4 789 822 85 35 
cell-0-2-5 874 822 85 35 
cell-0-2-6 959 822 85 35 
cell-0-3-0 449 862 85 35 
cell-0-3-1 534 862 85 35 
cell-0-3-2 619 862 85 35 
cell-0-3-3 704 862 85 35 
cell-0-3-4 789 862 85 35 
cell-0-3-5 874 862 85 35 
cell-0-3-6 959 862 85 35 
cell-0-4-0 449 902 85 35 
cell-0-4-1 534 902 85 35 
cell-0-4-2 619 902 85 35 
cell-0-4-3 704 902 85 35 
cell-0-4-4 789 902 85 35 
cell-0-4-5 874 902 85 35 
cell-0-4-6 959 902 85 35 
cell-0-5-0 449 942 85 35 
cell-0-5-1 534 942 85 35 
cell-0-5-2 619 942 85 35 
cell-0-5-3 704 942 85 35 
cell-0-5-4 789 942 85 35 
cell-0-5-5 874 942 85 35 
cell-0-5-6 959 942 85 35 
cell-0-6-0 449 982 85 35 
cell-0-6-1 534 982 85 35 
cell-0-6-2 619 982 85 35 
cell-0-6-3 704 982 85 35 
cell-0-6-4 789 982 85 35 
cell-0-6-5 874 982 85 35 
cell-0-6-6 959 982 85 35 
cell-0-7-0 449 1022 85 35 
cell-0-7-1 534 1022 85 35 
cell-0-7-2 619 1022 85 35 
cell-0-7-3 704 1022 85 35 
cell-0-7-4 789 1022 85 35 
cell-0-7-5 874 1022 85 35 
cell-0-7-6 959 1022 85 35 
cell-0-8-0 449 1062 85 35 
cell-0-8-1 534 1062 85 35 
cell-0-8-2 619 1062 85 35 
cell-0-8-3 704 1062 85 35 
cell-0-8-4 789 1062 85 35 
cell-0-8-5 874 1062 85 35 
cell-0-8-6 959 1062 85 35 
