table-0 113 571 800 281 
cell-0-0-0 113 571 133 56 
cell-0-0-1 246 571 133 56 
cell-0-0-2 379 571 133 56 
cell-0-0-3 512 571 133 56 
cell-0-0-4 645 571 133 56 
cell-0-0-5 778 571 133 56 
cell-0-1-0 113 627 133 56 
cell-0-1-1 246 627 133 56 
cell-0-1-2 379 627 133 56 
cell-0-1-3 512 627 133 56 
cell-0-1-4 645 627 133 56 
cell-0-1-5 778 627 133 56 
cell-0-2-0 113 683 133 56 
cell-0-2-1 246 683 133 56 
cell-0-2-2 379 683 133 56 
cell-0-2-3 512 683 133 56 
cell-0-2-4 645 683 133 56 
cell-0-2-5 778 683 133 56 
cell-0-3-0 113 739 133 56 
cell-0-3-1 246 739 133 56 
cell-0-3-2 379 739 133 56 
cell-0-3-3 512 739 133 56 
cell-0-3-4 645 739 133 56 
cell-0-3-5 778 739 133 56 
cell-0-4-0 113 795 133 56 
cell-0-4-1 246 795 133 56 
cell-0-4-2 379 795 133 56 
cell-0-4-3 512 795 133 56 
cell-0-4-4 645 795 133 56 
cell-0-4-5 778 795 133 56 
