table-0 280 257 178 507 
cell-0-0-0 280 257 44 35 
cell-0-0-1 324 257 44 35 
cell-0-0-2 368 257 44 35 
cell-0-0-3 412 257 44 35 
cell-0-1-0 280 304 44 35 
cell-0-1-1 324 304 44 35 
cell-0-1-2 368 304 44 35 
cell-0-1-3 412 304 44 35 
cell-0-2-0 280 351 44 35 
cell-0-2-1 324 351 44 35 
cell-0-2-2 368 351 44 35 
cell-0-2-3 412 351 44 35 
cell-0-3-0 280 398 44 35 
cell-0-3-1 324 398 44 35 
cell-0-3-2 368 398 44 35 
cell-0-3-3 412 398 44 35 
cell-0-4-0 280 445 44 35 
cell-0-4-1 324 445 44 35 
cell-0-4-2 368 445 44 35 
cell-0-4-3 412 445 44 35 
cell-0-5-0 280 492 44 35 
cell-0-5-1 324 492 44 35 
cell-0-5-2 368 492 44 35 
cell-0-5-3 412 492 44 35 
cell-0-6-0 280 539 44 35 
cell-0-6-1 324 539 44 35 
cell-0-6-2 368 539 44 35 
cell-0-6-3 412 539 44 35 
cell-0-7-0 280 586 44 35 
cell-0-7-1 324 586 44 35 
cell-0-7-2 368 586 44 35 
cell-0-7-3 412 586 44 35 
cell-0-8-0 280 633 44 35 
cell-0-8-1 324 633 44 35 
cell-0-8-2 368 633 44 35 
cell-0-8-3 412 633 44 35 
cell-0-9-0 280 680 44 35 
cell-0-9-1 324 680 44 35 
cell-0-9-2 368 680 44 35 
cell-0-9-3 412 680 44 35 
cell-0-10-0 280 727 44 35 
cell-0-10-1 324 727 44 35 
cell-0-10-2 368 727 44 35 
cell-0-10-3 412 727 44 35 
table-2 550 313 426 166 
cell-2-1-0 550 313 36 35 
cell-2-1-1 589 313 36 35 
cell-2-1-2 628 313 36 35 
cell-2-1-3 667 313 36 35 
cell-2-1-4 706 313 36 35 
cell-2-1-5 745 313 36 35 
cell-2-1-6 784 313 36 35 
cell-2-1-7 823 313 36 35 
cell-2-1-8 862 313 36 35 
cell-2-1-9 901 313 36 35 
cell-2-1-10 940 313 36 35 
cell-2-2-0 550 356 36 35 
cell-2-2-1 589 356 36 35 
cell-2-2-2 628 356 36 35 
cell-2-2-3 667 356 36 35 
cell-2-2-4 706 356 36 35 
cell-2-2-5 745 356 36 35 
cell-2-2-6 784 356 36 35 
cell-2-2-7 823 356 36 35 
cell-2-2-8 862 356 36 35 
cell-2-2-9 901 356 36 35 
cell-2-2-10 940 356 36 35 
cell-2-3-0 550 399 36 35 
cell-2-3-1 589 399 36 35 
cell-2-3-2 628 399 36 35 
cell-2-3-3 667 399 36 35 
cell-2-3-4 706 399 36 35 
cell-2-3-5 745 399 36 35 
cell-2-3-6 784 399 36 35 
cell-2-3-7 823 399 36 35 
cell-2-3-8 862 399 36 35 
cell-2-3-9 901 399 36 35 
cell-2-3-10 940 399 36 35 
cell-2-4-0 550 442 36 35 
cell-2-4-1 589 442 36 35 
cell-2-4-2 628 442 36 35 
cell-2-4-3 667 442 36 35 
cell-2-4-4 706 442 36 35 
cell-2-4-5 745 442 36 35 
cell-2-4-6 784 442 36 35 
cell-2-4-7 823 442 36 35 
cell-2-4-8 862 442 36 35 
cell-2-4-9 901 442 36 35 
cell-2-4-10 940 442 36 35 
