table-0 504 849 228 353 
cell-0-0-0 504 849 45 35 
cell-0-0-1 549 849 45 35 
cell-0-0-2 594 849 45 35 
cell-0-0-3 639 849 45 35 
cell-0-0-4 684 849 45 35 
cell-0-1-0 504 884 45 35 
cell-0-1-1 549 884 45 35 
cell-0-1-2 594 884 45 35 
cell-0-1-3 639 884 45 35 
cell-0-1-4 684 884 45 35 
cell-0-2-0 504 919 45 35 
cell-0-2-1 549 919 45 35 
cell-0-2-2 594 919 45 35 
cell-0-2-3 639 919 45 35 
cell-0-2-4 684 919 45 35 
cell-0-3-0 504 954 45 35 
cell-0-3-1 549 954 45 35 
cell-0-3-2 594 954 45 35 
cell-0-3-3 639 954 45 35 
cell-0-3-4 684 954 45 35 
cell-0-4-0 504 989 45 35 
cell-0-4-1 549 989 45 35 
cell-0-4-2 594 989 45 35 
cell-0-4-3 639 989 45 35 
cell-0-4-4 684 989 45 35 
cell-0-5-0 504 1024 45 35 
cell-0-5-1 549 1024 45 35 
cell-0-5-2 594 1024 45 35 
cell-0-5-3 639 1024 45 35 
cell-0-5-4 684 1024 45 35 
cell-0-6-0 504 1059 45 35 
cell-0-6-1 549 1059 45 35 
cell-0-6-2 594 1059 45 35 
cell-0-6-3 639 1059 45 35 
cell-0-6-4 684 1059 45 35 
cell-0-7-0 504 1094 45 35 
cell-0-7-1 549 1094 45 35 
cell-0-7-2 594 1094 45 35 
cell-0-7-3 639 1094 45 35 
cell-0-7-4 684 1094 45 35 
cell-0-8-0 504 1129 45 35 
cell-0-8-1 549 1129 45 35 
cell-0-8-2 594 1129 45 35 
cell-0-8-3 639 1129 45 35 
cell-0-8-4 684 1129 45 35 
cell-0-9-0 504 1164 45 35 
cell-0-9-1 549 1164 45 35 
cell-0-9-2 594 1164 45 35 
cell-0-9-3 639 1164 45 35 
cell-0-9-4 684 1164 45 35 
table-1 321 432 737 288 
cell-1-1-0 321 432 34 35 
cell-1-1-1 358 432 34 35 
cell-1-1-2 395 432 34 35 
cell-1-1-3 432 432 34 35 
cell-1-1-4 469 432 34 35 
cell-1-1-5 506 432 34 35 
cell-1-1-6 543 432 34 35 
cell-1-1-7 580 432 34 35 
cell-1-1-8 617 432 34 35 
cell-1-1-9 654 432 34 35 
cell-1-1-10 691 432 34 35 
cell-1-1-11 728 432 34 35 
cell-1-1-12 765 432 34 35 
cell-1-1-13 802 432 34 35 
cell-1-1-14 839 432 34 35 
cell-1-1-15 876 432 34 35 
cell-1-1-16 913 432 34 35 
cell-1-1-17 950 432 34 35 
cell-1-1-18 987 432 34 35 
cell-1-1-19 1024 432 34 35 
cell-1-2-0 321 468 34 35 
cell-1-2-1 358 468 34 35 
cell-1-2-2 395 468 34 35 
cell-1-2-3 432 468 34 35 
cell-1-2-4 469 468 34 35 
cell-1-2-5 506 468 34 35 
cell-1-2-6 543 468 34 35 
cell-1-2-7 580 468 34 35 
cell-1-2-8 617 468 34 35 
cell-1-2-9 654 468 34 35 
cell-1-2-10 691 468 34 35 
cell-1-2-11 728 468 34 35 
cell-1-2-12 765 468 34 35 
cell-1-2-13 802 468 34 35 
cell-1-2-14 839 468 34 35 
cell-1-2-15 876 468 34 35 
cell-1-2-16 913 468 34 35 
cell-1-2-17 950 468 34 35 
cell-1-2-18 987 468 34 35 
cell-1-2-19 1024 468 34 35 
cell-1-3-0 321 504 34 35 
cell-1-3-1 358 504 34 35 
cell-1-3-2 395 504 34 35 
cell-1-3-3 432 504 34 35 
cell-1-3-4 469 504 34 35 
cell-1-3-5 506 504 34 35 
cell-1-3-6 543 504 34 35 
cell-1-3-7 580 504 34 35 
cell-1-3-8 617 504 34 35 
cell-1-3-9 654 504 34 35 
cell-1-3-10 691 504 34 35 
cell-1-3-11 728 504 34 35 
cell-1-3-12 765 504 34 35 
cell-1-3-13 802 504 34 35 
cell-1-3-14 839 504 34 35 
cell-1-3-15 876 504 34 35 
cell-1-3-16 913 504 34 35 
cell-1-3-17 950 504 34 35 
cell-1-3-18 987 504 34 35 
cell-1-3-19 1024 504 34 35 
cell-1-4-0 321 540 34 35 
cell-1-4-1 358 540 34 35 
cell-1-4-2 395 540 34 35 
cell-1-4-3 432 540 34 35 
cell-1-4-4 469 540 34 35 
cell-1-4-5 506 540 34 35 
cell-1-4-6 543 540 34 35 
cell-1-4-7 580 540 34 35 
cell-1-4-8 617 540 34 35 
cell-1-4-9 654 540 34 35 
cell-1-4-10 691 540 34 35 
cell-1-4-11 728 540 34 35 
cell-1-4-12 765 540 34 35 
cell-1-4-13 802 540 34 35 
cell-1-4-14 839 540 34 35 
cell-1-4-15 876 540 34 35 
cell-1-4-16 913 540 34 35 
cell-1-4-17 950 540 34 35 
cell-1-4-18 987 540 34 35 
cell-1-4-19 1024 540 34 35 
cell-1-5-0 321 576 34 35 
cell-1-5-1 358 576 34 35 
cell-1-5-2 395 576 34 35 
cell-1-5-3 432 576 34 35 
cell-1-5-4 469 576 34 35 
cell-1-5-5 506 576 34 35 
cell-1-5-6 543 576 34 35 
cell-1-5-7 580 576 34 35 
cell-1-5-8 617 576 34 35 
cell-1-5-9 654 576 34 35 
cell-1-5-10 691 576 34 35 
cell-1-5-11 728 576 34 35 
cell-1-5-12 765 576 34 35 
cell-1-5-13 802 576 34 35 
cell-1-5-14 839 576 34 35 
cell-1-5-15 876 576 34 35 
cell-1-5-16 913 576 34 35 
cell-1-5-17 950 576 34 35 
cell-1-5-18 987 576 34 35 
cell-1-5-19 1024 576 34 35 
cell-1-6-0 321 612 34 35 
cell-1-6-1 358 612 34 35 
cell-1-6-2 395 612 34 35 
cell-1-6-3 432 612 34 35 
cell-1-6-4 469 612 34 35 
cell-1-6-5 506 612 34 35 
cell-1-6-6 543 612 34 35 
cell-1-6-7 580 612 34 35 
cell-1-6-8 617 612 34 35 
cell-1-6-9 654 612 34 35 
cell-1-6-10 691 612 34 35 
cell-1-6-11 728 612 34 35 
cell-1-6-12 765 612 34 35 
cell-1-6-13 802 612 34 35 
cell-1-6-14 839 612 34 35 
cell-1-6-15 876 612 34 35 
cell-1-6-16 913 612 34 35 
cell-1-6-17 950 612 34 35 
cell-1-6-18 987 612 34 35 
cell-1-6-19 1024 612 34 35 
cell-1-7-0 321 648 34 35 
cell-1-7-1 358 648 34 35 
cell-1-7-2 395 648 34 35 
cell-1-7-3 432 648 34 35 
cell-1-7-4 469 648 34 35 
cell-1-7-5 506 648 34 35 
cell-1-7-6 543 648 34 35 
cell-1-7-7 580 648 34 35 
cell-1-7-8 617 648 34 35 
cell-1-7-9 654 648 34 35 
cell-1-7-10 691 648 34 35 
cell-1-7-11 728 648 34 35 
cell-1-7-12 765 648 34 35 
cell-1-7-13 802 648 34 35 
cell-1-7-14 839 648 34 35 
cell-1-7-15 876 648 34 35 
cell-1-7-16 913 648 34 35 
cell-1-7-17 950 648 34 35 
cell-1-7-18 987 648 34 35 
cell-1-7-19 1024 648 34 35 
cell-1-8-0 321 684 34 35 
cell-1-8-1 358 684 34 35 
cell-1-8-2 395 684 34 35 
cell-1-8-3 432 684 34 35 
cell-1-8-4 469 684 34 35 
cell-1-8-5 506 684 34 35 
cell-1-8-6 543 684 34 35 
cell-1-8-7 580 684 34 35 
cell-1-8-8 617 684 34 35 
cell-1-8-9 654 684 34 35 
cell-1-8-10 691 684 34 35 
cell-1-8-11 728 684 34 35 
cell-1-8-12 765 684 34 35 
cell-1-8-13 802 684 34 35 
cell-1-8-14 839 684 34 35 
cell-1-8-15 876 684 34 35 
cell-1-8-16 913 684 34 35 
cell-1-8-17 950 684 34 35 
cell-1-8-18 987 684 34 35 
cell-1-8-19 1024 684 34 35 
