table-0 370 598 579 523 
cell-0-0-0 370 598 44 43 
cell-0-0-1 414 598 44 43 
cell-0-0-2 458 598 44 43 
cell-0-0-3 502 598 44 43 
cell-0-0-4 546 598 44 43 
cell-0-0-5 590 598 355 43 
cell-0-1-0 370 651 44 43 
cell-0-1-1 414 651 44 43 
cell-0-1-2 458 651 44 43 
cell-0-1-3 502 651 44 43 
cell-0-1-4 546 651 44 43 
cell-0-1-5 590 651 355 43 
cell-0-2-0 370 704 44 43 
cell-0-2-1 414 704 44 43 
cell-0-2-2 458 704 44 43 
cell-0-2-3 502 704 44 43 
cell-0-2-4 546 704 44 43 
cell-0-2-5 590 704 355 43 
cell-0-3-0 370 757 44 43 
cell-0-3-1 414 757 44 43 
cell-0-3-2 458 757 44 43 
cell-0-3-3 502 757 44 43 
cell-0-3-4 546 757 44 43 
cell-0-3-5 590 757 355 43 
cell-0-4-0 370 810 44 43 
cell-0-4-1 414 810 44 43 
cell-0-4-2 458 810 44 43 
cell-0-4-3 502 810 44 43 
cell-0-4-4 546 810 44 43 
cell-0-4-5 590 810 355 43 
cell-0-5-0 370 863 44 43 
cell-0-5-1 414 863 44 43 
cell-0-5-2 458 863 44 43 
cell-0-5-3 502 863 44 43 
cell-0-5-4 546 863 44 43 
cell-0-5-5 590 863 355 43 
cell-0-6-0 370 916 44 43 
cell-0-6-1 414 916 44 43 
cell-0-6-2 458 916 44 43 
cell-0-6-3 502 916 44 43 
cell-0-6-4 546 916 44 43 
cell-0-6-5 590 916 355 43 
cell-0-7-0 370 969 44 43 
cell-0-7-1 414 969 44 43 
cell-0-7-2 458 969 44 43 
cell-0-7-3 502 969 44 43 
cell-0-7-4 546 969 44 43 
cell-0-7-5 590 969 355 43 
cell-0-8-0 370 1022 44 43 
cell-0-8-1 414 1022 44 43 
cell-0-8-2 458 1022 44 43 
cell-0-8-3 502 1022 44 43 
cell-0-8-4 546 1022 44 43 
cell-0-8-5 590 1022 355 43 
cell-0-9-0 370 1075 44 43 
cell-0-9-1 414 1075 44 43 
cell-0-9-2 458 1075 44 43 
cell-0-9-3 502 1075 44 43 
cell-0-9-4 546 1075 44 43 
cell-0-9-5 590 1075 355 43 
