table-0 495 443 552 585 
cell-0-1-0 495 443 34 35 
cell-0-1-1 532 443 34 35 
cell-0-1-2 569 443 34 35 
cell-0-1-3 606 443 34 35 
cell-0-1-4 643 443 34 35 
cell-0-1-5 680 443 34 35 
cell-0-1-6 717 443 34 35 
cell-0-1-7 754 443 34 35 
cell-0-1-8 791 443 34 35 
cell-0-1-9 828 443 34 35 
cell-0-1-10 865 443 34 35 
cell-0-1-11 902 443 34 35 
cell-0-1-12 939 443 34 35 
cell-0-1-13 976 443 34 35 
cell-0-1-14 1013 443 34 35 
cell-0-2-0 495 504 34 35 
cell-0-2-1 532 504 34 35 
cell-0-2-2 569 504 34 35 
cell-0-2-3 606 504 34 35 
cell-0-2-4 643 504 34 35 
cell-0-2-5 680 504 34 35 
cell-0-2-6 717 504 34 35 
cell-0-2-7 754 504 34 35 
cell-0-2-8 791 504 34 35 
cell-0-2-9 828 504 34 35 
cell-0-2-10 865 504 34 35 
cell-0-2-11 902 504 34 35 
cell-0-2-12 939 504 34 35 
cell-0-2-13 976 504 34 35 
cell-0-2-14 1013 504 34 35 
cell-0-3-0 495 565 34 35 
cell-0-3-1 532 565 34 35 
cell-0-3-2 569 565 34 35 
cell-0-3-3 606 565 34 35 
cell-0-3-4 643 565 34 35 
cell-0-3-5 680 565 34 35 
cell-0-3-6 717 565 34 35 
cell-0-3-7 754 565 34 35 
cell-0-3-8 791 565 34 35 
cell-0-3-9 828 565 34 35 
cell-0-3-10 865 565 34 35 
cell-0-3-11 902 565 34 35 
cell-0-3-12 939 565 34 35 
cell-0-3-13 976 565 34 35 
cell-0-3-14 1013 565 34 35 
cell-0-4-0 495 626 34 35 
cell-0-4-1 532 626 34 35 
cell-0-4-2 569 626 34 35 
cell-0-4-3 606 626 34 35 
cell-0-4-4 643 626 34 35 
cell-0-4-5 680 626 34 35 
cell-0-4-6 717 626 34 35 
cell-0-4-7 754 626 34 35 
cell-0-4-8 791 626 34 35 
cell-0-4-9 828 626 34 35 
cell-0-4-10 865 626 34 35 
cell-0-4-11 902 626 34 35 
cell-0-4-12 939 626 34 35 
cell-0-4-13 976 626 34 35 
cell-0-4-14 1013 626 34 35 
cell-0-5-0 495 687 34 35 
cell-0-5-1 532 687 34 35 
cell-0-5-2 569 687 34 35 
cell-0-5-3 606 687 34 35 
cell-0-5-4 643 687 34 35 
cell-0-5-5 680 687 34 35 
cell-0-5-6 717 687 34 35 
cell-0-5-7 754 687 34 35 
cell-0-5-8 791 687 34 35 
cell-0-5-9 828 687 34 35 
cell-0-5-10 865 687 34 35 
cell-0-5-11 902 687 34 35 
cell-0-5-12 939 687 34 35 
cell-0-5-13 976 687 34 35 
cell-0-5-14 1013 687 34 35 
cell-0-6-0 495 748 34 35 
cell-0-6-1 532 748 34 35 
cell-0-6-2 569 748 34 35 
cell-0-6-3 606 748 34 35 
cell-0-6-4 643 748 34 35 
cell-0-6-5 680 748 34 35 
cell-0-6-6 717 748 34 35 
cell-0-6-7 754 748 34 35 
cell-0-6-8 791 748 34 35 
cell-0-6-9 828 748 34 35 
cell-0-6-10 865 748 34 35 
cell-0-6-11 902 748 34 35 
cell-0-6-12 939 748 34 35 
cell-0-6-13 976 748 34 35 
cell-0-6-14 1013 748 34 35 
cell-0-7-0 495 809 34 35 
cell-0-7-1 532 809 34 35 
cell-0-7-2 569 809 34 35 
cell-0-7-3 606 809 34 35 
cell-0-7-4 643 809 34 35 
cell-0-7-5 680 809 34 35 
cell-0-7-6 717 809 34 35 
cell-0-7-7 754 809 34 35 
cell-0-7-8 791 809 34 35 
cell-0-7-9 828 809 34 35 
cell-0-7-10 865 809 34 35 
cell-0-7-11 902 809 34 35 
cell-0-7-12 939 809 34 35 
cell-0-7-13 976 809 34 35 
cell-0-7-14 1013 809 34 35 
cell-0-8-0 495 870 34 35 
cell-0-8-1 532 870 34 35 
cell-0-8-2 569 870 34 35 
cell-0-8-3 606 870 34 35 
cell-0-8-4 643 870 34 35 
cell-0-8-5 680 870 34 35 
cell-0-8-6 717 870 34 35 
cell-0-8-7 754 870 34 35 
cell-0-8-8 791 870 34 35 
cell-0-8-9 828 870 34 35 
cell-0-8-10 865 870 34 35 
cell-0-8-11 902 870 34 35 
cell-0-8-12 939 870 34 35 
cell-0-8-13 976 870 34 35 
cell-0-8-14 1013 870 34 35 
cell-0-9-0 495 931 34 35 
cell-0-9-1 532 931 34 35 
cell-0-9-2 569 931 34 35 
cell-0-9-3 606 931 34 35 
cell-0-9-4 643 931 34 35 
cell-0-9-5 680 931 34 35 
cell-0-9-6 717 931 34 35 
cell-0-9-7 754 931 34 35 
cell-0-9-8 791 931 34 35 
cell-0-9-9 828 931 34 35 
cell-0-9-10 865 931 34 35 
cell-0-9-11 902 931 34 35 
cell-0-9-12 939 931 34 35 
cell-0-9-13 976 931 34 35 
cell-0-9-14 1013 931 34 35 
cell-0-10-0 495 992 34 35 
cell-0-10-1 532 992 34 35 
cell-0-10-2 569 992 34 35 
cell-0-10-3 606 992 34 35 
cell-0-10-4 643 992 34 35 
cell-0-10-5 680 992 34 35 
cell-0-10-6 717 992 34 35 
cell-0-10-7 754 992 34 35 
cell-0-10-8 791 992 34 35 
cell-0-10-9 828 992 34 35 
cell-0-10-10 865 992 34 35 
cell-0-10-11 902 992 34 35 
cell-0-10-12 939 992 34 35 
cell-0-10-13 976 992 34 35 
cell-0-10-14 1013 992 34 35 
