table-0 270 615 632 528 
cell-0-0-0 270 615 43 41 
cell-0-0-1 313 615 43 41 
cell-0-0-2 356 615 43 41 
cell-0-0-3 399 615 43 41 
cell-0-0-4 442 615 458 41 
cell-0-1-0 270 669 43 41 
cell-0-1-1 313 669 43 41 
cell-0-1-2 356 669 43 41 
cell-0-1-3 399 669 43 41 
cell-0-1-4 442 669 458 41 
cell-0-2-0 270 723 43 41 
cell-0-2-1 313 723 43 41 
cell-0-2-2 356 723 43 41 
cell-0-2-3 399 723 43 41 
cell-0-2-4 442 723 458 41 
cell-0-3-0 270 777 43 41 
cell-0-3-1 313 777 43 41 
cell-0-3-2 356 777 43 41 
cell-0-3-3 399 777 43 41 
cell-0-3-4 442 777 458 41 
cell-0-4-0 270 831 43 41 
cell-0-4-1 313 831 43 41 
cell-0-4-2 356 831 43 41 
cell-0-4-3 399 831 43 41 
cell-0-4-4 442 831 458 41 
cell-0-5-0 270 885 43 41 
cell-0-5-1 313 885 43 41 
cell-0-5-2 356 885 43 41 
cell-0-5-3 399 885 43 41 
cell-0-5-4 442 885 458 41 
cell-0-6-0 270 939 43 41 
cell-0-6-1 313 939 43 41 
cell-0-6-2 356 939 43 41 
cell-0-6-3 399 939 43 41 
cell-0-6-4 442 939 458 41 
cell-0-7-0 270 993 43 41 
cell-0-7-1 313 993 43 41 
cell-0-7-2 356 993 43 41 
cell-0-7-3 399 993 43 41 
cell-0-7-4 442 993 458 41 
cell-0-8-0 270 1047 43 41 
cell-0-8-1 313 1047 43 41 
cell-0-8-2 356 1047 43 41 
cell-0-8-3 399 1047 43 41 
cell-0-8-4 442 1047 458 41 
cell-0-9-0 270 1101 43 41 
cell-0-9-1 313 1101 43 41 
cell-0-9-2 356 1101 43 41 
cell-0-9-3 399 1101 43 41 
cell-0-9-4 442 1101 458 41 
