table-0 71 270 605 503 
cell-0-0-0 71 270 44 42 
cell-0-0-1 115 270 44 42 
cell-0-0-2 159 270 44 42 
cell-0-0-3 203 270 44 42 
cell-0-0-4 247 270 44 42 
cell-0-0-5 291 270 385 42 
cell-0-1-0 71 321 44 42 
cell-0-1-1 115 321 44 42 
cell-0-1-2 159 321 44 42 
cell-0-1-3 203 321 44 42 
cell-0-1-4 247 321 44 42 
cell-0-1-5 291 321 385 42 
cell-0-2-0 71 372 44 42 
cell-0-2-1 115 372 44 42 
cell-0-2-2 159 372 44 42 
cell-0-2-3 203 372 44 42 
cell-0-2-4 247 372 44 42 
cell-0-2-5 291 372 385 42 
cell-0-3-0 71 423 44 42 
cell-0-3-1 115 423 44 42 
cell-0-3-2 159 423 44 42 
cell-0-3-3 203 423 44 42 
cell-0-3-4 247 423 44 42 
cell-0-3-5 291 423 385 42 
cell-0-4-0 71 474 44 42 
cell-0-4-1 115 474 44 42 
cell-0-4-2 159 474 44 42 
cell-0-4-3 203 474 44 42 
cell-0-4-4 247 474 44 42 
cell-0-4-5 291 474 385 42 
cell-0-5-0 71 525 44 42 
cell-0-5-1 115 525 44 42 
cell-0-5-2 159 525 44 42 
cell-0-5-3 203 525 44 42 
cell-0-5-4 247 525 44 42 
cell-0-5-5 291 525 385 42 
cell-0-6-0 71 576 44 42 
cell-0-6-1 115 576 44 42 
cell-0-6-2 159 576 44 42 
cell-0-6-3 203 576 44 42 
cell-0-6-4 247 576 44 42 
cell-0-6-5 291 576 385 42 
cell-0-7-0 71 627 44 42 
cell-0-7-1 115 627 44 42 
cell-0-7-2 159 627 44 42 
cell-0-7-3 203 627 44 42 
cell-0-7-4 247 627 44 42 
cell-0-7-5 291 627 385 42 
cell-0-8-0 71 678 44 42 
cell-0-8-1 115 678 44 42 
cell-0-8-2 159 678 44 42 
cell-0-8-3 203 678 44 42 
cell-0-8-4 247 678 44 42 
cell-0-8-5 291 678 385 42 
cell-0-9-0 71 729 44 42 
cell-0-9-1 115 729 44 42 
cell-0-9-2 159 729 44 42 
cell-0-9-3 203 729 44 42 
cell-0-9-4 247 729 44 42 
cell-0-9-5 291 729 385 42 
