table-0 69 577 900 303 
cell-0-0-0 69 577 225 42 
cell-0-0-1 294 577 225 42 
cell-0-0-2 519 577 225 42 
cell-0-0-3 744 577 225 42 
cell-0-1-0 69 629 225 42 
cell-0-1-1 294 629 225 42 
cell-0-1-2 519 629 225 42 
cell-0-1-3 744 629 225 42 
cell-0-2-0 69 681 225 42 
cell-0-2-1 294 681 225 42 
cell-0-2-2 519 681 225 42 
cell-0-2-3 744 681 225 42 
cell-0-3-0 69 733 225 42 
cell-0-3-1 294 733 225 42 
cell-0-3-2 519 733 225 42 
cell-0-3-3 744 733 225 42 
cell-0-4-0 69 785 225 42 
cell-0-4-1 294 785 225 42 
cell-0-4-2 519 785 225 42 
cell-0-4-3 744 785 225 42 
cell-0-5-0 69 837 225 42 
cell-0-5-1 294 837 225 42 
cell-0-5-2 519 837 225 42 
cell-0-5-3 744 837 225 42 
