table-0 309 441 582 252 
cell-0-1-0 309 441 36 35 
cell-0-1-1 348 441 36 35 
cell-0-1-2 387 441 36 35 
cell-0-1-3 426 441 36 35 
cell-0-1-4 465 441 36 35 
cell-0-1-5 504 441 36 35 
cell-0-1-6 543 441 36 35 
cell-0-1-7 582 441 36 35 
cell-0-1-8 621 441 36 35 
cell-0-1-9 660 441 36 35 
cell-0-1-10 699 441 36 35 
cell-0-1-11 738 441 36 35 
cell-0-1-12 777 441 36 35 
cell-0-1-13 816 441 36 35 
cell-0-1-14 855 441 36 35 
cell-0-2-0 309 484 36 35 
cell-0-2-1 348 484 36 35 
cell-0-2-2 387 484 36 35 
cell-0-2-3 426 484 36 35 
cell-0-2-4 465 484 36 35 
cell-0-2-5 504 484 36 35 
cell-0-2-6 543 484 36 35 
cell-0-2-7 582 484 36 35 
cell-0-2-8 621 484 36 35 
cell-0-2-9 660 484 36 35 
cell-0-2-10 699 484 36 35 
cell-0-2-11 738 484 36 35 
cell-0-2-12 777 484 36 35 
cell-0-2-13 816 484 36 35 
cell-0-2-14 855 484 36 35 
cell-0-3-0 309 527 36 35 
cell-0-3-1 348 527 36 35 
cell-0-3-2 387 527 36 35 
cell-0-3-3 426 527 36 35 
cell-0-3-4 465 527 36 35 
cell-0-3-5 504 527 36 35 
cell-0-3-6 543 527 36 35 
cell-0-3-7 582 527 36 35 
cell-0-3-8 621 527 36 35 
cell-0-3-9 660 527 36 35 
cell-0-3-10 699 527 36 35 
cell-0-3-11 738 527 36 35 
cell-0-3-12 777 527 36 35 
cell-0-3-13 816 527 36 35 
cell-0-3-14 855 527 36 35 
cell-0-4-0 309 570 36 35 
cell-0-4-1 348 570 36 35 
cell-0-4-2 387 570 36 35 
cell-0-4-3 426 570 36 35 
cell-0-4-4 465 570 36 35 
cell-0-4-5 504 570 36 35 
cell-0-4-6 543 570 36 35 
cell-0-4-7 582 570 36 35 
cell-0-4-8 621 570 36 35 
cell-0-4-9 660 570 36 35 
cell-0-4-10 699 570 36 35 
cell-0-4-11 738 570 36 35 
cell-0-4-12 777 570 36 35 
cell-0-4-13 816 570 36 35 
cell-0-4-14 855 570 36 35 
cell-0-5-0 309 613 36 35 
cell-0-5-1 348 613 36 35 
cell-0-5-2 387 613 36 35 
cell-0-5-3 426 613 36 35 
cell-0-5-4 465 613 36 35 
cell-0-5-5 504 613 36 35 
cell-0-5-6 543 613 36 35 
cell-0-5-7 582 613 36 35 
cell-0-5-8 621 613 36 35 
cell-0-5-9 660 613 36 35 
cell-0-5-10 699 613 36 35 
cell-0-5-11 738 613 36 35 
cell-0-5-12 777 613 36 35 
cell-0-5-13 816 613 36 35 
cell-0-5-14 855 613 36 35 
cell-0-6-0 309 656 36 35 
cell-0-6-1 348 656 36 35 
cell-0-6-2 387 656 36 35 
cell-0-6-3 426 656 36 35 
cell-0-6-4 465 656 36 35 
cell-0-6-5 504 656 36 35 
cell-0-6-6 543 656 36 35 
cell-0-6-7 582 656 36 35 
cell-0-6-8 621 656 36 35 
cell-0-6-9 660 656 36 35 
cell-0-6-10 699 656 36 35 
cell-0-6-11 738 656 36 35 
cell-0-6-12 777 656 36 35 
cell-0-6-13 816 656 36 35 
cell-0-6-14 855 656 36 35 
