table-0 504 854 222 437 
cell-0-0-0 504 854 44 35 
cell-0-0-1 548 854 44 35 
cell-0-0-2 592 854 44 35 
cell-0-0-3 636 854 44 35 
cell-0-0-4 680 854 44 35 
cell-0-1-0 504 894 44 35 
cell-0-1-1 548 894 44 35 
cell-0-1-2 592 894 44 35 
cell-0-1-3 636 894 44 35 
cell-0-1-4 680 894 44 35 
cell-0-2-0 504 934 44 35 
cell-0-2-1 548 934 44 35 
cell-0-2-2 592 934 44 35 
cell-0-2-3 636 934 44 35 
cell-0-2-4 680 934 44 35 
cell-0-3-0 504 974 44 35 
cell-0-3-1 548 974 44 35 
cell-0-3-2 592 974 44 35 
cell-0-3-3 636 974 44 35 
cell-0-3-4 680 974 44 35 
cell-0-4-0 504 1014 44 35 
cell-0-4-1 548 1014 44 35 
cell-0-4-2 592 1014 44 35 
cell-0-4-3 636 1014 44 35 
cell-0-4-4 680 1014 44 35 
cell-0-5-0 504 1054 44 35 
cell-0-5-1 548 1054 44 35 
cell-0-5-2 592 1054 44 35 
cell-0-5-3 636 1054 44 35 
cell-0-5-4 680 1054 44 35 
cell-0-6-0 504 1094 44 35 
cell-0-6-1 548 1094 44 35 
cell-0-6-2 592 1094 44 35 
cell-0-6-3 636 1094 44 35 
cell-0-6-4 680 1094 44 35 
cell-0-7-0 504 1134 44 35 
cell-0-7-1 548 1134 44 35 
cell-0-7-2 592 1134 44 35 
cell-0-7-3 636 1134 44 35 
cell-0-7-4 680 1134 44 35 
cell-0-8-0 504 1174 44 35 
cell-0-8-1 548 1174 44 35 
cell-0-8-2 592 1174 44 35 
cell-0-8-3 636 1174 44 35 
cell-0-8-4 680 1174 44 35 
cell-0-9-0 504 1214 44 35 
cell-0-9-1 548 1214 44 35 
cell-0-9-2 592 1214 44 35 
cell-0-9-3 636 1214 44 35 
cell-0-9-4 680 1214 44 35 
cell-0-10-0 504 1254 44 35 
cell-0-10-1 548 1254 44 35 
cell-0-10-2 592 1254 44 35 
cell-0-10-3 636 1254 44 35 
cell-0-10-4 680 1254 44 35 
table-1 299 184 700 554 
cell-1-0-0 299 184 116 57 
cell-1-0-1 415 184 116 57 
cell-1-0-2 531 184 116 57 
cell-1-0-3 647 184 116 57 
cell-1-0-4 763 184 116 57 
cell-1-0-5 879 184 116 57 
cell-1-1-0 299 246 116 57 
cell-1-1-1 415 246 116 57 
cell-1-1-2 531 246 116 57 
cell-1-1-3 647 246 116 57 
cell-1-1-4 763 246 116 57 
cell-1-1-5 879 246 116 57 
cell-1-2-0 299 308 116 57 
cell-1-2-1 415 308 116 57 
cell-1-2-2 531 308 116 57 
cell-1-2-3 647 308 116 57 
cell-1-2-4 763 308 116 57 
cell-1-2-5 879 308 116 57 
cell-1-3-0 299 370 116 57 
cell-1-3-1 415 370 116 57 
cell-1-3-2 531 370 116 57 
cell-1-3-3 647 370 116 57 
cell-1-3-4 763 370 116 57 
cell-1-3-5 879 370 116 57 
cell-1-4-0 299 432 116 57 
cell-1-4-1 415 432 116 57 
cell-1-4-2 531 432 116 57 
cell-1-4-3 647 432 116 57 
cell-1-4-4 763 432 116 57 
cell-1-4-5 879 432 116 57 
cell-1-5-0 299 494 116 57 
cell-1-5-1 415 494 116 57 
cell-1-5-2 531 494 116 57 
cell-1-5-3 647 494 116 57 
cell-1-5-4 763 494 116 57 
cell-1-5-5 879 494 116 57 
cell-1-6-0 299 556 116 57 
cell-1-6-1 415 556 116 57 
cell-1-6-2 531 556 116 57 
cell-1-6-3 647 556 116 57 
cell-1-6-4 763 556 116 57 
cell-1-6-5 879 556 116 57 
cell-1-7-0 299 618 116 57 
cell-1-7-1 415 618 116 57 
cell-1-7-2 531 618 116 57 
cell-1-7-3 647 618 116 57 
cell-1-7-4 763 618 116 57 
cell-1-7-5 879 618 116 57 
cell-1-8-0 299 680 116 57 
cell-1-8-1 415 680 116 57 
cell-1-8-2 531 680 116 57 
cell-1-8-3 647 680 116 57 
cell-1-8-4 763 680 116 57 
cell-1-8-5 879 680 116 57 
