table-0 225 439 722 575 
cell-0-0-0 225 439 43 41 
cell-0-0-1 268 439 43 41 
cell-0-0-2 311 439 43 41 
cell-0-0-3 354 439 43 41 
cell-0-0-4 397 439 43 41 
cell-0-0-5 440 439 43 41 
cell-0-0-6 483 439 464 41 
cell-0-1-0 225 480 43 41 
cell-0-1-1 268 480 43 41 
cell-0-1-2 311 480 43 41 
cell-0-1-3 354 480 43 41 
cell-0-1-4 397 480 43 41 
cell-0-1-5 440 480 43 41 
cell-0-1-6 483 480 464 41 
cell-0-2-0 225 521 43 41 
cell-0-2-1 268 521 43 41 
cell-0-2-2 311 521 43 41 
cell-0-2-3 354 521 43 41 
cell-0-2-4 397 521 43 41 
cell-0-2-5 440 521 43 41 
cell-0-2-6 483 521 464 41 
cell-0-3-0 225 562 43 41 
cell-0-3-1 268 562 43 41 
cell-0-3-2 311 562 43 41 
cell-0-3-3 354 562 43 41 
cell-0-3-4 397 562 43 41 
cell-0-3-5 440 562 43 41 
cell-0-3-6 483 562 464 41 
cell-0-4-0 225 603 43 41 
cell-0-4-1 268 603 43 41 
cell-0-4-2 311 603 43 41 
cell-0-4-3 354 603 43 41 
cell-0-4-4 397 603 43 41 
cell-0-4-5 440 603 43 41 
cell-0-4-6 483 603 464 41 
cell-0-5-0 225 644 43 41 
cell-0-5-1 268 644 43 41 
cell-0-5-2 311 644 43 41 
cell-0-5-3 354 644 43 41 
cell-0-5-4 397 644 43 41 
cell-0-5-5 440 644 43 41 
cell-0-5-6 483 644 464 41 
cell-0-6-0 225 685 43 41 
cell-0-6-1 268 685 43 41 
cell-0-6-2 311 685 43 41 
cell-0-6-3 354 685 43 41 
cell-0-6-4 397 685 43 41 
cell-0-6-5 440 685 43 41 
cell-0-6-6 483 685 464 41 
cell-0-7-0 225 726 43 41 
cell-0-7-1 268 726 43 41 
cell-0-7-2 311 726 43 41 
cell-0-7-3 354 726 43 41 
cell-0-7-4 397 726 43 41 
cell-0-7-5 440 726 43 41 
cell-0-7-6 483 726 464 41 
cell-0-8-0 225 767 43 41 
cell-0-8-1 268 767 43 41 
cell-0-8-2 311 767 43 41 
cell-0-8-3 354 767 43 41 
cell-0-8-4 397 767 43 41 
cell-0-8-5 440 767 43 41 
cell-0-8-6 483 767 464 41 
cell-0-9-0 225 808 43 41 
cell-0-9-1 268 808 43 41 
cell-0-9-2 311 808 43 41 
cell-0-9-3 354 808 43 41 
cell-0-9-4 397 808 43 41 
cell-0-9-5 440 808 43 41 
cell-0-9-6 483 808 464 41 
cell-0-10-0 225 849 43 41 
cell-0-10-1 268 849 43 41 
cell-0-10-2 311 849 43 41 
cell-0-10-3 354 849 43 41 
cell-0-10-4 397 849 43 41 
cell-0-10-5 440 849 43 41 
cell-0-10-6 483 849 464 41 
cell-0-11-0 225 890 43 41 
cell-0-11-1 268 890 43 41 
cell-0-11-2 311 890 43 41 
cell-0-11-3 354 890 43 41 
cell-0-11-4 397 890 43 41 
cell-0-11-5 440 890 43 41 
cell-0-11-6 483 890 464 41 
cell-0-12-0 225 931 43 41 
cell-0-12-1 268 931 43 41 
cell-0-12-2 311 931 43 41 
cell-0-12-3 354 931 43 41 
cell-0-12-4 397 931 43 41 
cell-0-12-5 440 931 43 41 
cell-0-12-6 483 931 464 41 
cell-0-13-0 225 972 43 41 
cell-0-13-1 268 972 43 41 
cell-0-13-2 311 972 43 41 
cell-0-13-3 354 972 43 41 
cell-0-13-4 397 972 43 41 
cell-0-13-5 440 972 43 41 
cell-0-13-6 483 972 464 41 
