table-0 438 1023 173 386 
cell-0-0-0 438 1023 43 35 
cell-0-0-1 481 1023 43 35 
cell-0-0-2 524 1023 43 35 
cell-0-0-3 567 1023 43 35 
cell-0-1-0 438 1058 43 35 
cell-0-1-1 481 1058 43 35 
cell-0-1-2 524 1058 43 35 
cell-0-1-3 567 1058 43 35 
cell-0-2-0 438 1093 43 35 
cell-0-2-1 481 1093 43 35 
cell-0-2-2 524 1093 43 35 
cell-0-2-3 567 1093 43 35 
cell-0-3-0 438 1128 43 35 
cell-0-3-1 481 1128 43 35 
cell-0-3-2 524 1128 43 35 
cell-0-3-3 567 1128 43 35 
cell-0-4-0 438 1163 43 35 
cell-0-4-1 481 1163 43 35 
cell-0-4-2 524 1163 43 35 
cell-0-4-3 567 1163 43 35 
cell-0-5-0 438 1198 43 35 
cell-0-5-1 481 1198 43 35 
cell-0-5-2 524 1198 43 35 
cell-0-5-3 567 1198 43 35 
cell-0-6-0 438 1233 43 35 
cell-0-6-1 481 1233 43 35 
cell-0-6-2 524 1233 43 35 
cell-0-6-3 567 1233 43 35 
cell-0-7-0 438 1268 43 35 
cell-0-7-1 481 1268 43 35 
cell-0-7-2 524 1268 43 35 
cell-0-7-3 567 1268 43 35 
cell-0-8-0 438 1303 43 35 
cell-0-8-1 481 1303 43 35 
cell-0-8-2 524 1303 43 35 
cell-0-8-3 567 1303 43 35 
cell-0-9-0 438 1338 43 35 
cell-0-9-1 481 1338 43 35 
cell-0-9-2 524 1338 43 35 
cell-0-9-3 567 1338 43 35 
cell-0-10-0 438 1373 43 35 
cell-0-10-1 481 1373 43 35 
cell-0-10-2 524 1373 43 35 
cell-0-10-3 567 1373 43 35 
header-1 102 345 900 193 
row-1-1 102 345 301 40 
row-1-2 423 345 400 40 
row-2-1 102 395 400 40 
row-2-2 522 395 474 40 
row-3-1 102 445 466 40 
row-4-1 102 495 598 40 
