table-0 684 611 173 543 
cell-0-0-0 684 611 43 35 
cell-0-0-1 727 611 43 35 
cell-0-0-2 770 611 43 35 
cell-0-0-3 813 611 43 35 
cell-0-1-0 684 650 43 35 
cell-0-1-1 727 650 43 35 
cell-0-1-2 770 650 43 35 
cell-0-1-3 813 650 43 35 
cell-0-2-0 684 689 43 35 
cell-0-2-1 727 689 43 35 
cell-0-2-2 770 689 43 35 
cell-0-2-3 813 689 43 35 
cell-0-3-0 684 728 43 35 
cell-0-3-1 727 728 43 35 
cell-0-3-2 770 728 43 35 
cell-0-3-3 813 728 43 35 
cell-0-4-0 684 767 43 35 
cell-0-4-1 727 767 43 35 
cell-0-4-2 770 767 43 35 
cell-0-4-3 813 767 43 35 
cell-0-5-0 684 806 43 35 
cell-0-5-1 727 806 43 35 
cell-0-5-2 770 806 43 35 
cell-0-5-3 813 806 43 35 
cell-0-6-0 684 845 43 35 
cell-0-6-1 727 845 43 35 
cell-0-6-2 770 845 43 35 
cell-0-6-3 813 845 43 35 
cell-0-7-0 684 884 43 35 
cell-0-7-1 727 884 43 35 
cell-0-7-2 770 884 43 35 
cell-0-7-3 813 884 43 35 
cell-0-8-0 684 923 43 35 
cell-0-8-1 727 923 43 35 
cell-0-8-2 770 923 43 35 
cell-0-8-3 813 923 43 35 
cell-0-9-0 684 962 43 35 
cell-0-9-1 727 962 43 35 
cell-0-9-2 770 962 43 35 
cell-0-9-3 813 962 43 35 
cell-0-10-0 684 1001 43 35 
cell-0-10-1 727 1001 43 35 
cell-0-10-2 770 1001 43 35 
cell-0-10-3 813 1001 43 35 
cell-0-11-0 684 1040 43 35 
cell-0-11-1 727 1040 43 35 
cell-0-11-2 770 1040 43 35 
cell-0-11-3 813 1040 43 35 
cell-0-12-0 684 1079 43 35 
cell-0-12-1 727 1079 43 35 
cell-0-12-2 770 1079 43 35 
cell-0-12-3 813 1079 43 35 
cell-0-13-0 684 1118 43 35 
cell-0-13-1 727 1118 43 35 
cell-0-13-2 770 1118 43 35 
cell-0-13-3 813 1118 43 35 
