table-0 156 334 745 674 
cell-0-0-0 156 334 43 42 
cell-0-0-1 199 334 43 42 
cell-0-0-2 242 334 43 42 
cell-0-0-3 285 334 43 42 
cell-0-0-4 328 334 43 42 
cell-0-0-5 371 334 43 42 
cell-0-0-6 414 334 483 42 
cell-0-1-0 156 379 43 42 
cell-0-1-1 199 379 43 42 
cell-0-1-2 242 379 43 42 
cell-0-1-3 285 379 43 42 
cell-0-1-4 328 379 43 42 
cell-0-1-5 371 379 43 42 
cell-0-1-6 414 379 483 42 
cell-0-2-0 156 424 43 42 
cell-0-2-1 199 424 43 42 
cell-0-2-2 242 424 43 42 
cell-0-2-3 285 424 43 42 
cell-0-2-4 328 424 43 42 
cell-0-2-5 371 424 43 42 
cell-0-2-6 414 424 483 42 
cell-0-3-0 156 469 43 42 
cell-0-3-1 199 469 43 42 
cell-0-3-2 242 469 43 42 
cell-0-3-3 285 469 43 42 
cell-0-3-4 328 469 43 42 
cell-0-3-5 371 469 43 42 
cell-0-3-6 414 469 483 42 
cell-0-4-0 156 514 43 42 
cell-0-4-1 199 514 43 42 
cell-0-4-2 242 514 43 42 
cell-0-4-3 285 514 43 42 
cell-0-4-4 328 514 43 42 
cell-0-4-5 371 514 43 42 
cell-0-4-6 414 514 483 42 
cell-0-5-0 156 559 43 42 
cell-0-5-1 199 559 43 42 
cell-0-5-2 242 559 43 42 
cell-0-5-3 285 559 43 42 
cell-0-5-4 328 559 43 42 
cell-0-5-5 371 559 43 42 
cell-0-5-6 414 559 483 42 
cell-0-6-0 156 604 43 42 
cell-0-6-1 199 604 43 42 
cell-0-6-2 242 604 43 42 
cell-0-6-3 285 604 43 42 
cell-0-6-4 328 604 43 42 
cell-0-6-5 371 604 43 42 
cell-0-6-6 414 604 483 42 
cell-0-7-0 156 649 43 42 
cell-0-7-1 199 649 43 42 
cell-0-7-2 242 649 43 42 
cell-0-7-3 285 649 43 42 
cell-0-7-4 328 649 43 42 
cell-0-7-5 371 649 43 42 
cell-0-7-6 414 649 483 42 
cell-0-8-0 156 694 43 42 
cell-0-8-1 199 694 43 42 
cell-0-8-2 242 694 43 42 
cell-0-8-3 285 694 43 42 
cell-0-8-4 328 694 43 42 
cell-0-8-5 371 694 43 42 
cell-0-8-6 414 694 483 42 
cell-0-9-0 156 739 43 42 
cell-0-9-1 199 739 43 42 
cell-0-9-2 242 739 43 42 
cell-0-9-3 285 739 43 42 
cell-0-9-4 328 739 43 42 
cell-0-9-5 371 739 43 42 
cell-0-9-6 414 739 483 42 
cell-0-10-0 156 784 43 42 
cell-0-10-1 199 784 43 42 
cell-0-10-2 242 784 43 42 
cell-0-10-3 285 784 43 42 
cell-0-10-4 328 784 43 42 
cell-0-10-5 371 784 43 42 
cell-0-10-6 414 784 483 42 
cell-0-11-0 156 829 43 42 
cell-0-11-1 199 829 43 42 
cell-0-11-2 242 829 43 42 
cell-0-11-3 285 829 43 42 
cell-0-11-4 328 829 43 42 
cell-0-11-5 371 829 43 42 
cell-0-11-6 414 829 483 42 
cell-0-12-0 156 874 43 42 
cell-0-12-1 199 874 43 42 
cell-0-12-2 242 874 43 42 
cell-0-12-3 285 874 43 42 
cell-0-12-4 328 874 43 42 
cell-0-12-5 371 874 43 42 
cell-0-12-6 414 874 483 42 
cell-0-13-0 156 919 43 42 
cell-0-13-1 199 919 43 42 
cell-0-13-2 242 919 43 42 
cell-0-13-3 285 919 43 42 
cell-0-13-4 328 919 43 42 
cell-0-13-5 371 919 43 42 
cell-0-13-6 414 919 483 42 
cell-0-14-0 156 964 43 42 
cell-0-14-1 199 964 43 42 
cell-0-14-2 242 964 43 42 
cell-0-14-3 285 964 43 42 
cell-0-14-4 328 964 43 42 
cell-0-14-5 371 964 43 42 
cell-0-14-6 414 964 483 42 
