table-0 178 260 273 724 
cell-0-0-0 178 260 45 35 
cell-0-0-1 223 260 45 35 
cell-0-0-2 268 260 45 35 
cell-0-0-3 313 260 45 35 
cell-0-0-4 358 260 45 35 
cell-0-0-5 403 260 45 35 
cell-0-1-0 178 309 45 35 
cell-0-1-1 223 309 45 35 
cell-0-1-2 268 309 45 35 
cell-0-1-3 313 309 45 35 
cell-0-1-4 358 309 45 35 
cell-0-1-5 403 309 45 35 
cell-0-2-0 178 358 45 35 
cell-0-2-1 223 358 45 35 
cell-0-2-2 268 358 45 35 
cell-0-2-3 313 358 45 35 
cell-0-2-4 358 358 45 35 
cell-0-2-5 403 358 45 35 
cell-0-3-0 178 407 45 35 
cell-0-3-1 223 407 45 35 
cell-0-3-2 268 407 45 35 
cell-0-3-3 313 407 45 35 
cell-0-3-4 358 407 45 35 
cell-0-3-5 403 407 45 35 
cell-0-4-0 178 456 45 35 
cell-0-4-1 223 456 45 35 
cell-0-4-2 268 456 45 35 
cell-0-4-3 313 456 45 35 
cell-0-4-4 358 456 45 35 
cell-0-4-5 403 456 45 35 
cell-0-5-0 178 505 45 35 
cell-0-5-1 223 505 45 35 
cell-0-5-2 268 505 45 35 
cell-0-5-3 313 505 45 35 
cell-0-5-4 358 505 45 35 
cell-0-5-5 403 505 45 35 
cell-0-6-0 178 554 45 35 
cell-0-6-1 223 554 45 35 
cell-0-6-2 268 554 45 35 
cell-0-6-3 313 554 45 35 
cell-0-6-4 358 554 45 35 
cell-0-6-5 403 554 45 35 
cell-0-7-0 178 603 45 35 
cell-0-7-1 223 603 45 35 
cell-0-7-2 268 603 45 35 
cell-0-7-3 313 603 45 35 
cell-0-7-4 358 603 45 35 
cell-0-7-5 403 603 45 35 
cell-0-8-0 178 652 45 35 
cell-0-8-1 223 652 45 35 
cell-0-8-2 268 652 45 35 
cell-0-8-3 313 652 45 35 
cell-0-8-4 358 652 45 35 
cell-0-8-5 403 652 45 35 
cell-0-9-0 178 701 45 35 
cell-0-9-1 223 701 45 35 
cell-0-9-2 268 701 45 35 
cell-0-9-3 313 701 45 35 
cell-0-9-4 358 701 45 35 
cell-0-9-5 403 701 45 35 
cell-0-10-0 178 750 45 35 
cell-0-10-1 223 750 45 35 
cell-0-10-2 268 750 45 35 
cell-0-10-3 313 750 45 35 
cell-0-10-4 358 750 45 35 
cell-0-10-5 403 750 45 35 
cell-0-11-0 178 799 45 35 
cell-0-11-1 223 799 45 35 
cell-0-11-2 268 799 45 35 
cell-0-11-3 313 799 45 35 
cell-0-11-4 358 799 45 35 
cell-0-11-5 403 799 45 35 
cell-0-12-0 178 848 45 35 
cell-0-12-1 223 848 45 35 
cell-0-12-2 268 848 45 35 
cell-0-12-3 313 848 45 35 
cell-0-12-4 358 848 45 35 
cell-0-12-5 403 848 45 35 
cell-0-13-0 178 897 45 35 
cell-0-13-1 223 897 45 35 
cell-0-13-2 268 897 45 35 
cell-0-13-3 313 897 45 35 
cell-0-13-4 358 897 45 35 
cell-0-13-5 403 897 45 35 
cell-0-14-0 178 946 45 35 
cell-0-14-1 223 946 45 35 
cell-0-14-2 268 946 45 35 
cell-0-14-3 313 946 45 35 
cell-0-14-4 358 946 45 35 
cell-0-14-5 403 946 45 35 
