table-0 431 643 600 387 
cell-0-0-0 431 643 100 54 
cell-0-0-1 531 643 100 54 
cell-0-0-2 631 643 100 54 
cell-0-0-3 731 643 100 54 
cell-0-0-4 831 643 100 54 
cell-0-0-5 931 643 100 54 
cell-0-1-0 431 698 100 54 
cell-0-1-1 531 698 100 54 
cell-0-1-2 631 698 100 54 
cell-0-1-3 731 698 100 54 
cell-0-1-4 831 698 100 54 
cell-0-1-5 931 698 100 54 
cell-0-2-0 431 753 100 54 
cell-0-2-1 531 753 100 54 
cell-0-2-2 631 753 100 54 
cell-0-2-3 731 753 100 54 
cell-0-2-4 831 753 100 54 
cell-0-2-5 931 753 100 54 
cell-0-3-0 431 808 100 54 
cell-0-3-1 531 808 100 54 
cell-0-3-2 631 808 100 54 
cell-0-3-3 731 808 100 54 
cell-0-3-4 831 808 100 54 
cell-0-3-5 931 808 100 54 
cell-0-4-0 431 863 100 54 
cell-0-4-1 531 863 100 54 
cell-0-4-2 631 863 100 54 
cell-0-4-3 731 863 100 54 
cell-0-4-4 831 863 100 54 
cell-0-4-5 931 863 100 54 
cell-0-5-0 431 918 100 54 
cell-0-5-1 531 918 100 54 
cell-0-5-2 631 918 100 54 
cell-0-5-3 731 918 100 54 
cell-0-5-4 831 918 100 54 
cell-0-5-5 931 918 100 54 
cell-0-6-0 431 973 100 54 
cell-0-6-1 531 973 100 54 
cell-0-6-2 631 973 100 54 
cell-0-6-3 731 973 100 54 
cell-0-6-4 831 973 100 54 
cell-0-6-5 931 973 100 54 
