table-0 212 290 643 770 
cell-0-0-0 212 290 43 41 
cell-0-0-1 255 290 43 41 
cell-0-0-2 298 290 43 41 
cell-0-0-3 341 290 43 41 
cell-0-0-4 384 290 43 41 
cell-0-0-5 427 290 43 41 
cell-0-0-6 470 290 385 41 
cell-0-1-0 212 342 43 41 
cell-0-1-1 255 342 43 41 
cell-0-1-2 298 342 43 41 
cell-0-1-3 341 342 43 41 
cell-0-1-4 384 342 43 41 
cell-0-1-5 427 342 43 41 
cell-0-1-6 470 342 385 41 
cell-0-2-0 212 394 43 41 
cell-0-2-1 255 394 43 41 
cell-0-2-2 298 394 43 41 
cell-0-2-3 341 394 43 41 
cell-0-2-4 384 394 43 41 
cell-0-2-5 427 394 43 41 
cell-0-2-6 470 394 385 41 
cell-0-3-0 212 446 43 41 
cell-0-3-1 255 446 43 41 
cell-0-3-2 298 446 43 41 
cell-0-3-3 341 446 43 41 
cell-0-3-4 384 446 43 41 
cell-0-3-5 427 446 43 41 
cell-0-3-6 470 446 385 41 
cell-0-4-0 212 498 43 41 
cell-0-4-1 255 498 43 41 
cell-0-4-2 298 498 43 41 
cell-0-4-3 341 498 43 41 
cell-0-4-4 384 498 43 41 
cell-0-4-5 427 498 43 41 
cell-0-4-6 470 498 385 41 
cell-0-5-0 212 550 43 41 
cell-0-5-1 255 550 43 41 
cell-0-5-2 298 550 43 41 
cell-0-5-3 341 550 43 41 
cell-0-5-4 384 550 43 41 
cell-0-5-5 427 550 43 41 
cell-0-5-6 470 550 385 41 
cell-0-6-0 212 602 43 41 
cell-0-6-1 255 602 43 41 
cell-0-6-2 298 602 43 41 
cell-0-6-3 341 602 43 41 
cell-0-6-4 384 602 43 41 
cell-0-6-5 427 602 43 41 
cell-0-6-6 470 602 385 41 
cell-0-7-0 212 654 43 41 
cell-0-7-1 255 654 43 41 
cell-0-7-2 298 654 43 41 
cell-0-7-3 341 654 43 41 
cell-0-7-4 384 654 43 41 
cell-0-7-5 427 654 43 41 
cell-0-7-6 470 654 385 41 
cell-0-8-0 212 706 43 41 
cell-0-8-1 255 706 43 41 
cell-0-8-2 298 706 43 41 
cell-0-8-3 341 706 43 41 
cell-0-8-4 384 706 43 41 
cell-0-8-5 427 706 43 41 
cell-0-8-6 470 706 385 41 
cell-0-9-0 212 758 43 41 
cell-0-9-1 255 758 43 41 
cell-0-9-2 298 758 43 41 
cell-0-9-3 341 758 43 41 
cell-0-9-4 384 758 43 41 
cell-0-9-5 427 758 43 41 
cell-0-9-6 470 758 385 41 
cell-0-10-0 212 810 43 41 
cell-0-10-1 255 810 43 41 
cell-0-10-2 298 810 43 41 
cell-0-10-3 341 810 43 41 
cell-0-10-4 384 810 43 41 
cell-0-10-5 427 810 43 41 
cell-0-10-6 470 810 385 41 
cell-0-11-0 212 862 43 41 
cell-0-11-1 255 862 43 41 
cell-0-11-2 298 862 43 41 
cell-0-11-3 341 862 43 41 
cell-0-11-4 384 862 43 41 
cell-0-11-5 427 862 43 41 
cell-0-11-6 470 862 385 41 
cell-0-12-0 212 914 43 41 
cell-0-12-1 255 914 43 41 
cell-0-12-2 298 914 43 41 
cell-0-12-3 341 914 43 41 
cell-0-12-4 384 914 43 41 
cell-0-12-5 427 914 43 41 
cell-0-12-6 470 914 385 41 
cell-0-13-0 212 966 43 41 
cell-0-13-1 255 966 43 41 
cell-0-13-2 298 966 43 41 
cell-0-13-3 341 966 43 41 
cell-0-13-4 384 966 43 41 
cell-0-13-5 427 966 43 41 
cell-0-13-6 470 966 385 41 
cell-0-14-0 212 1018 43 41 
cell-0-14-1 255 1018 43 41 
cell-0-14-2 298 1018 43 41 
cell-0-14-3 341 1018 43 41 
cell-0-14-4 384 1018 43 41 
cell-0-14-5 427 1018 43 41 
cell-0-14-6 470 1018 385 41 
