table-0 358 769 273 662 
cell-0-0-0 358 769 45 35 
cell-0-0-1 403 769 45 35 
cell-0-0-2 448 769 45 35 
cell-0-0-3 493 769 45 35 
cell-0-0-4 538 769 45 35 
cell-0-0-5 583 769 45 35 
cell-0-1-0 358 817 45 35 
cell-0-1-1 403 817 45 35 
cell-0-1-2 448 817 45 35 
cell-0-1-3 493 817 45 35 
cell-0-1-4 538 817 45 35 
cell-0-1-5 583 817 45 35 
cell-0-2-0 358 865 45 35 
cell-0-2-1 403 865 45 35 
cell-0-2-2 448 865 45 35 
cell-0-2-3 493 865 45 35 
cell-0-2-4 538 865 45 35 
cell-0-2-5 583 865 45 35 
cell-0-3-0 358 913 45 35 
cell-0-3-1 403 913 45 35 
cell-0-3-2 448 913 45 35 
cell-0-3-3 493 913 45 35 
cell-0-3-4 538 913 45 35 
cell-0-3-5 583 913 45 35 
cell-0-4-0 358 961 45 35 
cell-0-4-1 403 961 45 35 
cell-0-4-2 448 961 45 35 
cell-0-4-3 493 961 45 35 
cell-0-4-4 538 961 45 35 
cell-0-4-5 583 961 45 35 
cell-0-5-0 358 1009 45 35 
cell-0-5-1 403 1009 45 35 
cell-0-5-2 448 1009 45 35 
cell-0-5-3 493 1009 45 35 
cell-0-5-4 538 1009 45 35 
cell-0-5-5 583 1009 45 35 
cell-0-6-0 358 1057 45 35 
cell-0-6-1 403 1057 45 35 
cell-0-6-2 448 1057 45 35 
cell-0-6-3 493 1057 45 35 
cell-0-6-4 538 1057 45 35 
cell-0-6-5 583 1057 45 35 
cell-0-7-0 358 1105 45 35 
cell-0-7-1 403 1105 45 35 
cell-0-7-2 448 1105 45 35 
cell-0-7-3 493 1105 45 35 
cell-0-7-4 538 1105 45 35 
cell-0-7-5 583 1105 45 35 
cell-0-8-0 358 1153 45 35 
cell-0-8-1 403 1153 45 35 
cell-0-8-2 448 1153 45 35 
cell-0-8-3 493 1153 45 35 
cell-0-8-4 538 1153 45 35 
cell-0-8-5 583 1153 45 35 
cell-0-9-0 358 1201 45 35 
cell-0-9-1 403 1201 45 35 
cell-0-9-2 448 1201 45 35 
cell-0-9-3 493 1201 45 35 
cell-0-9-4 538 1201 45 35 
cell-0-9-5 583 1201 45 35 
cell-0-10-0 358 1249 45 35 
cell-0-10-1 403 1249 45 35 
cell-0-10-2 448 1249 45 35 
cell-0-10-3 493 1249 45 35 
cell-0-10-4 538 1249 45 35 
cell-0-10-5 583 1249 45 35 
cell-0-11-0 358 1297 45 35 
cell-0-11-1 403 1297 45 35 
cell-0-11-2 448 1297 45 35 
cell-0-11-3 493 1297 45 35 
cell-0-11-4 538 1297 45 35 
cell-0-11-5 583 1297 45 35 
cell-0-12-0 358 1345 45 35 
cell-0-12-1 403 1345 45 35 
cell-0-12-2 448 1345 45 35 
cell-0-12-3 493 1345 45 35 
cell-0-12-4 538 1345 45 35 
cell-0-12-5 583 1345 45 35 
cell-0-13-0 358 1393 45 35 
cell-0-13-1 403 1393 45 35 
cell-0-13-2 448 1393 45 35 
cell-0-13-3 493 1393 45 35 
cell-0-13-4 538 1393 45 35 
cell-0-13-5 583 1393 45 35 
