table-0 270 558 685 526 
cell-0-0-0 270 558 43 41 
cell-0-0-1 313 558 43 41 
cell-0-0-2 356 558 43 41 
cell-0-0-3 399 558 43 41 
cell-0-0-4 442 558 43 41 
cell-0-0-5 485 558 43 41 
cell-0-0-6 528 558 427 41 
cell-0-1-0 270 602 43 41 
cell-0-1-1 313 602 43 41 
cell-0-1-2 356 602 43 41 
cell-0-1-3 399 602 43 41 
cell-0-1-4 442 602 43 41 
cell-0-1-5 485 602 43 41 
cell-0-1-6 528 602 427 41 
cell-0-2-0 270 646 43 41 
cell-0-2-1 313 646 43 41 
cell-0-2-2 356 646 43 41 
cell-0-2-3 399 646 43 41 
cell-0-2-4 442 646 43 41 
cell-0-2-5 485 646 43 41 
cell-0-2-6 528 646 427 41 
cell-0-3-0 270 690 43 41 
cell-0-3-1 313 690 43 41 
cell-0-3-2 356 690 43 41 
cell-0-3-3 399 690 43 41 
cell-0-3-4 442 690 43 41 
cell-0-3-5 485 690 43 41 
cell-0-3-6 528 690 427 41 
cell-0-4-0 270 734 43 41 
cell-0-4-1 313 734 43 41 
cell-0-4-2 356 734 43 41 
cell-0-4-3 399 734 43 41 
cell-0-4-4 442 734 43 41 
cell-0-4-5 485 734 43 41 
cell-0-4-6 528 734 427 41 
cell-0-5-0 270 778 43 41 
cell-0-5-1 313 778 43 41 
cell-0-5-2 356 778 43 41 
cell-0-5-3 399 778 43 41 
cell-0-5-4 442 778 43 41 
cell-0-5-5 485 778 43 41 
cell-0-5-6 528 778 427 41 
cell-0-6-0 270 822 43 41 
cell-0-6-1 313 822 43 41 
cell-0-6-2 356 822 43 41 
cell-0-6-3 399 822 43 41 
cell-0-6-4 442 822 43 41 
cell-0-6-5 485 822 43 41 
cell-0-6-6 528 822 427 41 
cell-0-7-0 270 866 43 41 
cell-0-7-1 313 866 43 41 
cell-0-7-2 356 866 43 41 
cell-0-7-3 399 866 43 41 
cell-0-7-4 442 866 43 41 
cell-0-7-5 485 866 43 41 
cell-0-7-6 528 866 427 41 
cell-0-8-0 270 910 43 41 
cell-0-8-1 313 910 43 41 
cell-0-8-2 356 910 43 41 
cell-0-8-3 399 910 43 41 
cell-0-8-4 442 910 43 41 
cell-0-8-5 485 910 43 41 
cell-0-8-6 528 910 427 41 
cell-0-9-0 270 954 43 41 
cell-0-9-1 313 954 43 41 
cell-0-9-2 356 954 43 41 
cell-0-9-3 399 954 43 41 
cell-0-9-4 442 954 43 41 
cell-0-9-5 485 954 43 41 
cell-0-9-6 528 954 427 41 
cell-0-10-0 270 998 43 41 
cell-0-10-1 313 998 43 41 
cell-0-10-2 356 998 43 41 
cell-0-10-3 399 998 43 41 
cell-0-10-4 442 998 43 41 
cell-0-10-5 485 998 43 41 
cell-0-10-6 528 998 427 41 
cell-0-11-0 270 1042 43 41 
cell-0-11-1 313 1042 43 41 
cell-0-11-2 356 1042 43 41 
cell-0-11-3 399 1042 43 41 
cell-0-11-4 442 1042 43 41 
cell-0-11-5 485 1042 43 41 
cell-0-11-6 528 1042 427 41 
