table-0 538 454 216 520 
cell-0-0-0 538 454 43 35 
cell-0-0-1 581 454 43 35 
cell-0-0-2 624 454 43 35 
cell-0-0-3 667 454 43 35 
cell-0-0-4 710 454 43 35 
cell-0-1-0 538 498 43 35 
cell-0-1-1 581 498 43 35 
cell-0-1-2 624 498 43 35 
cell-0-1-3 667 498 43 35 
cell-0-1-4 710 498 43 35 
cell-0-2-0 538 542 43 35 
cell-0-2-1 581 542 43 35 
cell-0-2-2 624 542 43 35 
cell-0-2-3 667 542 43 35 
cell-0-2-4 710 542 43 35 
cell-0-3-0 538 586 43 35 
cell-0-3-1 581 586 43 35 
cell-0-3-2 624 586 43 35 
cell-0-3-3 667 586 43 35 
cell-0-3-4 710 586 43 35 
cell-0-4-0 538 630 43 35 
cell-0-4-1 581 630 43 35 
cell-0-4-2 624 630 43 35 
cell-0-4-3 667 630 43 35 
cell-0-4-4 710 630 43 35 
cell-0-5-0 538 674 43 35 
cell-0-5-1 581 674 43 35 
cell-0-5-2 624 674 43 35 
cell-0-5-3 667 674 43 35 
cell-0-5-4 710 674 43 35 
cell-0-6-0 538 718 43 35 
cell-0-6-1 581 718 43 35 
cell-0-6-2 624 718 43 35 
cell-0-6-3 667 718 43 35 
cell-0-6-4 710 718 43 35 
cell-0-7-0 538 762 43 35 
cell-0-7-1 581 762 43 35 
cell-0-7-2 624 762 43 35 
cell-0-7-3 667 762 43 35 
cell-0-7-4 710 762 43 35 
cell-0-8-0 538 806 43 35 
cell-0-8-1 581 806 43 35 
cell-0-8-2 624 806 43 35 
cell-0-8-3 667 806 43 35 
cell-0-8-4 710 806 43 35 
cell-0-9-0 538 850 43 35 
cell-0-9-1 581 850 43 35 
cell-0-9-2 624 850 43 35 
cell-0-9-3 667 850 43 35 
cell-0-9-4 710 850 43 35 
cell-0-10-0 538 894 43 35 
cell-0-10-1 581 894 43 35 
cell-0-10-2 624 894 43 35 
cell-0-10-3 667 894 43 35 
cell-0-10-4 710 894 43 35 
cell-0-11-0 538 938 43 35 
cell-0-11-1 581 938 43 35 
cell-0-11-2 624 938 43 35 
cell-0-11-3 667 938 43 35 
cell-0-11-4 710 938 43 35 
