table-0 159 634 546 527 
cell-0-1-0 159 634 34 35 
cell-0-1-1 193 634 34 35 
cell-0-1-2 227 634 34 35 
cell-0-1-3 261 634 34 35 
cell-0-1-4 295 634 34 35 
cell-0-1-5 329 634 34 35 
cell-0-1-6 363 634 34 35 
cell-0-1-7 397 634 34 35 
cell-0-1-8 431 634 34 35 
cell-0-1-9 465 634 34 35 
cell-0-1-10 499 634 34 35 
cell-0-1-11 533 634 34 35 
cell-0-1-12 567 634 34 35 
cell-0-1-13 601 634 34 35 
cell-0-1-14 635 634 34 35 
cell-0-1-15 669 634 34 35 
cell-0-2-0 159 683 34 35 
cell-0-2-1 193 683 34 35 
cell-0-2-2 227 683 34 35 
cell-0-2-3 261 683 34 35 
cell-0-2-4 295 683 34 35 
cell-0-2-5 329 683 34 35 
cell-0-2-6 363 683 34 35 
cell-0-2-7 397 683 34 35 
cell-0-2-8 431 683 34 35 
cell-0-2-9 465 683 34 35 
cell-0-2-10 499 683 34 35 
cell-0-2-11 533 683 34 35 
cell-0-2-12 567 683 34 35 
cell-0-2-13 601 683 34 35 
cell-0-2-14 635 683 34 35 
cell-0-2-15 669 683 34 35 
cell-0-3-0 159 732 34 35 
cell-0-3-1 193 732 34 35 
cell-0-3-2 227 732 34 35 
cell-0-3-3 261 732 34 35 
cell-0-3-4 295 732 34 35 
cell-0-3-5 329 732 34 35 
cell-0-3-6 363 732 34 35 
cell-0-3-7 397 732 34 35 
cell-0-3-8 431 732 34 35 
cell-0-3-9 465 732 34 35 
cell-0-3-10 499 732 34 35 
cell-0-3-11 533 732 34 35 
cell-0-3-12 567 732 34 35 
cell-0-3-13 601 732 34 35 
cell-0-3-14 635 732 34 35 
cell-0-3-15 669 732 34 35 
cell-0-4-0 159 781 34 35 
cell-0-4-1 193 781 34 35 
cell-0-4-2 227 781 34 35 
cell-0-4-3 261 781 34 35 
cell-0-4-4 295 781 34 35 
cell-0-4-5 329 781 34 35 
cell-0-4-6 363 781 34 35 
cell-0-4-7 397 781 34 35 
cell-0-4-8 431 781 34 35 
cell-0-4-9 465 781 34 35 
cell-0-4-10 499 781 34 35 
cell-0-4-11 533 781 34 35 
cell-0-4-12 567 781 34 35 
cell-0-4-13 601 781 34 35 
cell-0-4-14 635 781 34 35 
cell-0-4-15 669 781 34 35 
cell-0-5-0 159 830 34 35 
cell-0-5-1 193 830 34 35 
cell-0-5-2 227 830 34 35 
cell-0-5-3 261 830 34 35 
cell-0-5-4 295 830 34 35 
cell-0-5-5 329 830 34 35 
cell-0-5-6 363 830 34 35 
cell-0-5-7 397 830 34 35 
cell-0-5-8 431 830 34 35 
cell-0-5-9 465 830 34 35 
cell-0-5-10 499 830 34 35 
cell-0-5-11 533 830 34 35 
cell-0-5-12 567 830 34 35 
cell-0-5-13 601 830 34 35 
cell-0-5-14 635 830 34 35 
cell-0-5-15 669 830 34 35 
cell-0-6-0 159 879 34 35 
cell-0-6-1 193 879 34 35 
cell-0-6-2 227 879 34 35 
cell-0-6-3 261 879 34 35 
cell-0-6-4 295 879 34 35 
cell-0-6-5 329 879 34 35 
cell-0-6-6 363 879 34 35 
cell-0-6-7 397 879 34 35 
cell-0-6-8 431 879 34 35 
cell-0-6-9 465 879 34 35 
cell-0-6-10 499 879 34 35 
cell-0-6-11 533 879 34 35 
cell-0-6-12 567 879 34 35 
cell-0-6-13 601 879 34 35 
cell-0-6-14 635 879 34 35 
cell-0-6-15 669 879 34 35 
cell-0-7-0 159 928 34 35 
cell-0-7-1 193 928 34 35 
cell-0-7-2 227 928 34 35 
cell-0-7-3 261 928 34 35 
cell-0-7-4 295 928 34 35 
cell-0-7-5 329 928 34 35 
cell-0-7-6 363 928 34 35 
cell-0-7-7 397 928 34 35 
cell-0-7-8 431 928 34 35 
cell-0-7-9 465 928 34 35 
cell-0-7-10 499 928 34 35 
cell-0-7-11 533 928 34 35 
cell-0-7-12 567 928 34 35 
cell-0-7-13 601 928 34 35 
cell-0-7-14 635 928 34 35 
cell-0-7-15 669 928 34 35 
cell-0-8-0 159 977 34 35 
cell-0-8-1 193 977 34 35 
cell-0-8-2 227 977 34 35 
cell-0-8-3 261 977 34 35 
cell-0-8-4 295 977 34 35 
cell-0-8-5 329 977 34 35 
cell-0-8-6 363 977 34 35 
cell-0-8-7 397 977 34 35 
cell-0-8-8 431 977 34 35 
cell-0-8-9 465 977 34 35 
cell-0-8-10 499 977 34 35 
cell-0-8-11 533 977 34 35 
cell-0-8-12 567 977 34 35 
cell-0-8-13 601 977 34 35 
cell-0-8-14 635 977 34 35 
cell-0-8-15 669 977 34 35 
cell-0-9-0 159 1026 34 35 
cell-0-9-1 193 1026 34 35 
cell-0-9-2 227 1026 34 35 
cell-0-9-3 261 1026 34 35 
cell-0-9-4 295 1026 34 35 
cell-0-9-5 329 1026 34 35 
cell-0-9-6 363 1026 34 35 
cell-0-9-7 397 1026 34 35 
cell-0-9-8 431 1026 34 35 
cell-0-9-9 465 1026 34 35 
cell-0-9-10 499 1026 34 35 
cell-0-9-11 533 1026 34 35 
cell-0-9-12 567 1026 34 35 
cell-0-9-13 601 1026 34 35 
cell-0-9-14 635 1026 34 35 
cell-0-9-15 669 1026 34 35 
cell-0-10-0 159 1075 34 35 
cell-0-10-1 193 1075 34 35 
cell-0-10-2 227 1075 34 35 
cell-0-10-3 261 1075 34 35 
cell-0-10-4 295 1075 34 35 
cell-0-10-5 329 1075 34 35 
cell-0-10-6 363 1075 34 35 
cell-0-10-7 397 1075 34 35 
cell-0-10-8 431 1075 34 35 
cell-0-10-9 465 1075 34 35 
cell-0-10-10 499 1075 34 35 
cell-0-10-11 533 1075 34 35 
cell-0-10-12 567 1075 34 35 
cell-0-10-13 601 1075 34 35 
cell-0-10-14 635 1075 34 35 
cell-0-10-15 669 1075 34 35 
cell-0-11-0 159 1124 34 35 
cell-0-11-1 193 1124 34 35 
cell-0-11-2 227 1124 34 35 
cell-0-11-3 261 1124 34 35 
cell-0-11-4 295 1124 34 35 
cell-0-11-5 329 1124 34 35 
cell-0-11-6 363 1124 34 35 
cell-0-11-7 397 1124 34 35 
cell-0-11-8 431 1124 34 35 
cell-0-11-9 465 1124 34 35 
cell-0-11-10 499 1124 34 35 
cell-0-11-11 533 1124 34 35 
cell-0-11-12 567 1124 34 35 
cell-0-11-13 601 1124 34 35 
cell-0-11-14 635 1124 34 35 
cell-0-11-15 669 1124 34 35 
table-1 110 188 529 189 
cell-1-1-0 110 188 33 35 
cell-1-1-1 143 188 33 35 
cell-1-1-2 176 188 33 35 
cell-1-1-3 209 188 33 35 
cell-1-1-4 242 188 33 35 
cell-1-1-5 275 188 33 35 
cell-1-1-6 308 188 33 35 
cell-1-1-7 341 188 33 35 
cell-1-1-8 374 188 33 35 
cell-1-1-9 407 188 33 35 
cell-1-1-10 440 188 33 35 
cell-1-1-11 473 188 33 35 
cell-1-1-12 506 188 33 35 
cell-1-1-13 539 188 33 35 
cell-1-1-14 572 188 33 35 
cell-1-1-15 605 188 33 35 
cell-1-2-0 110 239 33 35 
cell-1-2-1 143 239 33 35 
cell-1-2-2 176 239 33 35 
cell-1-2-3 209 239 33 35 
cell-1-2-4 242 239 33 35 
cell-1-2-5 275 239 33 35 
cell-1-2-6 308 239 33 35 
cell-1-2-7 341 239 33 35 
cell-1-2-8 374 239 33 35 
cell-1-2-9 407 239 33 35 
cell-1-2-10 440 239 33 35 
cell-1-2-11 473 239 33 35 
cell-1-2-12 506 239 33 35 
cell-1-2-13 539 239 33 35 
cell-1-2-14 572 239 33 35 
cell-1-2-15 605 239 33 35 
cell-1-3-0 110 290 33 35 
cell-1-3-1 143 290 33 35 
cell-1-3-2 176 290 33 35 
cell-1-3-3 209 290 33 35 
cell-1-3-4 242 290 33 35 
cell-1-3-5 275 290 33 35 
cell-1-3-6 308 290 33 35 
cell-1-3-7 341 290 33 35 
cell-1-3-8 374 290 33 35 
cell-1-3-9 407 290 33 35 
cell-1-3-10 440 290 33 35 
cell-1-3-11 473 290 33 35 
cell-1-3-12 506 290 33 35 
cell-1-3-13 539 290 33 35 
cell-1-3-14 572 290 33 35 
cell-1-3-15 605 290 33 35 
cell-1-4-0 110 341 33 35 
cell-1-4-1 143 341 33 35 
cell-1-4-2 176 341 33 35 
cell-1-4-3 209 341 33 35 
cell-1-4-4 242 341 33 35 
cell-1-4-5 275 341 33 35 
cell-1-4-6 308 341 33 35 
cell-1-4-7 341 341 33 35 
cell-1-4-8 374 341 33 35 
cell-1-4-9 407 341 33 35 
cell-1-4-10 440 341 33 35 
cell-1-4-11 473 341 33 35 
cell-1-4-12 506 341 33 35 
cell-1-4-13 539 341 33 35 
cell-1-4-14 572 341 33 35 
cell-1-4-15 605 341 33 35 
