table-0 506 671 489 268 
cell-0-1-0 506 671 38 35 
cell-0-1-1 547 671 38 35 
cell-0-1-2 588 671 38 35 
cell-0-1-3 629 671 38 35 
cell-0-1-4 670 671 38 35 
cell-0-1-5 711 671 38 35 
cell-0-1-6 752 671 38 35 
cell-0-1-7 793 671 38 35 
cell-0-1-8 834 671 38 35 
cell-0-1-9 875 671 38 35 
cell-0-1-10 916 671 38 35 
cell-0-1-11 957 671 38 35 
cell-0-2-0 506 717 38 35 
cell-0-2-1 547 717 38 35 
cell-0-2-2 588 717 38 35 
cell-0-2-3 629 717 38 35 
cell-0-2-4 670 717 38 35 
cell-0-2-5 711 717 38 35 
cell-0-2-6 752 717 38 35 
cell-0-2-7 793 717 38 35 
cell-0-2-8 834 717 38 35 
cell-0-2-9 875 717 38 35 
cell-0-2-10 916 717 38 35 
cell-0-2-11 957 717 38 35 
cell-0-3-0 506 763 38 35 
cell-0-3-1 547 763 38 35 
cell-0-3-2 588 763 38 35 
cell-0-3-3 629 763 38 35 
cell-0-3-4 670 763 38 35 
cell-0-3-5 711 763 38 35 
cell-0-3-6 752 763 38 35 
cell-0-3-7 793 763 38 35 
cell-0-3-8 834 763 38 35 
cell-0-3-9 875 763 38 35 
cell-0-3-10 916 763 38 35 
cell-0-3-11 957 763 38 35 
cell-0-4-0 506 809 38 35 
cell-0-4-1 547 809 38 35 
cell-0-4-2 588 809 38 35 
cell-0-4-3 629 809 38 35 
cell-0-4-4 670 809 38 35 
cell-0-4-5 711 809 38 35 
cell-0-4-6 752 809 38 35 
cell-0-4-7 793 809 38 35 
cell-0-4-8 834 809 38 35 
cell-0-4-9 875 809 38 35 
cell-0-4-10 916 809 38 35 
cell-0-4-11 957 809 38 35 
cell-0-5-0 506 855 38 35 
cell-0-5-1 547 855 38 35 
cell-0-5-2 588 855 38 35 
cell-0-5-3 629 855 38 35 
cell-0-5-4 670 855 38 35 
cell-0-5-5 711 855 38 35 
cell-0-5-6 752 855 38 35 
cell-0-5-7 793 855 38 35 
cell-0-5-8 834 855 38 35 
cell-0-5-9 875 855 38 35 
cell-0-5-10 916 855 38 35 
cell-0-5-11 957 855 38 35 
cell-0-6-0 506 901 38 35 
cell-0-6-1 547 901 38 35 
cell-0-6-2 588 901 38 35 
cell-0-6-3 629 901 38 35 
cell-0-6-4 670 901 38 35 
cell-0-6-5 711 901 38 35 
cell-0-6-6 752 901 38 35 
cell-0-6-7 793 901 38 35 
cell-0-6-8 834 901 38 35 
cell-0-6-9 875 901 38 35 
cell-0-6-10 916 901 38 35 
cell-0-6-11 957 901 38 35 
