table-0 76 532 627 524 
cell-0-0-0 76 532 44 42 
cell-0-0-1 120 532 44 42 
cell-0-0-2 164 532 44 42 
cell-0-0-3 208 532 44 42 
cell-0-0-4 252 532 44 42 
cell-0-0-5 296 532 407 42 
cell-0-1-0 76 580 44 42 
cell-0-1-1 120 580 44 42 
cell-0-1-2 164 580 44 42 
cell-0-1-3 208 580 44 42 
cell-0-1-4 252 580 44 42 
cell-0-1-5 296 580 407 42 
cell-0-2-0 76 628 44 42 
cell-0-2-1 120 628 44 42 
cell-0-2-2 164 628 44 42 
cell-0-2-3 208 628 44 42 
cell-0-2-4 252 628 44 42 
cell-0-2-5 296 628 407 42 
cell-0-3-0 76 676 44 42 
cell-0-3-1 120 676 44 42 
cell-0-3-2 164 676 44 42 
cell-0-3-3 208 676 44 42 
cell-0-3-4 252 676 44 42 
cell-0-3-5 296 676 407 42 
cell-0-4-0 76 724 44 42 
cell-0-4-1 120 724 44 42 
cell-0-4-2 164 724 44 42 
cell-0-4-3 208 724 44 42 
cell-0-4-4 252 724 44 42 
cell-0-4-5 296 724 407 42 
cell-0-5-0 76 772 44 42 
cell-0-5-1 120 772 44 42 
cell-0-5-2 164 772 44 42 
cell-0-5-3 208 772 44 42 
cell-0-5-4 252 772 44 42 
cell-0-5-5 296 772 407 42 
cell-0-6-0 76 820 44 42 
cell-0-6-1 120 820 44 42 
cell-0-6-2 164 820 44 42 
cell-0-6-3 208 820 44 42 
cell-0-6-4 252 820 44 42 
cell-0-6-5 296 820 407 42 
cell-0-7-0 76 868 44 42 
cell-0-7-1 120 868 44 42 
cell-0-7-2 164 868 44 42 
cell-0-7-3 208 868 44 42 
cell-0-7-4 252 868 44 42 
cell-0-7-5 296 868 407 42 
cell-0-8-0 76 916 44 42 
cell-0-8-1 120 916 44 42 
cell-0-8-2 164 916 44 42 
cell-0-8-3 208 916 44 42 
cell-0-8-4 252 916 44 42 
cell-0-8-5 296 916 407 42 
cell-0-9-0 76 964 44 42 
cell-0-9-1 120 964 44 42 
cell-0-9-2 164 964 44 42 
cell-0-9-3 208 964 44 42 
cell-0-9-4 252 964 44 42 
cell-0-9-5 296 964 407 42 
cell-0-10-0 76 1012 44 42 
cell-0-10-1 120 1012 44 42 
cell-0-10-2 164 1012 44 42 
cell-0-10-3 208 1012 44 42 
cell-0-10-4 252 1012 44 42 
cell-0-10-5 296 1012 407 42 
