table-0 777 79 216 608 
cell-0-0-0 777 79 43 35 
cell-0-0-1 820 79 43 35 
cell-0-0-2 863 79 43 35 
cell-0-0-3 906 79 43 35 
cell-0-0-4 949 79 43 35 
cell-0-1-0 777 123 43 35 
cell-0-1-1 820 123 43 35 
cell-0-1-2 863 123 43 35 
cell-0-1-3 906 123 43 35 
cell-0-1-4 949 123 43 35 
cell-0-2-0 777 167 43 35 
cell-0-2-1 820 167 43 35 
cell-0-2-2 863 167 43 35 
cell-0-2-3 906 167 43 35 
cell-0-2-4 949 167 43 35 
cell-0-3-0 777 211 43 35 
cell-0-3-1 820 211 43 35 
cell-0-3-2 863 211 43 35 
cell-0-3-3 906 211 43 35 
cell-0-3-4 949 211 43 35 
cell-0-4-0 777 255 43 35 
cell-0-4-1 820 255 43 35 
cell-0-4-2 863 255 43 35 
cell-0-4-3 906 255 43 35 
cell-0-4-4 949 255 43 35 
cell-0-5-0 777 299 43 35 
cell-0-5-1 820 299 43 35 
cell-0-5-2 863 299 43 35 
cell-0-5-3 906 299 43 35 
cell-0-5-4 949 299 43 35 
cell-0-6-0 777 343 43 35 
cell-0-6-1 820 343 43 35 
cell-0-6-2 863 343 43 35 
cell-0-6-3 906 343 43 35 
cell-0-6-4 949 343 43 35 
cell-0-7-0 777 387 43 35 
cell-0-7-1 820 387 43 35 
cell-0-7-2 863 387 43 35 
cell-0-7-3 906 387 43 35 
cell-0-7-4 949 387 43 35 
cell-0-8-0 777 431 43 35 
cell-0-8-1 820 431 43 35 
cell-0-8-2 863 431 43 35 
cell-0-8-3 906 431 43 35 
cell-0-8-4 949 431 43 35 
cell-0-9-0 777 475 43 35 
cell-0-9-1 820 475 43 35 
cell-0-9-2 863 475 43 35 
cell-0-9-3 906 475 43 35 
cell-0-9-4 949 475 43 35 
cell-0-10-0 777 519 43 35 
cell-0-10-1 820 519 43 35 
cell-0-10-2 863 519 43 35 
cell-0-10-3 906 519 43 35 
cell-0-10-4 949 519 43 35 
cell-0-11-0 777 563 43 35 
cell-0-11-1 820 563 43 35 
cell-0-11-2 863 563 43 35 
cell-0-11-3 906 563 43 35 
cell-0-11-4 949 563 43 35 
cell-0-12-0 777 607 43 35 
cell-0-12-1 820 607 43 35 
cell-0-12-2 863 607 43 35 
cell-0-12-3 906 607 43 35 
cell-0-12-4 949 607 43 35 
cell-0-13-0 777 651 43 35 
cell-0-13-1 820 651 43 35 
cell-0-13-2 863 651 43 35 
cell-0-13-3 906 651 43 35 
cell-0-13-4 949 651 43 35 
table-2 350 561 259 432 
cell-2-0-0 350 561 43 35 
cell-2-0-1 393 561 43 35 
cell-2-0-2 436 561 43 35 
cell-2-0-3 479 561 43 35 
cell-2-0-4 522 561 43 35 
cell-2-0-5 565 561 43 35 
cell-2-1-0 350 605 43 35 
cell-2-1-1 393 605 43 35 
cell-2-1-2 436 605 43 35 
cell-2-1-3 479 605 43 35 
cell-2-1-4 522 605 43 35 
cell-2-1-5 565 605 43 35 
cell-2-2-0 350 649 43 35 
cell-2-2-1 393 649 43 35 
cell-2-2-2 436 649 43 35 
cell-2-2-3 479 649 43 35 
cell-2-2-4 522 649 43 35 
cell-2-2-5 565 649 43 35 
cell-2-3-0 350 693 43 35 
cell-2-3-1 393 693 43 35 
cell-2-3-2 436 693 43 35 
cell-2-3-3 479 693 43 35 
cell-2-3-4 522 693 43 35 
cell-2-3-5 565 693 43 35 
cell-2-4-0 350 737 43 35 
cell-2-4-1 393 737 43 35 
cell-2-4-2 436 737 43 35 
cell-2-4-3 479 737 43 35 
cell-2-4-4 522 737 43 35 
cell-2-4-5 565 737 43 35 
cell-2-5-0 350 781 43 35 
cell-2-5-1 393 781 43 35 
cell-2-5-2 436 781 43 35 
cell-2-5-3 479 781 43 35 
cell-2-5-4 522 781 43 35 
cell-2-5-5 565 781 43 35 
cell-2-6-0 350 825 43 35 
cell-2-6-1 393 825 43 35 
cell-2-6-2 436 825 43 35 
cell-2-6-3 479 825 43 35 
cell-2-6-4 522 825 43 35 
cell-2-6-5 565 825 43 35 
cell-2-7-0 350 869 43 35 
cell-2-7-1 393 869 43 35 
cell-2-7-2 436 869 43 35 
cell-2-7-3 479 869 43 35 
cell-2-7-4 522 869 43 35 
cell-2-7-5 565 869 43 35 
cell-2-8-0 350 913 43 35 
cell-2-8-1 393 913 43 35 
cell-2-8-2 436 913 43 35 
cell-2-8-3 479 913 43 35 
cell-2-8-4 522 913 43 35 
cell-2-8-5 565 913 43 35 
cell-2-9-0 350 957 43 35 
cell-2-9-1 393 957 43 35 
cell-2-9-2 436 957 43 35 
cell-2-9-3 479 957 43 35 
cell-2-9-4 522 957 43 35 
cell-2-9-5 565 957 43 35 
