table-0 160 379 680 502 
cell-0-0-0 160 379 43 41 
cell-0-0-1 203 379 43 41 
cell-0-0-2 246 379 43 41 
cell-0-0-3 289 379 43 41 
cell-0-0-4 332 379 43 41 
cell-0-0-5 375 379 464 41 
cell-0-1-0 160 425 43 41 
cell-0-1-1 203 425 43 41 
cell-0-1-2 246 425 43 41 
cell-0-1-3 289 425 43 41 
cell-0-1-4 332 425 43 41 
cell-0-1-5 375 425 464 41 
cell-0-2-0 160 471 43 41 
cell-0-2-1 203 471 43 41 
cell-0-2-2 246 471 43 41 
cell-0-2-3 289 471 43 41 
cell-0-2-4 332 471 43 41 
cell-0-2-5 375 471 464 41 
cell-0-3-0 160 517 43 41 
cell-0-3-1 203 517 43 41 
cell-0-3-2 246 517 43 41 
cell-0-3-3 289 517 43 41 
cell-0-3-4 332 517 43 41 
cell-0-3-5 375 517 464 41 
cell-0-4-0 160 563 43 41 
cell-0-4-1 203 563 43 41 
cell-0-4-2 246 563 43 41 
cell-0-4-3 289 563 43 41 
cell-0-4-4 332 563 43 41 
cell-0-4-5 375 563 464 41 
cell-0-5-0 160 609 43 41 
cell-0-5-1 203 609 43 41 
cell-0-5-2 246 609 43 41 
cell-0-5-3 289 609 43 41 
cell-0-5-4 332 609 43 41 
cell-0-5-5 375 609 464 41 
cell-0-6-0 160 655 43 41 
cell-0-6-1 203 655 43 41 
cell-0-6-2 246 655 43 41 
cell-0-6-3 289 655 43 41 
cell-0-6-4 332 655 43 41 
cell-0-6-5 375 655 464 41 
cell-0-7-0 160 701 43 41 
cell-0-7-1 203 701 43 41 
cell-0-7-2 246 701 43 41 
cell-0-7-3 289 701 43 41 
cell-0-7-4 332 701 43 41 
cell-0-7-5 375 701 464 41 
cell-0-8-0 160 747 43 41 
cell-0-8-1 203 747 43 41 
cell-0-8-2 246 747 43 41 
cell-0-8-3 289 747 43 41 
cell-0-8-4 332 747 43 41 
cell-0-8-5 375 747 464 41 
cell-0-9-0 160 793 43 41 
cell-0-9-1 203 793 43 41 
cell-0-9-2 246 793 43 41 
cell-0-9-3 289 793 43 41 
cell-0-9-4 332 793 43 41 
cell-0-9-5 375 793 464 41 
cell-0-10-0 160 839 43 41 
cell-0-10-1 203 839 43 41 
cell-0-10-2 246 839 43 41 
cell-0-10-3 289 839 43 41 
cell-0-10-4 332 839 43 41 
cell-0-10-5 375 839 464 41 
