table-0 221 356 817 390 
cell-0-1-0 221 356 38 35 
cell-0-1-1 262 356 38 35 
cell-0-1-2 303 356 38 35 
cell-0-1-3 344 356 38 35 
cell-0-1-4 385 356 38 35 
cell-0-1-5 426 356 38 35 
cell-0-1-6 467 356 38 35 
cell-0-1-7 508 356 38 35 
cell-0-1-8 549 356 38 35 
cell-0-1-9 590 356 38 35 
cell-0-1-10 631 356 38 35 
cell-0-1-11 672 356 38 35 
cell-0-1-12 713 356 38 35 
cell-0-1-13 754 356 38 35 
cell-0-1-14 795 356 38 35 
cell-0-1-15 836 356 38 35 
cell-0-1-16 877 356 38 35 
cell-0-1-17 918 356 38 35 
cell-0-1-18 959 356 38 35 
cell-0-1-19 1000 356 38 35 
cell-0-2-0 221 400 38 35 
cell-0-2-1 262 400 38 35 
cell-0-2-2 303 400 38 35 
cell-0-2-3 344 400 38 35 
cell-0-2-4 385 400 38 35 
cell-0-2-5 426 400 38 35 
cell-0-2-6 467 400 38 35 
cell-0-2-7 508 400 38 35 
cell-0-2-8 549 400 38 35 
cell-0-2-9 590 400 38 35 
cell-0-2-10 631 400 38 35 
cell-0-2-11 672 400 38 35 
cell-0-2-12 713 400 38 35 
cell-0-2-13 754 400 38 35 
cell-0-2-14 795 400 38 35 
cell-0-2-15 836 400 38 35 
cell-0-2-16 877 400 38 35 
cell-0-2-17 918 400 38 35 
cell-0-2-18 959 400 38 35 
cell-0-2-19 1000 400 38 35 
cell-0-3-0 221 444 38 35 
cell-0-3-1 262 444 38 35 
cell-0-3-2 303 444 38 35 
cell-0-3-3 344 444 38 35 
cell-0-3-4 385 444 38 35 
cell-0-3-5 426 444 38 35 
cell-0-3-6 467 444 38 35 
cell-0-3-7 508 444 38 35 
cell-0-3-8 549 444 38 35 
cell-0-3-9 590 444 38 35 
cell-0-3-10 631 444 38 35 
cell-0-3-11 672 444 38 35 
cell-0-3-12 713 444 38 35 
cell-0-3-13 754 444 38 35 
cell-0-3-14 795 444 38 35 
cell-0-3-15 836 444 38 35 
cell-0-3-16 877 444 38 35 
cell-0-3-17 918 444 38 35 
cell-0-3-18 959 444 38 35 
cell-0-3-19 1000 444 38 35 
cell-0-4-0 221 488 38 35 
cell-0-4-1 262 488 38 35 
cell-0-4-2 303 488 38 35 
cell-0-4-3 344 488 38 35 
cell-0-4-4 385 488 38 35 
cell-0-4-5 426 488 38 35 
cell-0-4-6 467 488 38 35 
cell-0-4-7 508 488 38 35 
cell-0-4-8 549 488 38 35 
cell-0-4-9 590 488 38 35 
cell-0-4-10 631 488 38 35 
cell-0-4-11 672 488 38 35 
cell-0-4-12 713 488 38 35 
cell-0-4-13 754 488 38 35 
cell-0-4-14 795 488 38 35 
cell-0-4-15 836 488 38 35 
cell-0-4-16 877 488 38 35 
cell-0-4-17 918 488 38 35 
cell-0-4-18 959 488 38 35 
cell-0-4-19 1000 488 38 35 
cell-0-5-0 221 532 38 35 
cell-0-5-1 262 532 38 35 
cell-0-5-2 303 532 38 35 
cell-0-5-3 344 532 38 35 
cell-0-5-4 385 532 38 35 
cell-0-5-5 426 532 38 35 
cell-0-5-6 467 532 38 35 
cell-0-5-7 508 532 38 35 
cell-0-5-8 549 532 38 35 
cell-0-5-9 590 532 38 35 
cell-0-5-10 631 532 38 35 
cell-0-5-11 672 532 38 35 
cell-0-5-12 713 532 38 35 
cell-0-5-13 754 532 38 35 
cell-0-5-14 795 532 38 35 
cell-0-5-15 836 532 38 35 
cell-0-5-16 877 532 38 35 
cell-0-5-17 918 532 38 35 
cell-0-5-18 959 532 38 35 
cell-0-5-19 1000 532 38 35 
cell-0-6-0 221 576 38 35 
cell-0-6-1 262 576 38 35 
cell-0-6-2 303 576 38 35 
cell-0-6-3 344 576 38 35 
cell-0-6-4 385 576 38 35 
cell-0-6-5 426 576 38 35 
cell-0-6-6 467 576 38 35 
cell-0-6-7 508 576 38 35 
cell-0-6-8 549 576 38 35 
cell-0-6-9 590 576 38 35 
cell-0-6-10 631 576 38 35 
cell-0-6-11 672 576 38 35 
cell-0-6-12 713 576 38 35 
cell-0-6-13 754 576 38 35 
cell-0-6-14 795 576 38 35 
cell-0-6-15 836 576 38 35 
cell-0-6-16 877 576 38 35 
cell-0-6-17 918 576 38 35 
cell-0-6-18 959 576 38 35 
cell-0-6-19 1000 576 38 35 
cell-0-7-0 221 620 38 35 
cell-0-7-1 262 620 38 35 
cell-0-7-2 303 620 38 35 
cell-0-7-3 344 620 38 35 
cell-0-7-4 385 620 38 35 
cell-0-7-5 426 620 38 35 
cell-0-7-6 467 620 38 35 
cell-0-7-7 508 620 38 35 
cell-0-7-8 549 620 38 35 
cell-0-7-9 590 620 38 35 
cell-0-7-10 631 620 38 35 
cell-0-7-11 672 620 38 35 
cell-0-7-12 713 620 38 35 
cell-0-7-13 754 620 38 35 
cell-0-7-14 795 620 38 35 
cell-0-7-15 836 620 38 35 
cell-0-7-16 877 620 38 35 
cell-0-7-17 918 620 38 35 
cell-0-7-18 959 620 38 35 
cell-0-7-19 1000 620 38 35 
cell-0-8-0 221 664 38 35 
cell-0-8-1 262 664 38 35 
cell-0-8-2 303 664 38 35 
cell-0-8-3 344 664 38 35 
cell-0-8-4 385 664 38 35 
cell-0-8-5 426 664 38 35 
cell-0-8-6 467 664 38 35 
cell-0-8-7 508 664 38 35 
cell-0-8-8 549 664 38 35 
cell-0-8-9 590 664 38 35 
cell-0-8-10 631 664 38 35 
cell-0-8-11 672 664 38 35 
cell-0-8-12 713 664 38 35 
cell-0-8-13 754 664 38 35 
cell-0-8-14 795 664 38 35 
cell-0-8-15 836 664 38 35 
cell-0-8-16 877 664 38 35 
cell-0-8-17 918 664 38 35 
cell-0-8-18 959 664 38 35 
cell-0-8-19 1000 664 38 35 
cell-0-9-0 221 708 38 35 
cell-0-9-1 262 708 38 35 
cell-0-9-2 303 708 38 35 
cell-0-9-3 344 708 38 35 
cell-0-9-4 385 708 38 35 
cell-0-9-5 426 708 38 35 
cell-0-9-6 467 708 38 35 
cell-0-9-7 508 708 38 35 
cell-0-9-8 549 708 38 35 
cell-0-9-9 590 708 38 35 
cell-0-9-10 631 708 38 35 
cell-0-9-11 672 708 38 35 
cell-0-9-12 713 708 38 35 
cell-0-9-13 754 708 38 35 
cell-0-9-14 795 708 38 35 
cell-0-9-15 836 708 38 35 
cell-0-9-16 877 708 38 35 
cell-0-9-17 918 708 38 35 
cell-0-9-18 959 708 38 35 
cell-0-9-19 1000 708 38 35 
