header-0 268 169 743 193 
row-1-1 268 169 263 40 
row-1-2 551 169 329 40 
row-2-1 268 219 296 40 
row-2-2 584 219 419 40 
row-3-1 268 269 494 40 
row-4-1 268 319 659 40 
table-1 254 636 590 586 
cell-1-0-0 254 636 44 43 
cell-1-0-1 298 636 44 43 
cell-1-0-2 342 636 44 43 
cell-1-0-3 386 636 44 43 
cell-1-0-4 430 636 44 43 
cell-1-0-5 474 636 366 43 
cell-1-1-0 254 690 44 43 
cell-1-1-1 298 690 44 43 
cell-1-1-2 342 690 44 43 
cell-1-1-3 386 690 44 43 
cell-1-1-4 430 690 44 43 
cell-1-1-5 474 690 366 43 
cell-1-2-0 254 744 44 43 
cell-1-2-1 298 744 44 43 
cell-1-2-2 342 744 44 43 
cell-1-2-3 386 744 44 43 
cell-1-2-4 430 744 44 43 
cell-1-2-5 474 744 366 43 
cell-1-3-0 254 798 44 43 
cell-1-3-1 298 798 44 43 
cell-1-3-2 342 798 44 43 
cell-1-3-3 386 798 44 43 
cell-1-3-4 430 798 44 43 
cell-1-3-5 474 798 366 43 
cell-1-4-0 254 852 44 43 
cell-1-4-1 298 852 44 43 
cell-1-4-2 342 852 44 43 
cell-1-4-3 386 852 44 43 
cell-1-4-4 430 852 44 43 
cell-1-4-5 474 852 366 43 
cell-1-5-0 254 906 44 43 
cell-1-5-1 298 906 44 43 
cell-1-5-2 342 906 44 43 
cell-1-5-3 386 906 44 43 
cell-1-5-4 430 906 44 43 
cell-1-5-5 474 906 366 43 
cell-1-6-0 254 960 44 43 
cell-1-6-1 298 960 44 43 
cell-1-6-2 342 960 44 43 
cell-1-6-3 386 960 44 43 
cell-1-6-4 430 960 44 43 
cell-1-6-5 474 960 366 43 
cell-1-7-0 254 1014 44 43 
cell-1-7-1 298 1014 44 43 
cell-1-7-2 342 1014 44 43 
cell-1-7-3 386 1014 44 43 
cell-1-7-4 430 1014 44 43 
cell-1-7-5 474 1014 366 43 
cell-1-8-0 254 1068 44 43 
cell-1-8-1 298 1068 44 43 
cell-1-8-2 342 1068 44 43 
cell-1-8-3 386 1068 44 43 
cell-1-8-4 430 1068 44 43 
cell-1-8-5 474 1068 366 43 
cell-1-9-0 254 1122 44 43 
cell-1-9-1 298 1122 44 43 
cell-1-9-2 342 1122 44 43 
cell-1-9-3 386 1122 44 43 
cell-1-9-4 430 1122 44 43 
cell-1-9-5 474 1122 366 43 
cell-1-10-0 254 1176 44 43 
cell-1-10-1 298 1176 44 43 
cell-1-10-2 342 1176 44 43 
cell-1-10-3 386 1176 44 43 
cell-1-10-4 430 1176 44 43 
cell-1-10-5 474 1176 366 43 
