table-0 197 89 667 666 
cell-0-0-0 197 89 43 41 
cell-0-0-1 240 89 43 41 
cell-0-0-2 283 89 43 41 
cell-0-0-3 326 89 43 41 
cell-0-0-4 369 89 43 41 
cell-0-0-5 412 89 43 41 
cell-0-0-6 455 89 409 41 
cell-0-1-0 197 137 43 41 
cell-0-1-1 240 137 43 41 
cell-0-1-2 283 137 43 41 
cell-0-1-3 326 137 43 41 
cell-0-1-4 369 137 43 41 
cell-0-1-5 412 137 43 41 
cell-0-1-6 455 137 409 41 
cell-0-2-0 197 185 43 41 
cell-0-2-1 240 185 43 41 
cell-0-2-2 283 185 43 41 
cell-0-2-3 326 185 43 41 
cell-0-2-4 369 185 43 41 
cell-0-2-5 412 185 43 41 
cell-0-2-6 455 185 409 41 
cell-0-3-0 197 233 43 41 
cell-0-3-1 240 233 43 41 
cell-0-3-2 283 233 43 41 
cell-0-3-3 326 233 43 41 
cell-0-3-4 369 233 43 41 
cell-0-3-5 412 233 43 41 
cell-0-3-6 455 233 409 41 
cell-0-4-0 197 281 43 41 
cell-0-4-1 240 281 43 41 
cell-0-4-2 283 281 43 41 
cell-0-4-3 326 281 43 41 
cell-0-4-4 369 281 43 41 
cell-0-4-5 412 281 43 41 
cell-0-4-6 455 281 409 41 
cell-0-5-0 197 329 43 41 
cell-0-5-1 240 329 43 41 
cell-0-5-2 283 329 43 41 
cell-0-5-3 326 329 43 41 
cell-0-5-4 369 329 43 41 
cell-0-5-5 412 329 43 41 
cell-0-5-6 455 329 409 41 
cell-0-6-0 197 377 43 41 
cell-0-6-1 240 377 43 41 
cell-0-6-2 283 377 43 41 
cell-0-6-3 326 377 43 41 
cell-0-6-4 369 377 43 41 
cell-0-6-5 412 377 43 41 
cell-0-6-6 455 377 409 41 
cell-0-7-0 197 425 43 41 
cell-0-7-1 240 425 43 41 
cell-0-7-2 283 425 43 41 
cell-0-7-3 326 425 43 41 
cell-0-7-4 369 425 43 41 
cell-0-7-5 412 425 43 41 
cell-0-7-6 455 425 409 41 
cell-0-8-0 197 473 43 41 
cell-0-8-1 240 473 43 41 
cell-0-8-2 283 473 43 41 
cell-0-8-3 326 473 43 41 
cell-0-8-4 369 473 43 41 
cell-0-8-5 412 473 43 41 
cell-0-8-6 455 473 409 41 
cell-0-9-0 197 521 43 41 
cell-0-9-1 240 521 43 41 
cell-0-9-2 283 521 43 41 
cell-0-9-3 326 521 43 41 
cell-0-9-4 369 521 43 41 
cell-0-9-5 412 521 43 41 
cell-0-9-6 455 521 409 41 
cell-0-10-0 197 569 43 41 
cell-0-10-1 240 569 43 41 
cell-0-10-2 283 569 43 41 
cell-0-10-3 326 569 43 41 
cell-0-10-4 369 569 43 41 
cell-0-10-5 412 569 43 41 
cell-0-10-6 455 569 409 41 
cell-0-11-0 197 617 43 41 
cell-0-11-1 240 617 43 41 
cell-0-11-2 283 617 43 41 
cell-0-11-3 326 617 43 41 
cell-0-11-4 369 617 43 41 
cell-0-11-5 412 617 43 41 
cell-0-11-6 455 617 409 41 
cell-0-12-0 197 665 43 41 
cell-0-12-1 240 665 43 41 
cell-0-12-2 283 665 43 41 
cell-0-12-3 326 665 43 41 
cell-0-12-4 369 665 43 41 
cell-0-12-5 412 665 43 41 
cell-0-12-6 455 665 409 41 
cell-0-13-0 197 713 43 41 
cell-0-13-1 240 713 43 41 
cell-0-13-2 283 713 43 41 
cell-0-13-3 326 713 43 41 
cell-0-13-4 369 713 43 41 
cell-0-13-5 412 713 43 41 
cell-0-13-6 455 713 409 41 
