table-0 153 443 700 348 
cell-0-1-0 153 443 34 35 
cell-0-1-1 190 443 34 35 
cell-0-1-2 227 443 34 35 
cell-0-1-3 264 443 34 35 
cell-0-1-4 301 443 34 35 
cell-0-1-5 338 443 34 35 
cell-0-1-6 375 443 34 35 
cell-0-1-7 412 443 34 35 
cell-0-1-8 449 443 34 35 
cell-0-1-9 486 443 34 35 
cell-0-1-10 523 443 34 35 
cell-0-1-11 560 443 34 35 
cell-0-1-12 597 443 34 35 
cell-0-1-13 634 443 34 35 
cell-0-1-14 671 443 34 35 
cell-0-1-15 708 443 34 35 
cell-0-1-16 745 443 34 35 
cell-0-1-17 782 443 34 35 
cell-0-1-18 819 443 34 35 
cell-0-2-0 153 495 34 35 
cell-0-2-1 190 495 34 35 
cell-0-2-2 227 495 34 35 
cell-0-2-3 264 495 34 35 
cell-0-2-4 301 495 34 35 
cell-0-2-5 338 495 34 35 
cell-0-2-6 375 495 34 35 
cell-0-2-7 412 495 34 35 
cell-0-2-8 449 495 34 35 
cell-0-2-9 486 495 34 35 
cell-0-2-10 523 495 34 35 
cell-0-2-11 560 495 34 35 
cell-0-2-12 597 495 34 35 
cell-0-2-13 634 495 34 35 
cell-0-2-14 671 495 34 35 
cell-0-2-15 708 495 34 35 
cell-0-2-16 745 495 34 35 
cell-0-2-17 782 495 34 35 
cell-0-2-18 819 495 34 35 
cell-0-3-0 153 547 34 35 
cell-0-3-1 190 547 34 35 
cell-0-3-2 227 547 34 35 
cell-0-3-3 264 547 34 35 
cell-0-3-4 301 547 34 35 
cell-0-3-5 338 547 34 35 
cell-0-3-6 375 547 34 35 
cell-0-3-7 412 547 34 35 
cell-0-3-8 449 547 34 35 
cell-0-3-9 486 547 34 35 
cell-0-3-10 523 547 34 35 
cell-0-3-11 560 547 34 35 
cell-0-3-12 597 547 34 35 
cell-0-3-13 634 547 34 35 
cell-0-3-14 671 547 34 35 
cell-0-3-15 708 547 34 35 
cell-0-3-16 745 547 34 35 
cell-0-3-17 782 547 34 35 
cell-0-3-18 819 547 34 35 
cell-0-4-0 153 599 34 35 
cell-0-4-1 190 599 34 35 
cell-0-4-2 227 599 34 35 
cell-0-4-3 264 599 34 35 
cell-0-4-4 301 599 34 35 
cell-0-4-5 338 599 34 35 
cell-0-4-6 375 599 34 35 
cell-0-4-7 412 599 34 35 
cell-0-4-8 449 599 34 35 
cell-0-4-9 486 599 34 35 
cell-0-4-10 523 599 34 35 
cell-0-4-11 560 599 34 35 
cell-0-4-12 597 599 34 35 
cell-0-4-13 634 599 34 35 
cell-0-4-14 671 599 34 35 
cell-0-4-15 708 599 34 35 
cell-0-4-16 745 599 34 35 
cell-0-4-17 782 599 34 35 
cell-0-4-18 819 599 34 35 
cell-0-5-0 153 651 34 35 
cell-0-5-1 190 651 34 35 
cell-0-5-2 227 651 34 35 
cell-0-5-3 264 651 34 35 
cell-0-5-4 301 651 34 35 
cell-0-5-5 338 651 34 35 
cell-0-5-6 375 651 34 35 
cell-0-5-7 412 651 34 35 
cell-0-5-8 449 651 34 35 
cell-0-5-9 486 651 34 35 
cell-0-5-10 523 651 34 35 
cell-0-5-11 560 651 34 35 
cell-0-5-12 597 651 34 35 
cell-0-5-13 634 651 34 35 
cell-0-5-14 671 651 34 35 
cell-0-5-15 708 651 34 35 
cell-0-5-16 745 651 34 35 
cell-0-5-17 782 651 34 35 
cell-0-5-18 819 651 34 35 
cell-0-6-0 153 703 34 35 
cell-0-6-1 190 703 34 35 
cell-0-6-2 227 703 34 35 
cell-0-6-3 264 703 34 35 
cell-0-6-4 301 703 34 35 
cell-0-6-5 338 703 34 35 
cell-0-6-6 375 703 34 35 
cell-0-6-7 412 703 34 35 
cell-0-6-8 449 703 34 35 
cell-0-6-9 486 703 34 35 
cell-0-6-10 523 703 34 35 
cell-0-6-11 560 703 34 35 
cell-0-6-12 597 703 34 35 
cell-0-6-13 634 703 34 35 
cell-0-6-14 671 703 34 35 
cell-0-6-15 708 703 34 35 
cell-0-6-16 745 703 34 35 
cell-0-6-17 782 703 34 35 
cell-0-6-18 819 703 34 35 
cell-0-7-0 153 755 34 35 
cell-0-7-1 190 755 34 35 
cell-0-7-2 227 755 34 35 
cell-0-7-3 264 755 34 35 
cell-0-7-4 301 755 34 35 
cell-0-7-5 338 755 34 35 
cell-0-7-6 375 755 34 35 
cell-0-7-7 412 755 34 35 
cell-0-7-8 449 755 34 35 
cell-0-7-9 486 755 34 35 
cell-0-7-10 523 755 34 35 
cell-0-7-11 560 755 34 35 
cell-0-7-12 597 755 34 35 
cell-0-7-13 634 755 34 35 
cell-0-7-14 671 755 34 35 
cell-0-7-15 708 755 34 35 
cell-0-7-16 745 755 34 35 
cell-0-7-17 782 755 34 35 
cell-0-7-18 819 755 34 35 
