header-0 102 1025 839 193 
row-1-1 102 1025 285 40 
row-1-2 407 1025 417 40 
row-2-1 102 1075 351 40 
row-2-2 473 1075 463 40 
row-3-1 102 1125 681 40 
row-4-1 102 1175 582 40 
table-1 418 327 587 483 
cell-1-0-0 418 327 43 41 
cell-1-0-1 461 327 43 41 
cell-1-0-2 504 327 43 41 
cell-1-0-3 547 327 43 41 
cell-1-0-4 590 327 413 41 
cell-1-1-0 418 376 43 41 
cell-1-1-1 461 376 43 41 
cell-1-1-2 504 376 43 41 
cell-1-1-3 547 376 43 41 
cell-1-1-4 590 376 413 41 
cell-1-2-0 418 425 43 41 
cell-1-2-1 461 425 43 41 
cell-1-2-2 504 425 43 41 
cell-1-2-3 547 425 43 41 
cell-1-2-4 590 425 413 41 
cell-1-3-0 418 474 43 41 
cell-1-3-1 461 474 43 41 
cell-1-3-2 504 474 43 41 
cell-1-3-3 547 474 43 41 
cell-1-3-4 590 474 413 41 
cell-1-4-0 418 523 43 41 
cell-1-4-1 461 523 43 41 
cell-1-4-2 504 523 43 41 
cell-1-4-3 547 523 43 41 
cell-1-4-4 590 523 413 41 
cell-1-5-0 418 572 43 41 
cell-1-5-1 461 572 43 41 
cell-1-5-2 504 572 43 41 
cell-1-5-3 547 572 43 41 
cell-1-5-4 590 572 413 41 
cell-1-6-0 418 621 43 41 
cell-1-6-1 461 621 43 41 
cell-1-6-2 504 621 43 41 
cell-1-6-3 547 621 43 41 
cell-1-6-4 590 621 413 41 
cell-1-7-0 418 670 43 41 
cell-1-7-1 461 670 43 41 
cell-1-7-2 504 670 43 41 
cell-1-7-3 547 670 43 41 
cell-1-7-4 590 670 413 41 
cell-1-8-0 418 719 43 41 
cell-1-8-1 461 719 43 41 
cell-1-8-2 504 719 43 41 
cell-1-8-3 547 719 43 41 
cell-1-8-4 590 719 413 41 
cell-1-9-0 418 768 43 41 
cell-1-9-1 461 768 43 41 
cell-1-9-2 504 768 43 41 
cell-1-9-3 547 768 43 41 
cell-1-9-4 590 768 413 41 
