table-0 127 66 643 774 
cell-0-0-0 127 66 45 43 
cell-0-0-1 172 66 45 43 
cell-0-0-2 217 66 45 43 
cell-0-0-3 262 66 45 43 
cell-0-0-4 307 66 461 43 
cell-0-1-0 127 118 45 43 
cell-0-1-1 172 118 45 43 
cell-0-1-2 217 118 45 43 
cell-0-1-3 262 118 45 43 
cell-0-1-4 307 118 461 43 
cell-0-2-0 127 170 45 43 
cell-0-2-1 172 170 45 43 
cell-0-2-2 217 170 45 43 
cell-0-2-3 262 170 45 43 
cell-0-2-4 307 170 461 43 
cell-0-3-0 127 222 45 43 
cell-0-3-1 172 222 45 43 
cell-0-3-2 217 222 45 43 
cell-0-3-3 262 222 45 43 
cell-0-3-4 307 222 461 43 
cell-0-4-0 127 274 45 43 
cell-0-4-1 172 274 45 43 
cell-0-4-2 217 274 45 43 
cell-0-4-3 262 274 45 43 
cell-0-4-4 307 274 461 43 
cell-0-5-0 127 326 45 43 
cell-0-5-1 172 326 45 43 
cell-0-5-2 217 326 45 43 
cell-0-5-3 262 326 45 43 
cell-0-5-4 307 326 461 43 
cell-0-6-0 127 378 45 43 
cell-0-6-1 172 378 45 43 
cell-0-6-2 217 378 45 43 
cell-0-6-3 262 378 45 43 
cell-0-6-4 307 378 461 43 
cell-0-7-0 127 430 45 43 
cell-0-7-1 172 430 45 43 
cell-0-7-2 217 430 45 43 
cell-0-7-3 262 430 45 43 
cell-0-7-4 307 430 461 43 
cell-0-8-0 127 482 45 43 
cell-0-8-1 172 482 45 43 
cell-0-8-2 217 482 45 43 
cell-0-8-3 262 482 45 43 
cell-0-8-4 307 482 461 43 
cell-0-9-0 127 534 45 43 
cell-0-9-1 172 534 45 43 
cell-0-9-2 217 534 45 43 
cell-0-9-3 262 534 45 43 
cell-0-9-4 307 534 461 43 
cell-0-10-0 127 586 45 43 
cell-0-10-1 172 586 45 43 
cell-0-10-2 217 586 45 43 
cell-0-10-3 262 586 45 43 
cell-0-10-4 307 586 461 43 
cell-0-11-0 127 638 45 43 
cell-0-11-1 172 638 45 43 
cell-0-11-2 217 638 45 43 
cell-0-11-3 262 638 45 43 
cell-0-11-4 307 638 461 43 
cell-0-12-0 127 690 45 43 
cell-0-12-1 172 690 45 43 
cell-0-12-2 217 690 45 43 
cell-0-12-3 262 690 45 43 
cell-0-12-4 307 690 461 43 
cell-0-13-0 127 742 45 43 
cell-0-13-1 172 742 45 43 
cell-0-13-2 217 742 45 43 
cell-0-13-3 262 742 45 43 
cell-0-13-4 307 742 461 43 
cell-0-14-0 127 794 45 43 
cell-0-14-1 172 794 45 43 
cell-0-14-2 217 794 45 43 
cell-0-14-3 262 794 45 43 
cell-0-14-4 307 794 461 43 
