table-0 309 465 725 464 
cell-0-0-0 309 465 43 42 
cell-0-0-1 352 465 43 42 
cell-0-0-2 395 465 43 42 
cell-0-0-3 438 465 43 42 
cell-0-0-4 481 465 43 42 
cell-0-0-5 524 465 43 42 
cell-0-0-6 567 465 463 42 
cell-0-1-0 309 507 43 42 
cell-0-1-1 352 507 43 42 
cell-0-1-2 395 507 43 42 
cell-0-1-3 438 507 43 42 
cell-0-1-4 481 507 43 42 
cell-0-1-5 524 507 43 42 
cell-0-1-6 567 507 463 42 
cell-0-2-0 309 549 43 42 
cell-0-2-1 352 549 43 42 
cell-0-2-2 395 549 43 42 
cell-0-2-3 438 549 43 42 
cell-0-2-4 481 549 43 42 
cell-0-2-5 524 549 43 42 
cell-0-2-6 567 549 463 42 
cell-0-3-0 309 591 43 42 
cell-0-3-1 352 591 43 42 
cell-0-3-2 395 591 43 42 
cell-0-3-3 438 591 43 42 
cell-0-3-4 481 591 43 42 
cell-0-3-5 524 591 43 42 
cell-0-3-6 567 591 463 42 
cell-0-4-0 309 633 43 42 
cell-0-4-1 352 633 43 42 
cell-0-4-2 395 633 43 42 
cell-0-4-3 438 633 43 42 
cell-0-4-4 481 633 43 42 
cell-0-4-5 524 633 43 42 
cell-0-4-6 567 633 463 42 
cell-0-5-0 309 675 43 42 
cell-0-5-1 352 675 43 42 
cell-0-5-2 395 675 43 42 
cell-0-5-3 438 675 43 42 
cell-0-5-4 481 675 43 42 
cell-0-5-5 524 675 43 42 
cell-0-5-6 567 675 463 42 
cell-0-6-0 309 717 43 42 
cell-0-6-1 352 717 43 42 
cell-0-6-2 395 717 43 42 
cell-0-6-3 438 717 43 42 
cell-0-6-4 481 717 43 42 
cell-0-6-5 524 717 43 42 
cell-0-6-6 567 717 463 42 
cell-0-7-0 309 759 43 42 
cell-0-7-1 352 759 43 42 
cell-0-7-2 395 759 43 42 
cell-0-7-3 438 759 43 42 
cell-0-7-4 481 759 43 42 
cell-0-7-5 524 759 43 42 
cell-0-7-6 567 759 463 42 
cell-0-8-0 309 801 43 42 
cell-0-8-1 352 801 43 42 
cell-0-8-2 395 801 43 42 
cell-0-8-3 438 801 43 42 
cell-0-8-4 481 801 43 42 
cell-0-8-5 524 801 43 42 
cell-0-8-6 567 801 463 42 
cell-0-9-0 309 843 43 42 
cell-0-9-1 352 843 43 42 
cell-0-9-2 395 843 43 42 
cell-0-9-3 438 843 43 42 
cell-0-9-4 481 843 43 42 
cell-0-9-5 524 843 43 42 
cell-0-9-6 567 843 463 42 
cell-0-10-0 309 885 43 42 
cell-0-10-1 352 885 43 42 
cell-0-10-2 395 885 43 42 
cell-0-10-3 438 885 43 42 
cell-0-10-4 481 885 43 42 
cell-0-10-5 524 885 43 42 
cell-0-10-6 567 885 463 42 
