table-0 773 690 266 427 
cell-0-0-0 773 690 44 35 
cell-0-0-1 817 690 44 35 
cell-0-0-2 861 690 44 35 
cell-0-0-3 905 690 44 35 
cell-0-0-4 949 690 44 35 
cell-0-0-5 993 690 44 35 
cell-0-1-0 773 729 44 35 
cell-0-1-1 817 729 44 35 
cell-0-1-2 861 729 44 35 
cell-0-1-3 905 729 44 35 
cell-0-1-4 949 729 44 35 
cell-0-1-5 993 729 44 35 
cell-0-2-0 773 768 44 35 
cell-0-2-1 817 768 44 35 
cell-0-2-2 861 768 44 35 
cell-0-2-3 905 768 44 35 
cell-0-2-4 949 768 44 35 
cell-0-2-5 993 768 44 35 
cell-0-3-0 773 807 44 35 
cell-0-3-1 817 807 44 35 
cell-0-3-2 861 807 44 35 
cell-0-3-3 905 807 44 35 
cell-0-3-4 949 807 44 35 
cell-0-3-5 993 807 44 35 
cell-0-4-0 773 846 44 35 
cell-0-4-1 817 846 44 35 
cell-0-4-2 861 846 44 35 
cell-0-4-3 905 846 44 35 
cell-0-4-4 949 846 44 35 
cell-0-4-5 993 846 44 35 
cell-0-5-0 773 885 44 35 
cell-0-5-1 817 885 44 35 
cell-0-5-2 861 885 44 35 
cell-0-5-3 905 885 44 35 
cell-0-5-4 949 885 44 35 
cell-0-5-5 993 885 44 35 
cell-0-6-0 773 924 44 35 
cell-0-6-1 817 924 44 35 
cell-0-6-2 861 924 44 35 
cell-0-6-3 905 924 44 35 
cell-0-6-4 949 924 44 35 
cell-0-6-5 993 924 44 35 
cell-0-7-0 773 963 44 35 
cell-0-7-1 817 963 44 35 
cell-0-7-2 861 963 44 35 
cell-0-7-3 905 963 44 35 
cell-0-7-4 949 963 44 35 
cell-0-7-5 993 963 44 35 
cell-0-8-0 773 1002 44 35 
cell-0-8-1 817 1002 44 35 
cell-0-8-2 861 1002 44 35 
cell-0-8-3 905 1002 44 35 
cell-0-8-4 949 1002 44 35 
cell-0-8-5 993 1002 44 35 
cell-0-9-0 773 1041 44 35 
cell-0-9-1 817 1041 44 35 
cell-0-9-2 861 1041 44 35 
cell-0-9-3 905 1041 44 35 
cell-0-9-4 949 1041 44 35 
cell-0-9-5 993 1041 44 35 
cell-0-10-0 773 1080 44 35 
cell-0-10-1 817 1080 44 35 
cell-0-10-2 861 1080 44 35 
cell-0-10-3 905 1080 44 35 
cell-0-10-4 949 1080 44 35 
cell-0-10-5 993 1080 44 35 
