table-0 126 115 259 564 
cell-0-0-0 126 115 43 35 
cell-0-0-1 169 115 43 35 
cell-0-0-2 212 115 43 35 
cell-0-0-3 255 115 43 35 
cell-0-0-4 298 115 43 35 
cell-0-0-5 341 115 43 35 
cell-0-1-0 126 163 43 35 
cell-0-1-1 169 163 43 35 
cell-0-1-2 212 163 43 35 
cell-0-1-3 255 163 43 35 
cell-0-1-4 298 163 43 35 
cell-0-1-5 341 163 43 35 
cell-0-2-0 126 211 43 35 
cell-0-2-1 169 211 43 35 
cell-0-2-2 212 211 43 35 
cell-0-2-3 255 211 43 35 
cell-0-2-4 298 211 43 35 
cell-0-2-5 341 211 43 35 
cell-0-3-0 126 259 43 35 
cell-0-3-1 169 259 43 35 
cell-0-3-2 212 259 43 35 
cell-0-3-3 255 259 43 35 
cell-0-3-4 298 259 43 35 
cell-0-3-5 341 259 43 35 
cell-0-4-0 126 307 43 35 
cell-0-4-1 169 307 43 35 
cell-0-4-2 212 307 43 35 
cell-0-4-3 255 307 43 35 
cell-0-4-4 298 307 43 35 
cell-0-4-5 341 307 43 35 
cell-0-5-0 126 355 43 35 
cell-0-5-1 169 355 43 35 
cell-0-5-2 212 355 43 35 
cell-0-5-3 255 355 43 35 
cell-0-5-4 298 355 43 35 
cell-0-5-5 341 355 43 35 
cell-0-6-0 126 403 43 35 
cell-0-6-1 169 403 43 35 
cell-0-6-2 212 403 43 35 
cell-0-6-3 255 403 43 35 
cell-0-6-4 298 403 43 35 
cell-0-6-5 341 403 43 35 
cell-0-7-0 126 451 43 35 
cell-0-7-1 169 451 43 35 
cell-0-7-2 212 451 43 35 
cell-0-7-3 255 451 43 35 
cell-0-7-4 298 451 43 35 
cell-0-7-5 341 451 43 35 
cell-0-8-0 126 499 43 35 
cell-0-8-1 169 499 43 35 
cell-0-8-2 212 499 43 35 
cell-0-8-3 255 499 43 35 
cell-0-8-4 298 499 43 35 
cell-0-8-5 341 499 43 35 
cell-0-9-0 126 547 43 35 
cell-0-9-1 169 547 43 35 
cell-0-9-2 212 547 43 35 
cell-0-9-3 255 547 43 35 
cell-0-9-4 298 547 43 35 
cell-0-9-5 341 547 43 35 
cell-0-10-0 126 595 43 35 
cell-0-10-1 169 595 43 35 
cell-0-10-2 212 595 43 35 
cell-0-10-3 255 595 43 35 
cell-0-10-4 298 595 43 35 
cell-0-10-5 341 595 43 35 
cell-0-11-0 126 643 43 35 
cell-0-11-1 169 643 43 35 
cell-0-11-2 212 643 43 35 
cell-0-11-3 255 643 43 35 
cell-0-11-4 298 643 43 35 
cell-0-11-5 341 643 43 35 
table-1 520 1221 448 155 
cell-1-1-0 520 1221 38 35 
cell-1-1-1 561 1221 38 35 
cell-1-1-2 602 1221 38 35 
cell-1-1-3 643 1221 38 35 
cell-1-1-4 684 1221 38 35 
cell-1-1-5 725 1221 38 35 
cell-1-1-6 766 1221 38 35 
cell-1-1-7 807 1221 38 35 
cell-1-1-8 848 1221 38 35 
cell-1-1-9 889 1221 38 35 
cell-1-1-10 930 1221 38 35 
cell-1-2-0 520 1260 38 35 
cell-1-2-1 561 1260 38 35 
cell-1-2-2 602 1260 38 35 
cell-1-2-3 643 1260 38 35 
cell-1-2-4 684 1260 38 35 
cell-1-2-5 725 1260 38 35 
cell-1-2-6 766 1260 38 35 
cell-1-2-7 807 1260 38 35 
cell-1-2-8 848 1260 38 35 
cell-1-2-9 889 1260 38 35 
cell-1-2-10 930 1260 38 35 
cell-1-3-0 520 1299 38 35 
cell-1-3-1 561 1299 38 35 
cell-1-3-2 602 1299 38 35 
cell-1-3-3 643 1299 38 35 
cell-1-3-4 684 1299 38 35 
cell-1-3-5 725 1299 38 35 
cell-1-3-6 766 1299 38 35 
cell-1-3-7 807 1299 38 35 
cell-1-3-8 848 1299 38 35 
cell-1-3-9 889 1299 38 35 
cell-1-3-10 930 1299 38 35 
cell-1-4-0 520 1338 38 35 
cell-1-4-1 561 1338 38 35 
cell-1-4-2 602 1338 38 35 
cell-1-4-3 643 1338 38 35 
cell-1-4-4 684 1338 38 35 
cell-1-4-5 725 1338 38 35 
cell-1-4-6 766 1338 38 35 
cell-1-4-7 807 1338 38 35 
cell-1-4-8 848 1338 38 35 
cell-1-4-9 889 1338 38 35 
cell-1-4-10 930 1338 38 35 
