table-0 285 393 173 465 
cell-0-0-0 285 393 43 35 
cell-0-0-1 328 393 43 35 
cell-0-0-2 371 393 43 35 
cell-0-0-3 414 393 43 35 
cell-0-1-0 285 432 43 35 
cell-0-1-1 328 432 43 35 
cell-0-1-2 371 432 43 35 
cell-0-1-3 414 432 43 35 
cell-0-2-0 285 471 43 35 
cell-0-2-1 328 471 43 35 
cell-0-2-2 371 471 43 35 
cell-0-2-3 414 471 43 35 
cell-0-3-0 285 510 43 35 
cell-0-3-1 328 510 43 35 
cell-0-3-2 371 510 43 35 
cell-0-3-3 414 510 43 35 
cell-0-4-0 285 549 43 35 
cell-0-4-1 328 549 43 35 
cell-0-4-2 371 549 43 35 
cell-0-4-3 414 549 43 35 
cell-0-5-0 285 588 43 35 
cell-0-5-1 328 588 43 35 
cell-0-5-2 371 588 43 35 
cell-0-5-3 414 588 43 35 
cell-0-6-0 285 627 43 35 
cell-0-6-1 328 627 43 35 
cell-0-6-2 371 627 43 35 
cell-0-6-3 414 627 43 35 
cell-0-7-0 285 666 43 35 
cell-0-7-1 328 666 43 35 
cell-0-7-2 371 666 43 35 
cell-0-7-3 414 666 43 35 
cell-0-8-0 285 705 43 35 
cell-0-8-1 328 705 43 35 
cell-0-8-2 371 705 43 35 
cell-0-8-3 414 705 43 35 
cell-0-9-0 285 744 43 35 
cell-0-9-1 328 744 43 35 
cell-0-9-2 371 744 43 35 
cell-0-9-3 414 744 43 35 
cell-0-10-0 285 783 43 35 
cell-0-10-1 328 783 43 35 
cell-0-10-2 371 783 43 35 
cell-0-10-3 414 783 43 35 
cell-0-11-0 285 822 43 35 
cell-0-11-1 328 822 43 35 
cell-0-11-2 371 822 43 35 
cell-0-11-3 414 822 43 35 
table-1 661 258 183 649 
cell-1-0-0 661 258 45 35 
cell-1-0-1 706 258 45 35 
cell-1-0-2 751 258 45 35 
cell-1-0-3 796 258 45 35 
cell-1-1-0 661 305 45 35 
cell-1-1-1 706 305 45 35 
cell-1-1-2 751 305 45 35 
cell-1-1-3 796 305 45 35 
cell-1-2-0 661 352 45 35 
cell-1-2-1 706 352 45 35 
cell-1-2-2 751 352 45 35 
cell-1-2-3 796 352 45 35 
cell-1-3-0 661 399 45 35 
cell-1-3-1 706 399 45 35 
cell-1-3-2 751 399 45 35 
cell-1-3-3 796 399 45 35 
cell-1-4-0 661 446 45 35 
cell-1-4-1 706 446 45 35 
cell-1-4-2 751 446 45 35 
cell-1-4-3 796 446 45 35 
cell-1-5-0 661 493 45 35 
cell-1-5-1 706 493 45 35 
cell-1-5-2 751 493 45 35 
cell-1-5-3 796 493 45 35 
cell-1-6-0 661 540 45 35 
cell-1-6-1 706 540 45 35 
cell-1-6-2 751 540 45 35 
cell-1-6-3 796 540 45 35 
cell-1-7-0 661 587 45 35 
cell-1-7-1 706 587 45 35 
cell-1-7-2 751 587 45 35 
cell-1-7-3 796 587 45 35 
cell-1-8-0 661 634 45 35 
cell-1-8-1 706 634 45 35 
cell-1-8-2 751 634 45 35 
cell-1-8-3 796 634 45 35 
cell-1-9-0 661 681 45 35 
cell-1-9-1 706 681 45 35 
cell-1-9-2 751 681 45 35 
cell-1-9-3 796 681 45 35 
cell-1-10-0 661 728 45 35 
cell-1-10-1 706 728 45 35 
cell-1-10-2 751 728 45 35 
cell-1-10-3 796 728 45 35 
cell-1-11-0 661 775 45 35 
cell-1-11-1 706 775 45 35 
cell-1-11-2 751 775 45 35 
cell-1-11-3 796 775 45 35 
cell-1-12-0 661 822 45 35 
cell-1-12-1 706 822 45 35 
cell-1-12-2 751 822 45 35 
cell-1-12-3 796 822 45 35 
cell-1-13-0 661 869 45 35 
cell-1-13-1 706 869 45 35 
cell-1-13-2 751 869 45 35 
cell-1-13-3 796 869 45 35 
