header-0 144 95 718 193 
row-1-1 144 95 363 40 
row-1-2 527 95 330 40 
row-2-1 144 145 264 40 
row-2-2 428 145 425 40 
row-3-1 144 195 462 40 
row-4-1 144 245 693 40 
table-2 106 729 900 260 
cell-2-0-0 106 729 180 30 
cell-2-0-1 286 729 180 30 
cell-2-0-2 466 729 180 30 
cell-2-0-3 646 729 180 30 
cell-2-0-4 826 729 180 30 
cell-2-1-0 106 767 180 30 
cell-2-1-1 286 767 180 30 
cell-2-1-2 466 767 180 30 
cell-2-1-3 646 767 180 30 
cell-2-1-4 826 767 180 30 
cell-2-2-0 106 805 180 30 
cell-2-2-1 286 805 180 30 
cell-2-2-2 466 805 180 30 
cell-2-2-3 646 805 180 30 
cell-2-2-4 826 805 180 30 
cell-2-3-0 106 843 180 30 
cell-2-3-1 286 843 180 30 
cell-2-3-2 466 843 180 30 
cell-2-3-3 646 843 180 30 
cell-2-3-4 826 843 180 30 
cell-2-4-0 106 881 180 30 
cell-2-4-1 286 881 180 30 
cell-2-4-2 466 881 180 30 
cell-2-4-3 646 881 180 30 
cell-2-4-4 826 881 180 30 
cell-2-5-0 106 919 180 30 
cell-2-5-1 286 919 180 30 
cell-2-5-2 466 919 180 30 
cell-2-5-3 646 919 180 30 
cell-2-5-4 826 919 180 30 
cell-2-6-0 106 957 180 30 
cell-2-6-1 286 957 180 30 
cell-2-6-2 466 957 180 30 
cell-2-6-3 646 957 180 30 
cell-2-6-4 826 957 180 30 
