table-0 516 780 448 262 
cell-0-1-0 516 780 38 35 
cell-0-1-1 557 780 38 35 
cell-0-1-2 598 780 38 35 
cell-0-1-3 639 780 38 35 
cell-0-1-4 680 780 38 35 
cell-0-1-5 721 780 38 35 
cell-0-1-6 762 780 38 35 
cell-0-1-7 803 780 38 35 
cell-0-1-8 844 780 38 35 
cell-0-1-9 885 780 38 35 
cell-0-1-10 926 780 38 35 
cell-0-2-0 516 836 38 35 
cell-0-2-1 557 836 38 35 
cell-0-2-2 598 836 38 35 
cell-0-2-3 639 836 38 35 
cell-0-2-4 680 836 38 35 
cell-0-2-5 721 836 38 35 
cell-0-2-6 762 836 38 35 
cell-0-2-7 803 836 38 35 
cell-0-2-8 844 836 38 35 
cell-0-2-9 885 836 38 35 
cell-0-2-10 926 836 38 35 
cell-0-3-0 516 892 38 35 
cell-0-3-1 557 892 38 35 
cell-0-3-2 598 892 38 35 
cell-0-3-3 639 892 38 35 
cell-0-3-4 680 892 38 35 
cell-0-3-5 721 892 38 35 
cell-0-3-6 762 892 38 35 
cell-0-3-7 803 892 38 35 
cell-0-3-8 844 892 38 35 
cell-0-3-9 885 892 38 35 
cell-0-3-10 926 892 38 35 
cell-0-4-0 516 948 38 35 
cell-0-4-1 557 948 38 35 
cell-0-4-2 598 948 38 35 
cell-0-4-3 639 948 38 35 
cell-0-4-4 680 948 38 35 
cell-0-4-5 721 948 38 35 
cell-0-4-6 762 948 38 35 
cell-0-4-7 803 948 38 35 
cell-0-4-8 844 948 38 35 
cell-0-4-9 885 948 38 35 
cell-0-4-10 926 948 38 35 
cell-0-5-0 516 1004 38 35 
cell-0-5-1 557 1004 38 35 
cell-0-5-2 598 1004 38 35 
cell-0-5-3 639 1004 38 35 
cell-0-5-4 680 1004 38 35 
cell-0-5-5 721 1004 38 35 
cell-0-5-6 762 1004 38 35 
cell-0-5-7 803 1004 38 35 
cell-0-5-8 844 1004 38 35 
cell-0-5-9 885 1004 38 35 
cell-0-5-10 926 1004 38 35 
