table-0 184 767 800 455 
cell-0-0-0 184 767 100 56 
cell-0-0-1 284 767 100 56 
cell-0-0-2 384 767 100 56 
cell-0-0-3 484 767 100 56 
cell-0-0-4 584 767 100 56 
cell-0-0-5 684 767 100 56 
cell-0-0-6 784 767 100 56 
cell-0-0-7 884 767 100 56 
cell-0-1-0 184 833 100 56 
cell-0-1-1 284 833 100 56 
cell-0-1-2 384 833 100 56 
cell-0-1-3 484 833 100 56 
cell-0-1-4 584 833 100 56 
cell-0-1-5 684 833 100 56 
cell-0-1-6 784 833 100 56 
cell-0-1-7 884 833 100 56 
cell-0-2-0 184 899 100 56 
cell-0-2-1 284 899 100 56 
cell-0-2-2 384 899 100 56 
cell-0-2-3 484 899 100 56 
cell-0-2-4 584 899 100 56 
cell-0-2-5 684 899 100 56 
cell-0-2-6 784 899 100 56 
cell-0-2-7 884 899 100 56 
cell-0-3-0 184 965 100 56 
cell-0-3-1 284 965 100 56 
cell-0-3-2 384 965 100 56 
cell-0-3-3 484 965 100 56 
cell-0-3-4 584 965 100 56 
cell-0-3-5 684 965 100 56 
cell-0-3-6 784 965 100 56 
cell-0-3-7 884 965 100 56 
cell-0-4-0 184 1031 100 56 
cell-0-4-1 284 1031 100 56 
cell-0-4-2 384 1031 100 56 
cell-0-4-3 484 1031 100 56 
cell-0-4-4 584 1031 100 56 
cell-0-4-5 684 1031 100 56 
cell-0-4-6 784 1031 100 56 
cell-0-4-7 884 1031 100 56 
cell-0-5-0 184 1097 100 56 
cell-0-5-1 284 1097 100 56 
cell-0-5-2 384 1097 100 56 
cell-0-5-3 484 1097 100 56 
cell-0-5-4 584 1097 100 56 
cell-0-5-5 684 1097 100 56 
cell-0-5-6 784 1097 100 56 
cell-0-5-7 884 1097 100 56 
cell-0-6-0 184 1163 100 56 
cell-0-6-1 284 1163 100 56 
cell-0-6-2 384 1163 100 56 
cell-0-6-3 484 1163 100 56 
cell-0-6-4 584 1163 100 56 
cell-0-6-5 684 1163 100 56 
cell-0-6-6 784 1163 100 56 
cell-0-6-7 884 1163 100 56 
