header-0 87 1257 765 195 
row-1-1 87 1257 259 41 
row-1-2 366 1257 292 41 
row-2-1 87 1308 292 41 
row-2-2 399 1308 452 41 
row-3-1 87 1359 490 41 
row-4-1 87 1410 622 41 
table-1 264 396 580 413 
cell-1-1-0 264 396 34 35 
cell-1-1-1 298 396 34 35 
cell-1-1-2 332 396 34 35 
cell-1-1-3 366 396 34 35 
cell-1-1-4 400 396 34 35 
cell-1-1-5 434 396 34 35 
cell-1-1-6 468 396 34 35 
cell-1-1-7 502 396 34 35 
cell-1-1-8 536 396 34 35 
cell-1-1-9 570 396 34 35 
cell-1-1-10 604 396 34 35 
cell-1-1-11 638 396 34 35 
cell-1-1-12 672 396 34 35 
cell-1-1-13 706 396 34 35 
cell-1-1-14 740 396 34 35 
cell-1-1-15 774 396 34 35 
cell-1-1-16 808 396 34 35 
cell-1-2-0 264 443 34 35 
cell-1-2-1 298 443 34 35 
cell-1-2-2 332 443 34 35 
cell-1-2-3 366 443 34 35 
cell-1-2-4 400 443 34 35 
cell-1-2-5 434 443 34 35 
cell-1-2-6 468 443 34 35 
cell-1-2-7 502 443 34 35 
cell-1-2-8 536 443 34 35 
cell-1-2-9 570 443 34 35 
cell-1-2-10 604 443 34 35 
cell-1-2-11 638 443 34 35 
cell-1-2-12 672 443 34 35 
cell-1-2-13 706 443 34 35 
cell-1-2-14 740 443 34 35 
cell-1-2-15 774 443 34 35 
cell-1-2-16 808 443 34 35 
cell-1-3-0 264 490 34 35 
cell-1-3-1 298 490 34 35 
cell-1-3-2 332 490 34 35 
cell-1-3-3 366 490 34 35 
cell-1-3-4 400 490 34 35 
cell-1-3-5 434 490 34 35 
cell-1-3-6 468 490 34 35 
cell-1-3-7 502 490 34 35 
cell-1-3-8 536 490 34 35 
cell-1-3-9 570 490 34 35 
cell-1-3-10 604 490 34 35 
cell-1-3-11 638 490 34 35 
cell-1-3-12 672 490 34 35 
cell-1-3-13 706 490 34 35 
cell-1-3-14 740 490 34 35 
cell-1-3-15 774 490 34 35 
cell-1-3-16 808 490 34 35 
cell-1-4-0 264 537 34 35 
cell-1-4-1 298 537 34 35 
cell-1-4-2 332 537 34 35 
cell-1-4-3 366 537 34 35 
cell-1-4-4 400 537 34 35 
cell-1-4-5 434 537 34 35 
cell-1-4-6 468 537 34 35 
cell-1-4-7 502 537 34 35 
cell-1-4-8 536 537 34 35 
cell-1-4-9 570 537 34 35 
cell-1-4-10 604 537 34 35 
cell-1-4-11 638 537 34 35 
cell-1-4-12 672 537 34 35 
cell-1-4-13 706 537 34 35 
cell-1-4-14 740 537 34 35 
cell-1-4-15 774 537 34 35 
cell-1-4-16 808 537 34 35 
cell-1-5-0 264 584 34 35 
cell-1-5-1 298 584 34 35 
cell-1-5-2 332 584 34 35 
cell-1-5-3 366 584 34 35 
cell-1-5-4 400 584 34 35 
cell-1-5-5 434 584 34 35 
cell-1-5-6 468 584 34 35 
cell-1-5-7 502 584 34 35 
cell-1-5-8 536 584 34 35 
cell-1-5-9 570 584 34 35 
cell-1-5-10 604 584 34 35 
cell-1-5-11 638 584 34 35 
cell-1-5-12 672 584 34 35 
cell-1-5-13 706 584 34 35 
cell-1-5-14 740 584 34 35 
cell-1-5-15 774 584 34 35 
cell-1-5-16 808 584 34 35 
cell-1-6-0 264 631 34 35 
cell-1-6-1 298 631 34 35 
cell-1-6-2 332 631 34 35 
cell-1-6-3 366 631 34 35 
cell-1-6-4 400 631 34 35 
cell-1-6-5 434 631 34 35 
cell-1-6-6 468 631 34 35 
cell-1-6-7 502 631 34 35 
cell-1-6-8 536 631 34 35 
cell-1-6-9 570 631 34 35 
cell-1-6-10 604 631 34 35 
cell-1-6-11 638 631 34 35 
cell-1-6-12 672 631 34 35 
cell-1-6-13 706 631 34 35 
cell-1-6-14 740 631 34 35 
cell-1-6-15 774 631 34 35 
cell-1-6-16 808 631 34 35 
cell-1-7-0 264 678 34 35 
cell-1-7-1 298 678 34 35 
cell-1-7-2 332 678 34 35 
cell-1-7-3 366 678 34 35 
cell-1-7-4 400 678 34 35 
cell-1-7-5 434 678 34 35 
cell-1-7-6 468 678 34 35 
cell-1-7-7 502 678 34 35 
cell-1-7-8 536 678 34 35 
cell-1-7-9 570 678 34 35 
cell-1-7-10 604 678 34 35 
cell-1-7-11 638 678 34 35 
cell-1-7-12 672 678 34 35 
cell-1-7-13 706 678 34 35 
cell-1-7-14 740 678 34 35 
cell-1-7-15 774 678 34 35 
cell-1-7-16 808 678 34 35 
cell-1-8-0 264 725 34 35 
cell-1-8-1 298 725 34 35 
cell-1-8-2 332 725 34 35 
cell-1-8-3 366 725 34 35 
cell-1-8-4 400 725 34 35 
cell-1-8-5 434 725 34 35 
cell-1-8-6 468 725 34 35 
cell-1-8-7 502 725 34 35 
cell-1-8-8 536 725 34 35 
cell-1-8-9 570 725 34 35 
cell-1-8-10 604 725 34 35 
cell-1-8-11 638 725 34 35 
cell-1-8-12 672 725 34 35 
cell-1-8-13 706 725 34 35 
cell-1-8-14 740 725 34 35 
cell-1-8-15 774 725 34 35 
cell-1-8-16 808 725 34 35 
cell-1-9-0 264 772 34 35 
cell-1-9-1 298 772 34 35 
cell-1-9-2 332 772 34 35 
cell-1-9-3 366 772 34 35 
cell-1-9-4 400 772 34 35 
cell-1-9-5 434 772 34 35 
cell-1-9-6 468 772 34 35 
cell-1-9-7 502 772 34 35 
cell-1-9-8 536 772 34 35 
cell-1-9-9 570 772 34 35 
cell-1-9-10 604 772 34 35 
cell-1-9-11 638 772 34 35 
cell-1-9-12 672 772 34 35 
cell-1-9-13 706 772 34 35 
cell-1-9-14 740 772 34 35 
cell-1-9-15 774 772 34 35 
cell-1-9-16 808 772 34 35 
