header-0 244 533 778 193 
row-1-1 244 533 310 40 
row-1-2 574 533 409 40 
row-2-1 244 583 310 40 
row-2-2 574 583 447 40 
row-3-1 244 633 541 40 
row-4-1 244 683 640 40 
table-1 136 1124 800 278 
cell-1-0-0 136 1124 114 37 
cell-1-0-1 250 1124 114 37 
cell-1-0-2 364 1124 114 37 
cell-1-0-3 478 1124 114 37 
cell-1-0-4 592 1124 114 37 
cell-1-0-5 706 1124 114 37 
cell-1-0-6 820 1124 114 37 
cell-1-1-0 136 1172 114 37 
cell-1-1-1 250 1172 114 37 
cell-1-1-2 364 1172 114 37 
cell-1-1-3 478 1172 114 37 
cell-1-1-4 592 1172 114 37 
cell-1-1-5 706 1172 114 37 
cell-1-1-6 820 1172 114 37 
cell-1-2-0 136 1220 114 37 
cell-1-2-1 250 1220 114 37 
cell-1-2-2 364 1220 114 37 
cell-1-2-3 478 1220 114 37 
cell-1-2-4 592 1220 114 37 
cell-1-2-5 706 1220 114 37 
cell-1-2-6 820 1220 114 37 
cell-1-3-0 136 1268 114 37 
cell-1-3-1 250 1268 114 37 
cell-1-3-2 364 1268 114 37 
cell-1-3-3 478 1268 114 37 
cell-1-3-4 592 1268 114 37 
cell-1-3-5 706 1268 114 37 
cell-1-3-6 820 1268 114 37 
cell-1-4-0 136 1316 114 37 
cell-1-4-1 250 1316 114 37 
cell-1-4-2 364 1316 114 37 
cell-1-4-3 478 1316 114 37 
cell-1-4-4 592 1316 114 37 
cell-1-4-5 706 1316 114 37 
cell-1-4-6 820 1316 114 37 
cell-1-5-0 136 1364 114 37 
cell-1-5-1 250 1364 114 37 
cell-1-5-2 364 1364 114 37 
cell-1-5-3 478 1364 114 37 
cell-1-5-4 592 1364 114 37 
cell-1-5-5 706 1364 114 37 
cell-1-5-6 820 1364 114 37 
