table-0 319 351 228 578 
cell-0-0-0 319 351 45 35 
cell-0-0-1 364 351 45 35 
cell-0-0-2 409 351 45 35 
cell-0-0-3 454 351 45 35 
cell-0-0-4 499 351 45 35 
cell-0-1-0 319 396 45 35 
cell-0-1-1 364 396 45 35 
cell-0-1-2 409 396 45 35 
cell-0-1-3 454 396 45 35 
cell-0-1-4 499 396 45 35 
cell-0-2-0 319 441 45 35 
cell-0-2-1 364 441 45 35 
cell-0-2-2 409 441 45 35 
cell-0-2-3 454 441 45 35 
cell-0-2-4 499 441 45 35 
cell-0-3-0 319 486 45 35 
cell-0-3-1 364 486 45 35 
cell-0-3-2 409 486 45 35 
cell-0-3-3 454 486 45 35 
cell-0-3-4 499 486 45 35 
cell-0-4-0 319 531 45 35 
cell-0-4-1 364 531 45 35 
cell-0-4-2 409 531 45 35 
cell-0-4-3 454 531 45 35 
cell-0-4-4 499 531 45 35 
cell-0-5-0 319 576 45 35 
cell-0-5-1 364 576 45 35 
cell-0-5-2 409 576 45 35 
cell-0-5-3 454 576 45 35 
cell-0-5-4 499 576 45 35 
cell-0-6-0 319 621 45 35 
cell-0-6-1 364 621 45 35 
cell-0-6-2 409 621 45 35 
cell-0-6-3 454 621 45 35 
cell-0-6-4 499 621 45 35 
cell-0-7-0 319 666 45 35 
cell-0-7-1 364 666 45 35 
cell-0-7-2 409 666 45 35 
cell-0-7-3 454 666 45 35 
cell-0-7-4 499 666 45 35 
cell-0-8-0 319 711 45 35 
cell-0-8-1 364 711 45 35 
cell-0-8-2 409 711 45 35 
cell-0-8-3 454 711 45 35 
cell-0-8-4 499 711 45 35 
cell-0-9-0 319 756 45 35 
cell-0-9-1 364 756 45 35 
cell-0-9-2 409 756 45 35 
cell-0-9-3 454 756 45 35 
cell-0-9-4 499 756 45 35 
cell-0-10-0 319 801 45 35 
cell-0-10-1 364 801 45 35 
cell-0-10-2 409 801 45 35 
cell-0-10-3 454 801 45 35 
cell-0-10-4 499 801 45 35 
cell-0-11-0 319 846 45 35 
cell-0-11-1 364 846 45 35 
cell-0-11-2 409 846 45 35 
cell-0-11-3 454 846 45 35 
cell-0-11-4 499 846 45 35 
cell-0-12-0 319 891 45 35 
cell-0-12-1 364 891 45 35 
cell-0-12-2 409 891 45 35 
cell-0-12-3 454 891 45 35 
cell-0-12-4 499 891 45 35 
table-1 640 286 222 492 
cell-1-0-0 640 286 44 35 
cell-1-0-1 684 286 44 35 
cell-1-0-2 728 286 44 35 
cell-1-0-3 772 286 44 35 
cell-1-0-4 816 286 44 35 
cell-1-1-0 640 321 44 35 
cell-1-1-1 684 321 44 35 
cell-1-1-2 728 321 44 35 
cell-1-1-3 772 321 44 35 
cell-1-1-4 816 321 44 35 
cell-1-2-0 640 356 44 35 
cell-1-2-1 684 356 44 35 
cell-1-2-2 728 356 44 35 
cell-1-2-3 772 356 44 35 
cell-1-2-4 816 356 44 35 
cell-1-3-0 640 391 44 35 
cell-1-3-1 684 391 44 35 
cell-1-3-2 728 391 44 35 
cell-1-3-3 772 391 44 35 
cell-1-3-4 816 391 44 35 
cell-1-4-0 640 426 44 35 
cell-1-4-1 684 426 44 35 
cell-1-4-2 728 426 44 35 
cell-1-4-3 772 426 44 35 
cell-1-4-4 816 426 44 35 
cell-1-5-0 640 461 44 35 
cell-1-5-1 684 461 44 35 
cell-1-5-2 728 461 44 35 
cell-1-5-3 772 461 44 35 
cell-1-5-4 816 461 44 35 
cell-1-6-0 640 496 44 35 
cell-1-6-1 684 496 44 35 
cell-1-6-2 728 496 44 35 
cell-1-6-3 772 496 44 35 
cell-1-6-4 816 496 44 35 
cell-1-7-0 640 531 44 35 
cell-1-7-1 684 531 44 35 
cell-1-7-2 728 531 44 35 
cell-1-7-3 772 531 44 35 
cell-1-7-4 816 531 44 35 
cell-1-8-0 640 566 44 35 
cell-1-8-1 684 566 44 35 
cell-1-8-2 728 566 44 35 
cell-1-8-3 772 566 44 35 
cell-1-8-4 816 566 44 35 
cell-1-9-0 640 601 44 35 
cell-1-9-1 684 601 44 35 
cell-1-9-2 728 601 44 35 
cell-1-9-3 772 601 44 35 
cell-1-9-4 816 601 44 35 
cell-1-10-0 640 636 44 35 
cell-1-10-1 684 636 44 35 
cell-1-10-2 728 636 44 35 
cell-1-10-3 772 636 44 35 
cell-1-10-4 816 636 44 35 
cell-1-11-0 640 671 44 35 
cell-1-11-1 684 671 44 35 
cell-1-11-2 728 671 44 35 
cell-1-11-3 772 671 44 35 
cell-1-11-4 816 671 44 35 
cell-1-12-0 640 706 44 35 
cell-1-12-1 684 706 44 35 
cell-1-12-2 728 706 44 35 
cell-1-12-3 772 706 44 35 
cell-1-12-4 816 706 44 35 
cell-1-13-0 640 741 44 35 
cell-1-13-1 684 741 44 35 
cell-1-13-2 728 741 44 35 
cell-1-13-3 772 741 44 35 
cell-1-13-4 816 741 44 35 
header-2 176 1085 784 193 
row-1-1 176 1085 274 40 
row-1-2 470 1085 340 40 
row-2-1 176 1135 307 40 
row-2-2 503 1135 454 40 
row-3-1 176 1185 571 40 
row-4-1 176 1235 472 40 
