table-0 188 256 800 322 
cell-0-0-0 188 256 100 32 
cell-0-0-1 288 256 100 32 
cell-0-0-2 388 256 100 32 
cell-0-0-3 488 256 100 32 
cell-0-0-4 588 256 100 32 
cell-0-0-5 688 256 100 32 
cell-0-0-6 788 256 100 32 
cell-0-0-7 888 256 100 32 
cell-0-1-0 188 288 100 32 
cell-0-1-1 288 288 100 32 
cell-0-1-2 388 288 100 32 
cell-0-1-3 488 288 100 32 
cell-0-1-4 588 288 100 32 
cell-0-1-5 688 288 100 32 
cell-0-1-6 788 288 100 32 
cell-0-1-7 888 288 100 32 
cell-0-2-0 188 320 100 32 
cell-0-2-1 288 320 100 32 
cell-0-2-2 388 320 100 32 
cell-0-2-3 488 320 100 32 
cell-0-2-4 588 320 100 32 
cell-0-2-5 688 320 100 32 
cell-0-2-6 788 320 100 32 
cell-0-2-7 888 320 100 32 
cell-0-3-0 188 352 100 32 
cell-0-3-1 288 352 100 32 
cell-0-3-2 388 352 100 32 
cell-0-3-3 488 352 100 32 
cell-0-3-4 588 352 100 32 
cell-0-3-5 688 352 100 32 
cell-0-3-6 788 352 100 32 
cell-0-3-7 888 352 100 32 
cell-0-4-0 188 384 100 32 
cell-0-4-1 288 384 100 32 
cell-0-4-2 388 384 100 32 
cell-0-4-3 488 384 100 32 
cell-0-4-4 588 384 100 32 
cell-0-4-5 688 384 100 32 
cell-0-4-6 788 384 100 32 
cell-0-4-7 888 384 100 32 
cell-0-5-0 188 416 100 32 
cell-0-5-1 288 416 100 32 
cell-0-5-2 388 416 100 32 
cell-0-5-3 488 416 100 32 
cell-0-5-4 588 416 100 32 
cell-0-5-5 688 416 100 32 
cell-0-5-6 788 416 100 32 
cell-0-5-7 888 416 100 32 
cell-0-6-0 188 448 100 32 
cell-0-6-1 288 448 100 32 
cell-0-6-2 388 448 100 32 
cell-0-6-3 488 448 100 32 
cell-0-6-4 588 448 100 32 
cell-0-6-5 688 448 100 32 
cell-0-6-6 788 448 100 32 
cell-0-6-7 888 448 100 32 
cell-0-7-0 188 480 100 32 
cell-0-7-1 288 480 100 32 
cell-0-7-2 388 480 100 32 
cell-0-7-3 488 480 100 32 
cell-0-7-4 588 480 100 32 
cell-0-7-5 688 480 100 32 
cell-0-7-6 788 480 100 32 
cell-0-7-7 888 480 100 32 
cell-0-8-0 188 512 100 32 
cell-0-8-1 288 512 100 32 
cell-0-8-2 388 512 100 32 
cell-0-8-3 488 512 100 32 
cell-0-8-4 588 512 100 32 
cell-0-8-5 688 512 100 32 
cell-0-8-6 788 512 100 32 
cell-0-8-7 888 512 100 32 
cell-0-9-0 188 544 100 32 
cell-0-9-1 288 544 100 32 
cell-0-9-2 388 544 100 32 
cell-0-9-3 488 544 100 32 
cell-0-9-4 588 544 100 32 
cell-0-9-5 688 544 100 32 
cell-0-9-6 788 544 100 32 
cell-0-9-7 888 544 100 32 
