table-0 304 449 636 494 
cell-0-0-0 304 449 44 42 
cell-0-0-1 348 449 44 42 
cell-0-0-2 392 449 44 42 
cell-0-0-3 436 449 44 42 
cell-0-0-4 480 449 44 42 
cell-0-0-5 524 449 416 42 
cell-0-1-0 304 494 44 42 
cell-0-1-1 348 494 44 42 
cell-0-1-2 392 494 44 42 
cell-0-1-3 436 494 44 42 
cell-0-1-4 480 494 44 42 
cell-0-1-5 524 494 416 42 
cell-0-2-0 304 539 44 42 
cell-0-2-1 348 539 44 42 
cell-0-2-2 392 539 44 42 
cell-0-2-3 436 539 44 42 
cell-0-2-4 480 539 44 42 
cell-0-2-5 524 539 416 42 
cell-0-3-0 304 584 44 42 
cell-0-3-1 348 584 44 42 
cell-0-3-2 392 584 44 42 
cell-0-3-3 436 584 44 42 
cell-0-3-4 480 584 44 42 
cell-0-3-5 524 584 416 42 
cell-0-4-0 304 629 44 42 
cell-0-4-1 348 629 44 42 
cell-0-4-2 392 629 44 42 
cell-0-4-3 436 629 44 42 
cell-0-4-4 480 629 44 42 
cell-0-4-5 524 629 416 42 
cell-0-5-0 304 674 44 42 
cell-0-5-1 348 674 44 42 
cell-0-5-2 392 674 44 42 
cell-0-5-3 436 674 44 42 
cell-0-5-4 480 674 44 42 
cell-0-5-5 524 674 416 42 
cell-0-6-0 304 719 44 42 
cell-0-6-1 348 719 44 42 
cell-0-6-2 392 719 44 42 
cell-0-6-3 436 719 44 42 
cell-0-6-4 480 719 44 42 
cell-0-6-5 524 719 416 42 
cell-0-7-0 304 764 44 42 
cell-0-7-1 348 764 44 42 
cell-0-7-2 392 764 44 42 
cell-0-7-3 436 764 44 42 
cell-0-7-4 480 764 44 42 
cell-0-7-5 524 764 416 42 
cell-0-8-0 304 809 44 42 
cell-0-8-1 348 809 44 42 
cell-0-8-2 392 809 44 42 
cell-0-8-3 436 809 44 42 
cell-0-8-4 480 809 44 42 
cell-0-8-5 524 809 416 42 
cell-0-9-0 304 854 44 42 
cell-0-9-1 348 854 44 42 
cell-0-9-2 392 854 44 42 
cell-0-9-3 436 854 44 42 
cell-0-9-4 480 854 44 42 
cell-0-9-5 524 854 416 42 
cell-0-10-0 304 899 44 42 
cell-0-10-1 348 899 44 42 
cell-0-10-2 392 899 44 42 
cell-0-10-3 436 899 44 42 
cell-0-10-4 480 899 44 42 
cell-0-10-5 524 899 416 42 
