header-0 169 176 859 193 
row-1-1 169 176 266 40 
row-1-2 455 176 365 40 
row-2-1 169 226 365 40 
row-2-2 554 226 467 40 
row-3-1 169 276 761 40 
row-4-1 169 326 596 40 
table-1 633 891 273 530 
cell-1-0-0 633 891 45 35 
cell-1-0-1 678 891 45 35 
cell-1-0-2 723 891 45 35 
cell-1-0-3 768 891 45 35 
cell-1-0-4 813 891 45 35 
cell-1-0-5 858 891 45 35 
cell-1-1-0 633 932 45 35 
cell-1-1-1 678 932 45 35 
cell-1-1-2 723 932 45 35 
cell-1-1-3 768 932 45 35 
cell-1-1-4 813 932 45 35 
cell-1-1-5 858 932 45 35 
cell-1-2-0 633 973 45 35 
cell-1-2-1 678 973 45 35 
cell-1-2-2 723 973 45 35 
cell-1-2-3 768 973 45 35 
cell-1-2-4 813 973 45 35 
cell-1-2-5 858 973 45 35 
cell-1-3-0 633 1014 45 35 
cell-1-3-1 678 1014 45 35 
cell-1-3-2 723 1014 45 35 
cell-1-3-3 768 1014 45 35 
cell-1-3-4 813 1014 45 35 
cell-1-3-5 858 1014 45 35 
cell-1-4-0 633 1055 45 35 
cell-1-4-1 678 1055 45 35 
cell-1-4-2 723 1055 45 35 
cell-1-4-3 768 1055 45 35 
cell-1-4-4 813 1055 45 35 
cell-1-4-5 858 1055 45 35 
cell-1-5-0 633 1096 45 35 
cell-1-5-1 678 1096 45 35 
cell-1-5-2 723 1096 45 35 
cell-1-5-3 768 1096 45 35 
cell-1-5-4 813 1096 45 35 
cell-1-5-5 858 1096 45 35 
cell-1-6-0 633 1137 45 35 
cell-1-6-1 678 1137 45 35 
cell-1-6-2 723 1137 45 35 
cell-1-6-3 768 1137 45 35 
cell-1-6-4 813 1137 45 35 
cell-1-6-5 858 1137 45 35 
cell-1-7-0 633 1178 45 35 
cell-1-7-1 678 1178 45 35 
cell-1-7-2 723 1178 45 35 
cell-1-7-3 768 1178 45 35 
cell-1-7-4 813 1178 45 35 
cell-1-7-5 858 1178 45 35 
cell-1-8-0 633 1219 45 35 
cell-1-8-1 678 1219 45 35 
cell-1-8-2 723 1219 45 35 
cell-1-8-3 768 1219 45 35 
cell-1-8-4 813 1219 45 35 
cell-1-8-5 858 1219 45 35 
cell-1-9-0 633 1260 45 35 
cell-1-9-1 678 1260 45 35 
cell-1-9-2 723 1260 45 35 
cell-1-9-3 768 1260 45 35 
cell-1-9-4 813 1260 45 35 
cell-1-9-5 858 1260 45 35 
cell-1-10-0 633 1301 45 35 
cell-1-10-1 678 1301 45 35 
cell-1-10-2 723 1301 45 35 
cell-1-10-3 768 1301 45 35 
cell-1-10-4 813 1301 45 35 
cell-1-10-5 858 1301 45 35 
cell-1-11-0 633 1342 45 35 
cell-1-11-1 678 1342 45 35 
cell-1-11-2 723 1342 45 35 
cell-1-11-3 768 1342 45 35 
cell-1-11-4 813 1342 45 35 
cell-1-11-5 858 1342 45 35 
cell-1-12-0 633 1383 45 35 
cell-1-12-1 678 1383 45 35 
cell-1-12-2 723 1383 45 35 
cell-1-12-3 768 1383 45 35 
cell-1-12-4 813 1383 45 35 
cell-1-12-5 858 1383 45 35 
