table-0 101 160 776 588 
cell-0-1-0 101 160 38 35 
cell-0-1-1 142 160 38 35 
cell-0-1-2 183 160 38 35 
cell-0-1-3 224 160 38 35 
cell-0-1-4 265 160 38 35 
cell-0-1-5 306 160 38 35 
cell-0-1-6 347 160 38 35 
cell-0-1-7 388 160 38 35 
cell-0-1-8 429 160 38 35 
cell-0-1-9 470 160 38 35 
cell-0-1-10 511 160 38 35 
cell-0-1-11 552 160 38 35 
cell-0-1-12 593 160 38 35 
cell-0-1-13 634 160 38 35 
cell-0-1-14 675 160 38 35 
cell-0-1-15 716 160 38 35 
cell-0-1-16 757 160 38 35 
cell-0-1-17 798 160 38 35 
cell-0-1-18 839 160 38 35 
cell-0-2-0 101 215 38 35 
cell-0-2-1 142 215 38 35 
cell-0-2-2 183 215 38 35 
cell-0-2-3 224 215 38 35 
cell-0-2-4 265 215 38 35 
cell-0-2-5 306 215 38 35 
cell-0-2-6 347 215 38 35 
cell-0-2-7 388 215 38 35 
cell-0-2-8 429 215 38 35 
cell-0-2-9 470 215 38 35 
cell-0-2-10 511 215 38 35 
cell-0-2-11 552 215 38 35 
cell-0-2-12 593 215 38 35 
cell-0-2-13 634 215 38 35 
cell-0-2-14 675 215 38 35 
cell-0-2-15 716 215 38 35 
cell-0-2-16 757 215 38 35 
cell-0-2-17 798 215 38 35 
cell-0-2-18 839 215 38 35 
cell-0-3-0 101 270 38 35 
cell-0-3-1 142 270 38 35 
cell-0-3-2 183 270 38 35 
cell-0-3-3 224 270 38 35 
cell-0-3-4 265 270 38 35 
cell-0-3-5 306 270 38 35 
cell-0-3-6 347 270 38 35 
cell-0-3-7 388 270 38 35 
cell-0-3-8 429 270 38 35 
cell-0-3-9 470 270 38 35 
cell-0-3-10 511 270 38 35 
cell-0-3-11 552 270 38 35 
cell-0-3-12 593 270 38 35 
cell-0-3-13 634 270 38 35 
cell-0-3-14 675 270 38 35 
cell-0-3-15 716 270 38 35 
cell-0-3-16 757 270 38 35 
cell-0-3-17 798 270 38 35 
cell-0-3-18 839 270 38 35 
cell-0-4-0 101 325 38 35 
cell-0-4-1 142 325 38 35 
cell-0-4-2 183 325 38 35 
cell-0-4-3 224 325 38 35 
cell-0-4-4 265 325 38 35 
cell-0-4-5 306 325 38 35 
cell-0-4-6 347 325 38 35 
cell-0-4-7 388 325 38 35 
cell-0-4-8 429 325 38 35 
cell-0-4-9 470 325 38 35 
cell-0-4-10 511 325 38 35 
cell-0-4-11 552 325 38 35 
cell-0-4-12 593 325 38 35 
cell-0-4-13 634 325 38 35 
cell-0-4-14 675 325 38 35 
cell-0-4-15 716 325 38 35 
cell-0-4-16 757 325 38 35 
cell-0-4-17 798 325 38 35 
cell-0-4-18 839 325 38 35 
cell-0-5-0 101 380 38 35 
cell-0-5-1 142 380 38 35 
cell-0-5-2 183 380 38 35 
cell-0-5-3 224 380 38 35 
cell-0-5-4 265 380 38 35 
cell-0-5-5 306 380 38 35 
cell-0-5-6 347 380 38 35 
cell-0-5-7 388 380 38 35 
cell-0-5-8 429 380 38 35 
cell-0-5-9 470 380 38 35 
cell-0-5-10 511 380 38 35 
cell-0-5-11 552 380 38 35 
cell-0-5-12 593 380 38 35 
cell-0-5-13 634 380 38 35 
cell-0-5-14 675 380 38 35 
cell-0-5-15 716 380 38 35 
cell-0-5-16 757 380 38 35 
cell-0-5-17 798 380 38 35 
cell-0-5-18 839 380 38 35 
cell-0-6-0 101 435 38 35 
cell-0-6-1 142 435 38 35 
cell-0-6-2 183 435 38 35 
cell-0-6-3 224 435 38 35 
cell-0-6-4 265 435 38 35 
cell-0-6-5 306 435 38 35 
cell-0-6-6 347 435 38 35 
cell-0-6-7 388 435 38 35 
cell-0-6-8 429 435 38 35 
cell-0-6-9 470 435 38 35 
cell-0-6-10 511 435 38 35 
cell-0-6-11 552 435 38 35 
cell-0-6-12 593 435 38 35 
cell-0-6-13 634 435 38 35 
cell-0-6-14 675 435 38 35 
cell-0-6-15 716 435 38 35 
cell-0-6-16 757 435 38 35 
cell-0-6-17 798 435 38 35 
cell-0-6-18 839 435 38 35 
cell-0-7-0 101 490 38 35 
cell-0-7-1 142 490 38 35 
cell-0-7-2 183 490 38 35 
cell-0-7-3 224 490 38 35 
cell-0-7-4 265 490 38 35 
cell-0-7-5 306 490 38 35 
cell-0-7-6 347 490 38 35 
cell-0-7-7 388 490 38 35 
cell-0-7-8 429 490 38 35 
cell-0-7-9 470 490 38 35 
cell-0-7-10 511 490 38 35 
cell-0-7-11 552 490 38 35 
cell-0-7-12 593 490 38 35 
cell-0-7-13 634 490 38 35 
cell-0-7-14 675 490 38 35 
cell-0-7-15 716 490 38 35 
cell-0-7-16 757 490 38 35 
cell-0-7-17 798 490 38 35 
cell-0-7-18 839 490 38 35 
cell-0-8-0 101 545 38 35 
cell-0-8-1 142 545 38 35 
cell-0-8-2 183 545 38 35 
cell-0-8-3 224 545 38 35 
cell-0-8-4 265 545 38 35 
cell-0-8-5 306 545 38 35 
cell-0-8-6 347 545 38 35 
cell-0-8-7 388 545 38 35 
cell-0-8-8 429 545 38 35 
cell-0-8-9 470 545 38 35 
cell-0-8-10 511 545 38 35 
cell-0-8-11 552 545 38 35 
cell-0-8-12 593 545 38 35 
cell-0-8-13 634 545 38 35 
cell-0-8-14 675 545 38 35 
cell-0-8-15 716 545 38 35 
cell-0-8-16 757 545 38 35 
cell-0-8-17 798 545 38 35 
cell-0-8-18 839 545 38 35 
cell-0-9-0 101 600 38 35 
cell-0-9-1 142 600 38 35 
cell-0-9-2 183 600 38 35 
cell-0-9-3 224 600 38 35 
cell-0-9-4 265 600 38 35 
cell-0-9-5 306 600 38 35 
cell-0-9-6 347 600 38 35 
cell-0-9-7 388 600 38 35 
cell-0-9-8 429 600 38 35 
cell-0-9-9 470 600 38 35 
cell-0-9-10 511 600 38 35 
cell-0-9-11 552 600 38 35 
cell-0-9-12 593 600 38 35 
cell-0-9-13 634 600 38 35 
cell-0-9-14 675 600 38 35 
cell-0-9-15 716 600 38 35 
cell-0-9-16 757 600 38 35 
cell-0-9-17 798 600 38 35 
cell-0-9-18 839 600 38 35 
cell-0-10-0 101 655 38 35 
cell-0-10-1 142 655 38 35 
cell-0-10-2 183 655 38 35 
cell-0-10-3 224 655 38 35 
cell-0-10-4 265 655 38 35 
cell-0-10-5 306 655 38 35 
cell-0-10-6 347 655 38 35 
cell-0-10-7 388 655 38 35 
cell-0-10-8 429 655 38 35 
cell-0-10-9 470 655 38 35 
cell-0-10-10 511 655 38 35 
cell-0-10-11 552 655 38 35 
cell-0-10-12 593 655 38 35 
cell-0-10-13 634 655 38 35 
cell-0-10-14 675 655 38 35 
cell-0-10-15 716 655 38 35 
cell-0-10-16 757 655 38 35 
cell-0-10-17 798 655 38 35 
cell-0-10-18 839 655 38 35 
cell-0-11-0 101 710 38 35 
cell-0-11-1 142 710 38 35 
cell-0-11-2 183 710 38 35 
cell-0-11-3 224 710 38 35 
cell-0-11-4 265 710 38 35 
cell-0-11-5 306 710 38 35 
cell-0-11-6 347 710 38 35 
cell-0-11-7 388 710 38 35 
cell-0-11-8 429 710 38 35 
cell-0-11-9 470 710 38 35 
cell-0-11-10 511 710 38 35 
cell-0-11-11 552 710 38 35 
cell-0-11-12 593 710 38 35 
cell-0-11-13 634 710 38 35 
cell-0-11-14 675 710 38 35 
cell-0-11-15 716 710 38 35 
cell-0-11-16 757 710 38 35 
cell-0-11-17 798 710 38 35 
cell-0-11-18 839 710 38 35 
