table-0 578 368 216 492 
cell-0-0-0 578 368 43 35 
cell-0-0-1 621 368 43 35 
cell-0-0-2 664 368 43 35 
cell-0-0-3 707 368 43 35 
cell-0-0-4 750 368 43 35 
cell-0-1-0 578 406 43 35 
cell-0-1-1 621 406 43 35 
cell-0-1-2 664 406 43 35 
cell-0-1-3 707 406 43 35 
cell-0-1-4 750 406 43 35 
cell-0-2-0 578 444 43 35 
cell-0-2-1 621 444 43 35 
cell-0-2-2 664 444 43 35 
cell-0-2-3 707 444 43 35 
cell-0-2-4 750 444 43 35 
cell-0-3-0 578 482 43 35 
cell-0-3-1 621 482 43 35 
cell-0-3-2 664 482 43 35 
cell-0-3-3 707 482 43 35 
cell-0-3-4 750 482 43 35 
cell-0-4-0 578 520 43 35 
cell-0-4-1 621 520 43 35 
cell-0-4-2 664 520 43 35 
cell-0-4-3 707 520 43 35 
cell-0-4-4 750 520 43 35 
cell-0-5-0 578 558 43 35 
cell-0-5-1 621 558 43 35 
cell-0-5-2 664 558 43 35 
cell-0-5-3 707 558 43 35 
cell-0-5-4 750 558 43 35 
cell-0-6-0 578 596 43 35 
cell-0-6-1 621 596 43 35 
cell-0-6-2 664 596 43 35 
cell-0-6-3 707 596 43 35 
cell-0-6-4 750 596 43 35 
cell-0-7-0 578 634 43 35 
cell-0-7-1 621 634 43 35 
cell-0-7-2 664 634 43 35 
cell-0-7-3 707 634 43 35 
cell-0-7-4 750 634 43 35 
cell-0-8-0 578 672 43 35 
cell-0-8-1 621 672 43 35 
cell-0-8-2 664 672 43 35 
cell-0-8-3 707 672 43 35 
cell-0-8-4 750 672 43 35 
cell-0-9-0 578 710 43 35 
cell-0-9-1 621 710 43 35 
cell-0-9-2 664 710 43 35 
cell-0-9-3 707 710 43 35 
cell-0-9-4 750 710 43 35 
cell-0-10-0 578 748 43 35 
cell-0-10-1 621 748 43 35 
cell-0-10-2 664 748 43 35 
cell-0-10-3 707 748 43 35 
cell-0-10-4 750 748 43 35 
cell-0-11-0 578 786 43 35 
cell-0-11-1 621 786 43 35 
cell-0-11-2 664 786 43 35 
cell-0-11-3 707 786 43 35 
cell-0-11-4 750 786 43 35 
cell-0-12-0 578 824 43 35 
cell-0-12-1 621 824 43 35 
cell-0-12-2 664 824 43 35 
cell-0-12-3 707 824 43 35 
cell-0-12-4 750 824 43 35 
