table-0 162 528 800 645 
cell-0-0-0 162 528 200 58 
cell-0-0-1 362 528 200 58 
cell-0-0-2 562 528 200 58 
cell-0-0-3 762 528 200 58 
cell-0-1-0 162 593 200 58 
cell-0-1-1 362 593 200 58 
cell-0-1-2 562 593 200 58 
cell-0-1-3 762 593 200 58 
cell-0-2-0 162 658 200 58 
cell-0-2-1 362 658 200 58 
cell-0-2-2 562 658 200 58 
cell-0-2-3 762 658 200 58 
cell-0-3-0 162 723 200 58 
cell-0-3-1 362 723 200 58 
cell-0-3-2 562 723 200 58 
cell-0-3-3 762 723 200 58 
cell-0-4-0 162 788 200 58 
cell-0-4-1 362 788 200 58 
cell-0-4-2 562 788 200 58 
cell-0-4-3 762 788 200 58 
cell-0-5-0 162 853 200 58 
cell-0-5-1 362 853 200 58 
cell-0-5-2 562 853 200 58 
cell-0-5-3 762 853 200 58 
cell-0-6-0 162 918 200 58 
cell-0-6-1 362 918 200 58 
cell-0-6-2 562 918 200 58 
cell-0-6-3 762 918 200 58 
cell-0-7-0 162 983 200 58 
cell-0-7-1 362 983 200 58 
cell-0-7-2 562 983 200 58 
cell-0-7-3 762 983 200 58 
cell-0-8-0 162 1048 200 58 
cell-0-8-1 362 1048 200 58 
cell-0-8-2 562 1048 200 58 
cell-0-8-3 762 1048 200 58 
cell-0-9-0 162 1113 200 58 
cell-0-9-1 362 1113 200 58 
cell-0-9-2 562 1113 200 58 
cell-0-9-3 762 1113 200 58 
