table-0 442 825 407 358 
cell-0-1-0 442 825 38 35 
cell-0-1-1 483 825 38 35 
cell-0-1-2 524 825 38 35 
cell-0-1-3 565 825 38 35 
cell-0-1-4 606 825 38 35 
cell-0-1-5 647 825 38 35 
cell-0-1-6 688 825 38 35 
cell-0-1-7 729 825 38 35 
cell-0-1-8 770 825 38 35 
cell-0-1-9 811 825 38 35 
cell-0-2-0 442 865 38 35 
cell-0-2-1 483 865 38 35 
cell-0-2-2 524 865 38 35 
cell-0-2-3 565 865 38 35 
cell-0-2-4 606 865 38 35 
cell-0-2-5 647 865 38 35 
cell-0-2-6 688 865 38 35 
cell-0-2-7 729 865 38 35 
cell-0-2-8 770 865 38 35 
cell-0-2-9 811 865 38 35 
cell-0-3-0 442 905 38 35 
cell-0-3-1 483 905 38 35 
cell-0-3-2 524 905 38 35 
cell-0-3-3 565 905 38 35 
cell-0-3-4 606 905 38 35 
cell-0-3-5 647 905 38 35 
cell-0-3-6 688 905 38 35 
cell-0-3-7 729 905 38 35 
cell-0-3-8 770 905 38 35 
cell-0-3-9 811 905 38 35 
cell-0-4-0 442 945 38 35 
cell-0-4-1 483 945 38 35 
cell-0-4-2 524 945 38 35 
cell-0-4-3 565 945 38 35 
cell-0-4-4 606 945 38 35 
cell-0-4-5 647 945 38 35 
cell-0-4-6 688 945 38 35 
cell-0-4-7 729 945 38 35 
cell-0-4-8 770 945 38 35 
cell-0-4-9 811 945 38 35 
cell-0-5-0 442 985 38 35 
cell-0-5-1 483 985 38 35 
cell-0-5-2 524 985 38 35 
cell-0-5-3 565 985 38 35 
cell-0-5-4 606 985 38 35 
cell-0-5-5 647 985 38 35 
cell-0-5-6 688 985 38 35 
cell-0-5-7 729 985 38 35 
cell-0-5-8 770 985 38 35 
cell-0-5-9 811 985 38 35 
cell-0-6-0 442 1025 38 35 
cell-0-6-1 483 1025 38 35 
cell-0-6-2 524 1025 38 35 
cell-0-6-3 565 1025 38 35 
cell-0-6-4 606 1025 38 35 
cell-0-6-5 647 1025 38 35 
cell-0-6-6 688 1025 38 35 
cell-0-6-7 729 1025 38 35 
cell-0-6-8 770 1025 38 35 
cell-0-6-9 811 1025 38 35 
cell-0-7-0 442 1065 38 35 
cell-0-7-1 483 1065 38 35 
cell-0-7-2 524 1065 38 35 
cell-0-7-3 565 1065 38 35 
cell-0-7-4 606 1065 38 35 
cell-0-7-5 647 1065 38 35 
cell-0-7-6 688 1065 38 35 
cell-0-7-7 729 1065 38 35 
cell-0-7-8 770 1065 38 35 
cell-0-7-9 811 1065 38 35 
cell-0-8-0 442 1105 38 35 
cell-0-8-1 483 1105 38 35 
cell-0-8-2 524 1105 38 35 
cell-0-8-3 565 1105 38 35 
cell-0-8-4 606 1105 38 35 
cell-0-8-5 647 1105 38 35 
cell-0-8-6 688 1105 38 35 
cell-0-8-7 729 1105 38 35 
cell-0-8-8 770 1105 38 35 
cell-0-8-9 811 1105 38 35 
cell-0-9-0 442 1145 38 35 
cell-0-9-1 483 1145 38 35 
cell-0-9-2 524 1145 38 35 
cell-0-9-3 565 1145 38 35 
cell-0-9-4 606 1145 38 35 
cell-0-9-5 647 1145 38 35 
cell-0-9-6 688 1145 38 35 
cell-0-9-7 729 1145 38 35 
cell-0-9-8 770 1145 38 35 
cell-0-9-9 811 1145 38 35 
