table-0 92 711 590 586 
cell-0-0-0 92 711 44 43 
cell-0-0-1 136 711 44 43 
cell-0-0-2 180 711 44 43 
cell-0-0-3 224 711 44 43 
cell-0-0-4 268 711 44 43 
cell-0-0-5 312 711 366 43 
cell-0-1-0 92 756 44 43 
cell-0-1-1 136 756 44 43 
cell-0-1-2 180 756 44 43 
cell-0-1-3 224 756 44 43 
cell-0-1-4 268 756 44 43 
cell-0-1-5 312 756 366 43 
cell-0-2-0 92 801 44 43 
cell-0-2-1 136 801 44 43 
cell-0-2-2 180 801 44 43 
cell-0-2-3 224 801 44 43 
cell-0-2-4 268 801 44 43 
cell-0-2-5 312 801 366 43 
cell-0-3-0 92 846 44 43 
cell-0-3-1 136 846 44 43 
cell-0-3-2 180 846 44 43 
cell-0-3-3 224 846 44 43 
cell-0-3-4 268 846 44 43 
cell-0-3-5 312 846 366 43 
cell-0-4-0 92 891 44 43 
cell-0-4-1 136 891 44 43 
cell-0-4-2 180 891 44 43 
cell-0-4-3 224 891 44 43 
cell-0-4-4 268 891 44 43 
cell-0-4-5 312 891 366 43 
cell-0-5-0 92 936 44 43 
cell-0-5-1 136 936 44 43 
cell-0-5-2 180 936 44 43 
cell-0-5-3 224 936 44 43 
cell-0-5-4 268 936 44 43 
cell-0-5-5 312 936 366 43 
cell-0-6-0 92 981 44 43 
cell-0-6-1 136 981 44 43 
cell-0-6-2 180 981 44 43 
cell-0-6-3 224 981 44 43 
cell-0-6-4 268 981 44 43 
cell-0-6-5 312 981 366 43 
cell-0-7-0 92 1026 44 43 
cell-0-7-1 136 1026 44 43 
cell-0-7-2 180 1026 44 43 
cell-0-7-3 224 1026 44 43 
cell-0-7-4 268 1026 44 43 
cell-0-7-5 312 1026 366 43 
cell-0-8-0 92 1071 44 43 
cell-0-8-1 136 1071 44 43 
cell-0-8-2 180 1071 44 43 
cell-0-8-3 224 1071 44 43 
cell-0-8-4 268 1071 44 43 
cell-0-8-5 312 1071 366 43 
cell-0-9-0 92 1116 44 43 
cell-0-9-1 136 1116 44 43 
cell-0-9-2 180 1116 44 43 
cell-0-9-3 224 1116 44 43 
cell-0-9-4 268 1116 44 43 
cell-0-9-5 312 1116 366 43 
cell-0-10-0 92 1161 44 43 
cell-0-10-1 136 1161 44 43 
cell-0-10-2 180 1161 44 43 
cell-0-10-3 224 1161 44 43 
cell-0-10-4 268 1161 44 43 
cell-0-10-5 312 1161 366 43 
cell-0-11-0 92 1206 44 43 
cell-0-11-1 136 1206 44 43 
cell-0-11-2 180 1206 44 43 
cell-0-11-3 224 1206 44 43 
cell-0-11-4 268 1206 44 43 
cell-0-11-5 312 1206 366 43 
cell-0-12-0 92 1251 44 43 
cell-0-12-1 136 1251 44 43 
cell-0-12-2 180 1251 44 43 
cell-0-12-3 224 1251 44 43 
cell-0-12-4 268 1251 44 43 
cell-0-12-5 312 1251 366 43 
