header-0 64 367 914 193 
row-1-1 64 367 348 40 
row-1-2 432 367 348 40 
row-2-1 64 417 414 40 
row-2-2 498 417 474 40 
row-3-1 64 467 612 40 
row-4-1 64 517 579 40 
table-2 447 764 228 438 
cell-2-0-0 447 764 45 35 
cell-2-0-1 492 764 45 35 
cell-2-0-2 537 764 45 35 
cell-2-0-3 582 764 45 35 
cell-2-0-4 627 764 45 35 
cell-2-1-0 447 804 45 35 
cell-2-1-1 492 804 45 35 
cell-2-1-2 537 804 45 35 
cell-2-1-3 582 804 45 35 
cell-2-1-4 627 804 45 35 
cell-2-2-0 447 844 45 35 
cell-2-2-1 492 844 45 35 
cell-2-2-2 537 844 45 35 
cell-2-2-3 582 844 45 35 
cell-2-2-4 627 844 45 35 
cell-2-3-0 447 884 45 35 
cell-2-3-1 492 884 45 35 
cell-2-3-2 537 884 45 35 
cell-2-3-3 582 884 45 35 
cell-2-3-4 627 884 45 35 
cell-2-4-0 447 924 45 35 
cell-2-4-1 492 924 45 35 
cell-2-4-2 537 924 45 35 
cell-2-4-3 582 924 45 35 
cell-2-4-4 627 924 45 35 
cell-2-5-0 447 964 45 35 
cell-2-5-1 492 964 45 35 
cell-2-5-2 537 964 45 35 
cell-2-5-3 582 964 45 35 
cell-2-5-4 627 964 45 35 
cell-2-6-0 447 1004 45 35 
cell-2-6-1 492 1004 45 35 
cell-2-6-2 537 1004 45 35 
cell-2-6-3 582 1004 45 35 
cell-2-6-4 627 1004 45 35 
cell-2-7-0 447 1044 45 35 
cell-2-7-1 492 1044 45 35 
cell-2-7-2 537 1044 45 35 
cell-2-7-3 582 1044 45 35 
cell-2-7-4 627 1044 45 35 
cell-2-8-0 447 1084 45 35 
cell-2-8-1 492 1084 45 35 
cell-2-8-2 537 1084 45 35 
cell-2-8-3 582 1084 45 35 
cell-2-8-4 627 1084 45 35 
cell-2-9-0 447 1124 45 35 
cell-2-9-1 492 1124 45 35 
cell-2-9-2 537 1124 45 35 
cell-2-9-3 582 1124 45 35 
cell-2-9-4 627 1124 45 35 
cell-2-10-0 447 1164 45 35 
cell-2-10-1 492 1164 45 35 
cell-2-10-2 537 1164 45 35 
cell-2-10-3 582 1164 45 35 
cell-2-10-4 627 1164 45 35 
