header-0 128 850 796 193 
row-1-1 128 850 365 40 
row-1-2 513 850 332 40 
row-2-1 128 900 266 40 
row-2-2 414 900 471 40 
row-3-1 128 950 794 40 
row-4-1 128 1000 596 40 
table-2 69 224 700 455 
cell-2-0-0 69 224 87 48 
cell-2-0-1 156 224 87 48 
cell-2-0-2 243 224 87 48 
cell-2-0-3 330 224 87 48 
cell-2-0-4 417 224 87 48 
cell-2-0-5 504 224 87 48 
cell-2-0-6 591 224 87 48 
cell-2-0-7 678 224 87 48 
cell-2-1-0 69 282 87 48 
cell-2-1-1 156 282 87 48 
cell-2-1-2 243 282 87 48 
cell-2-1-3 330 282 87 48 
cell-2-1-4 417 282 87 48 
cell-2-1-5 504 282 87 48 
cell-2-1-6 591 282 87 48 
cell-2-1-7 678 282 87 48 
cell-2-2-0 69 340 87 48 
cell-2-2-1 156 340 87 48 
cell-2-2-2 243 340 87 48 
cell-2-2-3 330 340 87 48 
cell-2-2-4 417 340 87 48 
cell-2-2-5 504 340 87 48 
cell-2-2-6 591 340 87 48 
cell-2-2-7 678 340 87 48 
cell-2-3-0 69 398 87 48 
cell-2-3-1 156 398 87 48 
cell-2-3-2 243 398 87 48 
cell-2-3-3 330 398 87 48 
cell-2-3-4 417 398 87 48 
cell-2-3-5 504 398 87 48 
cell-2-3-6 591 398 87 48 
cell-2-3-7 678 398 87 48 
cell-2-4-0 69 456 87 48 
cell-2-4-1 156 456 87 48 
cell-2-4-2 243 456 87 48 
cell-2-4-3 330 456 87 48 
cell-2-4-4 417 456 87 48 
cell-2-4-5 504 456 87 48 
cell-2-4-6 591 456 87 48 
cell-2-4-7 678 456 87 48 
cell-2-5-0 69 514 87 48 
cell-2-5-1 156 514 87 48 
cell-2-5-2 243 514 87 48 
cell-2-5-3 330 514 87 48 
cell-2-5-4 417 514 87 48 
cell-2-5-5 504 514 87 48 
cell-2-5-6 591 514 87 48 
cell-2-5-7 678 514 87 48 
cell-2-6-0 69 572 87 48 
cell-2-6-1 156 572 87 48 
cell-2-6-2 243 572 87 48 
cell-2-6-3 330 572 87 48 
cell-2-6-4 417 572 87 48 
cell-2-6-5 504 572 87 48 
cell-2-6-6 591 572 87 48 
cell-2-6-7 678 572 87 48 
cell-2-7-0 69 630 87 48 
cell-2-7-1 156 630 87 48 
cell-2-7-2 243 630 87 48 
cell-2-7-3 330 630 87 48 
cell-2-7-4 417 630 87 48 
cell-2-7-5 504 630 87 48 
cell-2-7-6 591 630 87 48 
cell-2-7-7 678 630 87 48 
header-5 117 1251 927 193 
row-1-1 117 1251 314 40 
row-1-2 451 1251 413 40 
row-2-1 117 1301 413 40 
row-2-2 550 1301 487 40 
row-3-1 117 1351 545 40 
row-4-1 117 1401 545 40 
