table-0 277 449 757 678 
cell-0-0-0 277 449 43 41 
cell-0-0-1 320 449 43 41 
cell-0-0-2 363 449 43 41 
cell-0-0-3 406 449 43 41 
cell-0-0-4 449 449 43 41 
cell-0-0-5 492 449 43 41 
cell-0-0-6 535 449 499 41 
cell-0-1-0 277 502 43 41 
cell-0-1-1 320 502 43 41 
cell-0-1-2 363 502 43 41 
cell-0-1-3 406 502 43 41 
cell-0-1-4 449 502 43 41 
cell-0-1-5 492 502 43 41 
cell-0-1-6 535 502 499 41 
cell-0-2-0 277 555 43 41 
cell-0-2-1 320 555 43 41 
cell-0-2-2 363 555 43 41 
cell-0-2-3 406 555 43 41 
cell-0-2-4 449 555 43 41 
cell-0-2-5 492 555 43 41 
cell-0-2-6 535 555 499 41 
cell-0-3-0 277 608 43 41 
cell-0-3-1 320 608 43 41 
cell-0-3-2 363 608 43 41 
cell-0-3-3 406 608 43 41 
cell-0-3-4 449 608 43 41 
cell-0-3-5 492 608 43 41 
cell-0-3-6 535 608 499 41 
cell-0-4-0 277 661 43 41 
cell-0-4-1 320 661 43 41 
cell-0-4-2 363 661 43 41 
cell-0-4-3 406 661 43 41 
cell-0-4-4 449 661 43 41 
cell-0-4-5 492 661 43 41 
cell-0-4-6 535 661 499 41 
cell-0-5-0 277 714 43 41 
cell-0-5-1 320 714 43 41 
cell-0-5-2 363 714 43 41 
cell-0-5-3 406 714 43 41 
cell-0-5-4 449 714 43 41 
cell-0-5-5 492 714 43 41 
cell-0-5-6 535 714 499 41 
cell-0-6-0 277 767 43 41 
cell-0-6-1 320 767 43 41 
cell-0-6-2 363 767 43 41 
cell-0-6-3 406 767 43 41 
cell-0-6-4 449 767 43 41 
cell-0-6-5 492 767 43 41 
cell-0-6-6 535 767 499 41 
cell-0-7-0 277 820 43 41 
cell-0-7-1 320 820 43 41 
cell-0-7-2 363 820 43 41 
cell-0-7-3 406 820 43 41 
cell-0-7-4 449 820 43 41 
cell-0-7-5 492 820 43 41 
cell-0-7-6 535 820 499 41 
cell-0-8-0 277 873 43 41 
cell-0-8-1 320 873 43 41 
cell-0-8-2 363 873 43 41 
cell-0-8-3 406 873 43 41 
cell-0-8-4 449 873 43 41 
cell-0-8-5 492 873 43 41 
cell-0-8-6 535 873 499 41 
cell-0-9-0 277 926 43 41 
cell-0-9-1 320 926 43 41 
cell-0-9-2 363 926 43 41 
cell-0-9-3 406 926 43 41 
cell-0-9-4 449 926 43 41 
cell-0-9-5 492 926 43 41 
cell-0-9-6 535 926 499 41 
cell-0-10-0 277 979 43 41 
cell-0-10-1 320 979 43 41 
cell-0-10-2 363 979 43 41 
cell-0-10-3 406 979 43 41 
cell-0-10-4 449 979 43 41 
cell-0-10-5 492 979 43 41 
cell-0-10-6 535 979 499 41 
cell-0-11-0 277 1032 43 41 
cell-0-11-1 320 1032 43 41 
cell-0-11-2 363 1032 43 41 
cell-0-11-3 406 1032 43 41 
cell-0-11-4 449 1032 43 41 
cell-0-11-5 492 1032 43 41 
cell-0-11-6 535 1032 499 41 
cell-0-12-0 277 1085 43 41 
cell-0-12-1 320 1085 43 41 
cell-0-12-2 363 1085 43 41 
cell-0-12-3 406 1085 43 41 
cell-0-12-4 449 1085 43 41 
cell-0-12-5 492 1085 43 41 
cell-0-12-6 535 1085 499 41 
