table-0 517 374 266 478 
cell-0-0-0 517 374 44 35 
cell-0-0-1 561 374 44 35 
cell-0-0-2 605 374 44 35 
cell-0-0-3 649 374 44 35 
cell-0-0-4 693 374 44 35 
cell-0-0-5 737 374 44 35 
cell-0-1-0 517 423 44 35 
cell-0-1-1 561 423 44 35 
cell-0-1-2 605 423 44 35 
cell-0-1-3 649 423 44 35 
cell-0-1-4 693 423 44 35 
cell-0-1-5 737 423 44 35 
cell-0-2-0 517 472 44 35 
cell-0-2-1 561 472 44 35 
cell-0-2-2 605 472 44 35 
cell-0-2-3 649 472 44 35 
cell-0-2-4 693 472 44 35 
cell-0-2-5 737 472 44 35 
cell-0-3-0 517 521 44 35 
cell-0-3-1 561 521 44 35 
cell-0-3-2 605 521 44 35 
cell-0-3-3 649 521 44 35 
cell-0-3-4 693 521 44 35 
cell-0-3-5 737 521 44 35 
cell-0-4-0 517 570 44 35 
cell-0-4-1 561 570 44 35 
cell-0-4-2 605 570 44 35 
cell-0-4-3 649 570 44 35 
cell-0-4-4 693 570 44 35 
cell-0-4-5 737 570 44 35 
cell-0-5-0 517 619 44 35 
cell-0-5-1 561 619 44 35 
cell-0-5-2 605 619 44 35 
cell-0-5-3 649 619 44 35 
cell-0-5-4 693 619 44 35 
cell-0-5-5 737 619 44 35 
cell-0-6-0 517 668 44 35 
cell-0-6-1 561 668 44 35 
cell-0-6-2 605 668 44 35 
cell-0-6-3 649 668 44 35 
cell-0-6-4 693 668 44 35 
cell-0-6-5 737 668 44 35 
cell-0-7-0 517 717 44 35 
cell-0-7-1 561 717 44 35 
cell-0-7-2 605 717 44 35 
cell-0-7-3 649 717 44 35 
cell-0-7-4 693 717 44 35 
cell-0-7-5 737 717 44 35 
cell-0-8-0 517 766 44 35 
cell-0-8-1 561 766 44 35 
cell-0-8-2 605 766 44 35 
cell-0-8-3 649 766 44 35 
cell-0-8-4 693 766 44 35 
cell-0-8-5 737 766 44 35 
cell-0-9-0 517 815 44 35 
cell-0-9-1 561 815 44 35 
cell-0-9-2 605 815 44 35 
cell-0-9-3 649 815 44 35 
cell-0-9-4 693 815 44 35 
cell-0-9-5 737 815 44 35 
table-1 148 970 574 431 
cell-1-0-0 148 970 43 42 
cell-1-0-1 191 970 43 42 
cell-1-0-2 234 970 43 42 
cell-1-0-3 277 970 43 42 
cell-1-0-4 320 970 43 42 
cell-1-0-5 363 970 43 42 
cell-1-0-6 406 970 312 42 
cell-1-1-0 148 1013 43 42 
cell-1-1-1 191 1013 43 42 
cell-1-1-2 234 1013 43 42 
cell-1-1-3 277 1013 43 42 
cell-1-1-4 320 1013 43 42 
cell-1-1-5 363 1013 43 42 
cell-1-1-6 406 1013 312 42 
cell-1-2-0 148 1056 43 42 
cell-1-2-1 191 1056 43 42 
cell-1-2-2 234 1056 43 42 
cell-1-2-3 277 1056 43 42 
cell-1-2-4 320 1056 43 42 
cell-1-2-5 363 1056 43 42 
cell-1-2-6 406 1056 312 42 
cell-1-3-0 148 1099 43 42 
cell-1-3-1 191 1099 43 42 
cell-1-3-2 234 1099 43 42 
cell-1-3-3 277 1099 43 42 
cell-1-3-4 320 1099 43 42 
cell-1-3-5 363 1099 43 42 
cell-1-3-6 406 1099 312 42 
cell-1-4-0 148 1142 43 42 
cell-1-4-1 191 1142 43 42 
cell-1-4-2 234 1142 43 42 
cell-1-4-3 277 1142 43 42 
cell-1-4-4 320 1142 43 42 
cell-1-4-5 363 1142 43 42 
cell-1-4-6 406 1142 312 42 
cell-1-5-0 148 1185 43 42 
cell-1-5-1 191 1185 43 42 
cell-1-5-2 234 1185 43 42 
cell-1-5-3 277 1185 43 42 
cell-1-5-4 320 1185 43 42 
cell-1-5-5 363 1185 43 42 
cell-1-5-6 406 1185 312 42 
cell-1-6-0 148 1228 43 42 
cell-1-6-1 191 1228 43 42 
cell-1-6-2 234 1228 43 42 
cell-1-6-3 277 1228 43 42 
cell-1-6-4 320 1228 43 42 
cell-1-6-5 363 1228 43 42 
cell-1-6-6 406 1228 312 42 
cell-1-7-0 148 1271 43 42 
cell-1-7-1 191 1271 43 42 
cell-1-7-2 234 1271 43 42 
cell-1-7-3 277 1271 43 42 
cell-1-7-4 320 1271 43 42 
cell-1-7-5 363 1271 43 42 
cell-1-7-6 406 1271 312 42 
cell-1-8-0 148 1314 43 42 
cell-1-8-1 191 1314 43 42 
cell-1-8-2 234 1314 43 42 
cell-1-8-3 277 1314 43 42 
cell-1-8-4 320 1314 43 42 
cell-1-8-5 363 1314 43 42 
cell-1-8-6 406 1314 312 42 
cell-1-9-0 148 1357 43 42 
cell-1-9-1 191 1357 43 42 
cell-1-9-2 234 1357 43 42 
cell-1-9-3 277 1357 43 42 
cell-1-9-4 320 1357 43 42 
cell-1-9-5 363 1357 43 42 
cell-1-9-6 406 1357 312 42 
