table-0 267 307 700 392 
cell-0-0-0 267 307 87 38 
cell-0-0-1 354 307 87 38 
cell-0-0-2 441 307 87 38 
cell-0-0-3 528 307 87 38 
cell-0-0-4 615 307 87 38 
cell-0-0-5 702 307 87 38 
cell-0-0-6 789 307 87 38 
cell-0-0-7 876 307 87 38 
cell-0-1-0 267 346 87 38 
cell-0-1-1 354 346 87 38 
cell-0-1-2 441 346 87 38 
cell-0-1-3 528 346 87 38 
cell-0-1-4 615 346 87 38 
cell-0-1-5 702 346 87 38 
cell-0-1-6 789 346 87 38 
cell-0-1-7 876 346 87 38 
cell-0-2-0 267 385 87 38 
cell-0-2-1 354 385 87 38 
cell-0-2-2 441 385 87 38 
cell-0-2-3 528 385 87 38 
cell-0-2-4 615 385 87 38 
cell-0-2-5 702 385 87 38 
cell-0-2-6 789 385 87 38 
cell-0-2-7 876 385 87 38 
cell-0-3-0 267 424 87 38 
cell-0-3-1 354 424 87 38 
cell-0-3-2 441 424 87 38 
cell-0-3-3 528 424 87 38 
cell-0-3-4 615 424 87 38 
cell-0-3-5 702 424 87 38 
cell-0-3-6 789 424 87 38 
cell-0-3-7 876 424 87 38 
cell-0-4-0 267 463 87 38 
cell-0-4-1 354 463 87 38 
cell-0-4-2 441 463 87 38 
cell-0-4-3 528 463 87 38 
cell-0-4-4 615 463 87 38 
cell-0-4-5 702 463 87 38 
cell-0-4-6 789 463 87 38 
cell-0-4-7 876 463 87 38 
cell-0-5-0 267 502 87 38 
cell-0-5-1 354 502 87 38 
cell-0-5-2 441 502 87 38 
cell-0-5-3 528 502 87 38 
cell-0-5-4 615 502 87 38 
cell-0-5-5 702 502 87 38 
cell-0-5-6 789 502 87 38 
cell-0-5-7 876 502 87 38 
cell-0-6-0 267 541 87 38 
cell-0-6-1 354 541 87 38 
cell-0-6-2 441 541 87 38 
cell-0-6-3 528 541 87 38 
cell-0-6-4 615 541 87 38 
cell-0-6-5 702 541 87 38 
cell-0-6-6 789 541 87 38 
cell-0-6-7 876 541 87 38 
cell-0-7-0 267 580 87 38 
cell-0-7-1 354 580 87 38 
cell-0-7-2 441 580 87 38 
cell-0-7-3 528 580 87 38 
cell-0-7-4 615 580 87 38 
cell-0-7-5 702 580 87 38 
cell-0-7-6 789 580 87 38 
cell-0-7-7 876 580 87 38 
cell-0-8-0 267 619 87 38 
cell-0-8-1 354 619 87 38 
cell-0-8-2 441 619 87 38 
cell-0-8-3 528 619 87 38 
cell-0-8-4 615 619 87 38 
cell-0-8-5 702 619 87 38 
cell-0-8-6 789 619 87 38 
cell-0-8-7 876 619 87 38 
cell-0-9-0 267 658 87 38 
cell-0-9-1 354 658 87 38 
cell-0-9-2 441 658 87 38 
cell-0-9-3 528 658 87 38 
cell-0-9-4 615 658 87 38 
cell-0-9-5 702 658 87 38 
cell-0-9-6 789 658 87 38 
cell-0-9-7 876 658 87 38 
header-2 182 889 831 193 
row-1-1 182 889 330 40 
row-1-2 532 889 363 40 
row-2-1 182 939 330 40 
row-2-2 532 939 473 40 
row-3-1 182 989 660 40 
row-4-1 182 1039 495 40 
