table-0 524 757 441 468 
cell-0-1-0 524 757 34 35 
cell-0-1-1 561 757 34 35 
cell-0-1-2 598 757 34 35 
cell-0-1-3 635 757 34 35 
cell-0-1-4 672 757 34 35 
cell-0-1-5 709 757 34 35 
cell-0-1-6 746 757 34 35 
cell-0-1-7 783 757 34 35 
cell-0-1-8 820 757 34 35 
cell-0-1-9 857 757 34 35 
cell-0-1-10 894 757 34 35 
cell-0-1-11 931 757 34 35 
cell-0-2-0 524 811 34 35 
cell-0-2-1 561 811 34 35 
cell-0-2-2 598 811 34 35 
cell-0-2-3 635 811 34 35 
cell-0-2-4 672 811 34 35 
cell-0-2-5 709 811 34 35 
cell-0-2-6 746 811 34 35 
cell-0-2-7 783 811 34 35 
cell-0-2-8 820 811 34 35 
cell-0-2-9 857 811 34 35 
cell-0-2-10 894 811 34 35 
cell-0-2-11 931 811 34 35 
cell-0-3-0 524 865 34 35 
cell-0-3-1 561 865 34 35 
cell-0-3-2 598 865 34 35 
cell-0-3-3 635 865 34 35 
cell-0-3-4 672 865 34 35 
cell-0-3-5 709 865 34 35 
cell-0-3-6 746 865 34 35 
cell-0-3-7 783 865 34 35 
cell-0-3-8 820 865 34 35 
cell-0-3-9 857 865 34 35 
cell-0-3-10 894 865 34 35 
cell-0-3-11 931 865 34 35 
cell-0-4-0 524 919 34 35 
cell-0-4-1 561 919 34 35 
cell-0-4-2 598 919 34 35 
cell-0-4-3 635 919 34 35 
cell-0-4-4 672 919 34 35 
cell-0-4-5 709 919 34 35 
cell-0-4-6 746 919 34 35 
cell-0-4-7 783 919 34 35 
cell-0-4-8 820 919 34 35 
cell-0-4-9 857 919 34 35 
cell-0-4-10 894 919 34 35 
cell-0-4-11 931 919 34 35 
cell-0-5-0 524 973 34 35 
cell-0-5-1 561 973 34 35 
cell-0-5-2 598 973 34 35 
cell-0-5-3 635 973 34 35 
cell-0-5-4 672 973 34 35 
cell-0-5-5 709 973 34 35 
cell-0-5-6 746 973 34 35 
cell-0-5-7 783 973 34 35 
cell-0-5-8 820 973 34 35 
cell-0-5-9 857 973 34 35 
cell-0-5-10 894 973 34 35 
cell-0-5-11 931 973 34 35 
cell-0-6-0 524 1027 34 35 
cell-0-6-1 561 1027 34 35 
cell-0-6-2 598 1027 34 35 
cell-0-6-3 635 1027 34 35 
cell-0-6-4 672 1027 34 35 
cell-0-6-5 709 1027 34 35 
cell-0-6-6 746 1027 34 35 
cell-0-6-7 783 1027 34 35 
cell-0-6-8 820 1027 34 35 
cell-0-6-9 857 1027 34 35 
cell-0-6-10 894 1027 34 35 
cell-0-6-11 931 1027 34 35 
cell-0-7-0 524 1081 34 35 
cell-0-7-1 561 1081 34 35 
cell-0-7-2 598 1081 34 35 
cell-0-7-3 635 1081 34 35 
cell-0-7-4 672 1081 34 35 
cell-0-7-5 709 1081 34 35 
cell-0-7-6 746 1081 34 35 
cell-0-7-7 783 1081 34 35 
cell-0-7-8 820 1081 34 35 
cell-0-7-9 857 1081 34 35 
cell-0-7-10 894 1081 34 35 
cell-0-7-11 931 1081 34 35 
cell-0-8-0 524 1135 34 35 
cell-0-8-1 561 1135 34 35 
cell-0-8-2 598 1135 34 35 
cell-0-8-3 635 1135 34 35 
cell-0-8-4 672 1135 34 35 
cell-0-8-5 709 1135 34 35 
cell-0-8-6 746 1135 34 35 
cell-0-8-7 783 1135 34 35 
cell-0-8-8 820 1135 34 35 
cell-0-8-9 857 1135 34 35 
cell-0-8-10 894 1135 34 35 
cell-0-8-11 931 1135 34 35 
cell-0-9-0 524 1189 34 35 
cell-0-9-1 561 1189 34 35 
cell-0-9-2 598 1189 34 35 
cell-0-9-3 635 1189 34 35 
cell-0-9-4 672 1189 34 35 
cell-0-9-5 709 1189 34 35 
cell-0-9-6 746 1189 34 35 
cell-0-9-7 783 1189 34 35 
cell-0-9-8 820 1189 34 35 
cell-0-9-9 857 1189 34 35 
cell-0-9-10 894 1189 34 35 
cell-0-9-11 931 1189 34 35 
table-5 614 104 228 408 
cell-5-0-0 614 104 45 35 
cell-5-0-1 659 104 45 35 
cell-5-0-2 704 104 45 35 
cell-5-0-3 749 104 45 35 
cell-5-0-4 794 104 45 35 
cell-5-1-0 614 141 45 35 
cell-5-1-1 659 141 45 35 
cell-5-1-2 704 141 45 35 
cell-5-1-3 749 141 45 35 
cell-5-1-4 794 141 45 35 
cell-5-2-0 614 178 45 35 
cell-5-2-1 659 178 45 35 
cell-5-2-2 704 178 45 35 
cell-5-2-3 749 178 45 35 
cell-5-2-4 794 178 45 35 
cell-5-3-0 614 215 45 35 
cell-5-3-1 659 215 45 35 
cell-5-3-2 704 215 45 35 
cell-5-3-3 749 215 45 35 
cell-5-3-4 794 215 45 35 
cell-5-4-0 614 252 45 35 
cell-5-4-1 659 252 45 35 
cell-5-4-2 704 252 45 35 
cell-5-4-3 749 252 45 35 
cell-5-4-4 794 252 45 35 
cell-5-5-0 614 289 45 35 
cell-5-5-1 659 289 45 35 
cell-5-5-2 704 289 45 35 
cell-5-5-3 749 289 45 35 
cell-5-5-4 794 289 45 35 
cell-5-6-0 614 326 45 35 
cell-5-6-1 659 326 45 35 
cell-5-6-2 704 326 45 35 
cell-5-6-3 749 326 45 35 
cell-5-6-4 794 326 45 35 
cell-5-7-0 614 363 45 35 
cell-5-7-1 659 363 45 35 
cell-5-7-2 704 363 45 35 
cell-5-7-3 749 363 45 35 
cell-5-7-4 794 363 45 35 
cell-5-8-0 614 400 45 35 
cell-5-8-1 659 400 45 35 
cell-5-8-2 704 400 45 35 
cell-5-8-3 749 400 45 35 
cell-5-8-4 794 400 45 35 
cell-5-9-0 614 437 45 35 
cell-5-9-1 659 437 45 35 
cell-5-9-2 704 437 45 35 
cell-5-9-3 749 437 45 35 
cell-5-9-4 794 437 45 35 
cell-5-10-0 614 474 45 35 
cell-5-10-1 659 474 45 35 
cell-5-10-2 704 474 45 35 
cell-5-10-3 749 474 45 35 
cell-5-10-4 794 474 45 35 
