table-0 531 412 183 518 
cell-0-0-0 531 412 45 35 
cell-0-0-1 576 412 45 35 
cell-0-0-2 621 412 45 35 
cell-0-0-3 666 412 45 35 
cell-0-1-0 531 460 45 35 
cell-0-1-1 576 460 45 35 
cell-0-1-2 621 460 45 35 
cell-0-1-3 666 460 45 35 
cell-0-2-0 531 508 45 35 
cell-0-2-1 576 508 45 35 
cell-0-2-2 621 508 45 35 
cell-0-2-3 666 508 45 35 
cell-0-3-0 531 556 45 35 
cell-0-3-1 576 556 45 35 
cell-0-3-2 621 556 45 35 
cell-0-3-3 666 556 45 35 
cell-0-4-0 531 604 45 35 
cell-0-4-1 576 604 45 35 
cell-0-4-2 621 604 45 35 
cell-0-4-3 666 604 45 35 
cell-0-5-0 531 652 45 35 
cell-0-5-1 576 652 45 35 
cell-0-5-2 621 652 45 35 
cell-0-5-3 666 652 45 35 
cell-0-6-0 531 700 45 35 
cell-0-6-1 576 700 45 35 
cell-0-6-2 621 700 45 35 
cell-0-6-3 666 700 45 35 
cell-0-7-0 531 748 45 35 
cell-0-7-1 576 748 45 35 
cell-0-7-2 621 748 45 35 
cell-0-7-3 666 748 45 35 
cell-0-8-0 531 796 45 35 
cell-0-8-1 576 796 45 35 
cell-0-8-2 621 796 45 35 
cell-0-8-3 666 796 45 35 
cell-0-9-0 531 844 45 35 
cell-0-9-1 576 844 45 35 
cell-0-9-2 621 844 45 35 
cell-0-9-3 666 844 45 35 
cell-0-10-0 531 892 45 35 
cell-0-10-1 576 892 45 35 
cell-0-10-2 621 892 45 35 
cell-0-10-3 666 892 45 35 
header-1 243 1111 774 193 
row-1-1 243 1111 267 40 
row-1-2 530 1111 399 40 
row-2-1 243 1161 333 40 
row-2-2 596 1161 415 40 
row-3-1 243 1211 630 40 
row-4-1 243 1261 696 40 
