table-0 198 526 800 232 
cell-0-0-0 198 526 100 39 
cell-0-0-1 298 526 100 39 
cell-0-0-2 398 526 100 39 
cell-0-0-3 498 526 100 39 
cell-0-0-4 598 526 100 39 
cell-0-0-5 698 526 100 39 
cell-0-0-6 798 526 100 39 
cell-0-0-7 898 526 100 39 
cell-0-1-0 198 574 100 39 
cell-0-1-1 298 574 100 39 
cell-0-1-2 398 574 100 39 
cell-0-1-3 498 574 100 39 
cell-0-1-4 598 574 100 39 
cell-0-1-5 698 574 100 39 
cell-0-1-6 798 574 100 39 
cell-0-1-7 898 574 100 39 
cell-0-2-0 198 622 100 39 
cell-0-2-1 298 622 100 39 
cell-0-2-2 398 622 100 39 
cell-0-2-3 498 622 100 39 
cell-0-2-4 598 622 100 39 
cell-0-2-5 698 622 100 39 
cell-0-2-6 798 622 100 39 
cell-0-2-7 898 622 100 39 
cell-0-3-0 198 670 100 39 
cell-0-3-1 298 670 100 39 
cell-0-3-2 398 670 100 39 
cell-0-3-3 498 670 100 39 
cell-0-3-4 598 670 100 39 
cell-0-3-5 698 670 100 39 
cell-0-3-6 798 670 100 39 
cell-0-3-7 898 670 100 39 
cell-0-4-0 198 718 100 39 
cell-0-4-1 298 718 100 39 
cell-0-4-2 398 718 100 39 
cell-0-4-3 498 718 100 39 
cell-0-4-4 598 718 100 39 
cell-0-4-5 698 718 100 39 
cell-0-4-6 798 718 100 39 
cell-0-4-7 898 718 100 39 
