table-0 256 327 737 406 
cell-0-1-0 256 327 34 35 
cell-0-1-1 293 327 34 35 
cell-0-1-2 330 327 34 35 
cell-0-1-3 367 327 34 35 
cell-0-1-4 404 327 34 35 
cell-0-1-5 441 327 34 35 
cell-0-1-6 478 327 34 35 
cell-0-1-7 515 327 34 35 
cell-0-1-8 552 327 34 35 
cell-0-1-9 589 327 34 35 
cell-0-1-10 626 327 34 35 
cell-0-1-11 663 327 34 35 
cell-0-1-12 700 327 34 35 
cell-0-1-13 737 327 34 35 
cell-0-1-14 774 327 34 35 
cell-0-1-15 811 327 34 35 
cell-0-1-16 848 327 34 35 
cell-0-1-17 885 327 34 35 
cell-0-1-18 922 327 34 35 
cell-0-1-19 959 327 34 35 
cell-0-2-0 256 364 34 35 
cell-0-2-1 293 364 34 35 
cell-0-2-2 330 364 34 35 
cell-0-2-3 367 364 34 35 
cell-0-2-4 404 364 34 35 
cell-0-2-5 441 364 34 35 
cell-0-2-6 478 364 34 35 
cell-0-2-7 515 364 34 35 
cell-0-2-8 552 364 34 35 
cell-0-2-9 589 364 34 35 
cell-0-2-10 626 364 34 35 
cell-0-2-11 663 364 34 35 
cell-0-2-12 700 364 34 35 
cell-0-2-13 737 364 34 35 
cell-0-2-14 774 364 34 35 
cell-0-2-15 811 364 34 35 
cell-0-2-16 848 364 34 35 
cell-0-2-17 885 364 34 35 
cell-0-2-18 922 364 34 35 
cell-0-2-19 959 364 34 35 
cell-0-3-0 256 401 34 35 
cell-0-3-1 293 401 34 35 
cell-0-3-2 330 401 34 35 
cell-0-3-3 367 401 34 35 
cell-0-3-4 404 401 34 35 
cell-0-3-5 441 401 34 35 
cell-0-3-6 478 401 34 35 
cell-0-3-7 515 401 34 35 
cell-0-3-8 552 401 34 35 
cell-0-3-9 589 401 34 35 
cell-0-3-10 626 401 34 35 
cell-0-3-11 663 401 34 35 
cell-0-3-12 700 401 34 35 
cell-0-3-13 737 401 34 35 
cell-0-3-14 774 401 34 35 
cell-0-3-15 811 401 34 35 
cell-0-3-16 848 401 34 35 
cell-0-3-17 885 401 34 35 
cell-0-3-18 922 401 34 35 
cell-0-3-19 959 401 34 35 
cell-0-4-0 256 438 34 35 
cell-0-4-1 293 438 34 35 
cell-0-4-2 330 438 34 35 
cell-0-4-3 367 438 34 35 
cell-0-4-4 404 438 34 35 
cell-0-4-5 441 438 34 35 
cell-0-4-6 478 438 34 35 
cell-0-4-7 515 438 34 35 
cell-0-4-8 552 438 34 35 
cell-0-4-9 589 438 34 35 
cell-0-4-10 626 438 34 35 
cell-0-4-11 663 438 34 35 
cell-0-4-12 700 438 34 35 
cell-0-4-13 737 438 34 35 
cell-0-4-14 774 438 34 35 
cell-0-4-15 811 438 34 35 
cell-0-4-16 848 438 34 35 
cell-0-4-17 885 438 34 35 
cell-0-4-18 922 438 34 35 
cell-0-4-19 959 438 34 35 
cell-0-5-0 256 475 34 35 
cell-0-5-1 293 475 34 35 
cell-0-5-2 330 475 34 35 
cell-0-5-3 367 475 34 35 
cell-0-5-4 404 475 34 35 
cell-0-5-5 441 475 34 35 
cell-0-5-6 478 475 34 35 
cell-0-5-7 515 475 34 35 
cell-0-5-8 552 475 34 35 
cell-0-5-9 589 475 34 35 
cell-0-5-10 626 475 34 35 
cell-0-5-11 663 475 34 35 
cell-0-5-12 700 475 34 35 
cell-0-5-13 737 475 34 35 
cell-0-5-14 774 475 34 35 
cell-0-5-15 811 475 34 35 
cell-0-5-16 848 475 34 35 
cell-0-5-17 885 475 34 35 
cell-0-5-18 922 475 34 35 
cell-0-5-19 959 475 34 35 
cell-0-6-0 256 512 34 35 
cell-0-6-1 293 512 34 35 
cell-0-6-2 330 512 34 35 
cell-0-6-3 367 512 34 35 
cell-0-6-4 404 512 34 35 
cell-0-6-5 441 512 34 35 
cell-0-6-6 478 512 34 35 
cell-0-6-7 515 512 34 35 
cell-0-6-8 552 512 34 35 
cell-0-6-9 589 512 34 35 
cell-0-6-10 626 512 34 35 
cell-0-6-11 663 512 34 35 
cell-0-6-12 700 512 34 35 
cell-0-6-13 737 512 34 35 
cell-0-6-14 774 512 34 35 
cell-0-6-15 811 512 34 35 
cell-0-6-16 848 512 34 35 
cell-0-6-17 885 512 34 35 
cell-0-6-18 922 512 34 35 
cell-0-6-19 959 512 34 35 
cell-0-7-0 256 549 34 35 
cell-0-7-1 293 549 34 35 
cell-0-7-2 330 549 34 35 
cell-0-7-3 367 549 34 35 
cell-0-7-4 404 549 34 35 
cell-0-7-5 441 549 34 35 
cell-0-7-6 478 549 34 35 
cell-0-7-7 515 549 34 35 
cell-0-7-8 552 549 34 35 
cell-0-7-9 589 549 34 35 
cell-0-7-10 626 549 34 35 
cell-0-7-11 663 549 34 35 
cell-0-7-12 700 549 34 35 
cell-0-7-13 737 549 34 35 
cell-0-7-14 774 549 34 35 
cell-0-7-15 811 549 34 35 
cell-0-7-16 848 549 34 35 
cell-0-7-17 885 549 34 35 
cell-0-7-18 922 549 34 35 
cell-0-7-19 959 549 34 35 
cell-0-8-0 256 586 34 35 
cell-0-8-1 293 586 34 35 
cell-0-8-2 330 586 34 35 
cell-0-8-3 367 586 34 35 
cell-0-8-4 404 586 34 35 
cell-0-8-5 441 586 34 35 
cell-0-8-6 478 586 34 35 
cell-0-8-7 515 586 34 35 
cell-0-8-8 552 586 34 35 
cell-0-8-9 589 586 34 35 
cell-0-8-10 626 586 34 35 
cell-0-8-11 663 586 34 35 
cell-0-8-12 700 586 34 35 
cell-0-8-13 737 586 34 35 
cell-0-8-14 774 586 34 35 
cell-0-8-15 811 586 34 35 
cell-0-8-16 848 586 34 35 
cell-0-8-17 885 586 34 35 
cell-0-8-18 922 586 34 35 
cell-0-8-19 959 586 34 35 
cell-0-9-0 256 623 34 35 
cell-0-9-1 293 623 34 35 
cell-0-9-2 330 623 34 35 
cell-0-9-3 367 623 34 35 
cell-0-9-4 404 623 34 35 
cell-0-9-5 441 623 34 35 
cell-0-9-6 478 623 34 35 
cell-0-9-7 515 623 34 35 
cell-0-9-8 552 623 34 35 
cell-0-9-9 589 623 34 35 
cell-0-9-10 626 623 34 35 
cell-0-9-11 663 623 34 35 
cell-0-9-12 700 623 34 35 
cell-0-9-13 737 623 34 35 
cell-0-9-14 774 623 34 35 
cell-0-9-15 811 623 34 35 
cell-0-9-16 848 623 34 35 
cell-0-9-17 885 623 34 35 
cell-0-9-18 922 623 34 35 
cell-0-9-19 959 623 34 35 
cell-0-10-0 256 660 34 35 
cell-0-10-1 293 660 34 35 
cell-0-10-2 330 660 34 35 
cell-0-10-3 367 660 34 35 
cell-0-10-4 404 660 34 35 
cell-0-10-5 441 660 34 35 
cell-0-10-6 478 660 34 35 
cell-0-10-7 515 660 34 35 
cell-0-10-8 552 660 34 35 
cell-0-10-9 589 660 34 35 
cell-0-10-10 626 660 34 35 
cell-0-10-11 663 660 34 35 
cell-0-10-12 700 660 34 35 
cell-0-10-13 737 660 34 35 
cell-0-10-14 774 660 34 35 
cell-0-10-15 811 660 34 35 
cell-0-10-16 848 660 34 35 
cell-0-10-17 885 660 34 35 
cell-0-10-18 922 660 34 35 
cell-0-10-19 959 660 34 35 
cell-0-11-0 256 697 34 35 
cell-0-11-1 293 697 34 35 
cell-0-11-2 330 697 34 35 
cell-0-11-3 367 697 34 35 
cell-0-11-4 404 697 34 35 
cell-0-11-5 441 697 34 35 
cell-0-11-6 478 697 34 35 
cell-0-11-7 515 697 34 35 
cell-0-11-8 552 697 34 35 
cell-0-11-9 589 697 34 35 
cell-0-11-10 626 697 34 35 
cell-0-11-11 663 697 34 35 
cell-0-11-12 700 697 34 35 
cell-0-11-13 737 697 34 35 
cell-0-11-14 774 697 34 35 
cell-0-11-15 811 697 34 35 
cell-0-11-16 848 697 34 35 
cell-0-11-17 885 697 34 35 
cell-0-11-18 922 697 34 35 
cell-0-11-19 959 697 34 35 
