table-0 60 363 1000 269 
cell-0-0-0 60 363 142 47 
cell-0-0-1 202 363 142 47 
cell-0-0-2 344 363 142 47 
cell-0-0-3 486 363 142 47 
cell-0-0-4 628 363 142 47 
cell-0-0-5 770 363 142 47 
cell-0-0-6 912 363 142 47 
cell-0-1-0 60 418 142 47 
cell-0-1-1 202 418 142 47 
cell-0-1-2 344 418 142 47 
cell-0-1-3 486 418 142 47 
cell-0-1-4 628 418 142 47 
cell-0-1-5 770 418 142 47 
cell-0-1-6 912 418 142 47 
cell-0-2-0 60 473 142 47 
cell-0-2-1 202 473 142 47 
cell-0-2-2 344 473 142 47 
cell-0-2-3 486 473 142 47 
cell-0-2-4 628 473 142 47 
cell-0-2-5 770 473 142 47 
cell-0-2-6 912 473 142 47 
cell-0-3-0 60 528 142 47 
cell-0-3-1 202 528 142 47 
cell-0-3-2 344 528 142 47 
cell-0-3-3 486 528 142 47 
cell-0-3-4 628 528 142 47 
cell-0-3-5 770 528 142 47 
cell-0-3-6 912 528 142 47 
cell-0-4-0 60 583 142 47 
cell-0-4-1 202 583 142 47 
cell-0-4-2 344 583 142 47 
cell-0-4-3 486 583 142 47 
cell-0-4-4 628 583 142 47 
cell-0-4-5 770 583 142 47 
cell-0-4-6 912 583 142 47 
