table-0 123 170 458 587 
cell-0-1-0 123 170 35 35 
cell-0-1-1 158 170 35 35 
cell-0-1-2 193 170 35 35 
cell-0-1-3 228 170 35 35 
cell-0-1-4 263 170 35 35 
cell-0-1-5 298 170 35 35 
cell-0-1-6 333 170 35 35 
cell-0-1-7 368 170 35 35 
cell-0-1-8 403 170 35 35 
cell-0-1-9 438 170 35 35 
cell-0-1-10 473 170 35 35 
cell-0-1-11 508 170 35 35 
cell-0-1-12 543 170 35 35 
cell-0-2-0 123 231 35 35 
cell-0-2-1 158 231 35 35 
cell-0-2-2 193 231 35 35 
cell-0-2-3 228 231 35 35 
cell-0-2-4 263 231 35 35 
cell-0-2-5 298 231 35 35 
cell-0-2-6 333 231 35 35 
cell-0-2-7 368 231 35 35 
cell-0-2-8 403 231 35 35 
cell-0-2-9 438 231 35 35 
cell-0-2-10 473 231 35 35 
cell-0-2-11 508 231 35 35 
cell-0-2-12 543 231 35 35 
cell-0-3-0 123 292 35 35 
cell-0-3-1 158 292 35 35 
cell-0-3-2 193 292 35 35 
cell-0-3-3 228 292 35 35 
cell-0-3-4 263 292 35 35 
cell-0-3-5 298 292 35 35 
cell-0-3-6 333 292 35 35 
cell-0-3-7 368 292 35 35 
cell-0-3-8 403 292 35 35 
cell-0-3-9 438 292 35 35 
cell-0-3-10 473 292 35 35 
cell-0-3-11 508 292 35 35 
cell-0-3-12 543 292 35 35 
cell-0-4-0 123 353 35 35 
cell-0-4-1 158 353 35 35 
cell-0-4-2 193 353 35 35 
cell-0-4-3 228 353 35 35 
cell-0-4-4 263 353 35 35 
cell-0-4-5 298 353 35 35 
cell-0-4-6 333 353 35 35 
cell-0-4-7 368 353 35 35 
cell-0-4-8 403 353 35 35 
cell-0-4-9 438 353 35 35 
cell-0-4-10 473 353 35 35 
cell-0-4-11 508 353 35 35 
cell-0-4-12 543 353 35 35 
cell-0-5-0 123 414 35 35 
cell-0-5-1 158 414 35 35 
cell-0-5-2 193 414 35 35 
cell-0-5-3 228 414 35 35 
cell-0-5-4 263 414 35 35 
cell-0-5-5 298 414 35 35 
cell-0-5-6 333 414 35 35 
cell-0-5-7 368 414 35 35 
cell-0-5-8 403 414 35 35 
cell-0-5-9 438 414 35 35 
cell-0-5-10 473 414 35 35 
cell-0-5-11 508 414 35 35 
cell-0-5-12 543 414 35 35 
cell-0-6-0 123 475 35 35 
cell-0-6-1 158 475 35 35 
cell-0-6-2 193 475 35 35 
cell-0-6-3 228 475 35 35 
cell-0-6-4 263 475 35 35 
cell-0-6-5 298 475 35 35 
cell-0-6-6 333 475 35 35 
cell-0-6-7 368 475 35 35 
cell-0-6-8 403 475 35 35 
cell-0-6-9 438 475 35 35 
cell-0-6-10 473 475 35 35 
cell-0-6-11 508 475 35 35 
cell-0-6-12 543 475 35 35 
cell-0-7-0 123 536 35 35 
cell-0-7-1 158 536 35 35 
cell-0-7-2 193 536 35 35 
cell-0-7-3 228 536 35 35 
cell-0-7-4 263 536 35 35 
cell-0-7-5 298 536 35 35 
cell-0-7-6 333 536 35 35 
cell-0-7-7 368 536 35 35 
cell-0-7-8 403 536 35 35 
cell-0-7-9 438 536 35 35 
cell-0-7-10 473 536 35 35 
cell-0-7-11 508 536 35 35 
cell-0-7-12 543 536 35 35 
cell-0-8-0 123 597 35 35 
cell-0-8-1 158 597 35 35 
cell-0-8-2 193 597 35 35 
cell-0-8-3 228 597 35 35 
cell-0-8-4 263 597 35 35 
cell-0-8-5 298 597 35 35 
cell-0-8-6 333 597 35 35 
cell-0-8-7 368 597 35 35 
cell-0-8-8 403 597 35 35 
cell-0-8-9 438 597 35 35 
cell-0-8-10 473 597 35 35 
cell-0-8-11 508 597 35 35 
cell-0-8-12 543 597 35 35 
cell-0-9-0 123 658 35 35 
cell-0-9-1 158 658 35 35 
cell-0-9-2 193 658 35 35 
cell-0-9-3 228 658 35 35 
cell-0-9-4 263 658 35 35 
cell-0-9-5 298 658 35 35 
cell-0-9-6 333 658 35 35 
cell-0-9-7 368 658 35 35 
cell-0-9-8 403 658 35 35 
cell-0-9-9 438 658 35 35 
cell-0-9-10 473 658 35 35 
cell-0-9-11 508 658 35 35 
cell-0-9-12 543 658 35 35 
cell-0-10-0 123 719 35 35 
cell-0-10-1 158 719 35 35 
cell-0-10-2 193 719 35 35 
cell-0-10-3 228 719 35 35 
cell-0-10-4 263 719 35 35 
cell-0-10-5 298 719 35 35 
cell-0-10-6 333 719 35 35 
cell-0-10-7 368 719 35 35 
cell-0-10-8 403 719 35 35 
cell-0-10-9 438 719 35 35 
cell-0-10-10 473 719 35 35 
cell-0-10-11 508 719 35 35 
cell-0-10-12 543 719 35 35 
table-1 768 791 178 451 
cell-1-0-0 768 791 44 35 
cell-1-0-1 812 791 44 35 
cell-1-0-2 856 791 44 35 
cell-1-0-3 900 791 44 35 
cell-1-1-0 768 837 44 35 
cell-1-1-1 812 837 44 35 
cell-1-1-2 856 837 44 35 
cell-1-1-3 900 837 44 35 
cell-1-2-0 768 883 44 35 
cell-1-2-1 812 883 44 35 
cell-1-2-2 856 883 44 35 
cell-1-2-3 900 883 44 35 
cell-1-3-0 768 929 44 35 
cell-1-3-1 812 929 44 35 
cell-1-3-2 856 929 44 35 
cell-1-3-3 900 929 44 35 
cell-1-4-0 768 975 44 35 
cell-1-4-1 812 975 44 35 
cell-1-4-2 856 975 44 35 
cell-1-4-3 900 975 44 35 
cell-1-5-0 768 1021 44 35 
cell-1-5-1 812 1021 44 35 
cell-1-5-2 856 1021 44 35 
cell-1-5-3 900 1021 44 35 
cell-1-6-0 768 1067 44 35 
cell-1-6-1 812 1067 44 35 
cell-1-6-2 856 1067 44 35 
cell-1-6-3 900 1067 44 35 
cell-1-7-0 768 1113 44 35 
cell-1-7-1 812 1113 44 35 
cell-1-7-2 856 1113 44 35 
cell-1-7-3 900 1113 44 35 
cell-1-8-0 768 1159 44 35 
cell-1-8-1 812 1159 44 35 
cell-1-8-2 856 1159 44 35 
cell-1-8-3 900 1159 44 35 
cell-1-9-0 768 1205 44 35 
cell-1-9-1 812 1205 44 35 
cell-1-9-2 856 1205 44 35 
cell-1-9-3 900 1205 44 35 
