table-0 707 699 266 507 
cell-0-0-0 707 699 44 35 
cell-0-0-1 751 699 44 35 
cell-0-0-2 795 699 44 35 
cell-0-0-3 839 699 44 35 
cell-0-0-4 883 699 44 35 
cell-0-0-5 927 699 44 35 
cell-0-1-0 707 746 44 35 
cell-0-1-1 751 746 44 35 
cell-0-1-2 795 746 44 35 
cell-0-1-3 839 746 44 35 
cell-0-1-4 883 746 44 35 
cell-0-1-5 927 746 44 35 
cell-0-2-0 707 793 44 35 
cell-0-2-1 751 793 44 35 
cell-0-2-2 795 793 44 35 
cell-0-2-3 839 793 44 35 
cell-0-2-4 883 793 44 35 
cell-0-2-5 927 793 44 35 
cell-0-3-0 707 840 44 35 
cell-0-3-1 751 840 44 35 
cell-0-3-2 795 840 44 35 
cell-0-3-3 839 840 44 35 
cell-0-3-4 883 840 44 35 
cell-0-3-5 927 840 44 35 
cell-0-4-0 707 887 44 35 
cell-0-4-1 751 887 44 35 
cell-0-4-2 795 887 44 35 
cell-0-4-3 839 887 44 35 
cell-0-4-4 883 887 44 35 
cell-0-4-5 927 887 44 35 
cell-0-5-0 707 934 44 35 
cell-0-5-1 751 934 44 35 
cell-0-5-2 795 934 44 35 
cell-0-5-3 839 934 44 35 
cell-0-5-4 883 934 44 35 
cell-0-5-5 927 934 44 35 
cell-0-6-0 707 981 44 35 
cell-0-6-1 751 981 44 35 
cell-0-6-2 795 981 44 35 
cell-0-6-3 839 981 44 35 
cell-0-6-4 883 981 44 35 
cell-0-6-5 927 981 44 35 
cell-0-7-0 707 1028 44 35 
cell-0-7-1 751 1028 44 35 
cell-0-7-2 795 1028 44 35 
cell-0-7-3 839 1028 44 35 
cell-0-7-4 883 1028 44 35 
cell-0-7-5 927 1028 44 35 
cell-0-8-0 707 1075 44 35 
cell-0-8-1 751 1075 44 35 
cell-0-8-2 795 1075 44 35 
cell-0-8-3 839 1075 44 35 
cell-0-8-4 883 1075 44 35 
cell-0-8-5 927 1075 44 35 
cell-0-9-0 707 1122 44 35 
cell-0-9-1 751 1122 44 35 
cell-0-9-2 795 1122 44 35 
cell-0-9-3 839 1122 44 35 
cell-0-9-4 883 1122 44 35 
cell-0-9-5 927 1122 44 35 
cell-0-10-0 707 1169 44 35 
cell-0-10-1 751 1169 44 35 
cell-0-10-2 795 1169 44 35 
cell-0-10-3 839 1169 44 35 
cell-0-10-4 883 1169 44 35 
cell-0-10-5 927 1169 44 35 
table-4 262 801 266 478 
cell-4-0-0 262 801 44 35 
cell-4-0-1 306 801 44 35 
cell-4-0-2 350 801 44 35 
cell-4-0-3 394 801 44 35 
cell-4-0-4 438 801 44 35 
cell-4-0-5 482 801 44 35 
cell-4-1-0 262 850 44 35 
cell-4-1-1 306 850 44 35 
cell-4-1-2 350 850 44 35 
cell-4-1-3 394 850 44 35 
cell-4-1-4 438 850 44 35 
cell-4-1-5 482 850 44 35 
cell-4-2-0 262 899 44 35 
cell-4-2-1 306 899 44 35 
cell-4-2-2 350 899 44 35 
cell-4-2-3 394 899 44 35 
cell-4-2-4 438 899 44 35 
cell-4-2-5 482 899 44 35 
cell-4-3-0 262 948 44 35 
cell-4-3-1 306 948 44 35 
cell-4-3-2 350 948 44 35 
cell-4-3-3 394 948 44 35 
cell-4-3-4 438 948 44 35 
cell-4-3-5 482 948 44 35 
cell-4-4-0 262 997 44 35 
cell-4-4-1 306 997 44 35 
cell-4-4-2 350 997 44 35 
cell-4-4-3 394 997 44 35 
cell-4-4-4 438 997 44 35 
cell-4-4-5 482 997 44 35 
cell-4-5-0 262 1046 44 35 
cell-4-5-1 306 1046 44 35 
cell-4-5-2 350 1046 44 35 
cell-4-5-3 394 1046 44 35 
cell-4-5-4 438 1046 44 35 
cell-4-5-5 482 1046 44 35 
cell-4-6-0 262 1095 44 35 
cell-4-6-1 306 1095 44 35 
cell-4-6-2 350 1095 44 35 
cell-4-6-3 394 1095 44 35 
cell-4-6-4 438 1095 44 35 
cell-4-6-5 482 1095 44 35 
cell-4-7-0 262 1144 44 35 
cell-4-7-1 306 1144 44 35 
cell-4-7-2 350 1144 44 35 
cell-4-7-3 394 1144 44 35 
cell-4-7-4 438 1144 44 35 
cell-4-7-5 482 1144 44 35 
cell-4-8-0 262 1193 44 35 
cell-4-8-1 306 1193 44 35 
cell-4-8-2 350 1193 44 35 
cell-4-8-3 394 1193 44 35 
cell-4-8-4 438 1193 44 35 
cell-4-8-5 482 1193 44 35 
cell-4-9-0 262 1242 44 35 
cell-4-9-1 306 1242 44 35 
cell-4-9-2 350 1242 44 35 
cell-4-9-3 394 1242 44 35 
cell-4-9-4 438 1242 44 35 
cell-4-9-5 482 1242 44 35 
