table-0 442 553 496 585 
cell-0-1-0 442 553 33 35 
cell-0-1-1 475 553 33 35 
cell-0-1-2 508 553 33 35 
cell-0-1-3 541 553 33 35 
cell-0-1-4 574 553 33 35 
cell-0-1-5 607 553 33 35 
cell-0-1-6 640 553 33 35 
cell-0-1-7 673 553 33 35 
cell-0-1-8 706 553 33 35 
cell-0-1-9 739 553 33 35 
cell-0-1-10 772 553 33 35 
cell-0-1-11 805 553 33 35 
cell-0-1-12 838 553 33 35 
cell-0-1-13 871 553 33 35 
cell-0-1-14 904 553 33 35 
cell-0-2-0 442 614 33 35 
cell-0-2-1 475 614 33 35 
cell-0-2-2 508 614 33 35 
cell-0-2-3 541 614 33 35 
cell-0-2-4 574 614 33 35 
cell-0-2-5 607 614 33 35 
cell-0-2-6 640 614 33 35 
cell-0-2-7 673 614 33 35 
cell-0-2-8 706 614 33 35 
cell-0-2-9 739 614 33 35 
cell-0-2-10 772 614 33 35 
cell-0-2-11 805 614 33 35 
cell-0-2-12 838 614 33 35 
cell-0-2-13 871 614 33 35 
cell-0-2-14 904 614 33 35 
cell-0-3-0 442 675 33 35 
cell-0-3-1 475 675 33 35 
cell-0-3-2 508 675 33 35 
cell-0-3-3 541 675 33 35 
cell-0-3-4 574 675 33 35 
cell-0-3-5 607 675 33 35 
cell-0-3-6 640 675 33 35 
cell-0-3-7 673 675 33 35 
cell-0-3-8 706 675 33 35 
cell-0-3-9 739 675 33 35 
cell-0-3-10 772 675 33 35 
cell-0-3-11 805 675 33 35 
cell-0-3-12 838 675 33 35 
cell-0-3-13 871 675 33 35 
cell-0-3-14 904 675 33 35 
cell-0-4-0 442 736 33 35 
cell-0-4-1 475 736 33 35 
cell-0-4-2 508 736 33 35 
cell-0-4-3 541 736 33 35 
cell-0-4-4 574 736 33 35 
cell-0-4-5 607 736 33 35 
cell-0-4-6 640 736 33 35 
cell-0-4-7 673 736 33 35 
cell-0-4-8 706 736 33 35 
cell-0-4-9 739 736 33 35 
cell-0-4-10 772 736 33 35 
cell-0-4-11 805 736 33 35 
cell-0-4-12 838 736 33 35 
cell-0-4-13 871 736 33 35 
cell-0-4-14 904 736 33 35 
cell-0-5-0 442 797 33 35 
cell-0-5-1 475 797 33 35 
cell-0-5-2 508 797 33 35 
cell-0-5-3 541 797 33 35 
cell-0-5-4 574 797 33 35 
cell-0-5-5 607 797 33 35 
cell-0-5-6 640 797 33 35 
cell-0-5-7 673 797 33 35 
cell-0-5-8 706 797 33 35 
cell-0-5-9 739 797 33 35 
cell-0-5-10 772 797 33 35 
cell-0-5-11 805 797 33 35 
cell-0-5-12 838 797 33 35 
cell-0-5-13 871 797 33 35 
cell-0-5-14 904 797 33 35 
cell-0-6-0 442 858 33 35 
cell-0-6-1 475 858 33 35 
cell-0-6-2 508 858 33 35 
cell-0-6-3 541 858 33 35 
cell-0-6-4 574 858 33 35 
cell-0-6-5 607 858 33 35 
cell-0-6-6 640 858 33 35 
cell-0-6-7 673 858 33 35 
cell-0-6-8 706 858 33 35 
cell-0-6-9 739 858 33 35 
cell-0-6-10 772 858 33 35 
cell-0-6-11 805 858 33 35 
cell-0-6-12 838 858 33 35 
cell-0-6-13 871 858 33 35 
cell-0-6-14 904 858 33 35 
cell-0-7-0 442 919 33 35 
cell-0-7-1 475 919 33 35 
cell-0-7-2 508 919 33 35 
cell-0-7-3 541 919 33 35 
cell-0-7-4 574 919 33 35 
cell-0-7-5 607 919 33 35 
cell-0-7-6 640 919 33 35 
cell-0-7-7 673 919 33 35 
cell-0-7-8 706 919 33 35 
cell-0-7-9 739 919 33 35 
cell-0-7-10 772 919 33 35 
cell-0-7-11 805 919 33 35 
cell-0-7-12 838 919 33 35 
cell-0-7-13 871 919 33 35 
cell-0-7-14 904 919 33 35 
cell-0-8-0 442 980 33 35 
cell-0-8-1 475 980 33 35 
cell-0-8-2 508 980 33 35 
cell-0-8-3 541 980 33 35 
cell-0-8-4 574 980 33 35 
cell-0-8-5 607 980 33 35 
cell-0-8-6 640 980 33 35 
cell-0-8-7 673 980 33 35 
cell-0-8-8 706 980 33 35 
cell-0-8-9 739 980 33 35 
cell-0-8-10 772 980 33 35 
cell-0-8-11 805 980 33 35 
cell-0-8-12 838 980 33 35 
cell-0-8-13 871 980 33 35 
cell-0-8-14 904 980 33 35 
cell-0-9-0 442 1041 33 35 
cell-0-9-1 475 1041 33 35 
cell-0-9-2 508 1041 33 35 
cell-0-9-3 541 1041 33 35 
cell-0-9-4 574 1041 33 35 
cell-0-9-5 607 1041 33 35 
cell-0-9-6 640 1041 33 35 
cell-0-9-7 673 1041 33 35 
cell-0-9-8 706 1041 33 35 
cell-0-9-9 739 1041 33 35 
cell-0-9-10 772 1041 33 35 
cell-0-9-11 805 1041 33 35 
cell-0-9-12 838 1041 33 35 
cell-0-9-13 871 1041 33 35 
cell-0-9-14 904 1041 33 35 
cell-0-10-0 442 1102 33 35 
cell-0-10-1 475 1102 33 35 
cell-0-10-2 508 1102 33 35 
cell-0-10-3 541 1102 33 35 
cell-0-10-4 574 1102 33 35 
cell-0-10-5 607 1102 33 35 
cell-0-10-6 640 1102 33 35 
cell-0-10-7 673 1102 33 35 
cell-0-10-8 706 1102 33 35 
cell-0-10-9 739 1102 33 35 
cell-0-10-10 772 1102 33 35 
cell-0-10-11 805 1102 33 35 
cell-0-10-12 838 1102 33 35 
cell-0-10-13 871 1102 33 35 
cell-0-10-14 904 1102 33 35 
