table-0 359 1205 528 230 
cell-0-1-0 359 1205 35 35 
cell-0-1-1 394 1205 35 35 
cell-0-1-2 429 1205 35 35 
cell-0-1-3 464 1205 35 35 
cell-0-1-4 499 1205 35 35 
cell-0-1-5 534 1205 35 35 
cell-0-1-6 569 1205 35 35 
cell-0-1-7 604 1205 35 35 
cell-0-1-8 639 1205 35 35 
cell-0-1-9 674 1205 35 35 
cell-0-1-10 709 1205 35 35 
cell-0-1-11 744 1205 35 35 
cell-0-1-12 779 1205 35 35 
cell-0-1-13 814 1205 35 35 
cell-0-1-14 849 1205 35 35 
cell-0-2-0 359 1253 35 35 
cell-0-2-1 394 1253 35 35 
cell-0-2-2 429 1253 35 35 
cell-0-2-3 464 1253 35 35 
cell-0-2-4 499 1253 35 35 
cell-0-2-5 534 1253 35 35 
cell-0-2-6 569 1253 35 35 
cell-0-2-7 604 1253 35 35 
cell-0-2-8 639 1253 35 35 
cell-0-2-9 674 1253 35 35 
cell-0-2-10 709 1253 35 35 
cell-0-2-11 744 1253 35 35 
cell-0-2-12 779 1253 35 35 
cell-0-2-13 814 1253 35 35 
cell-0-2-14 849 1253 35 35 
cell-0-3-0 359 1301 35 35 
cell-0-3-1 394 1301 35 35 
cell-0-3-2 429 1301 35 35 
cell-0-3-3 464 1301 35 35 
cell-0-3-4 499 1301 35 35 
cell-0-3-5 534 1301 35 35 
cell-0-3-6 569 1301 35 35 
cell-0-3-7 604 1301 35 35 
cell-0-3-8 639 1301 35 35 
cell-0-3-9 674 1301 35 35 
cell-0-3-10 709 1301 35 35 
cell-0-3-11 744 1301 35 35 
cell-0-3-12 779 1301 35 35 
cell-0-3-13 814 1301 35 35 
cell-0-3-14 849 1301 35 35 
cell-0-4-0 359 1349 35 35 
cell-0-4-1 394 1349 35 35 
cell-0-4-2 429 1349 35 35 
cell-0-4-3 464 1349 35 35 
cell-0-4-4 499 1349 35 35 
cell-0-4-5 534 1349 35 35 
cell-0-4-6 569 1349 35 35 
cell-0-4-7 604 1349 35 35 
cell-0-4-8 639 1349 35 35 
cell-0-4-9 674 1349 35 35 
cell-0-4-10 709 1349 35 35 
cell-0-4-11 744 1349 35 35 
cell-0-4-12 779 1349 35 35 
cell-0-4-13 814 1349 35 35 
cell-0-4-14 849 1349 35 35 
cell-0-5-0 359 1397 35 35 
cell-0-5-1 394 1397 35 35 
cell-0-5-2 429 1397 35 35 
cell-0-5-3 464 1397 35 35 
cell-0-5-4 499 1397 35 35 
cell-0-5-5 534 1397 35 35 
cell-0-5-6 569 1397 35 35 
cell-0-5-7 604 1397 35 35 
cell-0-5-8 639 1397 35 35 
cell-0-5-9 674 1397 35 35 
cell-0-5-10 709 1397 35 35 
cell-0-5-11 744 1397 35 35 
cell-0-5-12 779 1397 35 35 
cell-0-5-13 814 1397 35 35 
cell-0-5-14 849 1397 35 35 
