table-0 292 109 621 331 
cell-0-1-0 292 109 36 35 
cell-0-1-1 331 109 36 35 
cell-0-1-2 370 109 36 35 
cell-0-1-3 409 109 36 35 
cell-0-1-4 448 109 36 35 
cell-0-1-5 487 109 36 35 
cell-0-1-6 526 109 36 35 
cell-0-1-7 565 109 36 35 
cell-0-1-8 604 109 36 35 
cell-0-1-9 643 109 36 35 
cell-0-1-10 682 109 36 35 
cell-0-1-11 721 109 36 35 
cell-0-1-12 760 109 36 35 
cell-0-1-13 799 109 36 35 
cell-0-1-14 838 109 36 35 
cell-0-1-15 877 109 36 35 
cell-0-2-0 292 158 36 35 
cell-0-2-1 331 158 36 35 
cell-0-2-2 370 158 36 35 
cell-0-2-3 409 158 36 35 
cell-0-2-4 448 158 36 35 
cell-0-2-5 487 158 36 35 
cell-0-2-6 526 158 36 35 
cell-0-2-7 565 158 36 35 
cell-0-2-8 604 158 36 35 
cell-0-2-9 643 158 36 35 
cell-0-2-10 682 158 36 35 
cell-0-2-11 721 158 36 35 
cell-0-2-12 760 158 36 35 
cell-0-2-13 799 158 36 35 
cell-0-2-14 838 158 36 35 
cell-0-2-15 877 158 36 35 
cell-0-3-0 292 207 36 35 
cell-0-3-1 331 207 36 35 
cell-0-3-2 370 207 36 35 
cell-0-3-3 409 207 36 35 
cell-0-3-4 448 207 36 35 
cell-0-3-5 487 207 36 35 
cell-0-3-6 526 207 36 35 
cell-0-3-7 565 207 36 35 
cell-0-3-8 604 207 36 35 
cell-0-3-9 643 207 36 35 
cell-0-3-10 682 207 36 35 
cell-0-3-11 721 207 36 35 
cell-0-3-12 760 207 36 35 
cell-0-3-13 799 207 36 35 
cell-0-3-14 838 207 36 35 
cell-0-3-15 877 207 36 35 
cell-0-4-0 292 256 36 35 
cell-0-4-1 331 256 36 35 
cell-0-4-2 370 256 36 35 
cell-0-4-3 409 256 36 35 
cell-0-4-4 448 256 36 35 
cell-0-4-5 487 256 36 35 
cell-0-4-6 526 256 36 35 
cell-0-4-7 565 256 36 35 
cell-0-4-8 604 256 36 35 
cell-0-4-9 643 256 36 35 
cell-0-4-10 682 256 36 35 
cell-0-4-11 721 256 36 35 
cell-0-4-12 760 256 36 35 
cell-0-4-13 799 256 36 35 
cell-0-4-14 838 256 36 35 
cell-0-4-15 877 256 36 35 
cell-0-5-0 292 305 36 35 
cell-0-5-1 331 305 36 35 
cell-0-5-2 370 305 36 35 
cell-0-5-3 409 305 36 35 
cell-0-5-4 448 305 36 35 
cell-0-5-5 487 305 36 35 
cell-0-5-6 526 305 36 35 
cell-0-5-7 565 305 36 35 
cell-0-5-8 604 305 36 35 
cell-0-5-9 643 305 36 35 
cell-0-5-10 682 305 36 35 
cell-0-5-11 721 305 36 35 
cell-0-5-12 760 305 36 35 
cell-0-5-13 799 305 36 35 
cell-0-5-14 838 305 36 35 
cell-0-5-15 877 305 36 35 
cell-0-6-0 292 354 36 35 
cell-0-6-1 331 354 36 35 
cell-0-6-2 370 354 36 35 
cell-0-6-3 409 354 36 35 
cell-0-6-4 448 354 36 35 
cell-0-6-5 487 354 36 35 
cell-0-6-6 526 354 36 35 
cell-0-6-7 565 354 36 35 
cell-0-6-8 604 354 36 35 
cell-0-6-9 643 354 36 35 
cell-0-6-10 682 354 36 35 
cell-0-6-11 721 354 36 35 
cell-0-6-12 760 354 36 35 
cell-0-6-13 799 354 36 35 
cell-0-6-14 838 354 36 35 
cell-0-6-15 877 354 36 35 
cell-0-7-0 292 403 36 35 
cell-0-7-1 331 403 36 35 
cell-0-7-2 370 403 36 35 
cell-0-7-3 409 403 36 35 
cell-0-7-4 448 403 36 35 
cell-0-7-5 487 403 36 35 
cell-0-7-6 526 403 36 35 
cell-0-7-7 565 403 36 35 
cell-0-7-8 604 403 36 35 
cell-0-7-9 643 403 36 35 
cell-0-7-10 682 403 36 35 
cell-0-7-11 721 403 36 35 
cell-0-7-12 760 403 36 35 
cell-0-7-13 799 403 36 35 
cell-0-7-14 838 403 36 35 
cell-0-7-15 877 403 36 35 
