table-0 500 651 528 585 
cell-0-0-0 500 651 44 43 
cell-0-0-1 544 651 44 43 
cell-0-0-2 588 651 44 43 
cell-0-0-3 632 651 44 43 
cell-0-0-4 676 651 44 43 
cell-0-0-5 720 651 304 43 
cell-0-1-0 500 700 44 43 
cell-0-1-1 544 700 44 43 
cell-0-1-2 588 700 44 43 
cell-0-1-3 632 700 44 43 
cell-0-1-4 676 700 44 43 
cell-0-1-5 720 700 304 43 
cell-0-2-0 500 749 44 43 
cell-0-2-1 544 749 44 43 
cell-0-2-2 588 749 44 43 
cell-0-2-3 632 749 44 43 
cell-0-2-4 676 749 44 43 
cell-0-2-5 720 749 304 43 
cell-0-3-0 500 798 44 43 
cell-0-3-1 544 798 44 43 
cell-0-3-2 588 798 44 43 
cell-0-3-3 632 798 44 43 
cell-0-3-4 676 798 44 43 
cell-0-3-5 720 798 304 43 
cell-0-4-0 500 847 44 43 
cell-0-4-1 544 847 44 43 
cell-0-4-2 588 847 44 43 
cell-0-4-3 632 847 44 43 
cell-0-4-4 676 847 44 43 
cell-0-4-5 720 847 304 43 
cell-0-5-0 500 896 44 43 
cell-0-5-1 544 896 44 43 
cell-0-5-2 588 896 44 43 
cell-0-5-3 632 896 44 43 
cell-0-5-4 676 896 44 43 
cell-0-5-5 720 896 304 43 
cell-0-6-0 500 945 44 43 
cell-0-6-1 544 945 44 43 
cell-0-6-2 588 945 44 43 
cell-0-6-3 632 945 44 43 
cell-0-6-4 676 945 44 43 
cell-0-6-5 720 945 304 43 
cell-0-7-0 500 994 44 43 
cell-0-7-1 544 994 44 43 
cell-0-7-2 588 994 44 43 
cell-0-7-3 632 994 44 43 
cell-0-7-4 676 994 44 43 
cell-0-7-5 720 994 304 43 
cell-0-8-0 500 1043 44 43 
cell-0-8-1 544 1043 44 43 
cell-0-8-2 588 1043 44 43 
cell-0-8-3 632 1043 44 43 
cell-0-8-4 676 1043 44 43 
cell-0-8-5 720 1043 304 43 
cell-0-9-0 500 1092 44 43 
cell-0-9-1 544 1092 44 43 
cell-0-9-2 588 1092 44 43 
cell-0-9-3 632 1092 44 43 
cell-0-9-4 676 1092 44 43 
cell-0-9-5 720 1092 304 43 
cell-0-10-0 500 1141 44 43 
cell-0-10-1 544 1141 44 43 
cell-0-10-2 588 1141 44 43 
cell-0-10-3 632 1141 44 43 
cell-0-10-4 676 1141 44 43 
cell-0-10-5 720 1141 304 43 
cell-0-11-0 500 1190 44 43 
cell-0-11-1 544 1190 44 43 
cell-0-11-2 588 1190 44 43 
cell-0-11-3 632 1190 44 43 
cell-0-11-4 676 1190 44 43 
cell-0-11-5 720 1190 304 43 
table-1 104 110 800 279 
cell-1-0-0 104 110 200 48 
cell-1-0-1 304 110 200 48 
cell-1-0-2 504 110 200 48 
cell-1-0-3 704 110 200 48 
cell-1-1-0 104 167 200 48 
cell-1-1-1 304 167 200 48 
cell-1-1-2 504 167 200 48 
cell-1-1-3 704 167 200 48 
cell-1-2-0 104 224 200 48 
cell-1-2-1 304 224 200 48 
cell-1-2-2 504 224 200 48 
cell-1-2-3 704 224 200 48 
cell-1-3-0 104 281 200 48 
cell-1-3-1 304 281 200 48 
cell-1-3-2 504 281 200 48 
cell-1-3-3 704 281 200 48 
cell-1-4-0 104 338 200 48 
cell-1-4-1 304 338 200 48 
cell-1-4-2 504 338 200 48 
cell-1-4-3 704 338 200 48 
