table-0 294 143 658 516 
cell-0-0-0 294 143 45 43 
cell-0-0-1 339 143 45 43 
cell-0-0-2 384 143 45 43 
cell-0-0-3 429 143 45 43 
cell-0-0-4 474 143 476 43 
cell-0-1-0 294 190 45 43 
cell-0-1-1 339 190 45 43 
cell-0-1-2 384 190 45 43 
cell-0-1-3 429 190 45 43 
cell-0-1-4 474 190 476 43 
cell-0-2-0 294 237 45 43 
cell-0-2-1 339 237 45 43 
cell-0-2-2 384 237 45 43 
cell-0-2-3 429 237 45 43 
cell-0-2-4 474 237 476 43 
cell-0-3-0 294 284 45 43 
cell-0-3-1 339 284 45 43 
cell-0-3-2 384 284 45 43 
cell-0-3-3 429 284 45 43 
cell-0-3-4 474 284 476 43 
cell-0-4-0 294 331 45 43 
cell-0-4-1 339 331 45 43 
cell-0-4-2 384 331 45 43 
cell-0-4-3 429 331 45 43 
cell-0-4-4 474 331 476 43 
cell-0-5-0 294 378 45 43 
cell-0-5-1 339 378 45 43 
cell-0-5-2 384 378 45 43 
cell-0-5-3 429 378 45 43 
cell-0-5-4 474 378 476 43 
cell-0-6-0 294 425 45 43 
cell-0-6-1 339 425 45 43 
cell-0-6-2 384 425 45 43 
cell-0-6-3 429 425 45 43 
cell-0-6-4 474 425 476 43 
cell-0-7-0 294 472 45 43 
cell-0-7-1 339 472 45 43 
cell-0-7-2 384 472 45 43 
cell-0-7-3 429 472 45 43 
cell-0-7-4 474 472 476 43 
cell-0-8-0 294 519 45 43 
cell-0-8-1 339 519 45 43 
cell-0-8-2 384 519 45 43 
cell-0-8-3 429 519 45 43 
cell-0-8-4 474 519 476 43 
cell-0-9-0 294 566 45 43 
cell-0-9-1 339 566 45 43 
cell-0-9-2 384 566 45 43 
cell-0-9-3 429 566 45 43 
cell-0-9-4 474 566 476 43 
cell-0-10-0 294 613 45 43 
cell-0-10-1 339 613 45 43 
cell-0-10-2 384 613 45 43 
cell-0-10-3 429 613 45 43 
cell-0-10-4 474 613 476 43 
