header-0 230 1089 753 195 
row-1-1 230 1089 290 41 
row-1-2 540 1089 290 41 
row-2-1 230 1140 290 41 
row-2-2 540 1140 441 41 
row-3-1 230 1191 521 41 
row-4-1 230 1242 587 41 
table-1 64 425 331 294 
cell-1-1-0 64 425 33 35 
cell-1-1-1 97 425 33 35 
cell-1-1-2 130 425 33 35 
cell-1-1-3 163 425 33 35 
cell-1-1-4 196 425 33 35 
cell-1-1-5 229 425 33 35 
cell-1-1-6 262 425 33 35 
cell-1-1-7 295 425 33 35 
cell-1-1-8 328 425 33 35 
cell-1-1-9 361 425 33 35 
cell-1-2-0 64 468 33 35 
cell-1-2-1 97 468 33 35 
cell-1-2-2 130 468 33 35 
cell-1-2-3 163 468 33 35 
cell-1-2-4 196 468 33 35 
cell-1-2-5 229 468 33 35 
cell-1-2-6 262 468 33 35 
cell-1-2-7 295 468 33 35 
cell-1-2-8 328 468 33 35 
cell-1-2-9 361 468 33 35 
cell-1-3-0 64 511 33 35 
cell-1-3-1 97 511 33 35 
cell-1-3-2 130 511 33 35 
cell-1-3-3 163 511 33 35 
cell-1-3-4 196 511 33 35 
cell-1-3-5 229 511 33 35 
cell-1-3-6 262 511 33 35 
cell-1-3-7 295 511 33 35 
cell-1-3-8 328 511 33 35 
cell-1-3-9 361 511 33 35 
cell-1-4-0 64 554 33 35 
cell-1-4-1 97 554 33 35 
cell-1-4-2 130 554 33 35 
cell-1-4-3 163 554 33 35 
cell-1-4-4 196 554 33 35 
cell-1-4-5 229 554 33 35 
cell-1-4-6 262 554 33 35 
cell-1-4-7 295 554 33 35 
cell-1-4-8 328 554 33 35 
cell-1-4-9 361 554 33 35 
cell-1-5-0 64 597 33 35 
cell-1-5-1 97 597 33 35 
cell-1-5-2 130 597 33 35 
cell-1-5-3 163 597 33 35 
cell-1-5-4 196 597 33 35 
cell-1-5-5 229 597 33 35 
cell-1-5-6 262 597 33 35 
cell-1-5-7 295 597 33 35 
cell-1-5-8 328 597 33 35 
cell-1-5-9 361 597 33 35 
cell-1-6-0 64 640 33 35 
cell-1-6-1 97 640 33 35 
cell-1-6-2 130 640 33 35 
cell-1-6-3 163 640 33 35 
cell-1-6-4 196 640 33 35 
cell-1-6-5 229 640 33 35 
cell-1-6-6 262 640 33 35 
cell-1-6-7 295 640 33 35 
cell-1-6-8 328 640 33 35 
cell-1-6-9 361 640 33 35 
cell-1-7-0 64 683 33 35 
cell-1-7-1 97 683 33 35 
cell-1-7-2 130 683 33 35 
cell-1-7-3 163 683 33 35 
cell-1-7-4 196 683 33 35 
cell-1-7-5 229 683 33 35 
cell-1-7-6 262 683 33 35 
cell-1-7-7 295 683 33 35 
cell-1-7-8 328 683 33 35 
cell-1-7-9 361 683 33 35 
