table-0 137 648 900 469 
cell-0-0-0 137 648 150 48 
cell-0-0-1 287 648 150 48 
cell-0-0-2 437 648 150 48 
cell-0-0-3 587 648 150 48 
cell-0-0-4 737 648 150 48 
cell-0-0-5 887 648 150 48 
cell-0-1-0 137 708 150 48 
cell-0-1-1 287 708 150 48 
cell-0-1-2 437 708 150 48 
cell-0-1-3 587 708 150 48 
cell-0-1-4 737 708 150 48 
cell-0-1-5 887 708 150 48 
cell-0-2-0 137 768 150 48 
cell-0-2-1 287 768 150 48 
cell-0-2-2 437 768 150 48 
cell-0-2-3 587 768 150 48 
cell-0-2-4 737 768 150 48 
cell-0-2-5 887 768 150 48 
cell-0-3-0 137 828 150 48 
cell-0-3-1 287 828 150 48 
cell-0-3-2 437 828 150 48 
cell-0-3-3 587 828 150 48 
cell-0-3-4 737 828 150 48 
cell-0-3-5 887 828 150 48 
cell-0-4-0 137 888 150 48 
cell-0-4-1 287 888 150 48 
cell-0-4-2 437 888 150 48 
cell-0-4-3 587 888 150 48 
cell-0-4-4 737 888 150 48 
cell-0-4-5 887 888 150 48 
cell-0-5-0 137 948 150 48 
cell-0-5-1 287 948 150 48 
cell-0-5-2 437 948 150 48 
cell-0-5-3 587 948 150 48 
cell-0-5-4 737 948 150 48 
cell-0-5-5 887 948 150 48 
cell-0-6-0 137 1008 150 48 
cell-0-6-1 287 1008 150 48 
cell-0-6-2 437 1008 150 48 
cell-0-6-3 587 1008 150 48 
cell-0-6-4 737 1008 150 48 
cell-0-6-5 887 1008 150 48 
cell-0-7-0 137 1068 150 48 
cell-0-7-1 287 1068 150 48 
cell-0-7-2 437 1068 150 48 
cell-0-7-3 587 1068 150 48 
cell-0-7-4 737 1068 150 48 
cell-0-7-5 887 1068 150 48 
