table-0 212 450 800 353 
cell-0-0-0 212 450 200 39 
cell-0-0-1 412 450 200 39 
cell-0-0-2 612 450 200 39 
cell-0-0-3 812 450 200 39 
cell-0-1-0 212 502 200 39 
cell-0-1-1 412 502 200 39 
cell-0-1-2 612 502 200 39 
cell-0-1-3 812 502 200 39 
cell-0-2-0 212 554 200 39 
cell-0-2-1 412 554 200 39 
cell-0-2-2 612 554 200 39 
cell-0-2-3 812 554 200 39 
cell-0-3-0 212 606 200 39 
cell-0-3-1 412 606 200 39 
cell-0-3-2 612 606 200 39 
cell-0-3-3 812 606 200 39 
cell-0-4-0 212 658 200 39 
cell-0-4-1 412 658 200 39 
cell-0-4-2 612 658 200 39 
cell-0-4-3 812 658 200 39 
cell-0-5-0 212 710 200 39 
cell-0-5-1 412 710 200 39 
cell-0-5-2 612 710 200 39 
cell-0-5-3 812 710 200 39 
cell-0-6-0 212 762 200 39 
cell-0-6-1 412 762 200 39 
cell-0-6-2 612 762 200 39 
cell-0-6-3 812 762 200 39 
