table-0 293 813 565 561 
cell-0-0-0 293 813 44 42 
cell-0-0-1 337 813 44 42 
cell-0-0-2 381 813 44 42 
cell-0-0-3 425 813 44 42 
cell-0-0-4 469 813 387 42 
cell-0-1-0 293 860 44 42 
cell-0-1-1 337 860 44 42 
cell-0-1-2 381 860 44 42 
cell-0-1-3 425 860 44 42 
cell-0-1-4 469 860 387 42 
cell-0-2-0 293 907 44 42 
cell-0-2-1 337 907 44 42 
cell-0-2-2 381 907 44 42 
cell-0-2-3 425 907 44 42 
cell-0-2-4 469 907 387 42 
cell-0-3-0 293 954 44 42 
cell-0-3-1 337 954 44 42 
cell-0-3-2 381 954 44 42 
cell-0-3-3 425 954 44 42 
cell-0-3-4 469 954 387 42 
cell-0-4-0 293 1001 44 42 
cell-0-4-1 337 1001 44 42 
cell-0-4-2 381 1001 44 42 
cell-0-4-3 425 1001 44 42 
cell-0-4-4 469 1001 387 42 
cell-0-5-0 293 1048 44 42 
cell-0-5-1 337 1048 44 42 
cell-0-5-2 381 1048 44 42 
cell-0-5-3 425 1048 44 42 
cell-0-5-4 469 1048 387 42 
cell-0-6-0 293 1095 44 42 
cell-0-6-1 337 1095 44 42 
cell-0-6-2 381 1095 44 42 
cell-0-6-3 425 1095 44 42 
cell-0-6-4 469 1095 387 42 
cell-0-7-0 293 1142 44 42 
cell-0-7-1 337 1142 44 42 
cell-0-7-2 381 1142 44 42 
cell-0-7-3 425 1142 44 42 
cell-0-7-4 469 1142 387 42 
cell-0-8-0 293 1189 44 42 
cell-0-8-1 337 1189 44 42 
cell-0-8-2 381 1189 44 42 
cell-0-8-3 425 1189 44 42 
cell-0-8-4 469 1189 387 42 
cell-0-9-0 293 1236 44 42 
cell-0-9-1 337 1236 44 42 
cell-0-9-2 381 1236 44 42 
cell-0-9-3 425 1236 44 42 
cell-0-9-4 469 1236 387 42 
cell-0-10-0 293 1283 44 42 
cell-0-10-1 337 1283 44 42 
cell-0-10-2 381 1283 44 42 
cell-0-10-3 425 1283 44 42 
cell-0-10-4 469 1283 387 42 
cell-0-11-0 293 1330 44 42 
cell-0-11-1 337 1330 44 42 
cell-0-11-2 381 1330 44 42 
cell-0-11-3 425 1330 44 42 
cell-0-11-4 469 1330 387 42 
header-1 116 170 822 193 
row-1-1 116 170 397 40 
row-1-2 533 170 331 40 
row-2-1 116 220 364 40 
row-2-2 500 220 431 40 
row-3-1 116 270 628 40 
row-4-1 116 320 496 40 
