table-0 567 300 481 449 
cell-0-0-0 567 300 44 42 
cell-0-0-1 611 300 44 42 
cell-0-0-2 655 300 44 42 
cell-0-0-3 699 300 44 42 
cell-0-0-4 743 300 303 42 
cell-0-1-0 567 345 44 42 
cell-0-1-1 611 345 44 42 
cell-0-1-2 655 345 44 42 
cell-0-1-3 699 345 44 42 
cell-0-1-4 743 345 303 42 
cell-0-2-0 567 390 44 42 
cell-0-2-1 611 390 44 42 
cell-0-2-2 655 390 44 42 
cell-0-2-3 699 390 44 42 
cell-0-2-4 743 390 303 42 
cell-0-3-0 567 435 44 42 
cell-0-3-1 611 435 44 42 
cell-0-3-2 655 435 44 42 
cell-0-3-3 699 435 44 42 
cell-0-3-4 743 435 303 42 
cell-0-4-0 567 480 44 42 
cell-0-4-1 611 480 44 42 
cell-0-4-2 655 480 44 42 
cell-0-4-3 699 480 44 42 
cell-0-4-4 743 480 303 42 
cell-0-5-0 567 525 44 42 
cell-0-5-1 611 525 44 42 
cell-0-5-2 655 525 44 42 
cell-0-5-3 699 525 44 42 
cell-0-5-4 743 525 303 42 
cell-0-6-0 567 570 44 42 
cell-0-6-1 611 570 44 42 
cell-0-6-2 655 570 44 42 
cell-0-6-3 699 570 44 42 
cell-0-6-4 743 570 303 42 
cell-0-7-0 567 615 44 42 
cell-0-7-1 611 615 44 42 
cell-0-7-2 655 615 44 42 
cell-0-7-3 699 615 44 42 
cell-0-7-4 743 615 303 42 
cell-0-8-0 567 660 44 42 
cell-0-8-1 611 660 44 42 
cell-0-8-2 655 660 44 42 
cell-0-8-3 699 660 44 42 
cell-0-8-4 743 660 303 42 
cell-0-9-0 567 705 44 42 
cell-0-9-1 611 705 44 42 
cell-0-9-2 655 705 44 42 
cell-0-9-3 699 705 44 42 
cell-0-9-4 743 705 303 42 
table-1 324 976 648 381 
cell-1-1-0 324 976 34 35 
cell-1-1-1 358 976 34 35 
cell-1-1-2 392 976 34 35 
cell-1-1-3 426 976 34 35 
cell-1-1-4 460 976 34 35 
cell-1-1-5 494 976 34 35 
cell-1-1-6 528 976 34 35 
cell-1-1-7 562 976 34 35 
cell-1-1-8 596 976 34 35 
cell-1-1-9 630 976 34 35 
cell-1-1-10 664 976 34 35 
cell-1-1-11 698 976 34 35 
cell-1-1-12 732 976 34 35 
cell-1-1-13 766 976 34 35 
cell-1-1-14 800 976 34 35 
cell-1-1-15 834 976 34 35 
cell-1-1-16 868 976 34 35 
cell-1-1-17 902 976 34 35 
cell-1-1-18 936 976 34 35 
cell-1-2-0 324 1019 34 35 
cell-1-2-1 358 1019 34 35 
cell-1-2-2 392 1019 34 35 
cell-1-2-3 426 1019 34 35 
cell-1-2-4 460 1019 34 35 
cell-1-2-5 494 1019 34 35 
cell-1-2-6 528 1019 34 35 
cell-1-2-7 562 1019 34 35 
cell-1-2-8 596 1019 34 35 
cell-1-2-9 630 1019 34 35 
cell-1-2-10 664 1019 34 35 
cell-1-2-11 698 1019 34 35 
cell-1-2-12 732 1019 34 35 
cell-1-2-13 766 1019 34 35 
cell-1-2-14 800 1019 34 35 
cell-1-2-15 834 1019 34 35 
cell-1-2-16 868 1019 34 35 
cell-1-2-17 902 1019 34 35 
cell-1-2-18 936 1019 34 35 
cell-1-3-0 324 1062 34 35 
cell-1-3-1 358 1062 34 35 
cell-1-3-2 392 1062 34 35 
cell-1-3-3 426 1062 34 35 
cell-1-3-4 460 1062 34 35 
cell-1-3-5 494 1062 34 35 
cell-1-3-6 528 1062 34 35 
cell-1-3-7 562 1062 34 35 
cell-1-3-8 596 1062 34 35 
cell-1-3-9 630 1062 34 35 
cell-1-3-10 664 1062 34 35 
cell-1-3-11 698 1062 34 35 
cell-1-3-12 732 1062 34 35 
cell-1-3-13 766 1062 34 35 
cell-1-3-14 800 1062 34 35 
cell-1-3-15 834 1062 34 35 
cell-1-3-16 868 1062 34 35 
cell-1-3-17 902 1062 34 35 
cell-1-3-18 936 1062 34 35 
cell-1-4-0 324 1105 34 35 
cell-1-4-1 358 1105 34 35 
cell-1-4-2 392 1105 34 35 
cell-1-4-3 426 1105 34 35 
cell-1-4-4 460 1105 34 35 
cell-1-4-5 494 1105 34 35 
cell-1-4-6 528 1105 34 35 
cell-1-4-7 562 1105 34 35 
cell-1-4-8 596 1105 34 35 
cell-1-4-9 630 1105 34 35 
cell-1-4-10 664 1105 34 35 
cell-1-4-11 698 1105 34 35 
cell-1-4-12 732 1105 34 35 
cell-1-4-13 766 1105 34 35 
cell-1-4-14 800 1105 34 35 
cell-1-4-15 834 1105 34 35 
cell-1-4-16 868 1105 34 35 
cell-1-4-17 902 1105 34 35 
cell-1-4-18 936 1105 34 35 
cell-1-5-0 324 1148 34 35 
cell-1-5-1 358 1148 34 35 
cell-1-5-2 392 1148 34 35 
cell-1-5-3 426 1148 34 35 
cell-1-5-4 460 1148 34 35 
cell-1-5-5 494 1148 34 35 
cell-1-5-6 528 1148 34 35 
cell-1-5-7 562 1148 34 35 
cell-1-5-8 596 1148 34 35 
cell-1-5-9 630 1148 34 35 
cell-1-5-10 664 1148 34 35 
cell-1-5-11 698 1148 34 35 
cell-1-5-12 732 1148 34 35 
cell-1-5-13 766 1148 34 35 
cell-1-5-14 800 1148 34 35 
cell-1-5-15 834 1148 34 35 
cell-1-5-16 868 1148 34 35 
cell-1-5-17 902 1148 34 35 
cell-1-5-18 936 1148 34 35 
cell-1-6-0 324 1191 34 35 
cell-1-6-1 358 1191 34 35 
cell-1-6-2 392 1191 34 35 
cell-1-6-3 426 1191 34 35 
cell-1-6-4 460 1191 34 35 
cell-1-6-5 494 1191 34 35 
cell-1-6-6 528 1191 34 35 
cell-1-6-7 562 1191 34 35 
cell-1-6-8 596 1191 34 35 
cell-1-6-9 630 1191 34 35 
cell-1-6-10 664 1191 34 35 
cell-1-6-11 698 1191 34 35 
cell-1-6-12 732 1191 34 35 
cell-1-6-13 766 1191 34 35 
cell-1-6-14 800 1191 34 35 
cell-1-6-15 834 1191 34 35 
cell-1-6-16 868 1191 34 35 
cell-1-6-17 902 1191 34 35 
cell-1-6-18 936 1191 34 35 
cell-1-7-0 324 1234 34 35 
cell-1-7-1 358 1234 34 35 
cell-1-7-2 392 1234 34 35 
cell-1-7-3 426 1234 34 35 
cell-1-7-4 460 1234 34 35 
cell-1-7-5 494 1234 34 35 
cell-1-7-6 528 1234 34 35 
cell-1-7-7 562 1234 34 35 
cell-1-7-8 596 1234 34 35 
cell-1-7-9 630 1234 34 35 
cell-1-7-10 664 1234 34 35 
cell-1-7-11 698 1234 34 35 
cell-1-7-12 732 1234 34 35 
cell-1-7-13 766 1234 34 35 
cell-1-7-14 800 1234 34 35 
cell-1-7-15 834 1234 34 35 
cell-1-7-16 868 1234 34 35 
cell-1-7-17 902 1234 34 35 
cell-1-7-18 936 1234 34 35 
cell-1-8-0 324 1277 34 35 
cell-1-8-1 358 1277 34 35 
cell-1-8-2 392 1277 34 35 
cell-1-8-3 426 1277 34 35 
cell-1-8-4 460 1277 34 35 
cell-1-8-5 494 1277 34 35 
cell-1-8-6 528 1277 34 35 
cell-1-8-7 562 1277 34 35 
cell-1-8-8 596 1277 34 35 
cell-1-8-9 630 1277 34 35 
cell-1-8-10 664 1277 34 35 
cell-1-8-11 698 1277 34 35 
cell-1-8-12 732 1277 34 35 
cell-1-8-13 766 1277 34 35 
cell-1-8-14 800 1277 34 35 
cell-1-8-15 834 1277 34 35 
cell-1-8-16 868 1277 34 35 
cell-1-8-17 902 1277 34 35 
cell-1-8-18 936 1277 34 35 
cell-1-9-0 324 1320 34 35 
cell-1-9-1 358 1320 34 35 
cell-1-9-2 392 1320 34 35 
cell-1-9-3 426 1320 34 35 
cell-1-9-4 460 1320 34 35 
cell-1-9-5 494 1320 34 35 
cell-1-9-6 528 1320 34 35 
cell-1-9-7 562 1320 34 35 
cell-1-9-8 596 1320 34 35 
cell-1-9-9 630 1320 34 35 
cell-1-9-10 664 1320 34 35 
cell-1-9-11 698 1320 34 35 
cell-1-9-12 732 1320 34 35 
cell-1-9-13 766 1320 34 35 
cell-1-9-14 800 1320 34 35 
cell-1-9-15 834 1320 34 35 
cell-1-9-16 868 1320 34 35 
cell-1-9-17 902 1320 34 35 
cell-1-9-18 936 1320 34 35 
