table-0 292 660 259 456 
cell-0-0-0 292 660 43 35 
cell-0-0-1 335 660 43 35 
cell-0-0-2 378 660 43 35 
cell-0-0-3 421 660 43 35 
cell-0-0-4 464 660 43 35 
cell-0-0-5 507 660 43 35 
cell-0-1-0 292 702 43 35 
cell-0-1-1 335 702 43 35 
cell-0-1-2 378 702 43 35 
cell-0-1-3 421 702 43 35 
cell-0-1-4 464 702 43 35 
cell-0-1-5 507 702 43 35 
cell-0-2-0 292 744 43 35 
cell-0-2-1 335 744 43 35 
cell-0-2-2 378 744 43 35 
cell-0-2-3 421 744 43 35 
cell-0-2-4 464 744 43 35 
cell-0-2-5 507 744 43 35 
cell-0-3-0 292 786 43 35 
cell-0-3-1 335 786 43 35 
cell-0-3-2 378 786 43 35 
cell-0-3-3 421 786 43 35 
cell-0-3-4 464 786 43 35 
cell-0-3-5 507 786 43 35 
cell-0-4-0 292 828 43 35 
cell-0-4-1 335 828 43 35 
cell-0-4-2 378 828 43 35 
cell-0-4-3 421 828 43 35 
cell-0-4-4 464 828 43 35 
cell-0-4-5 507 828 43 35 
cell-0-5-0 292 870 43 35 
cell-0-5-1 335 870 43 35 
cell-0-5-2 378 870 43 35 
cell-0-5-3 421 870 43 35 
cell-0-5-4 464 870 43 35 
cell-0-5-5 507 870 43 35 
cell-0-6-0 292 912 43 35 
cell-0-6-1 335 912 43 35 
cell-0-6-2 378 912 43 35 
cell-0-6-3 421 912 43 35 
cell-0-6-4 464 912 43 35 
cell-0-6-5 507 912 43 35 
cell-0-7-0 292 954 43 35 
cell-0-7-1 335 954 43 35 
cell-0-7-2 378 954 43 35 
cell-0-7-3 421 954 43 35 
cell-0-7-4 464 954 43 35 
cell-0-7-5 507 954 43 35 
cell-0-8-0 292 996 43 35 
cell-0-8-1 335 996 43 35 
cell-0-8-2 378 996 43 35 
cell-0-8-3 421 996 43 35 
cell-0-8-4 464 996 43 35 
cell-0-8-5 507 996 43 35 
cell-0-9-0 292 1038 43 35 
cell-0-9-1 335 1038 43 35 
cell-0-9-2 378 1038 43 35 
cell-0-9-3 421 1038 43 35 
cell-0-9-4 464 1038 43 35 
cell-0-9-5 507 1038 43 35 
cell-0-10-0 292 1080 43 35 
cell-0-10-1 335 1080 43 35 
cell-0-10-2 378 1080 43 35 
cell-0-10-3 421 1080 43 35 
cell-0-10-4 464 1080 43 35 
cell-0-10-5 507 1080 43 35 
table-2 841 775 173 553 
cell-2-0-0 841 775 43 35 
cell-2-0-1 884 775 43 35 
cell-2-0-2 927 775 43 35 
cell-2-0-3 970 775 43 35 
cell-2-1-0 841 822 43 35 
cell-2-1-1 884 822 43 35 
cell-2-1-2 927 822 43 35 
cell-2-1-3 970 822 43 35 
cell-2-2-0 841 869 43 35 
cell-2-2-1 884 869 43 35 
cell-2-2-2 927 869 43 35 
cell-2-2-3 970 869 43 35 
cell-2-3-0 841 916 43 35 
cell-2-3-1 884 916 43 35 
cell-2-3-2 927 916 43 35 
cell-2-3-3 970 916 43 35 
cell-2-4-0 841 963 43 35 
cell-2-4-1 884 963 43 35 
cell-2-4-2 927 963 43 35 
cell-2-4-3 970 963 43 35 
cell-2-5-0 841 1010 43 35 
cell-2-5-1 884 1010 43 35 
cell-2-5-2 927 1010 43 35 
cell-2-5-3 970 1010 43 35 
cell-2-6-0 841 1057 43 35 
cell-2-6-1 884 1057 43 35 
cell-2-6-2 927 1057 43 35 
cell-2-6-3 970 1057 43 35 
cell-2-7-0 841 1104 43 35 
cell-2-7-1 884 1104 43 35 
cell-2-7-2 927 1104 43 35 
cell-2-7-3 970 1104 43 35 
cell-2-8-0 841 1151 43 35 
cell-2-8-1 884 1151 43 35 
cell-2-8-2 927 1151 43 35 
cell-2-8-3 970 1151 43 35 
cell-2-9-0 841 1198 43 35 
cell-2-9-1 884 1198 43 35 
cell-2-9-2 927 1198 43 35 
cell-2-9-3 970 1198 43 35 
cell-2-10-0 841 1245 43 35 
cell-2-10-1 884 1245 43 35 
cell-2-10-2 927 1245 43 35 
cell-2-10-3 970 1245 43 35 
cell-2-11-0 841 1292 43 35 
cell-2-11-1 884 1292 43 35 
cell-2-11-2 927 1292 43 35 
cell-2-11-3 970 1292 43 35 
