table-0 216 459 259 486 
cell-0-0-0 216 459 43 35 
cell-0-0-1 259 459 43 35 
cell-0-0-2 302 459 43 35 
cell-0-0-3 345 459 43 35 
cell-0-0-4 388 459 43 35 
cell-0-0-5 431 459 43 35 
cell-0-1-0 216 504 43 35 
cell-0-1-1 259 504 43 35 
cell-0-1-2 302 504 43 35 
cell-0-1-3 345 504 43 35 
cell-0-1-4 388 504 43 35 
cell-0-1-5 431 504 43 35 
cell-0-2-0 216 549 43 35 
cell-0-2-1 259 549 43 35 
cell-0-2-2 302 549 43 35 
cell-0-2-3 345 549 43 35 
cell-0-2-4 388 549 43 35 
cell-0-2-5 431 549 43 35 
cell-0-3-0 216 594 43 35 
cell-0-3-1 259 594 43 35 
cell-0-3-2 302 594 43 35 
cell-0-3-3 345 594 43 35 
cell-0-3-4 388 594 43 35 
cell-0-3-5 431 594 43 35 
cell-0-4-0 216 639 43 35 
cell-0-4-1 259 639 43 35 
cell-0-4-2 302 639 43 35 
cell-0-4-3 345 639 43 35 
cell-0-4-4 388 639 43 35 
cell-0-4-5 431 639 43 35 
cell-0-5-0 216 684 43 35 
cell-0-5-1 259 684 43 35 
cell-0-5-2 302 684 43 35 
cell-0-5-3 345 684 43 35 
cell-0-5-4 388 684 43 35 
cell-0-5-5 431 684 43 35 
cell-0-6-0 216 729 43 35 
cell-0-6-1 259 729 43 35 
cell-0-6-2 302 729 43 35 
cell-0-6-3 345 729 43 35 
cell-0-6-4 388 729 43 35 
cell-0-6-5 431 729 43 35 
cell-0-7-0 216 774 43 35 
cell-0-7-1 259 774 43 35 
cell-0-7-2 302 774 43 35 
cell-0-7-3 345 774 43 35 
cell-0-7-4 388 774 43 35 
cell-0-7-5 431 774 43 35 
cell-0-8-0 216 819 43 35 
cell-0-8-1 259 819 43 35 
cell-0-8-2 302 819 43 35 
cell-0-8-3 345 819 43 35 
cell-0-8-4 388 819 43 35 
cell-0-8-5 431 819 43 35 
cell-0-9-0 216 864 43 35 
cell-0-9-1 259 864 43 35 
cell-0-9-2 302 864 43 35 
cell-0-9-3 345 864 43 35 
cell-0-9-4 388 864 43 35 
cell-0-9-5 431 864 43 35 
cell-0-10-0 216 909 43 35 
cell-0-10-1 259 909 43 35 
cell-0-10-2 302 909 43 35 
cell-0-10-3 345 909 43 35 
cell-0-10-4 388 909 43 35 
cell-0-10-5 431 909 43 35 
table-5 856 84 173 596 
cell-5-0-0 856 84 43 35 
cell-5-0-1 899 84 43 35 
cell-5-0-2 942 84 43 35 
cell-5-0-3 985 84 43 35 
cell-5-1-0 856 124 43 35 
cell-5-1-1 899 124 43 35 
cell-5-1-2 942 124 43 35 
cell-5-1-3 985 124 43 35 
cell-5-2-0 856 164 43 35 
cell-5-2-1 899 164 43 35 
cell-5-2-2 942 164 43 35 
cell-5-2-3 985 164 43 35 
cell-5-3-0 856 204 43 35 
cell-5-3-1 899 204 43 35 
cell-5-3-2 942 204 43 35 
cell-5-3-3 985 204 43 35 
cell-5-4-0 856 244 43 35 
cell-5-4-1 899 244 43 35 
cell-5-4-2 942 244 43 35 
cell-5-4-3 985 244 43 35 
cell-5-5-0 856 284 43 35 
cell-5-5-1 899 284 43 35 
cell-5-5-2 942 284 43 35 
cell-5-5-3 985 284 43 35 
cell-5-6-0 856 324 43 35 
cell-5-6-1 899 324 43 35 
cell-5-6-2 942 324 43 35 
cell-5-6-3 985 324 43 35 
cell-5-7-0 856 364 43 35 
cell-5-7-1 899 364 43 35 
cell-5-7-2 942 364 43 35 
cell-5-7-3 985 364 43 35 
cell-5-8-0 856 404 43 35 
cell-5-8-1 899 404 43 35 
cell-5-8-2 942 404 43 35 
cell-5-8-3 985 404 43 35 
cell-5-9-0 856 444 43 35 
cell-5-9-1 899 444 43 35 
cell-5-9-2 942 444 43 35 
cell-5-9-3 985 444 43 35 
cell-5-10-0 856 484 43 35 
cell-5-10-1 899 484 43 35 
cell-5-10-2 942 484 43 35 
cell-5-10-3 985 484 43 35 
cell-5-11-0 856 524 43 35 
cell-5-11-1 899 524 43 35 
cell-5-11-2 942 524 43 35 
cell-5-11-3 985 524 43 35 
cell-5-12-0 856 564 43 35 
cell-5-12-1 899 564 43 35 
cell-5-12-2 942 564 43 35 
cell-5-12-3 985 564 43 35 
cell-5-13-0 856 604 43 35 
cell-5-13-1 899 604 43 35 
cell-5-13-2 942 604 43 35 
cell-5-13-3 985 604 43 35 
cell-5-14-0 856 644 43 35 
cell-5-14-1 899 644 43 35 
cell-5-14-2 942 644 43 35 
cell-5-14-3 985 644 43 35 
