table-0 464 389 585 575 
cell-0-0-0 464 389 43 41 
cell-0-0-1 507 389 43 41 
cell-0-0-2 550 389 43 41 
cell-0-0-3 593 389 43 41 
cell-0-0-4 636 389 43 41 
cell-0-0-5 679 389 43 41 
cell-0-0-6 722 389 327 41 
cell-0-1-0 464 430 43 41 
cell-0-1-1 507 430 43 41 
cell-0-1-2 550 430 43 41 
cell-0-1-3 593 430 43 41 
cell-0-1-4 636 430 43 41 
cell-0-1-5 679 430 43 41 
cell-0-1-6 722 430 327 41 
cell-0-2-0 464 471 43 41 
cell-0-2-1 507 471 43 41 
cell-0-2-2 550 471 43 41 
cell-0-2-3 593 471 43 41 
cell-0-2-4 636 471 43 41 
cell-0-2-5 679 471 43 41 
cell-0-2-6 722 471 327 41 
cell-0-3-0 464 512 43 41 
cell-0-3-1 507 512 43 41 
cell-0-3-2 550 512 43 41 
cell-0-3-3 593 512 43 41 
cell-0-3-4 636 512 43 41 
cell-0-3-5 679 512 43 41 
cell-0-3-6 722 512 327 41 
cell-0-4-0 464 553 43 41 
cell-0-4-1 507 553 43 41 
cell-0-4-2 550 553 43 41 
cell-0-4-3 593 553 43 41 
cell-0-4-4 636 553 43 41 
cell-0-4-5 679 553 43 41 
cell-0-4-6 722 553 327 41 
cell-0-5-0 464 594 43 41 
cell-0-5-1 507 594 43 41 
cell-0-5-2 550 594 43 41 
cell-0-5-3 593 594 43 41 
cell-0-5-4 636 594 43 41 
cell-0-5-5 679 594 43 41 
cell-0-5-6 722 594 327 41 
cell-0-6-0 464 635 43 41 
cell-0-6-1 507 635 43 41 
cell-0-6-2 550 635 43 41 
cell-0-6-3 593 635 43 41 
cell-0-6-4 636 635 43 41 
cell-0-6-5 679 635 43 41 
cell-0-6-6 722 635 327 41 
cell-0-7-0 464 676 43 41 
cell-0-7-1 507 676 43 41 
cell-0-7-2 550 676 43 41 
cell-0-7-3 593 676 43 41 
cell-0-7-4 636 676 43 41 
cell-0-7-5 679 676 43 41 
cell-0-7-6 722 676 327 41 
cell-0-8-0 464 717 43 41 
cell-0-8-1 507 717 43 41 
cell-0-8-2 550 717 43 41 
cell-0-8-3 593 717 43 41 
cell-0-8-4 636 717 43 41 
cell-0-8-5 679 717 43 41 
cell-0-8-6 722 717 327 41 
cell-0-9-0 464 758 43 41 
cell-0-9-1 507 758 43 41 
cell-0-9-2 550 758 43 41 
cell-0-9-3 593 758 43 41 
cell-0-9-4 636 758 43 41 
cell-0-9-5 679 758 43 41 
cell-0-9-6 722 758 327 41 
cell-0-10-0 464 799 43 41 
cell-0-10-1 507 799 43 41 
cell-0-10-2 550 799 43 41 
cell-0-10-3 593 799 43 41 
cell-0-10-4 636 799 43 41 
cell-0-10-5 679 799 43 41 
cell-0-10-6 722 799 327 41 
cell-0-11-0 464 840 43 41 
cell-0-11-1 507 840 43 41 
cell-0-11-2 550 840 43 41 
cell-0-11-3 593 840 43 41 
cell-0-11-4 636 840 43 41 
cell-0-11-5 679 840 43 41 
cell-0-11-6 722 840 327 41 
cell-0-12-0 464 881 43 41 
cell-0-12-1 507 881 43 41 
cell-0-12-2 550 881 43 41 
cell-0-12-3 593 881 43 41 
cell-0-12-4 636 881 43 41 
cell-0-12-5 679 881 43 41 
cell-0-12-6 722 881 327 41 
cell-0-13-0 464 922 43 41 
cell-0-13-1 507 922 43 41 
cell-0-13-2 550 922 43 41 
cell-0-13-3 593 922 43 41 
cell-0-13-4 636 922 43 41 
cell-0-13-5 679 922 43 41 
cell-0-13-6 722 922 327 41 
