table-0 266 663 610 634 
cell-0-0-0 266 663 44 43 
cell-0-0-1 310 663 44 43 
cell-0-0-2 354 663 44 43 
cell-0-0-3 398 663 44 43 
cell-0-0-4 442 663 44 43 
cell-0-0-5 486 663 44 43 
cell-0-0-6 530 663 344 43 
cell-0-1-0 266 712 44 43 
cell-0-1-1 310 712 44 43 
cell-0-1-2 354 712 44 43 
cell-0-1-3 398 712 44 43 
cell-0-1-4 442 712 44 43 
cell-0-1-5 486 712 44 43 
cell-0-1-6 530 712 344 43 
cell-0-2-0 266 761 44 43 
cell-0-2-1 310 761 44 43 
cell-0-2-2 354 761 44 43 
cell-0-2-3 398 761 44 43 
cell-0-2-4 442 761 44 43 
cell-0-2-5 486 761 44 43 
cell-0-2-6 530 761 344 43 
cell-0-3-0 266 810 44 43 
cell-0-3-1 310 810 44 43 
cell-0-3-2 354 810 44 43 
cell-0-3-3 398 810 44 43 
cell-0-3-4 442 810 44 43 
cell-0-3-5 486 810 44 43 
cell-0-3-6 530 810 344 43 
cell-0-4-0 266 859 44 43 
cell-0-4-1 310 859 44 43 
cell-0-4-2 354 859 44 43 
cell-0-4-3 398 859 44 43 
cell-0-4-4 442 859 44 43 
cell-0-4-5 486 859 44 43 
cell-0-4-6 530 859 344 43 
cell-0-5-0 266 908 44 43 
cell-0-5-1 310 908 44 43 
cell-0-5-2 354 908 44 43 
cell-0-5-3 398 908 44 43 
cell-0-5-4 442 908 44 43 
cell-0-5-5 486 908 44 43 
cell-0-5-6 530 908 344 43 
cell-0-6-0 266 957 44 43 
cell-0-6-1 310 957 44 43 
cell-0-6-2 354 957 44 43 
cell-0-6-3 398 957 44 43 
cell-0-6-4 442 957 44 43 
cell-0-6-5 486 957 44 43 
cell-0-6-6 530 957 344 43 
cell-0-7-0 266 1006 44 43 
cell-0-7-1 310 1006 44 43 
cell-0-7-2 354 1006 44 43 
cell-0-7-3 398 1006 44 43 
cell-0-7-4 442 1006 44 43 
cell-0-7-5 486 1006 44 43 
cell-0-7-6 530 1006 344 43 
cell-0-8-0 266 1055 44 43 
cell-0-8-1 310 1055 44 43 
cell-0-8-2 354 1055 44 43 
cell-0-8-3 398 1055 44 43 
cell-0-8-4 442 1055 44 43 
cell-0-8-5 486 1055 44 43 
cell-0-8-6 530 1055 344 43 
cell-0-9-0 266 1104 44 43 
cell-0-9-1 310 1104 44 43 
cell-0-9-2 354 1104 44 43 
cell-0-9-3 398 1104 44 43 
cell-0-9-4 442 1104 44 43 
cell-0-9-5 486 1104 44 43 
cell-0-9-6 530 1104 344 43 
cell-0-10-0 266 1153 44 43 
cell-0-10-1 310 1153 44 43 
cell-0-10-2 354 1153 44 43 
cell-0-10-3 398 1153 44 43 
cell-0-10-4 442 1153 44 43 
cell-0-10-5 486 1153 44 43 
cell-0-10-6 530 1153 344 43 
cell-0-11-0 266 1202 44 43 
cell-0-11-1 310 1202 44 43 
cell-0-11-2 354 1202 44 43 
cell-0-11-3 398 1202 44 43 
cell-0-11-4 442 1202 44 43 
cell-0-11-5 486 1202 44 43 
cell-0-11-6 530 1202 344 43 
cell-0-12-0 266 1251 44 43 
cell-0-12-1 310 1251 44 43 
cell-0-12-2 354 1251 44 43 
cell-0-12-3 398 1251 44 43 
cell-0-12-4 442 1251 44 43 
cell-0-12-5 486 1251 44 43 
cell-0-12-6 530 1251 344 43 
