table-0 138 589 633 437 
cell-0-1-0 138 589 35 35 
cell-0-1-1 173 589 35 35 
cell-0-1-2 208 589 35 35 
cell-0-1-3 243 589 35 35 
cell-0-1-4 278 589 35 35 
cell-0-1-5 313 589 35 35 
cell-0-1-6 348 589 35 35 
cell-0-1-7 383 589 35 35 
cell-0-1-8 418 589 35 35 
cell-0-1-9 453 589 35 35 
cell-0-1-10 488 589 35 35 
cell-0-1-11 523 589 35 35 
cell-0-1-12 558 589 35 35 
cell-0-1-13 593 589 35 35 
cell-0-1-14 628 589 35 35 
cell-0-1-15 663 589 35 35 
cell-0-1-16 698 589 35 35 
cell-0-1-17 733 589 35 35 
cell-0-2-0 138 646 35 35 
cell-0-2-1 173 646 35 35 
cell-0-2-2 208 646 35 35 
cell-0-2-3 243 646 35 35 
cell-0-2-4 278 646 35 35 
cell-0-2-5 313 646 35 35 
cell-0-2-6 348 646 35 35 
cell-0-2-7 383 646 35 35 
cell-0-2-8 418 646 35 35 
cell-0-2-9 453 646 35 35 
cell-0-2-10 488 646 35 35 
cell-0-2-11 523 646 35 35 
cell-0-2-12 558 646 35 35 
cell-0-2-13 593 646 35 35 
cell-0-2-14 628 646 35 35 
cell-0-2-15 663 646 35 35 
cell-0-2-16 698 646 35 35 
cell-0-2-17 733 646 35 35 
cell-0-3-0 138 703 35 35 
cell-0-3-1 173 703 35 35 
cell-0-3-2 208 703 35 35 
cell-0-3-3 243 703 35 35 
cell-0-3-4 278 703 35 35 
cell-0-3-5 313 703 35 35 
cell-0-3-6 348 703 35 35 
cell-0-3-7 383 703 35 35 
cell-0-3-8 418 703 35 35 
cell-0-3-9 453 703 35 35 
cell-0-3-10 488 703 35 35 
cell-0-3-11 523 703 35 35 
cell-0-3-12 558 703 35 35 
cell-0-3-13 593 703 35 35 
cell-0-3-14 628 703 35 35 
cell-0-3-15 663 703 35 35 
cell-0-3-16 698 703 35 35 
cell-0-3-17 733 703 35 35 
cell-0-4-0 138 760 35 35 
cell-0-4-1 173 760 35 35 
cell-0-4-2 208 760 35 35 
cell-0-4-3 243 760 35 35 
cell-0-4-4 278 760 35 35 
cell-0-4-5 313 760 35 35 
cell-0-4-6 348 760 35 35 
cell-0-4-7 383 760 35 35 
cell-0-4-8 418 760 35 35 
cell-0-4-9 453 760 35 35 
cell-0-4-10 488 760 35 35 
cell-0-4-11 523 760 35 35 
cell-0-4-12 558 760 35 35 
cell-0-4-13 593 760 35 35 
cell-0-4-14 628 760 35 35 
cell-0-4-15 663 760 35 35 
cell-0-4-16 698 760 35 35 
cell-0-4-17 733 760 35 35 
cell-0-5-0 138 817 35 35 
cell-0-5-1 173 817 35 35 
cell-0-5-2 208 817 35 35 
cell-0-5-3 243 817 35 35 
cell-0-5-4 278 817 35 35 
cell-0-5-5 313 817 35 35 
cell-0-5-6 348 817 35 35 
cell-0-5-7 383 817 35 35 
cell-0-5-8 418 817 35 35 
cell-0-5-9 453 817 35 35 
cell-0-5-10 488 817 35 35 
cell-0-5-11 523 817 35 35 
cell-0-5-12 558 817 35 35 
cell-0-5-13 593 817 35 35 
cell-0-5-14 628 817 35 35 
cell-0-5-15 663 817 35 35 
cell-0-5-16 698 817 35 35 
cell-0-5-17 733 817 35 35 
cell-0-6-0 138 874 35 35 
cell-0-6-1 173 874 35 35 
cell-0-6-2 208 874 35 35 
cell-0-6-3 243 874 35 35 
cell-0-6-4 278 874 35 35 
cell-0-6-5 313 874 35 35 
cell-0-6-6 348 874 35 35 
cell-0-6-7 383 874 35 35 
cell-0-6-8 418 874 35 35 
cell-0-6-9 453 874 35 35 
cell-0-6-10 488 874 35 35 
cell-0-6-11 523 874 35 35 
cell-0-6-12 558 874 35 35 
cell-0-6-13 593 874 35 35 
cell-0-6-14 628 874 35 35 
cell-0-6-15 663 874 35 35 
cell-0-6-16 698 874 35 35 
cell-0-6-17 733 874 35 35 
cell-0-7-0 138 931 35 35 
cell-0-7-1 173 931 35 35 
cell-0-7-2 208 931 35 35 
cell-0-7-3 243 931 35 35 
cell-0-7-4 278 931 35 35 
cell-0-7-5 313 931 35 35 
cell-0-7-6 348 931 35 35 
cell-0-7-7 383 931 35 35 
cell-0-7-8 418 931 35 35 
cell-0-7-9 453 931 35 35 
cell-0-7-10 488 931 35 35 
cell-0-7-11 523 931 35 35 
cell-0-7-12 558 931 35 35 
cell-0-7-13 593 931 35 35 
cell-0-7-14 628 931 35 35 
cell-0-7-15 663 931 35 35 
cell-0-7-16 698 931 35 35 
cell-0-7-17 733 931 35 35 
cell-0-8-0 138 988 35 35 
cell-0-8-1 173 988 35 35 
cell-0-8-2 208 988 35 35 
cell-0-8-3 243 988 35 35 
cell-0-8-4 278 988 35 35 
cell-0-8-5 313 988 35 35 
cell-0-8-6 348 988 35 35 
cell-0-8-7 383 988 35 35 
cell-0-8-8 418 988 35 35 
cell-0-8-9 453 988 35 35 
cell-0-8-10 488 988 35 35 
cell-0-8-11 523 988 35 35 
cell-0-8-12 558 988 35 35 
cell-0-8-13 593 988 35 35 
cell-0-8-14 628 988 35 35 
cell-0-8-15 663 988 35 35 
cell-0-8-16 698 988 35 35 
cell-0-8-17 733 988 35 35 
