table-0 104 586 178 407 
cell-0-0-0 104 586 44 35 
cell-0-0-1 148 586 44 35 
cell-0-0-2 192 586 44 35 
cell-0-0-3 236 586 44 35 
cell-0-1-0 104 623 44 35 
cell-0-1-1 148 623 44 35 
cell-0-1-2 192 623 44 35 
cell-0-1-3 236 623 44 35 
cell-0-2-0 104 660 44 35 
cell-0-2-1 148 660 44 35 
cell-0-2-2 192 660 44 35 
cell-0-2-3 236 660 44 35 
cell-0-3-0 104 697 44 35 
cell-0-3-1 148 697 44 35 
cell-0-3-2 192 697 44 35 
cell-0-3-3 236 697 44 35 
cell-0-4-0 104 734 44 35 
cell-0-4-1 148 734 44 35 
cell-0-4-2 192 734 44 35 
cell-0-4-3 236 734 44 35 
cell-0-5-0 104 771 44 35 
cell-0-5-1 148 771 44 35 
cell-0-5-2 192 771 44 35 
cell-0-5-3 236 771 44 35 
cell-0-6-0 104 808 44 35 
cell-0-6-1 148 808 44 35 
cell-0-6-2 192 808 44 35 
cell-0-6-3 236 808 44 35 
cell-0-7-0 104 845 44 35 
cell-0-7-1 148 845 44 35 
cell-0-7-2 192 845 44 35 
cell-0-7-3 236 845 44 35 
cell-0-8-0 104 882 44 35 
cell-0-8-1 148 882 44 35 
cell-0-8-2 192 882 44 35 
cell-0-8-3 236 882 44 35 
cell-0-9-0 104 919 44 35 
cell-0-9-1 148 919 44 35 
cell-0-9-2 192 919 44 35 
cell-0-9-3 236 919 44 35 
cell-0-10-0 104 956 44 35 
cell-0-10-1 148 956 44 35 
cell-0-10-2 192 956 44 35 
cell-0-10-3 236 956 44 35 
table-1 480 503 222 583 
cell-1-0-0 480 503 44 35 
cell-1-0-1 524 503 44 35 
cell-1-0-2 568 503 44 35 
cell-1-0-3 612 503 44 35 
cell-1-0-4 656 503 44 35 
cell-1-1-0 480 542 44 35 
cell-1-1-1 524 542 44 35 
cell-1-1-2 568 542 44 35 
cell-1-1-3 612 542 44 35 
cell-1-1-4 656 542 44 35 
cell-1-2-0 480 581 44 35 
cell-1-2-1 524 581 44 35 
cell-1-2-2 568 581 44 35 
cell-1-2-3 612 581 44 35 
cell-1-2-4 656 581 44 35 
cell-1-3-0 480 620 44 35 
cell-1-3-1 524 620 44 35 
cell-1-3-2 568 620 44 35 
cell-1-3-3 612 620 44 35 
cell-1-3-4 656 620 44 35 
cell-1-4-0 480 659 44 35 
cell-1-4-1 524 659 44 35 
cell-1-4-2 568 659 44 35 
cell-1-4-3 612 659 44 35 
cell-1-4-4 656 659 44 35 
cell-1-5-0 480 698 44 35 
cell-1-5-1 524 698 44 35 
cell-1-5-2 568 698 44 35 
cell-1-5-3 612 698 44 35 
cell-1-5-4 656 698 44 35 
cell-1-6-0 480 737 44 35 
cell-1-6-1 524 737 44 35 
cell-1-6-2 568 737 44 35 
cell-1-6-3 612 737 44 35 
cell-1-6-4 656 737 44 35 
cell-1-7-0 480 776 44 35 
cell-1-7-1 524 776 44 35 
cell-1-7-2 568 776 44 35 
cell-1-7-3 612 776 44 35 
cell-1-7-4 656 776 44 35 
cell-1-8-0 480 815 44 35 
cell-1-8-1 524 815 44 35 
cell-1-8-2 568 815 44 35 
cell-1-8-3 612 815 44 35 
cell-1-8-4 656 815 44 35 
cell-1-9-0 480 854 44 35 
cell-1-9-1 524 854 44 35 
cell-1-9-2 568 854 44 35 
cell-1-9-3 612 854 44 35 
cell-1-9-4 656 854 44 35 
cell-1-10-0 480 893 44 35 
cell-1-10-1 524 893 44 35 
cell-1-10-2 568 893 44 35 
cell-1-10-3 612 893 44 35 
cell-1-10-4 656 893 44 35 
cell-1-11-0 480 932 44 35 
cell-1-11-1 524 932 44 35 
cell-1-11-2 568 932 44 35 
cell-1-11-3 612 932 44 35 
cell-1-11-4 656 932 44 35 
cell-1-12-0 480 971 44 35 
cell-1-12-1 524 971 44 35 
cell-1-12-2 568 971 44 35 
cell-1-12-3 612 971 44 35 
cell-1-12-4 656 971 44 35 
cell-1-13-0 480 1010 44 35 
cell-1-13-1 524 1010 44 35 
cell-1-13-2 568 1010 44 35 
cell-1-13-3 612 1010 44 35 
cell-1-13-4 656 1010 44 35 
cell-1-14-0 480 1049 44 35 
cell-1-14-1 524 1049 44 35 
cell-1-14-2 568 1049 44 35 
cell-1-14-3 612 1049 44 35 
cell-1-14-4 656 1049 44 35 
