table-0 588 843 173 441 
cell-0-0-0 588 843 43 35 
cell-0-0-1 631 843 43 35 
cell-0-0-2 674 843 43 35 
cell-0-0-3 717 843 43 35 
cell-0-1-0 588 888 43 35 
cell-0-1-1 631 888 43 35 
cell-0-1-2 674 888 43 35 
cell-0-1-3 717 888 43 35 
cell-0-2-0 588 933 43 35 
cell-0-2-1 631 933 43 35 
cell-0-2-2 674 933 43 35 
cell-0-2-3 717 933 43 35 
cell-0-3-0 588 978 43 35 
cell-0-3-1 631 978 43 35 
cell-0-3-2 674 978 43 35 
cell-0-3-3 717 978 43 35 
cell-0-4-0 588 1023 43 35 
cell-0-4-1 631 1023 43 35 
cell-0-4-2 674 1023 43 35 
cell-0-4-3 717 1023 43 35 
cell-0-5-0 588 1068 43 35 
cell-0-5-1 631 1068 43 35 
cell-0-5-2 674 1068 43 35 
cell-0-5-3 717 1068 43 35 
cell-0-6-0 588 1113 43 35 
cell-0-6-1 631 1113 43 35 
cell-0-6-2 674 1113 43 35 
cell-0-6-3 717 1113 43 35 
cell-0-7-0 588 1158 43 35 
cell-0-7-1 631 1158 43 35 
cell-0-7-2 674 1158 43 35 
cell-0-7-3 717 1158 43 35 
cell-0-8-0 588 1203 43 35 
cell-0-8-1 631 1203 43 35 
cell-0-8-2 674 1203 43 35 
cell-0-8-3 717 1203 43 35 
cell-0-9-0 588 1248 43 35 
cell-0-9-1 631 1248 43 35 
cell-0-9-2 674 1248 43 35 
cell-0-9-3 717 1248 43 35 
