table-0 203 434 589 556 
cell-0-1-0 203 434 34 35 
cell-0-1-1 240 434 34 35 
cell-0-1-2 277 434 34 35 
cell-0-1-3 314 434 34 35 
cell-0-1-4 351 434 34 35 
cell-0-1-5 388 434 34 35 
cell-0-1-6 425 434 34 35 
cell-0-1-7 462 434 34 35 
cell-0-1-8 499 434 34 35 
cell-0-1-9 536 434 34 35 
cell-0-1-10 573 434 34 35 
cell-0-1-11 610 434 34 35 
cell-0-1-12 647 434 34 35 
cell-0-1-13 684 434 34 35 
cell-0-1-14 721 434 34 35 
cell-0-1-15 758 434 34 35 
cell-0-2-0 203 499 34 35 
cell-0-2-1 240 499 34 35 
cell-0-2-2 277 499 34 35 
cell-0-2-3 314 499 34 35 
cell-0-2-4 351 499 34 35 
cell-0-2-5 388 499 34 35 
cell-0-2-6 425 499 34 35 
cell-0-2-7 462 499 34 35 
cell-0-2-8 499 499 34 35 
cell-0-2-9 536 499 34 35 
cell-0-2-10 573 499 34 35 
cell-0-2-11 610 499 34 35 
cell-0-2-12 647 499 34 35 
cell-0-2-13 684 499 34 35 
cell-0-2-14 721 499 34 35 
cell-0-2-15 758 499 34 35 
cell-0-3-0 203 564 34 35 
cell-0-3-1 240 564 34 35 
cell-0-3-2 277 564 34 35 
cell-0-3-3 314 564 34 35 
cell-0-3-4 351 564 34 35 
cell-0-3-5 388 564 34 35 
cell-0-3-6 425 564 34 35 
cell-0-3-7 462 564 34 35 
cell-0-3-8 499 564 34 35 
cell-0-3-9 536 564 34 35 
cell-0-3-10 573 564 34 35 
cell-0-3-11 610 564 34 35 
cell-0-3-12 647 564 34 35 
cell-0-3-13 684 564 34 35 
cell-0-3-14 721 564 34 35 
cell-0-3-15 758 564 34 35 
cell-0-4-0 203 629 34 35 
cell-0-4-1 240 629 34 35 
cell-0-4-2 277 629 34 35 
cell-0-4-3 314 629 34 35 
cell-0-4-4 351 629 34 35 
cell-0-4-5 388 629 34 35 
cell-0-4-6 425 629 34 35 
cell-0-4-7 462 629 34 35 
cell-0-4-8 499 629 34 35 
cell-0-4-9 536 629 34 35 
cell-0-4-10 573 629 34 35 
cell-0-4-11 610 629 34 35 
cell-0-4-12 647 629 34 35 
cell-0-4-13 684 629 34 35 
cell-0-4-14 721 629 34 35 
cell-0-4-15 758 629 34 35 
cell-0-5-0 203 694 34 35 
cell-0-5-1 240 694 34 35 
cell-0-5-2 277 694 34 35 
cell-0-5-3 314 694 34 35 
cell-0-5-4 351 694 34 35 
cell-0-5-5 388 694 34 35 
cell-0-5-6 425 694 34 35 
cell-0-5-7 462 694 34 35 
cell-0-5-8 499 694 34 35 
cell-0-5-9 536 694 34 35 
cell-0-5-10 573 694 34 35 
cell-0-5-11 610 694 34 35 
cell-0-5-12 647 694 34 35 
cell-0-5-13 684 694 34 35 
cell-0-5-14 721 694 34 35 
cell-0-5-15 758 694 34 35 
cell-0-6-0 203 759 34 35 
cell-0-6-1 240 759 34 35 
cell-0-6-2 277 759 34 35 
cell-0-6-3 314 759 34 35 
cell-0-6-4 351 759 34 35 
cell-0-6-5 388 759 34 35 
cell-0-6-6 425 759 34 35 
cell-0-6-7 462 759 34 35 
cell-0-6-8 499 759 34 35 
cell-0-6-9 536 759 34 35 
cell-0-6-10 573 759 34 35 
cell-0-6-11 610 759 34 35 
cell-0-6-12 647 759 34 35 
cell-0-6-13 684 759 34 35 
cell-0-6-14 721 759 34 35 
cell-0-6-15 758 759 34 35 
cell-0-7-0 203 824 34 35 
cell-0-7-1 240 824 34 35 
cell-0-7-2 277 824 34 35 
cell-0-7-3 314 824 34 35 
cell-0-7-4 351 824 34 35 
cell-0-7-5 388 824 34 35 
cell-0-7-6 425 824 34 35 
cell-0-7-7 462 824 34 35 
cell-0-7-8 499 824 34 35 
cell-0-7-9 536 824 34 35 
cell-0-7-10 573 824 34 35 
cell-0-7-11 610 824 34 35 
cell-0-7-12 647 824 34 35 
cell-0-7-13 684 824 34 35 
cell-0-7-14 721 824 34 35 
cell-0-7-15 758 824 34 35 
cell-0-8-0 203 889 34 35 
cell-0-8-1 240 889 34 35 
cell-0-8-2 277 889 34 35 
cell-0-8-3 314 889 34 35 
cell-0-8-4 351 889 34 35 
cell-0-8-5 388 889 34 35 
cell-0-8-6 425 889 34 35 
cell-0-8-7 462 889 34 35 
cell-0-8-8 499 889 34 35 
cell-0-8-9 536 889 34 35 
cell-0-8-10 573 889 34 35 
cell-0-8-11 610 889 34 35 
cell-0-8-12 647 889 34 35 
cell-0-8-13 684 889 34 35 
cell-0-8-14 721 889 34 35 
cell-0-8-15 758 889 34 35 
cell-0-9-0 203 954 34 35 
cell-0-9-1 240 954 34 35 
cell-0-9-2 277 954 34 35 
cell-0-9-3 314 954 34 35 
cell-0-9-4 351 954 34 35 
cell-0-9-5 388 954 34 35 
cell-0-9-6 425 954 34 35 
cell-0-9-7 462 954 34 35 
cell-0-9-8 499 954 34 35 
cell-0-9-9 536 954 34 35 
cell-0-9-10 573 954 34 35 
cell-0-9-11 610 954 34 35 
cell-0-9-12 647 954 34 35 
cell-0-9-13 684 954 34 35 
cell-0-9-14 721 954 34 35 
cell-0-9-15 758 954 34 35 
