table-0 344 592 678 584 
cell-0-0-0 344 592 44 42 
cell-0-0-1 388 592 44 42 
cell-0-0-2 432 592 44 42 
cell-0-0-3 476 592 44 42 
cell-0-0-4 520 592 500 42 
cell-0-1-0 344 646 44 42 
cell-0-1-1 388 646 44 42 
cell-0-1-2 432 646 44 42 
cell-0-1-3 476 646 44 42 
cell-0-1-4 520 646 500 42 
cell-0-2-0 344 700 44 42 
cell-0-2-1 388 700 44 42 
cell-0-2-2 432 700 44 42 
cell-0-2-3 476 700 44 42 
cell-0-2-4 520 700 500 42 
cell-0-3-0 344 754 44 42 
cell-0-3-1 388 754 44 42 
cell-0-3-2 432 754 44 42 
cell-0-3-3 476 754 44 42 
cell-0-3-4 520 754 500 42 
cell-0-4-0 344 808 44 42 
cell-0-4-1 388 808 44 42 
cell-0-4-2 432 808 44 42 
cell-0-4-3 476 808 44 42 
cell-0-4-4 520 808 500 42 
cell-0-5-0 344 862 44 42 
cell-0-5-1 388 862 44 42 
cell-0-5-2 432 862 44 42 
cell-0-5-3 476 862 44 42 
cell-0-5-4 520 862 500 42 
cell-0-6-0 344 916 44 42 
cell-0-6-1 388 916 44 42 
cell-0-6-2 432 916 44 42 
cell-0-6-3 476 916 44 42 
cell-0-6-4 520 916 500 42 
cell-0-7-0 344 970 44 42 
cell-0-7-1 388 970 44 42 
cell-0-7-2 432 970 44 42 
cell-0-7-3 476 970 44 42 
cell-0-7-4 520 970 500 42 
cell-0-8-0 344 1024 44 42 
cell-0-8-1 388 1024 44 42 
cell-0-8-2 432 1024 44 42 
cell-0-8-3 476 1024 44 42 
cell-0-8-4 520 1024 500 42 
cell-0-9-0 344 1078 44 42 
cell-0-9-1 388 1078 44 42 
cell-0-9-2 432 1078 44 42 
cell-0-9-3 476 1078 44 42 
cell-0-9-4 520 1078 500 42 
cell-0-10-0 344 1132 44 42 
cell-0-10-1 388 1132 44 42 
cell-0-10-2 432 1132 44 42 
cell-0-10-3 476 1132 44 42 
cell-0-10-4 520 1132 500 42 
