header-0 91 1123 764 193 
row-1-1 91 1123 302 40 
row-1-2 413 1123 335 40 
row-2-1 91 1173 269 40 
row-2-2 380 1173 428 40 
row-3-1 91 1223 533 40 
row-4-1 91 1273 764 40 
table-2 319 497 600 281 
cell-2-0-0 319 497 120 43 
cell-2-0-1 439 497 120 43 
cell-2-0-2 559 497 120 43 
cell-2-0-3 679 497 120 43 
cell-2-0-4 799 497 120 43 
cell-2-1-0 319 544 120 43 
cell-2-1-1 439 544 120 43 
cell-2-1-2 559 544 120 43 
cell-2-1-3 679 544 120 43 
cell-2-1-4 799 544 120 43 
cell-2-2-0 319 591 120 43 
cell-2-2-1 439 591 120 43 
cell-2-2-2 559 591 120 43 
cell-2-2-3 679 591 120 43 
cell-2-2-4 799 591 120 43 
cell-2-3-0 319 638 120 43 
cell-2-3-1 439 638 120 43 
cell-2-3-2 559 638 120 43 
cell-2-3-3 679 638 120 43 
cell-2-3-4 799 638 120 43 
cell-2-4-0 319 685 120 43 
cell-2-4-1 439 685 120 43 
cell-2-4-2 559 685 120 43 
cell-2-4-3 679 685 120 43 
cell-2-4-4 799 685 120 43 
cell-2-5-0 319 732 120 43 
cell-2-5-1 439 732 120 43 
cell-2-5-2 559 732 120 43 
cell-2-5-3 679 732 120 43 
cell-2-5-4 799 732 120 43 
