table-0 343 307 500 372 
cell-0-0-0 343 307 55 40 
cell-0-0-1 398 307 55 40 
cell-0-0-2 453 307 55 40 
cell-0-0-3 508 307 55 40 
cell-0-0-4 563 307 55 40 
cell-0-0-5 618 307 55 40 
cell-0-0-6 673 307 55 40 
cell-0-0-7 728 307 55 40 
cell-0-0-8 783 307 55 40 
cell-0-1-0 343 362 55 40 
cell-0-1-1 398 362 55 40 
cell-0-1-2 453 362 55 40 
cell-0-1-3 508 362 55 40 
cell-0-1-4 563 362 55 40 
cell-0-1-5 618 362 55 40 
cell-0-1-6 673 362 55 40 
cell-0-1-7 728 362 55 40 
cell-0-1-8 783 362 55 40 
cell-0-2-0 343 417 55 40 
cell-0-2-1 398 417 55 40 
cell-0-2-2 453 417 55 40 
cell-0-2-3 508 417 55 40 
cell-0-2-4 563 417 55 40 
cell-0-2-5 618 417 55 40 
cell-0-2-6 673 417 55 40 
cell-0-2-7 728 417 55 40 
cell-0-2-8 783 417 55 40 
cell-0-3-0 343 472 55 40 
cell-0-3-1 398 472 55 40 
cell-0-3-2 453 472 55 40 
cell-0-3-3 508 472 55 40 
cell-0-3-4 563 472 55 40 
cell-0-3-5 618 472 55 40 
cell-0-3-6 673 472 55 40 
cell-0-3-7 728 472 55 40 
cell-0-3-8 783 472 55 40 
cell-0-4-0 343 527 55 40 
cell-0-4-1 398 527 55 40 
cell-0-4-2 453 527 55 40 
cell-0-4-3 508 527 55 40 
cell-0-4-4 563 527 55 40 
cell-0-4-5 618 527 55 40 
cell-0-4-6 673 527 55 40 
cell-0-4-7 728 527 55 40 
cell-0-4-8 783 527 55 40 
cell-0-5-0 343 582 55 40 
cell-0-5-1 398 582 55 40 
cell-0-5-2 453 582 55 40 
cell-0-5-3 508 582 55 40 
cell-0-5-4 563 582 55 40 
cell-0-5-5 618 582 55 40 
cell-0-5-6 673 582 55 40 
cell-0-5-7 728 582 55 40 
cell-0-5-8 783 582 55 40 
cell-0-6-0 343 637 55 40 
cell-0-6-1 398 637 55 40 
cell-0-6-2 453 637 55 40 
cell-0-6-3 508 637 55 40 
cell-0-6-4 563 637 55 40 
cell-0-6-5 618 637 55 40 
cell-0-6-6 673 637 55 40 
cell-0-6-7 728 637 55 40 
cell-0-6-8 783 637 55 40 
