table-0 156 491 900 281 
cell-0-0-0 156 491 100 32 
cell-0-0-1 256 491 100 32 
cell-0-0-2 356 491 100 32 
cell-0-0-3 456 491 100 32 
cell-0-0-4 556 491 100 32 
cell-0-0-5 656 491 100 32 
cell-0-0-6 756 491 100 32 
cell-0-0-7 856 491 100 32 
cell-0-0-8 956 491 100 32 
cell-0-1-0 156 532 100 32 
cell-0-1-1 256 532 100 32 
cell-0-1-2 356 532 100 32 
cell-0-1-3 456 532 100 32 
cell-0-1-4 556 532 100 32 
cell-0-1-5 656 532 100 32 
cell-0-1-6 756 532 100 32 
cell-0-1-7 856 532 100 32 
cell-0-1-8 956 532 100 32 
cell-0-2-0 156 573 100 32 
cell-0-2-1 256 573 100 32 
cell-0-2-2 356 573 100 32 
cell-0-2-3 456 573 100 32 
cell-0-2-4 556 573 100 32 
cell-0-2-5 656 573 100 32 
cell-0-2-6 756 573 100 32 
cell-0-2-7 856 573 100 32 
cell-0-2-8 956 573 100 32 
cell-0-3-0 156 614 100 32 
cell-0-3-1 256 614 100 32 
cell-0-3-2 356 614 100 32 
cell-0-3-3 456 614 100 32 
cell-0-3-4 556 614 100 32 
cell-0-3-5 656 614 100 32 
cell-0-3-6 756 614 100 32 
cell-0-3-7 856 614 100 32 
cell-0-3-8 956 614 100 32 
cell-0-4-0 156 655 100 32 
cell-0-4-1 256 655 100 32 
cell-0-4-2 356 655 100 32 
cell-0-4-3 456 655 100 32 
cell-0-4-4 556 655 100 32 
cell-0-4-5 656 655 100 32 
cell-0-4-6 756 655 100 32 
cell-0-4-7 856 655 100 32 
cell-0-4-8 956 655 100 32 
cell-0-5-0 156 696 100 32 
cell-0-5-1 256 696 100 32 
cell-0-5-2 356 696 100 32 
cell-0-5-3 456 696 100 32 
cell-0-5-4 556 696 100 32 
cell-0-5-5 656 696 100 32 
cell-0-5-6 756 696 100 32 
cell-0-5-7 856 696 100 32 
cell-0-5-8 956 696 100 32 
cell-0-6-0 156 737 100 32 
cell-0-6-1 256 737 100 32 
cell-0-6-2 356 737 100 32 
cell-0-6-3 456 737 100 32 
cell-0-6-4 556 737 100 32 
cell-0-6-5 656 737 100 32 
cell-0-6-6 756 737 100 32 
cell-0-6-7 856 737 100 32 
cell-0-6-8 956 737 100 32 
