table-0 322 655 407 191 
cell-0-1-0 322 655 38 35 
cell-0-1-1 363 655 38 35 
cell-0-1-2 404 655 38 35 
cell-0-1-3 445 655 38 35 
cell-0-1-4 486 655 38 35 
cell-0-1-5 527 655 38 35 
cell-0-1-6 568 655 38 35 
cell-0-1-7 609 655 38 35 
cell-0-1-8 650 655 38 35 
cell-0-1-9 691 655 38 35 
cell-0-2-0 322 706 38 35 
cell-0-2-1 363 706 38 35 
cell-0-2-2 404 706 38 35 
cell-0-2-3 445 706 38 35 
cell-0-2-4 486 706 38 35 
cell-0-2-5 527 706 38 35 
cell-0-2-6 568 706 38 35 
cell-0-2-7 609 706 38 35 
cell-0-2-8 650 706 38 35 
cell-0-2-9 691 706 38 35 
cell-0-3-0 322 757 38 35 
cell-0-3-1 363 757 38 35 
cell-0-3-2 404 757 38 35 
cell-0-3-3 445 757 38 35 
cell-0-3-4 486 757 38 35 
cell-0-3-5 527 757 38 35 
cell-0-3-6 568 757 38 35 
cell-0-3-7 609 757 38 35 
cell-0-3-8 650 757 38 35 
cell-0-3-9 691 757 38 35 
cell-0-4-0 322 808 38 35 
cell-0-4-1 363 808 38 35 
cell-0-4-2 404 808 38 35 
cell-0-4-3 445 808 38 35 
cell-0-4-4 486 808 38 35 
cell-0-4-5 527 808 38 35 
cell-0-4-6 568 808 38 35 
cell-0-4-7 609 808 38 35 
cell-0-4-8 650 808 38 35 
cell-0-4-9 691 808 38 35 
table-1 883 383 173 540 
cell-1-0-0 883 383 43 35 
cell-1-0-1 926 383 43 35 
cell-1-0-2 969 383 43 35 
cell-1-0-3 1012 383 43 35 
cell-1-1-0 883 419 43 35 
cell-1-1-1 926 419 43 35 
cell-1-1-2 969 419 43 35 
cell-1-1-3 1012 419 43 35 
cell-1-2-0 883 455 43 35 
cell-1-2-1 926 455 43 35 
cell-1-2-2 969 455 43 35 
cell-1-2-3 1012 455 43 35 
cell-1-3-0 883 491 43 35 
cell-1-3-1 926 491 43 35 
cell-1-3-2 969 491 43 35 
cell-1-3-3 1012 491 43 35 
cell-1-4-0 883 527 43 35 
cell-1-4-1 926 527 43 35 
cell-1-4-2 969 527 43 35 
cell-1-4-3 1012 527 43 35 
cell-1-5-0 883 563 43 35 
cell-1-5-1 926 563 43 35 
cell-1-5-2 969 563 43 35 
cell-1-5-3 1012 563 43 35 
cell-1-6-0 883 599 43 35 
cell-1-6-1 926 599 43 35 
cell-1-6-2 969 599 43 35 
cell-1-6-3 1012 599 43 35 
cell-1-7-0 883 635 43 35 
cell-1-7-1 926 635 43 35 
cell-1-7-2 969 635 43 35 
cell-1-7-3 1012 635 43 35 
cell-1-8-0 883 671 43 35 
cell-1-8-1 926 671 43 35 
cell-1-8-2 969 671 43 35 
cell-1-8-3 1012 671 43 35 
cell-1-9-0 883 707 43 35 
cell-1-9-1 926 707 43 35 
cell-1-9-2 969 707 43 35 
cell-1-9-3 1012 707 43 35 
cell-1-10-0 883 743 43 35 
cell-1-10-1 926 743 43 35 
cell-1-10-2 969 743 43 35 
cell-1-10-3 1012 743 43 35 
cell-1-11-0 883 779 43 35 
cell-1-11-1 926 779 43 35 
cell-1-11-2 969 779 43 35 
cell-1-11-3 1012 779 43 35 
cell-1-12-0 883 815 43 35 
cell-1-12-1 926 815 43 35 
cell-1-12-2 969 815 43 35 
cell-1-12-3 1012 815 43 35 
cell-1-13-0 883 851 43 35 
cell-1-13-1 926 851 43 35 
cell-1-13-2 969 851 43 35 
cell-1-13-3 1012 851 43 35 
cell-1-14-0 883 887 43 35 
cell-1-14-1 926 887 43 35 
cell-1-14-2 969 887 43 35 
cell-1-14-3 1012 887 43 35 
