table-0 373 705 541 601 
cell-0-0-0 373 705 43 41 
cell-0-0-1 416 705 43 41 
cell-0-0-2 459 705 43 41 
cell-0-0-3 502 705 43 41 
cell-0-0-4 545 705 367 41 
cell-0-1-0 373 748 43 41 
cell-0-1-1 416 748 43 41 
cell-0-1-2 459 748 43 41 
cell-0-1-3 502 748 43 41 
cell-0-1-4 545 748 367 41 
cell-0-2-0 373 791 43 41 
cell-0-2-1 416 791 43 41 
cell-0-2-2 459 791 43 41 
cell-0-2-3 502 791 43 41 
cell-0-2-4 545 791 367 41 
cell-0-3-0 373 834 43 41 
cell-0-3-1 416 834 43 41 
cell-0-3-2 459 834 43 41 
cell-0-3-3 502 834 43 41 
cell-0-3-4 545 834 367 41 
cell-0-4-0 373 877 43 41 
cell-0-4-1 416 877 43 41 
cell-0-4-2 459 877 43 41 
cell-0-4-3 502 877 43 41 
cell-0-4-4 545 877 367 41 
cell-0-5-0 373 920 43 41 
cell-0-5-1 416 920 43 41 
cell-0-5-2 459 920 43 41 
cell-0-5-3 502 920 43 41 
cell-0-5-4 545 920 367 41 
cell-0-6-0 373 963 43 41 
cell-0-6-1 416 963 43 41 
cell-0-6-2 459 963 43 41 
cell-0-6-3 502 963 43 41 
cell-0-6-4 545 963 367 41 
cell-0-7-0 373 1006 43 41 
cell-0-7-1 416 1006 43 41 
cell-0-7-2 459 1006 43 41 
cell-0-7-3 502 1006 43 41 
cell-0-7-4 545 1006 367 41 
cell-0-8-0 373 1049 43 41 
cell-0-8-1 416 1049 43 41 
cell-0-8-2 459 1049 43 41 
cell-0-8-3 502 1049 43 41 
cell-0-8-4 545 1049 367 41 
cell-0-9-0 373 1092 43 41 
cell-0-9-1 416 1092 43 41 
cell-0-9-2 459 1092 43 41 
cell-0-9-3 502 1092 43 41 
cell-0-9-4 545 1092 367 41 
cell-0-10-0 373 1135 43 41 
cell-0-10-1 416 1135 43 41 
cell-0-10-2 459 1135 43 41 
cell-0-10-3 502 1135 43 41 
cell-0-10-4 545 1135 367 41 
cell-0-11-0 373 1178 43 41 
cell-0-11-1 416 1178 43 41 
cell-0-11-2 459 1178 43 41 
cell-0-11-3 502 1178 43 41 
cell-0-11-4 545 1178 367 41 
cell-0-12-0 373 1221 43 41 
cell-0-12-1 416 1221 43 41 
cell-0-12-2 459 1221 43 41 
cell-0-12-3 502 1221 43 41 
cell-0-12-4 545 1221 367 41 
cell-0-13-0 373 1264 43 41 
cell-0-13-1 416 1264 43 41 
cell-0-13-2 459 1264 43 41 
cell-0-13-3 502 1264 43 41 
cell-0-13-4 545 1264 367 41 
