table-0 273 1117 397 222 
cell-0-1-0 273 1117 33 35 
cell-0-1-1 306 1117 33 35 
cell-0-1-2 339 1117 33 35 
cell-0-1-3 372 1117 33 35 
cell-0-1-4 405 1117 33 35 
cell-0-1-5 438 1117 33 35 
cell-0-1-6 471 1117 33 35 
cell-0-1-7 504 1117 33 35 
cell-0-1-8 537 1117 33 35 
cell-0-1-9 570 1117 33 35 
cell-0-1-10 603 1117 33 35 
cell-0-1-11 636 1117 33 35 
cell-0-2-0 273 1179 33 35 
cell-0-2-1 306 1179 33 35 
cell-0-2-2 339 1179 33 35 
cell-0-2-3 372 1179 33 35 
cell-0-2-4 405 1179 33 35 
cell-0-2-5 438 1179 33 35 
cell-0-2-6 471 1179 33 35 
cell-0-2-7 504 1179 33 35 
cell-0-2-8 537 1179 33 35 
cell-0-2-9 570 1179 33 35 
cell-0-2-10 603 1179 33 35 
cell-0-2-11 636 1179 33 35 
cell-0-3-0 273 1241 33 35 
cell-0-3-1 306 1241 33 35 
cell-0-3-2 339 1241 33 35 
cell-0-3-3 372 1241 33 35 
cell-0-3-4 405 1241 33 35 
cell-0-3-5 438 1241 33 35 
cell-0-3-6 471 1241 33 35 
cell-0-3-7 504 1241 33 35 
cell-0-3-8 537 1241 33 35 
cell-0-3-9 570 1241 33 35 
cell-0-3-10 603 1241 33 35 
cell-0-3-11 636 1241 33 35 
cell-0-4-0 273 1303 33 35 
cell-0-4-1 306 1303 33 35 
cell-0-4-2 339 1303 33 35 
cell-0-4-3 372 1303 33 35 
cell-0-4-4 405 1303 33 35 
cell-0-4-5 438 1303 33 35 
cell-0-4-6 471 1303 33 35 
cell-0-4-7 504 1303 33 35 
cell-0-4-8 537 1303 33 35 
cell-0-4-9 570 1303 33 35 
cell-0-4-10 603 1303 33 35 
cell-0-4-11 636 1303 33 35 
table-2 242 325 273 456 
cell-2-0-0 242 325 45 35 
cell-2-0-1 287 325 45 35 
cell-2-0-2 332 325 45 35 
cell-2-0-3 377 325 45 35 
cell-2-0-4 422 325 45 35 
cell-2-0-5 467 325 45 35 
cell-2-1-0 242 363 45 35 
cell-2-1-1 287 363 45 35 
cell-2-1-2 332 363 45 35 
cell-2-1-3 377 363 45 35 
cell-2-1-4 422 363 45 35 
cell-2-1-5 467 363 45 35 
cell-2-2-0 242 401 45 35 
cell-2-2-1 287 401 45 35 
cell-2-2-2 332 401 45 35 
cell-2-2-3 377 401 45 35 
cell-2-2-4 422 401 45 35 
cell-2-2-5 467 401 45 35 
cell-2-3-0 242 439 45 35 
cell-2-3-1 287 439 45 35 
cell-2-3-2 332 439 45 35 
cell-2-3-3 377 439 45 35 
cell-2-3-4 422 439 45 35 
cell-2-3-5 467 439 45 35 
cell-2-4-0 242 477 45 35 
cell-2-4-1 287 477 45 35 
cell-2-4-2 332 477 45 35 
cell-2-4-3 377 477 45 35 
cell-2-4-4 422 477 45 35 
cell-2-4-5 467 477 45 35 
cell-2-5-0 242 515 45 35 
cell-2-5-1 287 515 45 35 
cell-2-5-2 332 515 45 35 
cell-2-5-3 377 515 45 35 
cell-2-5-4 422 515 45 35 
cell-2-5-5 467 515 45 35 
cell-2-6-0 242 553 45 35 
cell-2-6-1 287 553 45 35 
cell-2-6-2 332 553 45 35 
cell-2-6-3 377 553 45 35 
cell-2-6-4 422 553 45 35 
cell-2-6-5 467 553 45 35 
cell-2-7-0 242 591 45 35 
cell-2-7-1 287 591 45 35 
cell-2-7-2 332 591 45 35 
cell-2-7-3 377 591 45 35 
cell-2-7-4 422 591 45 35 
cell-2-7-5 467 591 45 35 
cell-2-8-0 242 629 45 35 
cell-2-8-1 287 629 45 35 
cell-2-8-2 332 629 45 35 
cell-2-8-3 377 629 45 35 
cell-2-8-4 422 629 45 35 
cell-2-8-5 467 629 45 35 
cell-2-9-0 242 667 45 35 
cell-2-9-1 287 667 45 35 
cell-2-9-2 332 667 45 35 
cell-2-9-3 377 667 45 35 
cell-2-9-4 422 667 45 35 
cell-2-9-5 467 667 45 35 
cell-2-10-0 242 705 45 35 
cell-2-10-1 287 705 45 35 
cell-2-10-2 332 705 45 35 
cell-2-10-3 377 705 45 35 
cell-2-10-4 422 705 45 35 
cell-2-10-5 467 705 45 35 
cell-2-11-0 242 743 45 35 
cell-2-11-1 287 743 45 35 
cell-2-11-2 332 743 45 35 
cell-2-11-3 377 743 45 35 
cell-2-11-4 422 743 45 35 
cell-2-11-5 467 743 45 35 
