table-0 267 712 259 588 
cell-0-0-0 267 712 43 35 
cell-0-0-1 310 712 43 35 
cell-0-0-2 353 712 43 35 
cell-0-0-3 396 712 43 35 
cell-0-0-4 439 712 43 35 
cell-0-0-5 482 712 43 35 
cell-0-1-0 267 758 43 35 
cell-0-1-1 310 758 43 35 
cell-0-1-2 353 758 43 35 
cell-0-1-3 396 758 43 35 
cell-0-1-4 439 758 43 35 
cell-0-1-5 482 758 43 35 
cell-0-2-0 267 804 43 35 
cell-0-2-1 310 804 43 35 
cell-0-2-2 353 804 43 35 
cell-0-2-3 396 804 43 35 
cell-0-2-4 439 804 43 35 
cell-0-2-5 482 804 43 35 
cell-0-3-0 267 850 43 35 
cell-0-3-1 310 850 43 35 
cell-0-3-2 353 850 43 35 
cell-0-3-3 396 850 43 35 
cell-0-3-4 439 850 43 35 
cell-0-3-5 482 850 43 35 
cell-0-4-0 267 896 43 35 
cell-0-4-1 310 896 43 35 
cell-0-4-2 353 896 43 35 
cell-0-4-3 396 896 43 35 
cell-0-4-4 439 896 43 35 
cell-0-4-5 482 896 43 35 
cell-0-5-0 267 942 43 35 
cell-0-5-1 310 942 43 35 
cell-0-5-2 353 942 43 35 
cell-0-5-3 396 942 43 35 
cell-0-5-4 439 942 43 35 
cell-0-5-5 482 942 43 35 
cell-0-6-0 267 988 43 35 
cell-0-6-1 310 988 43 35 
cell-0-6-2 353 988 43 35 
cell-0-6-3 396 988 43 35 
cell-0-6-4 439 988 43 35 
cell-0-6-5 482 988 43 35 
cell-0-7-0 267 1034 43 35 
cell-0-7-1 310 1034 43 35 
cell-0-7-2 353 1034 43 35 
cell-0-7-3 396 1034 43 35 
cell-0-7-4 439 1034 43 35 
cell-0-7-5 482 1034 43 35 
cell-0-8-0 267 1080 43 35 
cell-0-8-1 310 1080 43 35 
cell-0-8-2 353 1080 43 35 
cell-0-8-3 396 1080 43 35 
cell-0-8-4 439 1080 43 35 
cell-0-8-5 482 1080 43 35 
cell-0-9-0 267 1126 43 35 
cell-0-9-1 310 1126 43 35 
cell-0-9-2 353 1126 43 35 
cell-0-9-3 396 1126 43 35 
cell-0-9-4 439 1126 43 35 
cell-0-9-5 482 1126 43 35 
cell-0-10-0 267 1172 43 35 
cell-0-10-1 310 1172 43 35 
cell-0-10-2 353 1172 43 35 
cell-0-10-3 396 1172 43 35 
cell-0-10-4 439 1172 43 35 
cell-0-10-5 482 1172 43 35 
cell-0-11-0 267 1218 43 35 
cell-0-11-1 310 1218 43 35 
cell-0-11-2 353 1218 43 35 
cell-0-11-3 396 1218 43 35 
cell-0-11-4 439 1218 43 35 
cell-0-11-5 482 1218 43 35 
cell-0-12-0 267 1264 43 35 
cell-0-12-1 310 1264 43 35 
cell-0-12-2 353 1264 43 35 
cell-0-12-3 396 1264 43 35 
cell-0-12-4 439 1264 43 35 
cell-0-12-5 482 1264 43 35 
table-4 726 512 259 569 
cell-4-0-0 726 512 43 35 
cell-4-0-1 769 512 43 35 
cell-4-0-2 812 512 43 35 
cell-4-0-3 855 512 43 35 
cell-4-0-4 898 512 43 35 
cell-4-0-5 941 512 43 35 
cell-4-1-0 726 553 43 35 
cell-4-1-1 769 553 43 35 
cell-4-1-2 812 553 43 35 
cell-4-1-3 855 553 43 35 
cell-4-1-4 898 553 43 35 
cell-4-1-5 941 553 43 35 
cell-4-2-0 726 594 43 35 
cell-4-2-1 769 594 43 35 
cell-4-2-2 812 594 43 35 
cell-4-2-3 855 594 43 35 
cell-4-2-4 898 594 43 35 
cell-4-2-5 941 594 43 35 
cell-4-3-0 726 635 43 35 
cell-4-3-1 769 635 43 35 
cell-4-3-2 812 635 43 35 
cell-4-3-3 855 635 43 35 
cell-4-3-4 898 635 43 35 
cell-4-3-5 941 635 43 35 
cell-4-4-0 726 676 43 35 
cell-4-4-1 769 676 43 35 
cell-4-4-2 812 676 43 35 
cell-4-4-3 855 676 43 35 
cell-4-4-4 898 676 43 35 
cell-4-4-5 941 676 43 35 
cell-4-5-0 726 717 43 35 
cell-4-5-1 769 717 43 35 
cell-4-5-2 812 717 43 35 
cell-4-5-3 855 717 43 35 
cell-4-5-4 898 717 43 35 
cell-4-5-5 941 717 43 35 
cell-4-6-0 726 758 43 35 
cell-4-6-1 769 758 43 35 
cell-4-6-2 812 758 43 35 
cell-4-6-3 855 758 43 35 
cell-4-6-4 898 758 43 35 
cell-4-6-5 941 758 43 35 
cell-4-7-0 726 799 43 35 
cell-4-7-1 769 799 43 35 
cell-4-7-2 812 799 43 35 
cell-4-7-3 855 799 43 35 
cell-4-7-4 898 799 43 35 
cell-4-7-5 941 799 43 35 
cell-4-8-0 726 840 43 35 
cell-4-8-1 769 840 43 35 
cell-4-8-2 812 840 43 35 
cell-4-8-3 855 840 43 35 
cell-4-8-4 898 840 43 35 
cell-4-8-5 941 840 43 35 
cell-4-9-0 726 881 43 35 
cell-4-9-1 769 881 43 35 
cell-4-9-2 812 881 43 35 
cell-4-9-3 855 881 43 35 
cell-4-9-4 898 881 43 35 
cell-4-9-5 941 881 43 35 
cell-4-10-0 726 922 43 35 
cell-4-10-1 769 922 43 35 
cell-4-10-2 812 922 43 35 
cell-4-10-3 855 922 43 35 
cell-4-10-4 898 922 43 35 
cell-4-10-5 941 922 43 35 
cell-4-11-0 726 963 43 35 
cell-4-11-1 769 963 43 35 
cell-4-11-2 812 963 43 35 
cell-4-11-3 855 963 43 35 
cell-4-11-4 898 963 43 35 
cell-4-11-5 941 963 43 35 
cell-4-12-0 726 1004 43 35 
cell-4-12-1 769 1004 43 35 
cell-4-12-2 812 1004 43 35 
cell-4-12-3 855 1004 43 35 
cell-4-12-4 898 1004 43 35 
cell-4-12-5 941 1004 43 35 
cell-4-13-0 726 1045 43 35 
cell-4-13-1 769 1045 43 35 
cell-4-13-2 812 1045 43 35 
cell-4-13-3 855 1045 43 35 
cell-4-13-4 898 1045 43 35 
cell-4-13-5 941 1045 43 35 
