table-0 253 477 173 432 
cell-0-0-0 253 477 43 35 
cell-0-0-1 296 477 43 35 
cell-0-0-2 339 477 43 35 
cell-0-0-3 382 477 43 35 
cell-0-1-0 253 521 43 35 
cell-0-1-1 296 521 43 35 
cell-0-1-2 339 521 43 35 
cell-0-1-3 382 521 43 35 
cell-0-2-0 253 565 43 35 
cell-0-2-1 296 565 43 35 
cell-0-2-2 339 565 43 35 
cell-0-2-3 382 565 43 35 
cell-0-3-0 253 609 43 35 
cell-0-3-1 296 609 43 35 
cell-0-3-2 339 609 43 35 
cell-0-3-3 382 609 43 35 
cell-0-4-0 253 653 43 35 
cell-0-4-1 296 653 43 35 
cell-0-4-2 339 653 43 35 
cell-0-4-3 382 653 43 35 
cell-0-5-0 253 697 43 35 
cell-0-5-1 296 697 43 35 
cell-0-5-2 339 697 43 35 
cell-0-5-3 382 697 43 35 
cell-0-6-0 253 741 43 35 
cell-0-6-1 296 741 43 35 
cell-0-6-2 339 741 43 35 
cell-0-6-3 382 741 43 35 
cell-0-7-0 253 785 43 35 
cell-0-7-1 296 785 43 35 
cell-0-7-2 339 785 43 35 
cell-0-7-3 382 785 43 35 
cell-0-8-0 253 829 43 35 
cell-0-8-1 296 829 43 35 
cell-0-8-2 339 829 43 35 
cell-0-8-3 382 829 43 35 
cell-0-9-0 253 873 43 35 
cell-0-9-1 296 873 43 35 
cell-0-9-2 339 873 43 35 
cell-0-9-3 382 873 43 35 
