table-0 72 220 603 504 
cell-0-0-0 72 220 43 41 
cell-0-0-1 115 220 43 41 
cell-0-0-2 158 220 43 41 
cell-0-0-3 201 220 43 41 
cell-0-0-4 244 220 43 41 
cell-0-0-5 287 220 43 41 
cell-0-0-6 330 220 345 41 
cell-0-1-0 72 262 43 41 
cell-0-1-1 115 262 43 41 
cell-0-1-2 158 262 43 41 
cell-0-1-3 201 262 43 41 
cell-0-1-4 244 262 43 41 
cell-0-1-5 287 262 43 41 
cell-0-1-6 330 262 345 41 
cell-0-2-0 72 304 43 41 
cell-0-2-1 115 304 43 41 
cell-0-2-2 158 304 43 41 
cell-0-2-3 201 304 43 41 
cell-0-2-4 244 304 43 41 
cell-0-2-5 287 304 43 41 
cell-0-2-6 330 304 345 41 
cell-0-3-0 72 346 43 41 
cell-0-3-1 115 346 43 41 
cell-0-3-2 158 346 43 41 
cell-0-3-3 201 346 43 41 
cell-0-3-4 244 346 43 41 
cell-0-3-5 287 346 43 41 
cell-0-3-6 330 346 345 41 
cell-0-4-0 72 388 43 41 
cell-0-4-1 115 388 43 41 
cell-0-4-2 158 388 43 41 
cell-0-4-3 201 388 43 41 
cell-0-4-4 244 388 43 41 
cell-0-4-5 287 388 43 41 
cell-0-4-6 330 388 345 41 
cell-0-5-0 72 430 43 41 
cell-0-5-1 115 430 43 41 
cell-0-5-2 158 430 43 41 
cell-0-5-3 201 430 43 41 
cell-0-5-4 244 430 43 41 
cell-0-5-5 287 430 43 41 
cell-0-5-6 330 430 345 41 
cell-0-6-0 72 472 43 41 
cell-0-6-1 115 472 43 41 
cell-0-6-2 158 472 43 41 
cell-0-6-3 201 472 43 41 
cell-0-6-4 244 472 43 41 
cell-0-6-5 287 472 43 41 
cell-0-6-6 330 472 345 41 
cell-0-7-0 72 514 43 41 
cell-0-7-1 115 514 43 41 
cell-0-7-2 158 514 43 41 
cell-0-7-3 201 514 43 41 
cell-0-7-4 244 514 43 41 
cell-0-7-5 287 514 43 41 
cell-0-7-6 330 514 345 41 
cell-0-8-0 72 556 43 41 
cell-0-8-1 115 556 43 41 
cell-0-8-2 158 556 43 41 
cell-0-8-3 201 556 43 41 
cell-0-8-4 244 556 43 41 
cell-0-8-5 287 556 43 41 
cell-0-8-6 330 556 345 41 
cell-0-9-0 72 598 43 41 
cell-0-9-1 115 598 43 41 
cell-0-9-2 158 598 43 41 
cell-0-9-3 201 598 43 41 
cell-0-9-4 244 598 43 41 
cell-0-9-5 287 598 43 41 
cell-0-9-6 330 598 345 41 
cell-0-10-0 72 640 43 41 
cell-0-10-1 115 640 43 41 
cell-0-10-2 158 640 43 41 
cell-0-10-3 201 640 43 41 
cell-0-10-4 244 640 43 41 
cell-0-10-5 287 640 43 41 
cell-0-10-6 330 640 345 41 
cell-0-11-0 72 682 43 41 
cell-0-11-1 115 682 43 41 
cell-0-11-2 158 682 43 41 
cell-0-11-3 201 682 43 41 
cell-0-11-4 244 682 43 41 
cell-0-11-5 287 682 43 41 
cell-0-11-6 330 682 345 41 
