table-0 119 363 800 392 
cell-0-0-0 119 363 114 47 
cell-0-0-1 233 363 114 47 
cell-0-0-2 347 363 114 47 
cell-0-0-3 461 363 114 47 
cell-0-0-4 575 363 114 47 
cell-0-0-5 689 363 114 47 
cell-0-0-6 803 363 114 47 
cell-0-1-0 119 420 114 47 
cell-0-1-1 233 420 114 47 
cell-0-1-2 347 420 114 47 
cell-0-1-3 461 420 114 47 
cell-0-1-4 575 420 114 47 
cell-0-1-5 689 420 114 47 
cell-0-1-6 803 420 114 47 
cell-0-2-0 119 477 114 47 
cell-0-2-1 233 477 114 47 
cell-0-2-2 347 477 114 47 
cell-0-2-3 461 477 114 47 
cell-0-2-4 575 477 114 47 
cell-0-2-5 689 477 114 47 
cell-0-2-6 803 477 114 47 
cell-0-3-0 119 534 114 47 
cell-0-3-1 233 534 114 47 
cell-0-3-2 347 534 114 47 
cell-0-3-3 461 534 114 47 
cell-0-3-4 575 534 114 47 
cell-0-3-5 689 534 114 47 
cell-0-3-6 803 534 114 47 
cell-0-4-0 119 591 114 47 
cell-0-4-1 233 591 114 47 
cell-0-4-2 347 591 114 47 
cell-0-4-3 461 591 114 47 
cell-0-4-4 575 591 114 47 
cell-0-4-5 689 591 114 47 
cell-0-4-6 803 591 114 47 
cell-0-5-0 119 648 114 47 
cell-0-5-1 233 648 114 47 
cell-0-5-2 347 648 114 47 
cell-0-5-3 461 648 114 47 
cell-0-5-4 575 648 114 47 
cell-0-5-5 689 648 114 47 
cell-0-5-6 803 648 114 47 
cell-0-6-0 119 705 114 47 
cell-0-6-1 233 705 114 47 
cell-0-6-2 347 705 114 47 
cell-0-6-3 461 705 114 47 
cell-0-6-4 575 705 114 47 
cell-0-6-5 689 705 114 47 
cell-0-6-6 803 705 114 47 
