table-0 312 871 700 359 
cell-0-0-0 312 871 175 50 
cell-0-0-1 487 871 175 50 
cell-0-0-2 662 871 175 50 
cell-0-0-3 837 871 175 50 
cell-0-1-0 312 922 175 50 
cell-0-1-1 487 922 175 50 
cell-0-1-2 662 922 175 50 
cell-0-1-3 837 922 175 50 
cell-0-2-0 312 973 175 50 
cell-0-2-1 487 973 175 50 
cell-0-2-2 662 973 175 50 
cell-0-2-3 837 973 175 50 
cell-0-3-0 312 1024 175 50 
cell-0-3-1 487 1024 175 50 
cell-0-3-2 662 1024 175 50 
cell-0-3-3 837 1024 175 50 
cell-0-4-0 312 1075 175 50 
cell-0-4-1 487 1075 175 50 
cell-0-4-2 662 1075 175 50 
cell-0-4-3 837 1075 175 50 
cell-0-5-0 312 1126 175 50 
cell-0-5-1 487 1126 175 50 
cell-0-5-2 662 1126 175 50 
cell-0-5-3 837 1126 175 50 
cell-0-6-0 312 1177 175 50 
cell-0-6-1 487 1177 175 50 
cell-0-6-2 662 1177 175 50 
cell-0-6-3 837 1177 175 50 
table-1 87 70 900 603 
cell-1-0-0 87 70 112 51 
cell-1-0-1 199 70 112 51 
cell-1-0-2 311 70 112 51 
cell-1-0-3 423 70 112 51 
cell-1-0-4 535 70 112 51 
cell-1-0-5 647 70 112 51 
cell-1-0-6 759 70 112 51 
cell-1-0-7 871 70 112 51 
cell-1-1-0 87 131 112 51 
cell-1-1-1 199 131 112 51 
cell-1-1-2 311 131 112 51 
cell-1-1-3 423 131 112 51 
cell-1-1-4 535 131 112 51 
cell-1-1-5 647 131 112 51 
cell-1-1-6 759 131 112 51 
cell-1-1-7 871 131 112 51 
cell-1-2-0 87 192 112 51 
cell-1-2-1 199 192 112 51 
cell-1-2-2 311 192 112 51 
cell-1-2-3 423 192 112 51 
cell-1-2-4 535 192 112 51 
cell-1-2-5 647 192 112 51 
cell-1-2-6 759 192 112 51 
cell-1-2-7 871 192 112 51 
cell-1-3-0 87 253 112 51 
cell-1-3-1 199 253 112 51 
cell-1-3-2 311 253 112 51 
cell-1-3-3 423 253 112 51 
cell-1-3-4 535 253 112 51 
cell-1-3-5 647 253 112 51 
cell-1-3-6 759 253 112 51 
cell-1-3-7 871 253 112 51 
cell-1-4-0 87 314 112 51 
cell-1-4-1 199 314 112 51 
cell-1-4-2 311 314 112 51 
cell-1-4-3 423 314 112 51 
cell-1-4-4 535 314 112 51 
cell-1-4-5 647 314 112 51 
cell-1-4-6 759 314 112 51 
cell-1-4-7 871 314 112 51 
cell-1-5-0 87 375 112 51 
cell-1-5-1 199 375 112 51 
cell-1-5-2 311 375 112 51 
cell-1-5-3 423 375 112 51 
cell-1-5-4 535 375 112 51 
cell-1-5-5 647 375 112 51 
cell-1-5-6 759 375 112 51 
cell-1-5-7 871 375 112 51 
cell-1-6-0 87 436 112 51 
cell-1-6-1 199 436 112 51 
cell-1-6-2 311 436 112 51 
cell-1-6-3 423 436 112 51 
cell-1-6-4 535 436 112 51 
cell-1-6-5 647 436 112 51 
cell-1-6-6 759 436 112 51 
cell-1-6-7 871 436 112 51 
cell-1-7-0 87 497 112 51 
cell-1-7-1 199 497 112 51 
cell-1-7-2 311 497 112 51 
cell-1-7-3 423 497 112 51 
cell-1-7-4 535 497 112 51 
cell-1-7-5 647 497 112 51 
cell-1-7-6 759 497 112 51 
cell-1-7-7 871 497 112 51 
cell-1-8-0 87 558 112 51 
cell-1-8-1 199 558 112 51 
cell-1-8-2 311 558 112 51 
cell-1-8-3 423 558 112 51 
cell-1-8-4 535 558 112 51 
cell-1-8-5 647 558 112 51 
cell-1-8-6 759 558 112 51 
cell-1-8-7 871 558 112 51 
cell-1-9-0 87 619 112 51 
cell-1-9-1 199 619 112 51 
cell-1-9-2 311 619 112 51 
cell-1-9-3 423 619 112 51 
cell-1-9-4 535 619 112 51 
cell-1-9-5 647 619 112 51 
cell-1-9-6 759 619 112 51 
cell-1-9-7 871 619 112 51 
