table-0 165 735 677 707 
cell-0-0-0 165 735 44 42 
cell-0-0-1 209 735 44 42 
cell-0-0-2 253 735 44 42 
cell-0-0-3 297 735 44 42 
cell-0-0-4 341 735 44 42 
cell-0-0-5 385 735 457 42 
cell-0-1-0 165 786 44 42 
cell-0-1-1 209 786 44 42 
cell-0-1-2 253 786 44 42 
cell-0-1-3 297 786 44 42 
cell-0-1-4 341 786 44 42 
cell-0-1-5 385 786 457 42 
cell-0-2-0 165 837 44 42 
cell-0-2-1 209 837 44 42 
cell-0-2-2 253 837 44 42 
cell-0-2-3 297 837 44 42 
cell-0-2-4 341 837 44 42 
cell-0-2-5 385 837 457 42 
cell-0-3-0 165 888 44 42 
cell-0-3-1 209 888 44 42 
cell-0-3-2 253 888 44 42 
cell-0-3-3 297 888 44 42 
cell-0-3-4 341 888 44 42 
cell-0-3-5 385 888 457 42 
cell-0-4-0 165 939 44 42 
cell-0-4-1 209 939 44 42 
cell-0-4-2 253 939 44 42 
cell-0-4-3 297 939 44 42 
cell-0-4-4 341 939 44 42 
cell-0-4-5 385 939 457 42 
cell-0-5-0 165 990 44 42 
cell-0-5-1 209 990 44 42 
cell-0-5-2 253 990 44 42 
cell-0-5-3 297 990 44 42 
cell-0-5-4 341 990 44 42 
cell-0-5-5 385 990 457 42 
cell-0-6-0 165 1041 44 42 
cell-0-6-1 209 1041 44 42 
cell-0-6-2 253 1041 44 42 
cell-0-6-3 297 1041 44 42 
cell-0-6-4 341 1041 44 42 
cell-0-6-5 385 1041 457 42 
cell-0-7-0 165 1092 44 42 
cell-0-7-1 209 1092 44 42 
cell-0-7-2 253 1092 44 42 
cell-0-7-3 297 1092 44 42 
cell-0-7-4 341 1092 44 42 
cell-0-7-5 385 1092 457 42 
cell-0-8-0 165 1143 44 42 
cell-0-8-1 209 1143 44 42 
cell-0-8-2 253 1143 44 42 
cell-0-8-3 297 1143 44 42 
cell-0-8-4 341 1143 44 42 
cell-0-8-5 385 1143 457 42 
cell-0-9-0 165 1194 44 42 
cell-0-9-1 209 1194 44 42 
cell-0-9-2 253 1194 44 42 
cell-0-9-3 297 1194 44 42 
cell-0-9-4 341 1194 44 42 
cell-0-9-5 385 1194 457 42 
cell-0-10-0 165 1245 44 42 
cell-0-10-1 209 1245 44 42 
cell-0-10-2 253 1245 44 42 
cell-0-10-3 297 1245 44 42 
cell-0-10-4 341 1245 44 42 
cell-0-10-5 385 1245 457 42 
cell-0-11-0 165 1296 44 42 
cell-0-11-1 209 1296 44 42 
cell-0-11-2 253 1296 44 42 
cell-0-11-3 297 1296 44 42 
cell-0-11-4 341 1296 44 42 
cell-0-11-5 385 1296 457 42 
cell-0-12-0 165 1347 44 42 
cell-0-12-1 209 1347 44 42 
cell-0-12-2 253 1347 44 42 
cell-0-12-3 297 1347 44 42 
cell-0-12-4 341 1347 44 42 
cell-0-12-5 385 1347 457 42 
cell-0-13-0 165 1398 44 42 
cell-0-13-1 209 1398 44 42 
cell-0-13-2 253 1398 44 42 
cell-0-13-3 297 1398 44 42 
cell-0-13-4 341 1398 44 42 
cell-0-13-5 385 1398 457 42 
