table-0 413 301 259 660 
cell-0-0-0 413 301 43 35 
cell-0-0-1 456 301 43 35 
cell-0-0-2 499 301 43 35 
cell-0-0-3 542 301 43 35 
cell-0-0-4 585 301 43 35 
cell-0-0-5 628 301 43 35 
cell-0-1-0 413 349 43 35 
cell-0-1-1 456 349 43 35 
cell-0-1-2 499 349 43 35 
cell-0-1-3 542 349 43 35 
cell-0-1-4 585 349 43 35 
cell-0-1-5 628 349 43 35 
cell-0-2-0 413 397 43 35 
cell-0-2-1 456 397 43 35 
cell-0-2-2 499 397 43 35 
cell-0-2-3 542 397 43 35 
cell-0-2-4 585 397 43 35 
cell-0-2-5 628 397 43 35 
cell-0-3-0 413 445 43 35 
cell-0-3-1 456 445 43 35 
cell-0-3-2 499 445 43 35 
cell-0-3-3 542 445 43 35 
cell-0-3-4 585 445 43 35 
cell-0-3-5 628 445 43 35 
cell-0-4-0 413 493 43 35 
cell-0-4-1 456 493 43 35 
cell-0-4-2 499 493 43 35 
cell-0-4-3 542 493 43 35 
cell-0-4-4 585 493 43 35 
cell-0-4-5 628 493 43 35 
cell-0-5-0 413 541 43 35 
cell-0-5-1 456 541 43 35 
cell-0-5-2 499 541 43 35 
cell-0-5-3 542 541 43 35 
cell-0-5-4 585 541 43 35 
cell-0-5-5 628 541 43 35 
cell-0-6-0 413 589 43 35 
cell-0-6-1 456 589 43 35 
cell-0-6-2 499 589 43 35 
cell-0-6-3 542 589 43 35 
cell-0-6-4 585 589 43 35 
cell-0-6-5 628 589 43 35 
cell-0-7-0 413 637 43 35 
cell-0-7-1 456 637 43 35 
cell-0-7-2 499 637 43 35 
cell-0-7-3 542 637 43 35 
cell-0-7-4 585 637 43 35 
cell-0-7-5 628 637 43 35 
cell-0-8-0 413 685 43 35 
cell-0-8-1 456 685 43 35 
cell-0-8-2 499 685 43 35 
cell-0-8-3 542 685 43 35 
cell-0-8-4 585 685 43 35 
cell-0-8-5 628 685 43 35 
cell-0-9-0 413 733 43 35 
cell-0-9-1 456 733 43 35 
cell-0-9-2 499 733 43 35 
cell-0-9-3 542 733 43 35 
cell-0-9-4 585 733 43 35 
cell-0-9-5 628 733 43 35 
cell-0-10-0 413 781 43 35 
cell-0-10-1 456 781 43 35 
cell-0-10-2 499 781 43 35 
cell-0-10-3 542 781 43 35 
cell-0-10-4 585 781 43 35 
cell-0-10-5 628 781 43 35 
cell-0-11-0 413 829 43 35 
cell-0-11-1 456 829 43 35 
cell-0-11-2 499 829 43 35 
cell-0-11-3 542 829 43 35 
cell-0-11-4 585 829 43 35 
cell-0-11-5 628 829 43 35 
cell-0-12-0 413 877 43 35 
cell-0-12-1 456 877 43 35 
cell-0-12-2 499 877 43 35 
cell-0-12-3 542 877 43 35 
cell-0-12-4 585 877 43 35 
cell-0-12-5 628 877 43 35 
cell-0-13-0 413 925 43 35 
cell-0-13-1 456 925 43 35 
cell-0-13-2 499 925 43 35 
cell-0-13-3 542 925 43 35 
cell-0-13-4 585 925 43 35 
cell-0-13-5 628 925 43 35 
