table-0 115 319 530 248 
cell-0-1-0 115 319 38 35 
cell-0-1-1 156 319 38 35 
cell-0-1-2 197 319 38 35 
cell-0-1-3 238 319 38 35 
cell-0-1-4 279 319 38 35 
cell-0-1-5 320 319 38 35 
cell-0-1-6 361 319 38 35 
cell-0-1-7 402 319 38 35 
cell-0-1-8 443 319 38 35 
cell-0-1-9 484 319 38 35 
cell-0-1-10 525 319 38 35 
cell-0-1-11 566 319 38 35 
cell-0-1-12 607 319 38 35 
cell-0-2-0 115 354 38 35 
cell-0-2-1 156 354 38 35 
cell-0-2-2 197 354 38 35 
cell-0-2-3 238 354 38 35 
cell-0-2-4 279 354 38 35 
cell-0-2-5 320 354 38 35 
cell-0-2-6 361 354 38 35 
cell-0-2-7 402 354 38 35 
cell-0-2-8 443 354 38 35 
cell-0-2-9 484 354 38 35 
cell-0-2-10 525 354 38 35 
cell-0-2-11 566 354 38 35 
cell-0-2-12 607 354 38 35 
cell-0-3-0 115 389 38 35 
cell-0-3-1 156 389 38 35 
cell-0-3-2 197 389 38 35 
cell-0-3-3 238 389 38 35 
cell-0-3-4 279 389 38 35 
cell-0-3-5 320 389 38 35 
cell-0-3-6 361 389 38 35 
cell-0-3-7 402 389 38 35 
cell-0-3-8 443 389 38 35 
cell-0-3-9 484 389 38 35 
cell-0-3-10 525 389 38 35 
cell-0-3-11 566 389 38 35 
cell-0-3-12 607 389 38 35 
cell-0-4-0 115 424 38 35 
cell-0-4-1 156 424 38 35 
cell-0-4-2 197 424 38 35 
cell-0-4-3 238 424 38 35 
cell-0-4-4 279 424 38 35 
cell-0-4-5 320 424 38 35 
cell-0-4-6 361 424 38 35 
cell-0-4-7 402 424 38 35 
cell-0-4-8 443 424 38 35 
cell-0-4-9 484 424 38 35 
cell-0-4-10 525 424 38 35 
cell-0-4-11 566 424 38 35 
cell-0-4-12 607 424 38 35 
cell-0-5-0 115 459 38 35 
cell-0-5-1 156 459 38 35 
cell-0-5-2 197 459 38 35 
cell-0-5-3 238 459 38 35 
cell-0-5-4 279 459 38 35 
cell-0-5-5 320 459 38 35 
cell-0-5-6 361 459 38 35 
cell-0-5-7 402 459 38 35 
cell-0-5-8 443 459 38 35 
cell-0-5-9 484 459 38 35 
cell-0-5-10 525 459 38 35 
cell-0-5-11 566 459 38 35 
cell-0-5-12 607 459 38 35 
cell-0-6-0 115 494 38 35 
cell-0-6-1 156 494 38 35 
cell-0-6-2 197 494 38 35 
cell-0-6-3 238 494 38 35 
cell-0-6-4 279 494 38 35 
cell-0-6-5 320 494 38 35 
cell-0-6-6 361 494 38 35 
cell-0-6-7 402 494 38 35 
cell-0-6-8 443 494 38 35 
cell-0-6-9 484 494 38 35 
cell-0-6-10 525 494 38 35 
cell-0-6-11 566 494 38 35 
cell-0-6-12 607 494 38 35 
cell-0-7-0 115 529 38 35 
cell-0-7-1 156 529 38 35 
cell-0-7-2 197 529 38 35 
cell-0-7-3 238 529 38 35 
cell-0-7-4 279 529 38 35 
cell-0-7-5 320 529 38 35 
cell-0-7-6 361 529 38 35 
cell-0-7-7 402 529 38 35 
cell-0-7-8 443 529 38 35 
cell-0-7-9 484 529 38 35 
cell-0-7-10 525 529 38 35 
cell-0-7-11 566 529 38 35 
cell-0-7-12 607 529 38 35 
