table-0 581 303 430 240 
cell-0-1-0 581 303 33 35 
cell-0-1-1 614 303 33 35 
cell-0-1-2 647 303 33 35 
cell-0-1-3 680 303 33 35 
cell-0-1-4 713 303 33 35 
cell-0-1-5 746 303 33 35 
cell-0-1-6 779 303 33 35 
cell-0-1-7 812 303 33 35 
cell-0-1-8 845 303 33 35 
cell-0-1-9 878 303 33 35 
cell-0-1-10 911 303 33 35 
cell-0-1-11 944 303 33 35 
cell-0-1-12 977 303 33 35 
cell-0-2-0 581 354 33 35 
cell-0-2-1 614 354 33 35 
cell-0-2-2 647 354 33 35 
cell-0-2-3 680 354 33 35 
cell-0-2-4 713 354 33 35 
cell-0-2-5 746 354 33 35 
cell-0-2-6 779 354 33 35 
cell-0-2-7 812 354 33 35 
cell-0-2-8 845 354 33 35 
cell-0-2-9 878 354 33 35 
cell-0-2-10 911 354 33 35 
cell-0-2-11 944 354 33 35 
cell-0-2-12 977 354 33 35 
cell-0-3-0 581 405 33 35 
cell-0-3-1 614 405 33 35 
cell-0-3-2 647 405 33 35 
cell-0-3-3 680 405 33 35 
cell-0-3-4 713 405 33 35 
cell-0-3-5 746 405 33 35 
cell-0-3-6 779 405 33 35 
cell-0-3-7 812 405 33 35 
cell-0-3-8 845 405 33 35 
cell-0-3-9 878 405 33 35 
cell-0-3-10 911 405 33 35 
cell-0-3-11 944 405 33 35 
cell-0-3-12 977 405 33 35 
cell-0-4-0 581 456 33 35 
cell-0-4-1 614 456 33 35 
cell-0-4-2 647 456 33 35 
cell-0-4-3 680 456 33 35 
cell-0-4-4 713 456 33 35 
cell-0-4-5 746 456 33 35 
cell-0-4-6 779 456 33 35 
cell-0-4-7 812 456 33 35 
cell-0-4-8 845 456 33 35 
cell-0-4-9 878 456 33 35 
cell-0-4-10 911 456 33 35 
cell-0-4-11 944 456 33 35 
cell-0-4-12 977 456 33 35 
cell-0-5-0 581 507 33 35 
cell-0-5-1 614 507 33 35 
cell-0-5-2 647 507 33 35 
cell-0-5-3 680 507 33 35 
cell-0-5-4 713 507 33 35 
cell-0-5-5 746 507 33 35 
cell-0-5-6 779 507 33 35 
cell-0-5-7 812 507 33 35 
cell-0-5-8 845 507 33 35 
cell-0-5-9 878 507 33 35 
cell-0-5-10 911 507 33 35 
cell-0-5-11 944 507 33 35 
cell-0-5-12 977 507 33 35 
table-1 158 929 900 306 
cell-1-0-0 158 929 112 34 
cell-1-0-1 270 929 112 34 
cell-1-0-2 382 929 112 34 
cell-1-0-3 494 929 112 34 
cell-1-0-4 606 929 112 34 
cell-1-0-5 718 929 112 34 
cell-1-0-6 830 929 112 34 
cell-1-0-7 942 929 112 34 
cell-1-1-0 158 974 112 34 
cell-1-1-1 270 974 112 34 
cell-1-1-2 382 974 112 34 
cell-1-1-3 494 974 112 34 
cell-1-1-4 606 974 112 34 
cell-1-1-5 718 974 112 34 
cell-1-1-6 830 974 112 34 
cell-1-1-7 942 974 112 34 
cell-1-2-0 158 1019 112 34 
cell-1-2-1 270 1019 112 34 
cell-1-2-2 382 1019 112 34 
cell-1-2-3 494 1019 112 34 
cell-1-2-4 606 1019 112 34 
cell-1-2-5 718 1019 112 34 
cell-1-2-6 830 1019 112 34 
cell-1-2-7 942 1019 112 34 
cell-1-3-0 158 1064 112 34 
cell-1-3-1 270 1064 112 34 
cell-1-3-2 382 1064 112 34 
cell-1-3-3 494 1064 112 34 
cell-1-3-4 606 1064 112 34 
cell-1-3-5 718 1064 112 34 
cell-1-3-6 830 1064 112 34 
cell-1-3-7 942 1064 112 34 
cell-1-4-0 158 1109 112 34 
cell-1-4-1 270 1109 112 34 
cell-1-4-2 382 1109 112 34 
cell-1-4-3 494 1109 112 34 
cell-1-4-4 606 1109 112 34 
cell-1-4-5 718 1109 112 34 
cell-1-4-6 830 1109 112 34 
cell-1-4-7 942 1109 112 34 
cell-1-5-0 158 1154 112 34 
cell-1-5-1 270 1154 112 34 
cell-1-5-2 382 1154 112 34 
cell-1-5-3 494 1154 112 34 
cell-1-5-4 606 1154 112 34 
cell-1-5-5 718 1154 112 34 
cell-1-5-6 830 1154 112 34 
cell-1-5-7 942 1154 112 34 
cell-1-6-0 158 1199 112 34 
cell-1-6-1 270 1199 112 34 
cell-1-6-2 382 1199 112 34 
cell-1-6-3 494 1199 112 34 
cell-1-6-4 606 1199 112 34 
cell-1-6-5 718 1199 112 34 
cell-1-6-6 830 1199 112 34 
cell-1-6-7 942 1199 112 34 
