table-0 136 624 266 505 
cell-0-0-0 136 624 44 35 
cell-0-0-1 180 624 44 35 
cell-0-0-2 224 624 44 35 
cell-0-0-3 268 624 44 35 
cell-0-0-4 312 624 44 35 
cell-0-0-5 356 624 44 35 
cell-0-1-0 136 663 44 35 
cell-0-1-1 180 663 44 35 
cell-0-1-2 224 663 44 35 
cell-0-1-3 268 663 44 35 
cell-0-1-4 312 663 44 35 
cell-0-1-5 356 663 44 35 
cell-0-2-0 136 702 44 35 
cell-0-2-1 180 702 44 35 
cell-0-2-2 224 702 44 35 
cell-0-2-3 268 702 44 35 
cell-0-2-4 312 702 44 35 
cell-0-2-5 356 702 44 35 
cell-0-3-0 136 741 44 35 
cell-0-3-1 180 741 44 35 
cell-0-3-2 224 741 44 35 
cell-0-3-3 268 741 44 35 
cell-0-3-4 312 741 44 35 
cell-0-3-5 356 741 44 35 
cell-0-4-0 136 780 44 35 
cell-0-4-1 180 780 44 35 
cell-0-4-2 224 780 44 35 
cell-0-4-3 268 780 44 35 
cell-0-4-4 312 780 44 35 
cell-0-4-5 356 780 44 35 
cell-0-5-0 136 819 44 35 
cell-0-5-1 180 819 44 35 
cell-0-5-2 224 819 44 35 
cell-0-5-3 268 819 44 35 
cell-0-5-4 312 819 44 35 
cell-0-5-5 356 819 44 35 
cell-0-6-0 136 858 44 35 
cell-0-6-1 180 858 44 35 
cell-0-6-2 224 858 44 35 
cell-0-6-3 268 858 44 35 
cell-0-6-4 312 858 44 35 
cell-0-6-5 356 858 44 35 
cell-0-7-0 136 897 44 35 
cell-0-7-1 180 897 44 35 
cell-0-7-2 224 897 44 35 
cell-0-7-3 268 897 44 35 
cell-0-7-4 312 897 44 35 
cell-0-7-5 356 897 44 35 
cell-0-8-0 136 936 44 35 
cell-0-8-1 180 936 44 35 
cell-0-8-2 224 936 44 35 
cell-0-8-3 268 936 44 35 
cell-0-8-4 312 936 44 35 
cell-0-8-5 356 936 44 35 
cell-0-9-0 136 975 44 35 
cell-0-9-1 180 975 44 35 
cell-0-9-2 224 975 44 35 
cell-0-9-3 268 975 44 35 
cell-0-9-4 312 975 44 35 
cell-0-9-5 356 975 44 35 
cell-0-10-0 136 1014 44 35 
cell-0-10-1 180 1014 44 35 
cell-0-10-2 224 1014 44 35 
cell-0-10-3 268 1014 44 35 
cell-0-10-4 312 1014 44 35 
cell-0-10-5 356 1014 44 35 
cell-0-11-0 136 1053 44 35 
cell-0-11-1 180 1053 44 35 
cell-0-11-2 224 1053 44 35 
cell-0-11-3 268 1053 44 35 
cell-0-11-4 312 1053 44 35 
cell-0-11-5 356 1053 44 35 
cell-0-12-0 136 1092 44 35 
cell-0-12-1 180 1092 44 35 
cell-0-12-2 224 1092 44 35 
cell-0-12-3 268 1092 44 35 
cell-0-12-4 312 1092 44 35 
cell-0-12-5 356 1092 44 35 
