header-0 182 1174 753 193 
row-1-1 182 1174 284 40 
row-1-2 486 1174 317 40 
row-2-1 182 1224 284 40 
row-2-2 486 1224 444 40 
row-3-1 182 1274 746 40 
row-4-1 182 1324 680 40 
table-1 344 545 493 380 
cell-1-1-0 344 545 35 35 
cell-1-1-1 379 545 35 35 
cell-1-1-2 414 545 35 35 
cell-1-1-3 449 545 35 35 
cell-1-1-4 484 545 35 35 
cell-1-1-5 519 545 35 35 
cell-1-1-6 554 545 35 35 
cell-1-1-7 589 545 35 35 
cell-1-1-8 624 545 35 35 
cell-1-1-9 659 545 35 35 
cell-1-1-10 694 545 35 35 
cell-1-1-11 729 545 35 35 
cell-1-1-12 764 545 35 35 
cell-1-1-13 799 545 35 35 
cell-1-2-0 344 583 35 35 
cell-1-2-1 379 583 35 35 
cell-1-2-2 414 583 35 35 
cell-1-2-3 449 583 35 35 
cell-1-2-4 484 583 35 35 
cell-1-2-5 519 583 35 35 
cell-1-2-6 554 583 35 35 
cell-1-2-7 589 583 35 35 
cell-1-2-8 624 583 35 35 
cell-1-2-9 659 583 35 35 
cell-1-2-10 694 583 35 35 
cell-1-2-11 729 583 35 35 
cell-1-2-12 764 583 35 35 
cell-1-2-13 799 583 35 35 
cell-1-3-0 344 621 35 35 
cell-1-3-1 379 621 35 35 
cell-1-3-2 414 621 35 35 
cell-1-3-3 449 621 35 35 
cell-1-3-4 484 621 35 35 
cell-1-3-5 519 621 35 35 
cell-1-3-6 554 621 35 35 
cell-1-3-7 589 621 35 35 
cell-1-3-8 624 621 35 35 
cell-1-3-9 659 621 35 35 
cell-1-3-10 694 621 35 35 
cell-1-3-11 729 621 35 35 
cell-1-3-12 764 621 35 35 
cell-1-3-13 799 621 35 35 
cell-1-4-0 344 659 35 35 
cell-1-4-1 379 659 35 35 
cell-1-4-2 414 659 35 35 
cell-1-4-3 449 659 35 35 
cell-1-4-4 484 659 35 35 
cell-1-4-5 519 659 35 35 
cell-1-4-6 554 659 35 35 
cell-1-4-7 589 659 35 35 
cell-1-4-8 624 659 35 35 
cell-1-4-9 659 659 35 35 
cell-1-4-10 694 659 35 35 
cell-1-4-11 729 659 35 35 
cell-1-4-12 764 659 35 35 
cell-1-4-13 799 659 35 35 
cell-1-5-0 344 697 35 35 
cell-1-5-1 379 697 35 35 
cell-1-5-2 414 697 35 35 
cell-1-5-3 449 697 35 35 
cell-1-5-4 484 697 35 35 
cell-1-5-5 519 697 35 35 
cell-1-5-6 554 697 35 35 
cell-1-5-7 589 697 35 35 
cell-1-5-8 624 697 35 35 
cell-1-5-9 659 697 35 35 
cell-1-5-10 694 697 35 35 
cell-1-5-11 729 697 35 35 
cell-1-5-12 764 697 35 35 
cell-1-5-13 799 697 35 35 
cell-1-6-0 344 735 35 35 
cell-1-6-1 379 735 35 35 
cell-1-6-2 414 735 35 35 
cell-1-6-3 449 735 35 35 
cell-1-6-4 484 735 35 35 
cell-1-6-5 519 735 35 35 
cell-1-6-6 554 735 35 35 
cell-1-6-7 589 735 35 35 
cell-1-6-8 624 735 35 35 
cell-1-6-9 659 735 35 35 
cell-1-6-10 694 735 35 35 
cell-1-6-11 729 735 35 35 
cell-1-6-12 764 735 35 35 
cell-1-6-13 799 735 35 35 
cell-1-7-0 344 773 35 35 
cell-1-7-1 379 773 35 35 
cell-1-7-2 414 773 35 35 
cell-1-7-3 449 773 35 35 
cell-1-7-4 484 773 35 35 
cell-1-7-5 519 773 35 35 
cell-1-7-6 554 773 35 35 
cell-1-7-7 589 773 35 35 
cell-1-7-8 624 773 35 35 
cell-1-7-9 659 773 35 35 
cell-1-7-10 694 773 35 35 
cell-1-7-11 729 773 35 35 
cell-1-7-12 764 773 35 35 
cell-1-7-13 799 773 35 35 
cell-1-8-0 344 811 35 35 
cell-1-8-1 379 811 35 35 
cell-1-8-2 414 811 35 35 
cell-1-8-3 449 811 35 35 
cell-1-8-4 484 811 35 35 
cell-1-8-5 519 811 35 35 
cell-1-8-6 554 811 35 35 
cell-1-8-7 589 811 35 35 
cell-1-8-8 624 811 35 35 
cell-1-8-9 659 811 35 35 
cell-1-8-10 694 811 35 35 
cell-1-8-11 729 811 35 35 
cell-1-8-12 764 811 35 35 
cell-1-8-13 799 811 35 35 
cell-1-9-0 344 849 35 35 
cell-1-9-1 379 849 35 35 
cell-1-9-2 414 849 35 35 
cell-1-9-3 449 849 35 35 
cell-1-9-4 484 849 35 35 
cell-1-9-5 519 849 35 35 
cell-1-9-6 554 849 35 35 
cell-1-9-7 589 849 35 35 
cell-1-9-8 624 849 35 35 
cell-1-9-9 659 849 35 35 
cell-1-9-10 694 849 35 35 
cell-1-9-11 729 849 35 35 
cell-1-9-12 764 849 35 35 
cell-1-9-13 799 849 35 35 
cell-1-10-0 344 887 35 35 
cell-1-10-1 379 887 35 35 
cell-1-10-2 414 887 35 35 
cell-1-10-3 449 887 35 35 
cell-1-10-4 484 887 35 35 
cell-1-10-5 519 887 35 35 
cell-1-10-6 554 887 35 35 
cell-1-10-7 589 887 35 35 
cell-1-10-8 624 887 35 35 
cell-1-10-9 659 887 35 35 
cell-1-10-10 694 887 35 35 
cell-1-10-11 729 887 35 35 
cell-1-10-12 764 887 35 35 
cell-1-10-13 799 887 35 35 
