table-0 381 628 273 508 
cell-0-0-0 381 628 45 35 
cell-0-0-1 426 628 45 35 
cell-0-0-2 471 628 45 35 
cell-0-0-3 516 628 45 35 
cell-0-0-4 561 628 45 35 
cell-0-0-5 606 628 45 35 
cell-0-1-0 381 675 45 35 
cell-0-1-1 426 675 45 35 
cell-0-1-2 471 675 45 35 
cell-0-1-3 516 675 45 35 
cell-0-1-4 561 675 45 35 
cell-0-1-5 606 675 45 35 
cell-0-2-0 381 722 45 35 
cell-0-2-1 426 722 45 35 
cell-0-2-2 471 722 45 35 
cell-0-2-3 516 722 45 35 
cell-0-2-4 561 722 45 35 
cell-0-2-5 606 722 45 35 
cell-0-3-0 381 769 45 35 
cell-0-3-1 426 769 45 35 
cell-0-3-2 471 769 45 35 
cell-0-3-3 516 769 45 35 
cell-0-3-4 561 769 45 35 
cell-0-3-5 606 769 45 35 
cell-0-4-0 381 816 45 35 
cell-0-4-1 426 816 45 35 
cell-0-4-2 471 816 45 35 
cell-0-4-3 516 816 45 35 
cell-0-4-4 561 816 45 35 
cell-0-4-5 606 816 45 35 
cell-0-5-0 381 863 45 35 
cell-0-5-1 426 863 45 35 
cell-0-5-2 471 863 45 35 
cell-0-5-3 516 863 45 35 
cell-0-5-4 561 863 45 35 
cell-0-5-5 606 863 45 35 
cell-0-6-0 381 910 45 35 
cell-0-6-1 426 910 45 35 
cell-0-6-2 471 910 45 35 
cell-0-6-3 516 910 45 35 
cell-0-6-4 561 910 45 35 
cell-0-6-5 606 910 45 35 
cell-0-7-0 381 957 45 35 
cell-0-7-1 426 957 45 35 
cell-0-7-2 471 957 45 35 
cell-0-7-3 516 957 45 35 
cell-0-7-4 561 957 45 35 
cell-0-7-5 606 957 45 35 
cell-0-8-0 381 1004 45 35 
cell-0-8-1 426 1004 45 35 
cell-0-8-2 471 1004 45 35 
cell-0-8-3 516 1004 45 35 
cell-0-8-4 561 1004 45 35 
cell-0-8-5 606 1004 45 35 
cell-0-9-0 381 1051 45 35 
cell-0-9-1 426 1051 45 35 
cell-0-9-2 471 1051 45 35 
cell-0-9-3 516 1051 45 35 
cell-0-9-4 561 1051 45 35 
cell-0-9-5 606 1051 45 35 
cell-0-10-0 381 1098 45 35 
cell-0-10-1 426 1098 45 35 
cell-0-10-2 471 1098 45 35 
cell-0-10-3 516 1098 45 35 
cell-0-10-4 561 1098 45 35 
cell-0-10-5 606 1098 45 35 
table-1 178 152 776 290 
cell-1-1-0 178 152 38 35 
cell-1-1-1 219 152 38 35 
cell-1-1-2 260 152 38 35 
cell-1-1-3 301 152 38 35 
cell-1-1-4 342 152 38 35 
cell-1-1-5 383 152 38 35 
cell-1-1-6 424 152 38 35 
cell-1-1-7 465 152 38 35 
cell-1-1-8 506 152 38 35 
cell-1-1-9 547 152 38 35 
cell-1-1-10 588 152 38 35 
cell-1-1-11 629 152 38 35 
cell-1-1-12 670 152 38 35 
cell-1-1-13 711 152 38 35 
cell-1-1-14 752 152 38 35 
cell-1-1-15 793 152 38 35 
cell-1-1-16 834 152 38 35 
cell-1-1-17 875 152 38 35 
cell-1-1-18 916 152 38 35 
cell-1-2-0 178 188 38 35 
cell-1-2-1 219 188 38 35 
cell-1-2-2 260 188 38 35 
cell-1-2-3 301 188 38 35 
cell-1-2-4 342 188 38 35 
cell-1-2-5 383 188 38 35 
cell-1-2-6 424 188 38 35 
cell-1-2-7 465 188 38 35 
cell-1-2-8 506 188 38 35 
cell-1-2-9 547 188 38 35 
cell-1-2-10 588 188 38 35 
cell-1-2-11 629 188 38 35 
cell-1-2-12 670 188 38 35 
cell-1-2-13 711 188 38 35 
cell-1-2-14 752 188 38 35 
cell-1-2-15 793 188 38 35 
cell-1-2-16 834 188 38 35 
cell-1-2-17 875 188 38 35 
cell-1-2-18 916 188 38 35 
cell-1-3-0 178 224 38 35 
cell-1-3-1 219 224 38 35 
cell-1-3-2 260 224 38 35 
cell-1-3-3 301 224 38 35 
cell-1-3-4 342 224 38 35 
cell-1-3-5 383 224 38 35 
cell-1-3-6 424 224 38 35 
cell-1-3-7 465 224 38 35 
cell-1-3-8 506 224 38 35 
cell-1-3-9 547 224 38 35 
cell-1-3-10 588 224 38 35 
cell-1-3-11 629 224 38 35 
cell-1-3-12 670 224 38 35 
cell-1-3-13 711 224 38 35 
cell-1-3-14 752 224 38 35 
cell-1-3-15 793 224 38 35 
cell-1-3-16 834 224 38 35 
cell-1-3-17 875 224 38 35 
cell-1-3-18 916 224 38 35 
cell-1-4-0 178 260 38 35 
cell-1-4-1 219 260 38 35 
cell-1-4-2 260 260 38 35 
cell-1-4-3 301 260 38 35 
cell-1-4-4 342 260 38 35 
cell-1-4-5 383 260 38 35 
cell-1-4-6 424 260 38 35 
cell-1-4-7 465 260 38 35 
cell-1-4-8 506 260 38 35 
cell-1-4-9 547 260 38 35 
cell-1-4-10 588 260 38 35 
cell-1-4-11 629 260 38 35 
cell-1-4-12 670 260 38 35 
cell-1-4-13 711 260 38 35 
cell-1-4-14 752 260 38 35 
cell-1-4-15 793 260 38 35 
cell-1-4-16 834 260 38 35 
cell-1-4-17 875 260 38 35 
cell-1-4-18 916 260 38 35 
cell-1-5-0 178 296 38 35 
cell-1-5-1 219 296 38 35 
cell-1-5-2 260 296 38 35 
cell-1-5-3 301 296 38 35 
cell-1-5-4 342 296 38 35 
cell-1-5-5 383 296 38 35 
cell-1-5-6 424 296 38 35 
cell-1-5-7 465 296 38 35 
cell-1-5-8 506 296 38 35 
cell-1-5-9 547 296 38 35 
cell-1-5-10 588 296 38 35 
cell-1-5-11 629 296 38 35 
cell-1-5-12 670 296 38 35 
cell-1-5-13 711 296 38 35 
cell-1-5-14 752 296 38 35 
cell-1-5-15 793 296 38 35 
cell-1-5-16 834 296 38 35 
cell-1-5-17 875 296 38 35 
cell-1-5-18 916 296 38 35 
cell-1-6-0 178 332 38 35 
cell-1-6-1 219 332 38 35 
cell-1-6-2 260 332 38 35 
cell-1-6-3 301 332 38 35 
cell-1-6-4 342 332 38 35 
cell-1-6-5 383 332 38 35 
cell-1-6-6 424 332 38 35 
cell-1-6-7 465 332 38 35 
cell-1-6-8 506 332 38 35 
cell-1-6-9 547 332 38 35 
cell-1-6-10 588 332 38 35 
cell-1-6-11 629 332 38 35 
cell-1-6-12 670 332 38 35 
cell-1-6-13 711 332 38 35 
cell-1-6-14 752 332 38 35 
cell-1-6-15 793 332 38 35 
cell-1-6-16 834 332 38 35 
cell-1-6-17 875 332 38 35 
cell-1-6-18 916 332 38 35 
cell-1-7-0 178 368 38 35 
cell-1-7-1 219 368 38 35 
cell-1-7-2 260 368 38 35 
cell-1-7-3 301 368 38 35 
cell-1-7-4 342 368 38 35 
cell-1-7-5 383 368 38 35 
cell-1-7-6 424 368 38 35 
cell-1-7-7 465 368 38 35 
cell-1-7-8 506 368 38 35 
cell-1-7-9 547 368 38 35 
cell-1-7-10 588 368 38 35 
cell-1-7-11 629 368 38 35 
cell-1-7-12 670 368 38 35 
cell-1-7-13 711 368 38 35 
cell-1-7-14 752 368 38 35 
cell-1-7-15 793 368 38 35 
cell-1-7-16 834 368 38 35 
cell-1-7-17 875 368 38 35 
cell-1-7-18 916 368 38 35 
cell-1-8-0 178 404 38 35 
cell-1-8-1 219 404 38 35 
cell-1-8-2 260 404 38 35 
cell-1-8-3 301 404 38 35 
cell-1-8-4 342 404 38 35 
cell-1-8-5 383 404 38 35 
cell-1-8-6 424 404 38 35 
cell-1-8-7 465 404 38 35 
cell-1-8-8 506 404 38 35 
cell-1-8-9 547 404 38 35 
cell-1-8-10 588 404 38 35 
cell-1-8-11 629 404 38 35 
cell-1-8-12 670 404 38 35 
cell-1-8-13 711 404 38 35 
cell-1-8-14 752 404 38 35 
cell-1-8-15 793 404 38 35 
cell-1-8-16 834 404 38 35 
cell-1-8-17 875 404 38 35 
cell-1-8-18 916 404 38 35 
