table-0 119 554 387 185 
cell-0-1-0 119 554 36 35 
cell-0-1-1 158 554 36 35 
cell-0-1-2 197 554 36 35 
cell-0-1-3 236 554 36 35 
cell-0-1-4 275 554 36 35 
cell-0-1-5 314 554 36 35 
cell-0-1-6 353 554 36 35 
cell-0-1-7 392 554 36 35 
cell-0-1-8 431 554 36 35 
cell-0-1-9 470 554 36 35 
cell-0-2-0 119 591 36 35 
cell-0-2-1 158 591 36 35 
cell-0-2-2 197 591 36 35 
cell-0-2-3 236 591 36 35 
cell-0-2-4 275 591 36 35 
cell-0-2-5 314 591 36 35 
cell-0-2-6 353 591 36 35 
cell-0-2-7 392 591 36 35 
cell-0-2-8 431 591 36 35 
cell-0-2-9 470 591 36 35 
cell-0-3-0 119 628 36 35 
cell-0-3-1 158 628 36 35 
cell-0-3-2 197 628 36 35 
cell-0-3-3 236 628 36 35 
cell-0-3-4 275 628 36 35 
cell-0-3-5 314 628 36 35 
cell-0-3-6 353 628 36 35 
cell-0-3-7 392 628 36 35 
cell-0-3-8 431 628 36 35 
cell-0-3-9 470 628 36 35 
cell-0-4-0 119 665 36 35 
cell-0-4-1 158 665 36 35 
cell-0-4-2 197 665 36 35 
cell-0-4-3 236 665 36 35 
cell-0-4-4 275 665 36 35 
cell-0-4-5 314 665 36 35 
cell-0-4-6 353 665 36 35 
cell-0-4-7 392 665 36 35 
cell-0-4-8 431 665 36 35 
cell-0-4-9 470 665 36 35 
cell-0-5-0 119 702 36 35 
cell-0-5-1 158 702 36 35 
cell-0-5-2 197 702 36 35 
cell-0-5-3 236 702 36 35 
cell-0-5-4 275 702 36 35 
cell-0-5-5 314 702 36 35 
cell-0-5-6 353 702 36 35 
cell-0-5-7 392 702 36 35 
cell-0-5-8 431 702 36 35 
cell-0-5-9 470 702 36 35 
