table-0 225 625 514 668 
cell-0-0-0 225 625 44 42 
cell-0-0-1 269 625 44 42 
cell-0-0-2 313 625 44 42 
cell-0-0-3 357 625 44 42 
cell-0-0-4 401 625 336 42 
cell-0-1-0 225 673 44 42 
cell-0-1-1 269 673 44 42 
cell-0-1-2 313 673 44 42 
cell-0-1-3 357 673 44 42 
cell-0-1-4 401 673 336 42 
cell-0-2-0 225 721 44 42 
cell-0-2-1 269 721 44 42 
cell-0-2-2 313 721 44 42 
cell-0-2-3 357 721 44 42 
cell-0-2-4 401 721 336 42 
cell-0-3-0 225 769 44 42 
cell-0-3-1 269 769 44 42 
cell-0-3-2 313 769 44 42 
cell-0-3-3 357 769 44 42 
cell-0-3-4 401 769 336 42 
cell-0-4-0 225 817 44 42 
cell-0-4-1 269 817 44 42 
cell-0-4-2 313 817 44 42 
cell-0-4-3 357 817 44 42 
cell-0-4-4 401 817 336 42 
cell-0-5-0 225 865 44 42 
cell-0-5-1 269 865 44 42 
cell-0-5-2 313 865 44 42 
cell-0-5-3 357 865 44 42 
cell-0-5-4 401 865 336 42 
cell-0-6-0 225 913 44 42 
cell-0-6-1 269 913 44 42 
cell-0-6-2 313 913 44 42 
cell-0-6-3 357 913 44 42 
cell-0-6-4 401 913 336 42 
cell-0-7-0 225 961 44 42 
cell-0-7-1 269 961 44 42 
cell-0-7-2 313 961 44 42 
cell-0-7-3 357 961 44 42 
cell-0-7-4 401 961 336 42 
cell-0-8-0 225 1009 44 42 
cell-0-8-1 269 1009 44 42 
cell-0-8-2 313 1009 44 42 
cell-0-8-3 357 1009 44 42 
cell-0-8-4 401 1009 336 42 
cell-0-9-0 225 1057 44 42 
cell-0-9-1 269 1057 44 42 
cell-0-9-2 313 1057 44 42 
cell-0-9-3 357 1057 44 42 
cell-0-9-4 401 1057 336 42 
cell-0-10-0 225 1105 44 42 
cell-0-10-1 269 1105 44 42 
cell-0-10-2 313 1105 44 42 
cell-0-10-3 357 1105 44 42 
cell-0-10-4 401 1105 336 42 
cell-0-11-0 225 1153 44 42 
cell-0-11-1 269 1153 44 42 
cell-0-11-2 313 1153 44 42 
cell-0-11-3 357 1153 44 42 
cell-0-11-4 401 1153 336 42 
cell-0-12-0 225 1201 44 42 
cell-0-12-1 269 1201 44 42 
cell-0-12-2 313 1201 44 42 
cell-0-12-3 357 1201 44 42 
cell-0-12-4 401 1201 336 42 
cell-0-13-0 225 1249 44 42 
cell-0-13-1 269 1249 44 42 
cell-0-13-2 313 1249 44 42 
cell-0-13-3 357 1249 44 42 
cell-0-13-4 401 1249 336 42 
