table-0 115 795 259 582 
cell-0-0-0 115 795 43 35 
cell-0-0-1 158 795 43 35 
cell-0-0-2 201 795 43 35 
cell-0-0-3 244 795 43 35 
cell-0-0-4 287 795 43 35 
cell-0-0-5 330 795 43 35 
cell-0-1-0 115 837 43 35 
cell-0-1-1 158 837 43 35 
cell-0-1-2 201 837 43 35 
cell-0-1-3 244 837 43 35 
cell-0-1-4 287 837 43 35 
cell-0-1-5 330 837 43 35 
cell-0-2-0 115 879 43 35 
cell-0-2-1 158 879 43 35 
cell-0-2-2 201 879 43 35 
cell-0-2-3 244 879 43 35 
cell-0-2-4 287 879 43 35 
cell-0-2-5 330 879 43 35 
cell-0-3-0 115 921 43 35 
cell-0-3-1 158 921 43 35 
cell-0-3-2 201 921 43 35 
cell-0-3-3 244 921 43 35 
cell-0-3-4 287 921 43 35 
cell-0-3-5 330 921 43 35 
cell-0-4-0 115 963 43 35 
cell-0-4-1 158 963 43 35 
cell-0-4-2 201 963 43 35 
cell-0-4-3 244 963 43 35 
cell-0-4-4 287 963 43 35 
cell-0-4-5 330 963 43 35 
cell-0-5-0 115 1005 43 35 
cell-0-5-1 158 1005 43 35 
cell-0-5-2 201 1005 43 35 
cell-0-5-3 244 1005 43 35 
cell-0-5-4 287 1005 43 35 
cell-0-5-5 330 1005 43 35 
cell-0-6-0 115 1047 43 35 
cell-0-6-1 158 1047 43 35 
cell-0-6-2 201 1047 43 35 
cell-0-6-3 244 1047 43 35 
cell-0-6-4 287 1047 43 35 
cell-0-6-5 330 1047 43 35 
cell-0-7-0 115 1089 43 35 
cell-0-7-1 158 1089 43 35 
cell-0-7-2 201 1089 43 35 
cell-0-7-3 244 1089 43 35 
cell-0-7-4 287 1089 43 35 
cell-0-7-5 330 1089 43 35 
cell-0-8-0 115 1131 43 35 
cell-0-8-1 158 1131 43 35 
cell-0-8-2 201 1131 43 35 
cell-0-8-3 244 1131 43 35 
cell-0-8-4 287 1131 43 35 
cell-0-8-5 330 1131 43 35 
cell-0-9-0 115 1173 43 35 
cell-0-9-1 158 1173 43 35 
cell-0-9-2 201 1173 43 35 
cell-0-9-3 244 1173 43 35 
cell-0-9-4 287 1173 43 35 
cell-0-9-5 330 1173 43 35 
cell-0-10-0 115 1215 43 35 
cell-0-10-1 158 1215 43 35 
cell-0-10-2 201 1215 43 35 
cell-0-10-3 244 1215 43 35 
cell-0-10-4 287 1215 43 35 
cell-0-10-5 330 1215 43 35 
cell-0-11-0 115 1257 43 35 
cell-0-11-1 158 1257 43 35 
cell-0-11-2 201 1257 43 35 
cell-0-11-3 244 1257 43 35 
cell-0-11-4 287 1257 43 35 
cell-0-11-5 330 1257 43 35 
cell-0-12-0 115 1299 43 35 
cell-0-12-1 158 1299 43 35 
cell-0-12-2 201 1299 43 35 
cell-0-12-3 244 1299 43 35 
cell-0-12-4 287 1299 43 35 
cell-0-12-5 330 1299 43 35 
cell-0-13-0 115 1341 43 35 
cell-0-13-1 158 1341 43 35 
cell-0-13-2 201 1341 43 35 
cell-0-13-3 244 1341 43 35 
cell-0-13-4 287 1341 43 35 
cell-0-13-5 330 1341 43 35 
table-1 496 267 520 560 
cell-1-0-0 496 267 44 42 
cell-1-0-1 540 267 44 42 
cell-1-0-2 584 267 44 42 
cell-1-0-3 628 267 44 42 
cell-1-0-4 672 267 342 42 
cell-1-1-0 496 310 44 42 
cell-1-1-1 540 310 44 42 
cell-1-1-2 584 310 44 42 
cell-1-1-3 628 310 44 42 
cell-1-1-4 672 310 342 42 
cell-1-2-0 496 353 44 42 
cell-1-2-1 540 353 44 42 
cell-1-2-2 584 353 44 42 
cell-1-2-3 628 353 44 42 
cell-1-2-4 672 353 342 42 
cell-1-3-0 496 396 44 42 
cell-1-3-1 540 396 44 42 
cell-1-3-2 584 396 44 42 
cell-1-3-3 628 396 44 42 
cell-1-3-4 672 396 342 42 
cell-1-4-0 496 439 44 42 
cell-1-4-1 540 439 44 42 
cell-1-4-2 584 439 44 42 
cell-1-4-3 628 439 44 42 
cell-1-4-4 672 439 342 42 
cell-1-5-0 496 482 44 42 
cell-1-5-1 540 482 44 42 
cell-1-5-2 584 482 44 42 
cell-1-5-3 628 482 44 42 
cell-1-5-4 672 482 342 42 
cell-1-6-0 496 525 44 42 
cell-1-6-1 540 525 44 42 
cell-1-6-2 584 525 44 42 
cell-1-6-3 628 525 44 42 
cell-1-6-4 672 525 342 42 
cell-1-7-0 496 568 44 42 
cell-1-7-1 540 568 44 42 
cell-1-7-2 584 568 44 42 
cell-1-7-3 628 568 44 42 
cell-1-7-4 672 568 342 42 
cell-1-8-0 496 611 44 42 
cell-1-8-1 540 611 44 42 
cell-1-8-2 584 611 44 42 
cell-1-8-3 628 611 44 42 
cell-1-8-4 672 611 342 42 
cell-1-9-0 496 654 44 42 
cell-1-9-1 540 654 44 42 
cell-1-9-2 584 654 44 42 
cell-1-9-3 628 654 44 42 
cell-1-9-4 672 654 342 42 
cell-1-10-0 496 697 44 42 
cell-1-10-1 540 697 44 42 
cell-1-10-2 584 697 44 42 
cell-1-10-3 628 697 44 42 
cell-1-10-4 672 697 342 42 
cell-1-11-0 496 740 44 42 
cell-1-11-1 540 740 44 42 
cell-1-11-2 584 740 44 42 
cell-1-11-3 628 740 44 42 
cell-1-11-4 672 740 342 42 
cell-1-12-0 496 783 44 42 
cell-1-12-1 540 783 44 42 
cell-1-12-2 584 783 44 42 
cell-1-12-3 628 783 44 42 
cell-1-12-4 672 783 342 42 
