table-0 698 1021 178 388 
cell-0-0-0 698 1021 44 35 
cell-0-0-1 742 1021 44 35 
cell-0-0-2 786 1021 44 35 
cell-0-0-3 830 1021 44 35 
cell-0-1-0 698 1060 44 35 
cell-0-1-1 742 1060 44 35 
cell-0-1-2 786 1060 44 35 
cell-0-1-3 830 1060 44 35 
cell-0-2-0 698 1099 44 35 
cell-0-2-1 742 1099 44 35 
cell-0-2-2 786 1099 44 35 
cell-0-2-3 830 1099 44 35 
cell-0-3-0 698 1138 44 35 
cell-0-3-1 742 1138 44 35 
cell-0-3-2 786 1138 44 35 
cell-0-3-3 830 1138 44 35 
cell-0-4-0 698 1177 44 35 
cell-0-4-1 742 1177 44 35 
cell-0-4-2 786 1177 44 35 
cell-0-4-3 830 1177 44 35 
cell-0-5-0 698 1216 44 35 
cell-0-5-1 742 1216 44 35 
cell-0-5-2 786 1216 44 35 
cell-0-5-3 830 1216 44 35 
cell-0-6-0 698 1255 44 35 
cell-0-6-1 742 1255 44 35 
cell-0-6-2 786 1255 44 35 
cell-0-6-3 830 1255 44 35 
cell-0-7-0 698 1294 44 35 
cell-0-7-1 742 1294 44 35 
cell-0-7-2 786 1294 44 35 
cell-0-7-3 830 1294 44 35 
cell-0-8-0 698 1333 44 35 
cell-0-8-1 742 1333 44 35 
cell-0-8-2 786 1333 44 35 
cell-0-8-3 830 1333 44 35 
cell-0-9-0 698 1372 44 35 
cell-0-9-1 742 1372 44 35 
cell-0-9-2 786 1372 44 35 
cell-0-9-3 830 1372 44 35 
table-1 337 492 376 142 
cell-1-1-0 337 492 34 35 
cell-1-1-1 371 492 34 35 
cell-1-1-2 405 492 34 35 
cell-1-1-3 439 492 34 35 
cell-1-1-4 473 492 34 35 
cell-1-1-5 507 492 34 35 
cell-1-1-6 541 492 34 35 
cell-1-1-7 575 492 34 35 
cell-1-1-8 609 492 34 35 
cell-1-1-9 643 492 34 35 
cell-1-1-10 677 492 34 35 
cell-1-2-0 337 527 34 35 
cell-1-2-1 371 527 34 35 
cell-1-2-2 405 527 34 35 
cell-1-2-3 439 527 34 35 
cell-1-2-4 473 527 34 35 
cell-1-2-5 507 527 34 35 
cell-1-2-6 541 527 34 35 
cell-1-2-7 575 527 34 35 
cell-1-2-8 609 527 34 35 
cell-1-2-9 643 527 34 35 
cell-1-2-10 677 527 34 35 
cell-1-3-0 337 562 34 35 
cell-1-3-1 371 562 34 35 
cell-1-3-2 405 562 34 35 
cell-1-3-3 439 562 34 35 
cell-1-3-4 473 562 34 35 
cell-1-3-5 507 562 34 35 
cell-1-3-6 541 562 34 35 
cell-1-3-7 575 562 34 35 
cell-1-3-8 609 562 34 35 
cell-1-3-9 643 562 34 35 
cell-1-3-10 677 562 34 35 
cell-1-4-0 337 597 34 35 
cell-1-4-1 371 597 34 35 
cell-1-4-2 405 597 34 35 
cell-1-4-3 439 597 34 35 
cell-1-4-4 473 597 34 35 
cell-1-4-5 507 597 34 35 
cell-1-4-6 541 597 34 35 
cell-1-4-7 575 597 34 35 
cell-1-4-8 609 597 34 35 
cell-1-4-9 643 597 34 35 
cell-1-4-10 677 597 34 35 
