table-0 60 628 1000 580 
cell-0-0-0 60 628 111 57 
cell-0-0-1 171 628 111 57 
cell-0-0-2 282 628 111 57 
cell-0-0-3 393 628 111 57 
cell-0-0-4 504 628 111 57 
cell-0-0-5 615 628 111 57 
cell-0-0-6 726 628 111 57 
cell-0-0-7 837 628 111 57 
cell-0-0-8 948 628 111 57 
cell-0-1-0 60 693 111 57 
cell-0-1-1 171 693 111 57 
cell-0-1-2 282 693 111 57 
cell-0-1-3 393 693 111 57 
cell-0-1-4 504 693 111 57 
cell-0-1-5 615 693 111 57 
cell-0-1-6 726 693 111 57 
cell-0-1-7 837 693 111 57 
cell-0-1-8 948 693 111 57 
cell-0-2-0 60 758 111 57 
cell-0-2-1 171 758 111 57 
cell-0-2-2 282 758 111 57 
cell-0-2-3 393 758 111 57 
cell-0-2-4 504 758 111 57 
cell-0-2-5 615 758 111 57 
cell-0-2-6 726 758 111 57 
cell-0-2-7 837 758 111 57 
cell-0-2-8 948 758 111 57 
cell-0-3-0 60 823 111 57 
cell-0-3-1 171 823 111 57 
cell-0-3-2 282 823 111 57 
cell-0-3-3 393 823 111 57 
cell-0-3-4 504 823 111 57 
cell-0-3-5 615 823 111 57 
cell-0-3-6 726 823 111 57 
cell-0-3-7 837 823 111 57 
cell-0-3-8 948 823 111 57 
cell-0-4-0 60 888 111 57 
cell-0-4-1 171 888 111 57 
cell-0-4-2 282 888 111 57 
cell-0-4-3 393 888 111 57 
cell-0-4-4 504 888 111 57 
cell-0-4-5 615 888 111 57 
cell-0-4-6 726 888 111 57 
cell-0-4-7 837 888 111 57 
cell-0-4-8 948 888 111 57 
cell-0-5-0 60 953 111 57 
cell-0-5-1 171 953 111 57 
cell-0-5-2 282 953 111 57 
cell-0-5-3 393 953 111 57 
cell-0-5-4 504 953 111 57 
cell-0-5-5 615 953 111 57 
cell-0-5-6 726 953 111 57 
cell-0-5-7 837 953 111 57 
cell-0-5-8 948 953 111 57 
cell-0-6-0 60 1018 111 57 
cell-0-6-1 171 1018 111 57 
cell-0-6-2 282 1018 111 57 
cell-0-6-3 393 1018 111 57 
cell-0-6-4 504 1018 111 57 
cell-0-6-5 615 1018 111 57 
cell-0-6-6 726 1018 111 57 
cell-0-6-7 837 1018 111 57 
cell-0-6-8 948 1018 111 57 
cell-0-7-0 60 1083 111 57 
cell-0-7-1 171 1083 111 57 
cell-0-7-2 282 1083 111 57 
cell-0-7-3 393 1083 111 57 
cell-0-7-4 504 1083 111 57 
cell-0-7-5 615 1083 111 57 
cell-0-7-6 726 1083 111 57 
cell-0-7-7 837 1083 111 57 
cell-0-7-8 948 1083 111 57 
cell-0-8-0 60 1148 111 57 
cell-0-8-1 171 1148 111 57 
cell-0-8-2 282 1148 111 57 
cell-0-8-3 393 1148 111 57 
cell-0-8-4 504 1148 111 57 
cell-0-8-5 615 1148 111 57 
cell-0-8-6 726 1148 111 57 
cell-0-8-7 837 1148 111 57 
cell-0-8-8 948 1148 111 57 
