table-0 95 480 529 340 
cell-0-1-0 95 480 33 35 
cell-0-1-1 128 480 33 35 
cell-0-1-2 161 480 33 35 
cell-0-1-3 194 480 33 35 
cell-0-1-4 227 480 33 35 
cell-0-1-5 260 480 33 35 
cell-0-1-6 293 480 33 35 
cell-0-1-7 326 480 33 35 
cell-0-1-8 359 480 33 35 
cell-0-1-9 392 480 33 35 
cell-0-1-10 425 480 33 35 
cell-0-1-11 458 480 33 35 
cell-0-1-12 491 480 33 35 
cell-0-1-13 524 480 33 35 
cell-0-1-14 557 480 33 35 
cell-0-1-15 590 480 33 35 
cell-0-2-0 95 518 33 35 
cell-0-2-1 128 518 33 35 
cell-0-2-2 161 518 33 35 
cell-0-2-3 194 518 33 35 
cell-0-2-4 227 518 33 35 
cell-0-2-5 260 518 33 35 
cell-0-2-6 293 518 33 35 
cell-0-2-7 326 518 33 35 
cell-0-2-8 359 518 33 35 
cell-0-2-9 392 518 33 35 
cell-0-2-10 425 518 33 35 
cell-0-2-11 458 518 33 35 
cell-0-2-12 491 518 33 35 
cell-0-2-13 524 518 33 35 
cell-0-2-14 557 518 33 35 
cell-0-2-15 590 518 33 35 
cell-0-3-0 95 556 33 35 
cell-0-3-1 128 556 33 35 
cell-0-3-2 161 556 33 35 
cell-0-3-3 194 556 33 35 
cell-0-3-4 227 556 33 35 
cell-0-3-5 260 556 33 35 
cell-0-3-6 293 556 33 35 
cell-0-3-7 326 556 33 35 
cell-0-3-8 359 556 33 35 
cell-0-3-9 392 556 33 35 
cell-0-3-10 425 556 33 35 
cell-0-3-11 458 556 33 35 
cell-0-3-12 491 556 33 35 
cell-0-3-13 524 556 33 35 
cell-0-3-14 557 556 33 35 
cell-0-3-15 590 556 33 35 
cell-0-4-0 95 594 33 35 
cell-0-4-1 128 594 33 35 
cell-0-4-2 161 594 33 35 
cell-0-4-3 194 594 33 35 
cell-0-4-4 227 594 33 35 
cell-0-4-5 260 594 33 35 
cell-0-4-6 293 594 33 35 
cell-0-4-7 326 594 33 35 
cell-0-4-8 359 594 33 35 
cell-0-4-9 392 594 33 35 
cell-0-4-10 425 594 33 35 
cell-0-4-11 458 594 33 35 
cell-0-4-12 491 594 33 35 
cell-0-4-13 524 594 33 35 
cell-0-4-14 557 594 33 35 
cell-0-4-15 590 594 33 35 
cell-0-5-0 95 632 33 35 
cell-0-5-1 128 632 33 35 
cell-0-5-2 161 632 33 35 
cell-0-5-3 194 632 33 35 
cell-0-5-4 227 632 33 35 
cell-0-5-5 260 632 33 35 
cell-0-5-6 293 632 33 35 
cell-0-5-7 326 632 33 35 
cell-0-5-8 359 632 33 35 
cell-0-5-9 392 632 33 35 
cell-0-5-10 425 632 33 35 
cell-0-5-11 458 632 33 35 
cell-0-5-12 491 632 33 35 
cell-0-5-13 524 632 33 35 
cell-0-5-14 557 632 33 35 
cell-0-5-15 590 632 33 35 
cell-0-6-0 95 670 33 35 
cell-0-6-1 128 670 33 35 
cell-0-6-2 161 670 33 35 
cell-0-6-3 194 670 33 35 
cell-0-6-4 227 670 33 35 
cell-0-6-5 260 670 33 35 
cell-0-6-6 293 670 33 35 
cell-0-6-7 326 670 33 35 
cell-0-6-8 359 670 33 35 
cell-0-6-9 392 670 33 35 
cell-0-6-10 425 670 33 35 
cell-0-6-11 458 670 33 35 
cell-0-6-12 491 670 33 35 
cell-0-6-13 524 670 33 35 
cell-0-6-14 557 670 33 35 
cell-0-6-15 590 670 33 35 
cell-0-7-0 95 708 33 35 
cell-0-7-1 128 708 33 35 
cell-0-7-2 161 708 33 35 
cell-0-7-3 194 708 33 35 
cell-0-7-4 227 708 33 35 
cell-0-7-5 260 708 33 35 
cell-0-7-6 293 708 33 35 
cell-0-7-7 326 708 33 35 
cell-0-7-8 359 708 33 35 
cell-0-7-9 392 708 33 35 
cell-0-7-10 425 708 33 35 
cell-0-7-11 458 708 33 35 
cell-0-7-12 491 708 33 35 
cell-0-7-13 524 708 33 35 
cell-0-7-14 557 708 33 35 
cell-0-7-15 590 708 33 35 
cell-0-8-0 95 746 33 35 
cell-0-8-1 128 746 33 35 
cell-0-8-2 161 746 33 35 
cell-0-8-3 194 746 33 35 
cell-0-8-4 227 746 33 35 
cell-0-8-5 260 746 33 35 
cell-0-8-6 293 746 33 35 
cell-0-8-7 326 746 33 35 
cell-0-8-8 359 746 33 35 
cell-0-8-9 392 746 33 35 
cell-0-8-10 425 746 33 35 
cell-0-8-11 458 746 33 35 
cell-0-8-12 491 746 33 35 
cell-0-8-13 524 746 33 35 
cell-0-8-14 557 746 33 35 
cell-0-8-15 590 746 33 35 
cell-0-9-0 95 784 33 35 
cell-0-9-1 128 784 33 35 
cell-0-9-2 161 784 33 35 
cell-0-9-3 194 784 33 35 
cell-0-9-4 227 784 33 35 
cell-0-9-5 260 784 33 35 
cell-0-9-6 293 784 33 35 
cell-0-9-7 326 784 33 35 
cell-0-9-8 359 784 33 35 
cell-0-9-9 392 784 33 35 
cell-0-9-10 425 784 33 35 
cell-0-9-11 458 784 33 35 
cell-0-9-12 491 784 33 35 
cell-0-9-13 524 784 33 35 
cell-0-9-14 557 784 33 35 
cell-0-9-15 590 784 33 35 
