table-0 340 1068 700 289 
cell-0-0-0 340 1068 140 46 
cell-0-0-1 480 1068 140 46 
cell-0-0-2 620 1068 140 46 
cell-0-0-3 760 1068 140 46 
cell-0-0-4 900 1068 140 46 
cell-0-1-0 340 1128 140 46 
cell-0-1-1 480 1128 140 46 
cell-0-1-2 620 1128 140 46 
cell-0-1-3 760 1128 140 46 
cell-0-1-4 900 1128 140 46 
cell-0-2-0 340 1188 140 46 
cell-0-2-1 480 1188 140 46 
cell-0-2-2 620 1188 140 46 
cell-0-2-3 760 1188 140 46 
cell-0-2-4 900 1188 140 46 
cell-0-3-0 340 1248 140 46 
cell-0-3-1 480 1248 140 46 
cell-0-3-2 620 1248 140 46 
cell-0-3-3 760 1248 140 46 
cell-0-3-4 900 1248 140 46 
cell-0-4-0 340 1308 140 46 
cell-0-4-1 480 1308 140 46 
cell-0-4-2 620 1308 140 46 
cell-0-4-3 760 1308 140 46 
cell-0-4-4 900 1308 140 46 
