table-0 113 376 700 461 
cell-0-0-0 113 376 140 46 
cell-0-0-1 253 376 140 46 
cell-0-0-2 393 376 140 46 
cell-0-0-3 533 376 140 46 
cell-0-0-4 673 376 140 46 
cell-0-1-0 113 422 140 46 
cell-0-1-1 253 422 140 46 
cell-0-1-2 393 422 140 46 
cell-0-1-3 533 422 140 46 
cell-0-1-4 673 422 140 46 
cell-0-2-0 113 468 140 46 
cell-0-2-1 253 468 140 46 
cell-0-2-2 393 468 140 46 
cell-0-2-3 533 468 140 46 
cell-0-2-4 673 468 140 46 
cell-0-3-0 113 514 140 46 
cell-0-3-1 253 514 140 46 
cell-0-3-2 393 514 140 46 
cell-0-3-3 533 514 140 46 
cell-0-3-4 673 514 140 46 
cell-0-4-0 113 560 140 46 
cell-0-4-1 253 560 140 46 
cell-0-4-2 393 560 140 46 
cell-0-4-3 533 560 140 46 
cell-0-4-4 673 560 140 46 
cell-0-5-0 113 606 140 46 
cell-0-5-1 253 606 140 46 
cell-0-5-2 393 606 140 46 
cell-0-5-3 533 606 140 46 
cell-0-5-4 673 606 140 46 
cell-0-6-0 113 652 140 46 
cell-0-6-1 253 652 140 46 
cell-0-6-2 393 652 140 46 
cell-0-6-3 533 652 140 46 
cell-0-6-4 673 652 140 46 
cell-0-7-0 113 698 140 46 
cell-0-7-1 253 698 140 46 
cell-0-7-2 393 698 140 46 
cell-0-7-3 533 698 140 46 
cell-0-7-4 673 698 140 46 
cell-0-8-0 113 744 140 46 
cell-0-8-1 253 744 140 46 
cell-0-8-2 393 744 140 46 
cell-0-8-3 533 744 140 46 
cell-0-8-4 673 744 140 46 
cell-0-9-0 113 790 140 46 
cell-0-9-1 253 790 140 46 
cell-0-9-2 393 790 140 46 
cell-0-9-3 533 790 140 46 
cell-0-9-4 673 790 140 46 
