table-0 382 448 600 475 
cell-0-0-0 382 448 85 58 
cell-0-0-1 467 448 85 58 
cell-0-0-2 552 448 85 58 
cell-0-0-3 637 448 85 58 
cell-0-0-4 722 448 85 58 
cell-0-0-5 807 448 85 58 
cell-0-0-6 892 448 85 58 
cell-0-1-0 382 517 85 58 
cell-0-1-1 467 517 85 58 
cell-0-1-2 552 517 85 58 
cell-0-1-3 637 517 85 58 
cell-0-1-4 722 517 85 58 
cell-0-1-5 807 517 85 58 
cell-0-1-6 892 517 85 58 
cell-0-2-0 382 586 85 58 
cell-0-2-1 467 586 85 58 
cell-0-2-2 552 586 85 58 
cell-0-2-3 637 586 85 58 
cell-0-2-4 722 586 85 58 
cell-0-2-5 807 586 85 58 
cell-0-2-6 892 586 85 58 
cell-0-3-0 382 655 85 58 
cell-0-3-1 467 655 85 58 
cell-0-3-2 552 655 85 58 
cell-0-3-3 637 655 85 58 
cell-0-3-4 722 655 85 58 
cell-0-3-5 807 655 85 58 
cell-0-3-6 892 655 85 58 
cell-0-4-0 382 724 85 58 
cell-0-4-1 467 724 85 58 
cell-0-4-2 552 724 85 58 
cell-0-4-3 637 724 85 58 
cell-0-4-4 722 724 85 58 
cell-0-4-5 807 724 85 58 
cell-0-4-6 892 724 85 58 
cell-0-5-0 382 793 85 58 
cell-0-5-1 467 793 85 58 
cell-0-5-2 552 793 85 58 
cell-0-5-3 637 793 85 58 
cell-0-5-4 722 793 85 58 
cell-0-5-5 807 793 85 58 
cell-0-5-6 892 793 85 58 
cell-0-6-0 382 862 85 58 
cell-0-6-1 467 862 85 58 
cell-0-6-2 552 862 85 58 
cell-0-6-3 637 862 85 58 
cell-0-6-4 722 862 85 58 
cell-0-6-5 807 862 85 58 
cell-0-6-6 892 862 85 58 
header-1 73 1259 814 193 
row-1-1 73 1259 303 40 
row-1-2 396 1259 336 40 
row-2-1 73 1309 369 40 
row-2-2 462 1309 420 40 
row-3-1 73 1359 534 40 
row-4-1 73 1409 567 40 
