table-0 249 97 650 657 
cell-0-0-0 249 97 45 43 
cell-0-0-1 294 97 45 43 
cell-0-0-2 339 97 45 43 
cell-0-0-3 384 97 45 43 
cell-0-0-4 429 97 468 43 
cell-0-1-0 249 144 45 43 
cell-0-1-1 294 144 45 43 
cell-0-1-2 339 144 45 43 
cell-0-1-3 384 144 45 43 
cell-0-1-4 429 144 468 43 
cell-0-2-0 249 191 45 43 
cell-0-2-1 294 191 45 43 
cell-0-2-2 339 191 45 43 
cell-0-2-3 384 191 45 43 
cell-0-2-4 429 191 468 43 
cell-0-3-0 249 238 45 43 
cell-0-3-1 294 238 45 43 
cell-0-3-2 339 238 45 43 
cell-0-3-3 384 238 45 43 
cell-0-3-4 429 238 468 43 
cell-0-4-0 249 285 45 43 
cell-0-4-1 294 285 45 43 
cell-0-4-2 339 285 45 43 
cell-0-4-3 384 285 45 43 
cell-0-4-4 429 285 468 43 
cell-0-5-0 249 332 45 43 
cell-0-5-1 294 332 45 43 
cell-0-5-2 339 332 45 43 
cell-0-5-3 384 332 45 43 
cell-0-5-4 429 332 468 43 
cell-0-6-0 249 379 45 43 
cell-0-6-1 294 379 45 43 
cell-0-6-2 339 379 45 43 
cell-0-6-3 384 379 45 43 
cell-0-6-4 429 379 468 43 
cell-0-7-0 249 426 45 43 
cell-0-7-1 294 426 45 43 
cell-0-7-2 339 426 45 43 
cell-0-7-3 384 426 45 43 
cell-0-7-4 429 426 468 43 
cell-0-8-0 249 473 45 43 
cell-0-8-1 294 473 45 43 
cell-0-8-2 339 473 45 43 
cell-0-8-3 384 473 45 43 
cell-0-8-4 429 473 468 43 
cell-0-9-0 249 520 45 43 
cell-0-9-1 294 520 45 43 
cell-0-9-2 339 520 45 43 
cell-0-9-3 384 520 45 43 
cell-0-9-4 429 520 468 43 
cell-0-10-0 249 567 45 43 
cell-0-10-1 294 567 45 43 
cell-0-10-2 339 567 45 43 
cell-0-10-3 384 567 45 43 
cell-0-10-4 429 567 468 43 
cell-0-11-0 249 614 45 43 
cell-0-11-1 294 614 45 43 
cell-0-11-2 339 614 45 43 
cell-0-11-3 384 614 45 43 
cell-0-11-4 429 614 468 43 
cell-0-12-0 249 661 45 43 
cell-0-12-1 294 661 45 43 
cell-0-12-2 339 661 45 43 
cell-0-12-3 384 661 45 43 
cell-0-12-4 429 661 468 43 
cell-0-13-0 249 708 45 43 
cell-0-13-1 294 708 45 43 
cell-0-13-2 339 708 45 43 
cell-0-13-3 384 708 45 43 
cell-0-13-4 429 708 468 43 
