table-0 137 595 752 523 
cell-0-0-0 137 595 44 43 
cell-0-0-1 181 595 44 43 
cell-0-0-2 225 595 44 43 
cell-0-0-3 269 595 44 43 
cell-0-0-4 313 595 44 43 
cell-0-0-5 357 595 44 43 
cell-0-0-6 401 595 486 43 
cell-0-1-0 137 648 44 43 
cell-0-1-1 181 648 44 43 
cell-0-1-2 225 648 44 43 
cell-0-1-3 269 648 44 43 
cell-0-1-4 313 648 44 43 
cell-0-1-5 357 648 44 43 
cell-0-1-6 401 648 486 43 
cell-0-2-0 137 701 44 43 
cell-0-2-1 181 701 44 43 
cell-0-2-2 225 701 44 43 
cell-0-2-3 269 701 44 43 
cell-0-2-4 313 701 44 43 
cell-0-2-5 357 701 44 43 
cell-0-2-6 401 701 486 43 
cell-0-3-0 137 754 44 43 
cell-0-3-1 181 754 44 43 
cell-0-3-2 225 754 44 43 
cell-0-3-3 269 754 44 43 
cell-0-3-4 313 754 44 43 
cell-0-3-5 357 754 44 43 
cell-0-3-6 401 754 486 43 
cell-0-4-0 137 807 44 43 
cell-0-4-1 181 807 44 43 
cell-0-4-2 225 807 44 43 
cell-0-4-3 269 807 44 43 
cell-0-4-4 313 807 44 43 
cell-0-4-5 357 807 44 43 
cell-0-4-6 401 807 486 43 
cell-0-5-0 137 860 44 43 
cell-0-5-1 181 860 44 43 
cell-0-5-2 225 860 44 43 
cell-0-5-3 269 860 44 43 
cell-0-5-4 313 860 44 43 
cell-0-5-5 357 860 44 43 
cell-0-5-6 401 860 486 43 
cell-0-6-0 137 913 44 43 
cell-0-6-1 181 913 44 43 
cell-0-6-2 225 913 44 43 
cell-0-6-3 269 913 44 43 
cell-0-6-4 313 913 44 43 
cell-0-6-5 357 913 44 43 
cell-0-6-6 401 913 486 43 
cell-0-7-0 137 966 44 43 
cell-0-7-1 181 966 44 43 
cell-0-7-2 225 966 44 43 
cell-0-7-3 269 966 44 43 
cell-0-7-4 313 966 44 43 
cell-0-7-5 357 966 44 43 
cell-0-7-6 401 966 486 43 
cell-0-8-0 137 1019 44 43 
cell-0-8-1 181 1019 44 43 
cell-0-8-2 225 1019 44 43 
cell-0-8-3 269 1019 44 43 
cell-0-8-4 313 1019 44 43 
cell-0-8-5 357 1019 44 43 
cell-0-8-6 401 1019 486 43 
cell-0-9-0 137 1072 44 43 
cell-0-9-1 181 1072 44 43 
cell-0-9-2 225 1072 44 43 
cell-0-9-3 269 1072 44 43 
cell-0-9-4 313 1072 44 43 
cell-0-9-5 357 1072 44 43 
cell-0-9-6 401 1072 486 43 
