table-0 110 340 582 237 
cell-0-1-0 110 340 36 35 
cell-0-1-1 149 340 36 35 
cell-0-1-2 188 340 36 35 
cell-0-1-3 227 340 36 35 
cell-0-1-4 266 340 36 35 
cell-0-1-5 305 340 36 35 
cell-0-1-6 344 340 36 35 
cell-0-1-7 383 340 36 35 
cell-0-1-8 422 340 36 35 
cell-0-1-9 461 340 36 35 
cell-0-1-10 500 340 36 35 
cell-0-1-11 539 340 36 35 
cell-0-1-12 578 340 36 35 
cell-0-1-13 617 340 36 35 
cell-0-1-14 656 340 36 35 
cell-0-2-0 110 390 36 35 
cell-0-2-1 149 390 36 35 
cell-0-2-2 188 390 36 35 
cell-0-2-3 227 390 36 35 
cell-0-2-4 266 390 36 35 
cell-0-2-5 305 390 36 35 
cell-0-2-6 344 390 36 35 
cell-0-2-7 383 390 36 35 
cell-0-2-8 422 390 36 35 
cell-0-2-9 461 390 36 35 
cell-0-2-10 500 390 36 35 
cell-0-2-11 539 390 36 35 
cell-0-2-12 578 390 36 35 
cell-0-2-13 617 390 36 35 
cell-0-2-14 656 390 36 35 
cell-0-3-0 110 440 36 35 
cell-0-3-1 149 440 36 35 
cell-0-3-2 188 440 36 35 
cell-0-3-3 227 440 36 35 
cell-0-3-4 266 440 36 35 
cell-0-3-5 305 440 36 35 
cell-0-3-6 344 440 36 35 
cell-0-3-7 383 440 36 35 
cell-0-3-8 422 440 36 35 
cell-0-3-9 461 440 36 35 
cell-0-3-10 500 440 36 35 
cell-0-3-11 539 440 36 35 
cell-0-3-12 578 440 36 35 
cell-0-3-13 617 440 36 35 
cell-0-3-14 656 440 36 35 
cell-0-4-0 110 490 36 35 
cell-0-4-1 149 490 36 35 
cell-0-4-2 188 490 36 35 
cell-0-4-3 227 490 36 35 
cell-0-4-4 266 490 36 35 
cell-0-4-5 305 490 36 35 
cell-0-4-6 344 490 36 35 
cell-0-4-7 383 490 36 35 
cell-0-4-8 422 490 36 35 
cell-0-4-9 461 490 36 35 
cell-0-4-10 500 490 36 35 
cell-0-4-11 539 490 36 35 
cell-0-4-12 578 490 36 35 
cell-0-4-13 617 490 36 35 
cell-0-4-14 656 490 36 35 
cell-0-5-0 110 540 36 35 
cell-0-5-1 149 540 36 35 
cell-0-5-2 188 540 36 35 
cell-0-5-3 227 540 36 35 
cell-0-5-4 266 540 36 35 
cell-0-5-5 305 540 36 35 
cell-0-5-6 344 540 36 35 
cell-0-5-7 383 540 36 35 
cell-0-5-8 422 540 36 35 
cell-0-5-9 461 540 36 35 
cell-0-5-10 500 540 36 35 
cell-0-5-11 539 540 36 35 
cell-0-5-12 578 540 36 35 
cell-0-5-13 617 540 36 35 
cell-0-5-14 656 540 36 35 
