header-0 130 1112 747 195 
row-1-1 130 1112 291 41 
row-1-2 441 1112 291 41 
row-2-1 130 1163 291 41 
row-2-2 441 1163 434 41 
row-3-1 130 1214 687 41 
row-4-1 130 1265 522 41 
table-3 632 289 273 626 
cell-3-0-0 632 289 45 35 
cell-3-0-1 677 289 45 35 
cell-3-0-2 722 289 45 35 
cell-3-0-3 767 289 45 35 
cell-3-0-4 812 289 45 35 
cell-3-0-5 857 289 45 35 
cell-3-1-0 632 331 45 35 
cell-3-1-1 677 331 45 35 
cell-3-1-2 722 331 45 35 
cell-3-1-3 767 331 45 35 
cell-3-1-4 812 331 45 35 
cell-3-1-5 857 331 45 35 
cell-3-2-0 632 373 45 35 
cell-3-2-1 677 373 45 35 
cell-3-2-2 722 373 45 35 
cell-3-2-3 767 373 45 35 
cell-3-2-4 812 373 45 35 
cell-3-2-5 857 373 45 35 
cell-3-3-0 632 415 45 35 
cell-3-3-1 677 415 45 35 
cell-3-3-2 722 415 45 35 
cell-3-3-3 767 415 45 35 
cell-3-3-4 812 415 45 35 
cell-3-3-5 857 415 45 35 
cell-3-4-0 632 457 45 35 
cell-3-4-1 677 457 45 35 
cell-3-4-2 722 457 45 35 
cell-3-4-3 767 457 45 35 
cell-3-4-4 812 457 45 35 
cell-3-4-5 857 457 45 35 
cell-3-5-0 632 499 45 35 
cell-3-5-1 677 499 45 35 
cell-3-5-2 722 499 45 35 
cell-3-5-3 767 499 45 35 
cell-3-5-4 812 499 45 35 
cell-3-5-5 857 499 45 35 
cell-3-6-0 632 541 45 35 
cell-3-6-1 677 541 45 35 
cell-3-6-2 722 541 45 35 
cell-3-6-3 767 541 45 35 
cell-3-6-4 812 541 45 35 
cell-3-6-5 857 541 45 35 
cell-3-7-0 632 583 45 35 
cell-3-7-1 677 583 45 35 
cell-3-7-2 722 583 45 35 
cell-3-7-3 767 583 45 35 
cell-3-7-4 812 583 45 35 
cell-3-7-5 857 583 45 35 
cell-3-8-0 632 625 45 35 
cell-3-8-1 677 625 45 35 
cell-3-8-2 722 625 45 35 
cell-3-8-3 767 625 45 35 
cell-3-8-4 812 625 45 35 
cell-3-8-5 857 625 45 35 
cell-3-9-0 632 667 45 35 
cell-3-9-1 677 667 45 35 
cell-3-9-2 722 667 45 35 
cell-3-9-3 767 667 45 35 
cell-3-9-4 812 667 45 35 
cell-3-9-5 857 667 45 35 
cell-3-10-0 632 709 45 35 
cell-3-10-1 677 709 45 35 
cell-3-10-2 722 709 45 35 
cell-3-10-3 767 709 45 35 
cell-3-10-4 812 709 45 35 
cell-3-10-5 857 709 45 35 
cell-3-11-0 632 751 45 35 
cell-3-11-1 677 751 45 35 
cell-3-11-2 722 751 45 35 
cell-3-11-3 767 751 45 35 
cell-3-11-4 812 751 45 35 
cell-3-11-5 857 751 45 35 
cell-3-12-0 632 793 45 35 
cell-3-12-1 677 793 45 35 
cell-3-12-2 722 793 45 35 
cell-3-12-3 767 793 45 35 
cell-3-12-4 812 793 45 35 
cell-3-12-5 857 793 45 35 
cell-3-13-0 632 835 45 35 
cell-3-13-1 677 835 45 35 
cell-3-13-2 722 835 45 35 
cell-3-13-3 767 835 45 35 
cell-3-13-4 812 835 45 35 
cell-3-13-5 857 835 45 35 
cell-3-14-0 632 877 45 35 
cell-3-14-1 677 877 45 35 
cell-3-14-2 722 877 45 35 
cell-3-14-3 767 877 45 35 
cell-3-14-4 812 877 45 35 
cell-3-14-5 857 877 45 35 
