table-0 67 91 627 672 
cell-0-0-0 67 91 43 41 
cell-0-0-1 110 91 43 41 
cell-0-0-2 153 91 43 41 
cell-0-0-3 196 91 43 41 
cell-0-0-4 239 91 43 41 
cell-0-0-5 282 91 411 41 
cell-0-1-0 67 136 43 41 
cell-0-1-1 110 136 43 41 
cell-0-1-2 153 136 43 41 
cell-0-1-3 196 136 43 41 
cell-0-1-4 239 136 43 41 
cell-0-1-5 282 136 411 41 
cell-0-2-0 67 181 43 41 
cell-0-2-1 110 181 43 41 
cell-0-2-2 153 181 43 41 
cell-0-2-3 196 181 43 41 
cell-0-2-4 239 181 43 41 
cell-0-2-5 282 181 411 41 
cell-0-3-0 67 226 43 41 
cell-0-3-1 110 226 43 41 
cell-0-3-2 153 226 43 41 
cell-0-3-3 196 226 43 41 
cell-0-3-4 239 226 43 41 
cell-0-3-5 282 226 411 41 
cell-0-4-0 67 271 43 41 
cell-0-4-1 110 271 43 41 
cell-0-4-2 153 271 43 41 
cell-0-4-3 196 271 43 41 
cell-0-4-4 239 271 43 41 
cell-0-4-5 282 271 411 41 
cell-0-5-0 67 316 43 41 
cell-0-5-1 110 316 43 41 
cell-0-5-2 153 316 43 41 
cell-0-5-3 196 316 43 41 
cell-0-5-4 239 316 43 41 
cell-0-5-5 282 316 411 41 
cell-0-6-0 67 361 43 41 
cell-0-6-1 110 361 43 41 
cell-0-6-2 153 361 43 41 
cell-0-6-3 196 361 43 41 
cell-0-6-4 239 361 43 41 
cell-0-6-5 282 361 411 41 
cell-0-7-0 67 406 43 41 
cell-0-7-1 110 406 43 41 
cell-0-7-2 153 406 43 41 
cell-0-7-3 196 406 43 41 
cell-0-7-4 239 406 43 41 
cell-0-7-5 282 406 411 41 
cell-0-8-0 67 451 43 41 
cell-0-8-1 110 451 43 41 
cell-0-8-2 153 451 43 41 
cell-0-8-3 196 451 43 41 
cell-0-8-4 239 451 43 41 
cell-0-8-5 282 451 411 41 
cell-0-9-0 67 496 43 41 
cell-0-9-1 110 496 43 41 
cell-0-9-2 153 496 43 41 
cell-0-9-3 196 496 43 41 
cell-0-9-4 239 496 43 41 
cell-0-9-5 282 496 411 41 
cell-0-10-0 67 541 43 41 
cell-0-10-1 110 541 43 41 
cell-0-10-2 153 541 43 41 
cell-0-10-3 196 541 43 41 
cell-0-10-4 239 541 43 41 
cell-0-10-5 282 541 411 41 
cell-0-11-0 67 586 43 41 
cell-0-11-1 110 586 43 41 
cell-0-11-2 153 586 43 41 
cell-0-11-3 196 586 43 41 
cell-0-11-4 239 586 43 41 
cell-0-11-5 282 586 411 41 
cell-0-12-0 67 631 43 41 
cell-0-12-1 110 631 43 41 
cell-0-12-2 153 631 43 41 
cell-0-12-3 196 631 43 41 
cell-0-12-4 239 631 43 41 
cell-0-12-5 282 631 411 41 
cell-0-13-0 67 676 43 41 
cell-0-13-1 110 676 43 41 
cell-0-13-2 153 676 43 41 
cell-0-13-3 196 676 43 41 
cell-0-13-4 239 676 43 41 
cell-0-13-5 282 676 411 41 
cell-0-14-0 67 721 43 41 
cell-0-14-1 110 721 43 41 
cell-0-14-2 153 721 43 41 
cell-0-14-3 196 721 43 41 
cell-0-14-4 239 721 43 41 
cell-0-14-5 282 721 411 41 
