table-0 195 183 700 204 
cell-0-0-0 195 183 140 39 
cell-0-0-1 335 183 140 39 
cell-0-0-2 475 183 140 39 
cell-0-0-3 615 183 140 39 
cell-0-0-4 755 183 140 39 
cell-0-1-0 195 224 140 39 
cell-0-1-1 335 224 140 39 
cell-0-1-2 475 224 140 39 
cell-0-1-3 615 224 140 39 
cell-0-1-4 755 224 140 39 
cell-0-2-0 195 265 140 39 
cell-0-2-1 335 265 140 39 
cell-0-2-2 475 265 140 39 
cell-0-2-3 615 265 140 39 
cell-0-2-4 755 265 140 39 
cell-0-3-0 195 306 140 39 
cell-0-3-1 335 306 140 39 
cell-0-3-2 475 306 140 39 
cell-0-3-3 615 306 140 39 
cell-0-3-4 755 306 140 39 
cell-0-4-0 195 347 140 39 
cell-0-4-1 335 347 140 39 
cell-0-4-2 475 347 140 39 
cell-0-4-3 615 347 140 39 
cell-0-4-4 755 347 140 39 
table-2 537 778 228 597 
cell-2-0-0 537 778 45 35 
cell-2-0-1 582 778 45 35 
cell-2-0-2 627 778 45 35 
cell-2-0-3 672 778 45 35 
cell-2-0-4 717 778 45 35 
cell-2-1-0 537 821 45 35 
cell-2-1-1 582 821 45 35 
cell-2-1-2 627 821 45 35 
cell-2-1-3 672 821 45 35 
cell-2-1-4 717 821 45 35 
cell-2-2-0 537 864 45 35 
cell-2-2-1 582 864 45 35 
cell-2-2-2 627 864 45 35 
cell-2-2-3 672 864 45 35 
cell-2-2-4 717 864 45 35 
cell-2-3-0 537 907 45 35 
cell-2-3-1 582 907 45 35 
cell-2-3-2 627 907 45 35 
cell-2-3-3 672 907 45 35 
cell-2-3-4 717 907 45 35 
cell-2-4-0 537 950 45 35 
cell-2-4-1 582 950 45 35 
cell-2-4-2 627 950 45 35 
cell-2-4-3 672 950 45 35 
cell-2-4-4 717 950 45 35 
cell-2-5-0 537 993 45 35 
cell-2-5-1 582 993 45 35 
cell-2-5-2 627 993 45 35 
cell-2-5-3 672 993 45 35 
cell-2-5-4 717 993 45 35 
cell-2-6-0 537 1036 45 35 
cell-2-6-1 582 1036 45 35 
cell-2-6-2 627 1036 45 35 
cell-2-6-3 672 1036 45 35 
cell-2-6-4 717 1036 45 35 
cell-2-7-0 537 1079 45 35 
cell-2-7-1 582 1079 45 35 
cell-2-7-2 627 1079 45 35 
cell-2-7-3 672 1079 45 35 
cell-2-7-4 717 1079 45 35 
cell-2-8-0 537 1122 45 35 
cell-2-8-1 582 1122 45 35 
cell-2-8-2 627 1122 45 35 
cell-2-8-3 672 1122 45 35 
cell-2-8-4 717 1122 45 35 
cell-2-9-0 537 1165 45 35 
cell-2-9-1 582 1165 45 35 
cell-2-9-2 627 1165 45 35 
cell-2-9-3 672 1165 45 35 
cell-2-9-4 717 1165 45 35 
cell-2-10-0 537 1208 45 35 
cell-2-10-1 582 1208 45 35 
cell-2-10-2 627 1208 45 35 
cell-2-10-3 672 1208 45 35 
cell-2-10-4 717 1208 45 35 
cell-2-11-0 537 1251 45 35 
cell-2-11-1 582 1251 45 35 
cell-2-11-2 627 1251 45 35 
cell-2-11-3 672 1251 45 35 
cell-2-11-4 717 1251 45 35 
cell-2-12-0 537 1294 45 35 
cell-2-12-1 582 1294 45 35 
cell-2-12-2 627 1294 45 35 
cell-2-12-3 672 1294 45 35 
cell-2-12-4 717 1294 45 35 
cell-2-13-0 537 1337 45 35 
cell-2-13-1 582 1337 45 35 
cell-2-13-2 627 1337 45 35 
cell-2-13-3 672 1337 45 35 
cell-2-13-4 717 1337 45 35 
