table-0 353 385 259 496 
cell-0-0-0 353 385 43 35 
cell-0-0-1 396 385 43 35 
cell-0-0-2 439 385 43 35 
cell-0-0-3 482 385 43 35 
cell-0-0-4 525 385 43 35 
cell-0-0-5 568 385 43 35 
cell-0-1-0 353 431 43 35 
cell-0-1-1 396 431 43 35 
cell-0-1-2 439 431 43 35 
cell-0-1-3 482 431 43 35 
cell-0-1-4 525 431 43 35 
cell-0-1-5 568 431 43 35 
cell-0-2-0 353 477 43 35 
cell-0-2-1 396 477 43 35 
cell-0-2-2 439 477 43 35 
cell-0-2-3 482 477 43 35 
cell-0-2-4 525 477 43 35 
cell-0-2-5 568 477 43 35 
cell-0-3-0 353 523 43 35 
cell-0-3-1 396 523 43 35 
cell-0-3-2 439 523 43 35 
cell-0-3-3 482 523 43 35 
cell-0-3-4 525 523 43 35 
cell-0-3-5 568 523 43 35 
cell-0-4-0 353 569 43 35 
cell-0-4-1 396 569 43 35 
cell-0-4-2 439 569 43 35 
cell-0-4-3 482 569 43 35 
cell-0-4-4 525 569 43 35 
cell-0-4-5 568 569 43 35 
cell-0-5-0 353 615 43 35 
cell-0-5-1 396 615 43 35 
cell-0-5-2 439 615 43 35 
cell-0-5-3 482 615 43 35 
cell-0-5-4 525 615 43 35 
cell-0-5-5 568 615 43 35 
cell-0-6-0 353 661 43 35 
cell-0-6-1 396 661 43 35 
cell-0-6-2 439 661 43 35 
cell-0-6-3 482 661 43 35 
cell-0-6-4 525 661 43 35 
cell-0-6-5 568 661 43 35 
cell-0-7-0 353 707 43 35 
cell-0-7-1 396 707 43 35 
cell-0-7-2 439 707 43 35 
cell-0-7-3 482 707 43 35 
cell-0-7-4 525 707 43 35 
cell-0-7-5 568 707 43 35 
cell-0-8-0 353 753 43 35 
cell-0-8-1 396 753 43 35 
cell-0-8-2 439 753 43 35 
cell-0-8-3 482 753 43 35 
cell-0-8-4 525 753 43 35 
cell-0-8-5 568 753 43 35 
cell-0-9-0 353 799 43 35 
cell-0-9-1 396 799 43 35 
cell-0-9-2 439 799 43 35 
cell-0-9-3 482 799 43 35 
cell-0-9-4 525 799 43 35 
cell-0-9-5 568 799 43 35 
cell-0-10-0 353 845 43 35 
cell-0-10-1 396 845 43 35 
cell-0-10-2 439 845 43 35 
cell-0-10-3 482 845 43 35 
cell-0-10-4 525 845 43 35 
cell-0-10-5 568 845 43 35 
header-1 170 1101 853 193 
row-1-1 170 1101 339 40 
row-1-2 529 1101 339 40 
row-2-1 170 1151 405 40 
row-2-2 595 1151 425 40 
row-3-1 170 1201 570 40 
row-4-1 170 1251 801 40 
