table-0 309 473 618 449 
cell-0-0-0 309 473 43 42 
cell-0-0-1 352 473 43 42 
cell-0-0-2 395 473 43 42 
cell-0-0-3 438 473 43 42 
cell-0-0-4 481 473 43 42 
cell-0-0-5 524 473 43 42 
cell-0-0-6 567 473 356 42 
cell-0-1-0 309 518 43 42 
cell-0-1-1 352 518 43 42 
cell-0-1-2 395 518 43 42 
cell-0-1-3 438 518 43 42 
cell-0-1-4 481 518 43 42 
cell-0-1-5 524 518 43 42 
cell-0-1-6 567 518 356 42 
cell-0-2-0 309 563 43 42 
cell-0-2-1 352 563 43 42 
cell-0-2-2 395 563 43 42 
cell-0-2-3 438 563 43 42 
cell-0-2-4 481 563 43 42 
cell-0-2-5 524 563 43 42 
cell-0-2-6 567 563 356 42 
cell-0-3-0 309 608 43 42 
cell-0-3-1 352 608 43 42 
cell-0-3-2 395 608 43 42 
cell-0-3-3 438 608 43 42 
cell-0-3-4 481 608 43 42 
cell-0-3-5 524 608 43 42 
cell-0-3-6 567 608 356 42 
cell-0-4-0 309 653 43 42 
cell-0-4-1 352 653 43 42 
cell-0-4-2 395 653 43 42 
cell-0-4-3 438 653 43 42 
cell-0-4-4 481 653 43 42 
cell-0-4-5 524 653 43 42 
cell-0-4-6 567 653 356 42 
cell-0-5-0 309 698 43 42 
cell-0-5-1 352 698 43 42 
cell-0-5-2 395 698 43 42 
cell-0-5-3 438 698 43 42 
cell-0-5-4 481 698 43 42 
cell-0-5-5 524 698 43 42 
cell-0-5-6 567 698 356 42 
cell-0-6-0 309 743 43 42 
cell-0-6-1 352 743 43 42 
cell-0-6-2 395 743 43 42 
cell-0-6-3 438 743 43 42 
cell-0-6-4 481 743 43 42 
cell-0-6-5 524 743 43 42 
cell-0-6-6 567 743 356 42 
cell-0-7-0 309 788 43 42 
cell-0-7-1 352 788 43 42 
cell-0-7-2 395 788 43 42 
cell-0-7-3 438 788 43 42 
cell-0-7-4 481 788 43 42 
cell-0-7-5 524 788 43 42 
cell-0-7-6 567 788 356 42 
cell-0-8-0 309 833 43 42 
cell-0-8-1 352 833 43 42 
cell-0-8-2 395 833 43 42 
cell-0-8-3 438 833 43 42 
cell-0-8-4 481 833 43 42 
cell-0-8-5 524 833 43 42 
cell-0-8-6 567 833 356 42 
cell-0-9-0 309 878 43 42 
cell-0-9-1 352 878 43 42 
cell-0-9-2 395 878 43 42 
cell-0-9-3 438 878 43 42 
cell-0-9-4 481 878 43 42 
cell-0-9-5 524 878 43 42 
cell-0-9-6 567 878 356 42 
