table-0 73 651 501 566 
cell-0-0-0 73 651 45 43 
cell-0-0-1 118 651 45 43 
cell-0-0-2 163 651 45 43 
cell-0-0-3 208 651 45 43 
cell-0-0-4 253 651 319 43 
cell-0-1-0 73 703 45 43 
cell-0-1-1 118 703 45 43 
cell-0-1-2 163 703 45 43 
cell-0-1-3 208 703 45 43 
cell-0-1-4 253 703 319 43 
cell-0-2-0 73 755 45 43 
cell-0-2-1 118 755 45 43 
cell-0-2-2 163 755 45 43 
cell-0-2-3 208 755 45 43 
cell-0-2-4 253 755 319 43 
cell-0-3-0 73 807 45 43 
cell-0-3-1 118 807 45 43 
cell-0-3-2 163 807 45 43 
cell-0-3-3 208 807 45 43 
cell-0-3-4 253 807 319 43 
cell-0-4-0 73 859 45 43 
cell-0-4-1 118 859 45 43 
cell-0-4-2 163 859 45 43 
cell-0-4-3 208 859 45 43 
cell-0-4-4 253 859 319 43 
cell-0-5-0 73 911 45 43 
cell-0-5-1 118 911 45 43 
cell-0-5-2 163 911 45 43 
cell-0-5-3 208 911 45 43 
cell-0-5-4 253 911 319 43 
cell-0-6-0 73 963 45 43 
cell-0-6-1 118 963 45 43 
cell-0-6-2 163 963 45 43 
cell-0-6-3 208 963 45 43 
cell-0-6-4 253 963 319 43 
cell-0-7-0 73 1015 45 43 
cell-0-7-1 118 1015 45 43 
cell-0-7-2 163 1015 45 43 
cell-0-7-3 208 1015 45 43 
cell-0-7-4 253 1015 319 43 
cell-0-8-0 73 1067 45 43 
cell-0-8-1 118 1067 45 43 
cell-0-8-2 163 1067 45 43 
cell-0-8-3 208 1067 45 43 
cell-0-8-4 253 1067 319 43 
cell-0-9-0 73 1119 45 43 
cell-0-9-1 118 1119 45 43 
cell-0-9-2 163 1119 45 43 
cell-0-9-3 208 1119 45 43 
cell-0-9-4 253 1119 319 43 
cell-0-10-0 73 1171 45 43 
cell-0-10-1 118 1171 45 43 
cell-0-10-2 163 1171 45 43 
cell-0-10-3 208 1171 45 43 
cell-0-10-4 253 1171 319 43 
table-1 828 540 222 427 
cell-1-0-0 828 540 44 35 
cell-1-0-1 872 540 44 35 
cell-1-0-2 916 540 44 35 
cell-1-0-3 960 540 44 35 
cell-1-0-4 1004 540 44 35 
cell-1-1-0 828 579 44 35 
cell-1-1-1 872 579 44 35 
cell-1-1-2 916 579 44 35 
cell-1-1-3 960 579 44 35 
cell-1-1-4 1004 579 44 35 
cell-1-2-0 828 618 44 35 
cell-1-2-1 872 618 44 35 
cell-1-2-2 916 618 44 35 
cell-1-2-3 960 618 44 35 
cell-1-2-4 1004 618 44 35 
cell-1-3-0 828 657 44 35 
cell-1-3-1 872 657 44 35 
cell-1-3-2 916 657 44 35 
cell-1-3-3 960 657 44 35 
cell-1-3-4 1004 657 44 35 
cell-1-4-0 828 696 44 35 
cell-1-4-1 872 696 44 35 
cell-1-4-2 916 696 44 35 
cell-1-4-3 960 696 44 35 
cell-1-4-4 1004 696 44 35 
cell-1-5-0 828 735 44 35 
cell-1-5-1 872 735 44 35 
cell-1-5-2 916 735 44 35 
cell-1-5-3 960 735 44 35 
cell-1-5-4 1004 735 44 35 
cell-1-6-0 828 774 44 35 
cell-1-6-1 872 774 44 35 
cell-1-6-2 916 774 44 35 
cell-1-6-3 960 774 44 35 
cell-1-6-4 1004 774 44 35 
cell-1-7-0 828 813 44 35 
cell-1-7-1 872 813 44 35 
cell-1-7-2 916 813 44 35 
cell-1-7-3 960 813 44 35 
cell-1-7-4 1004 813 44 35 
cell-1-8-0 828 852 44 35 
cell-1-8-1 872 852 44 35 
cell-1-8-2 916 852 44 35 
cell-1-8-3 960 852 44 35 
cell-1-8-4 1004 852 44 35 
cell-1-9-0 828 891 44 35 
cell-1-9-1 872 891 44 35 
cell-1-9-2 916 891 44 35 
cell-1-9-3 960 891 44 35 
cell-1-9-4 1004 891 44 35 
cell-1-10-0 828 930 44 35 
cell-1-10-1 872 930 44 35 
cell-1-10-2 916 930 44 35 
cell-1-10-3 960 930 44 35 
cell-1-10-4 1004 930 44 35 
