table-0 266 529 600 289 
cell-0-0-0 266 529 75 30 
cell-0-0-1 341 529 75 30 
cell-0-0-2 416 529 75 30 
cell-0-0-3 491 529 75 30 
cell-0-0-4 566 529 75 30 
cell-0-0-5 641 529 75 30 
cell-0-0-6 716 529 75 30 
cell-0-0-7 791 529 75 30 
cell-0-1-0 266 572 75 30 
cell-0-1-1 341 572 75 30 
cell-0-1-2 416 572 75 30 
cell-0-1-3 491 572 75 30 
cell-0-1-4 566 572 75 30 
cell-0-1-5 641 572 75 30 
cell-0-1-6 716 572 75 30 
cell-0-1-7 791 572 75 30 
cell-0-2-0 266 615 75 30 
cell-0-2-1 341 615 75 30 
cell-0-2-2 416 615 75 30 
cell-0-2-3 491 615 75 30 
cell-0-2-4 566 615 75 30 
cell-0-2-5 641 615 75 30 
cell-0-2-6 716 615 75 30 
cell-0-2-7 791 615 75 30 
cell-0-3-0 266 658 75 30 
cell-0-3-1 341 658 75 30 
cell-0-3-2 416 658 75 30 
cell-0-3-3 491 658 75 30 
cell-0-3-4 566 658 75 30 
cell-0-3-5 641 658 75 30 
cell-0-3-6 716 658 75 30 
cell-0-3-7 791 658 75 30 
cell-0-4-0 266 701 75 30 
cell-0-4-1 341 701 75 30 
cell-0-4-2 416 701 75 30 
cell-0-4-3 491 701 75 30 
cell-0-4-4 566 701 75 30 
cell-0-4-5 641 701 75 30 
cell-0-4-6 716 701 75 30 
cell-0-4-7 791 701 75 30 
cell-0-5-0 266 744 75 30 
cell-0-5-1 341 744 75 30 
cell-0-5-2 416 744 75 30 
cell-0-5-3 491 744 75 30 
cell-0-5-4 566 744 75 30 
cell-0-5-5 641 744 75 30 
cell-0-5-6 716 744 75 30 
cell-0-5-7 791 744 75 30 
cell-0-6-0 266 787 75 30 
cell-0-6-1 341 787 75 30 
cell-0-6-2 416 787 75 30 
cell-0-6-3 491 787 75 30 
cell-0-6-4 566 787 75 30 
cell-0-6-5 641 787 75 30 
cell-0-6-6 716 787 75 30 
cell-0-6-7 791 787 75 30 
