table-0 224 367 569 744 
cell-0-0-0 224 367 43 41 
cell-0-0-1 267 367 43 41 
cell-0-0-2 310 367 43 41 
cell-0-0-3 353 367 43 41 
cell-0-0-4 396 367 43 41 
cell-0-0-5 439 367 353 41 
cell-0-1-0 224 421 43 41 
cell-0-1-1 267 421 43 41 
cell-0-1-2 310 421 43 41 
cell-0-1-3 353 421 43 41 
cell-0-1-4 396 421 43 41 
cell-0-1-5 439 421 353 41 
cell-0-2-0 224 475 43 41 
cell-0-2-1 267 475 43 41 
cell-0-2-2 310 475 43 41 
cell-0-2-3 353 475 43 41 
cell-0-2-4 396 475 43 41 
cell-0-2-5 439 475 353 41 
cell-0-3-0 224 529 43 41 
cell-0-3-1 267 529 43 41 
cell-0-3-2 310 529 43 41 
cell-0-3-3 353 529 43 41 
cell-0-3-4 396 529 43 41 
cell-0-3-5 439 529 353 41 
cell-0-4-0 224 583 43 41 
cell-0-4-1 267 583 43 41 
cell-0-4-2 310 583 43 41 
cell-0-4-3 353 583 43 41 
cell-0-4-4 396 583 43 41 
cell-0-4-5 439 583 353 41 
cell-0-5-0 224 637 43 41 
cell-0-5-1 267 637 43 41 
cell-0-5-2 310 637 43 41 
cell-0-5-3 353 637 43 41 
cell-0-5-4 396 637 43 41 
cell-0-5-5 439 637 353 41 
cell-0-6-0 224 691 43 41 
cell-0-6-1 267 691 43 41 
cell-0-6-2 310 691 43 41 
cell-0-6-3 353 691 43 41 
cell-0-6-4 396 691 43 41 
cell-0-6-5 439 691 353 41 
cell-0-7-0 224 745 43 41 
cell-0-7-1 267 745 43 41 
cell-0-7-2 310 745 43 41 
cell-0-7-3 353 745 43 41 
cell-0-7-4 396 745 43 41 
cell-0-7-5 439 745 353 41 
cell-0-8-0 224 799 43 41 
cell-0-8-1 267 799 43 41 
cell-0-8-2 310 799 43 41 
cell-0-8-3 353 799 43 41 
cell-0-8-4 396 799 43 41 
cell-0-8-5 439 799 353 41 
cell-0-9-0 224 853 43 41 
cell-0-9-1 267 853 43 41 
cell-0-9-2 310 853 43 41 
cell-0-9-3 353 853 43 41 
cell-0-9-4 396 853 43 41 
cell-0-9-5 439 853 353 41 
cell-0-10-0 224 907 43 41 
cell-0-10-1 267 907 43 41 
cell-0-10-2 310 907 43 41 
cell-0-10-3 353 907 43 41 
cell-0-10-4 396 907 43 41 
cell-0-10-5 439 907 353 41 
cell-0-11-0 224 961 43 41 
cell-0-11-1 267 961 43 41 
cell-0-11-2 310 961 43 41 
cell-0-11-3 353 961 43 41 
cell-0-11-4 396 961 43 41 
cell-0-11-5 439 961 353 41 
cell-0-12-0 224 1015 43 41 
cell-0-12-1 267 1015 43 41 
cell-0-12-2 310 1015 43 41 
cell-0-12-3 353 1015 43 41 
cell-0-12-4 396 1015 43 41 
cell-0-12-5 439 1015 353 41 
cell-0-13-0 224 1069 43 41 
cell-0-13-1 267 1069 43 41 
cell-0-13-2 310 1069 43 41 
cell-0-13-3 353 1069 43 41 
cell-0-13-4 396 1069 43 41 
cell-0-13-5 439 1069 353 41 
