table-0 119 983 594 458 
cell-0-0-0 119 983 44 42 
cell-0-0-1 163 983 44 42 
cell-0-0-2 207 983 44 42 
cell-0-0-3 251 983 44 42 
cell-0-0-4 295 983 416 42 
cell-0-1-0 119 1029 44 42 
cell-0-1-1 163 1029 44 42 
cell-0-1-2 207 1029 44 42 
cell-0-1-3 251 1029 44 42 
cell-0-1-4 295 1029 416 42 
cell-0-2-0 119 1075 44 42 
cell-0-2-1 163 1075 44 42 
cell-0-2-2 207 1075 44 42 
cell-0-2-3 251 1075 44 42 
cell-0-2-4 295 1075 416 42 
cell-0-3-0 119 1121 44 42 
cell-0-3-1 163 1121 44 42 
cell-0-3-2 207 1121 44 42 
cell-0-3-3 251 1121 44 42 
cell-0-3-4 295 1121 416 42 
cell-0-4-0 119 1167 44 42 
cell-0-4-1 163 1167 44 42 
cell-0-4-2 207 1167 44 42 
cell-0-4-3 251 1167 44 42 
cell-0-4-4 295 1167 416 42 
cell-0-5-0 119 1213 44 42 
cell-0-5-1 163 1213 44 42 
cell-0-5-2 207 1213 44 42 
cell-0-5-3 251 1213 44 42 
cell-0-5-4 295 1213 416 42 
cell-0-6-0 119 1259 44 42 
cell-0-6-1 163 1259 44 42 
cell-0-6-2 207 1259 44 42 
cell-0-6-3 251 1259 44 42 
cell-0-6-4 295 1259 416 42 
cell-0-7-0 119 1305 44 42 
cell-0-7-1 163 1305 44 42 
cell-0-7-2 207 1305 44 42 
cell-0-7-3 251 1305 44 42 
cell-0-7-4 295 1305 416 42 
cell-0-8-0 119 1351 44 42 
cell-0-8-1 163 1351 44 42 
cell-0-8-2 207 1351 44 42 
cell-0-8-3 251 1351 44 42 
cell-0-8-4 295 1351 416 42 
cell-0-9-0 119 1397 44 42 
cell-0-9-1 163 1397 44 42 
cell-0-9-2 207 1397 44 42 
cell-0-9-3 251 1397 44 42 
cell-0-9-4 295 1397 416 42 
table-1 476 362 528 502 
cell-1-1-0 476 362 35 35 
cell-1-1-1 511 362 35 35 
cell-1-1-2 546 362 35 35 
cell-1-1-3 581 362 35 35 
cell-1-1-4 616 362 35 35 
cell-1-1-5 651 362 35 35 
cell-1-1-6 686 362 35 35 
cell-1-1-7 721 362 35 35 
cell-1-1-8 756 362 35 35 
cell-1-1-9 791 362 35 35 
cell-1-1-10 826 362 35 35 
cell-1-1-11 861 362 35 35 
cell-1-1-12 896 362 35 35 
cell-1-1-13 931 362 35 35 
cell-1-1-14 966 362 35 35 
cell-1-2-0 476 420 35 35 
cell-1-2-1 511 420 35 35 
cell-1-2-2 546 420 35 35 
cell-1-2-3 581 420 35 35 
cell-1-2-4 616 420 35 35 
cell-1-2-5 651 420 35 35 
cell-1-2-6 686 420 35 35 
cell-1-2-7 721 420 35 35 
cell-1-2-8 756 420 35 35 
cell-1-2-9 791 420 35 35 
cell-1-2-10 826 420 35 35 
cell-1-2-11 861 420 35 35 
cell-1-2-12 896 420 35 35 
cell-1-2-13 931 420 35 35 
cell-1-2-14 966 420 35 35 
cell-1-3-0 476 478 35 35 
cell-1-3-1 511 478 35 35 
cell-1-3-2 546 478 35 35 
cell-1-3-3 581 478 35 35 
cell-1-3-4 616 478 35 35 
cell-1-3-5 651 478 35 35 
cell-1-3-6 686 478 35 35 
cell-1-3-7 721 478 35 35 
cell-1-3-8 756 478 35 35 
cell-1-3-9 791 478 35 35 
cell-1-3-10 826 478 35 35 
cell-1-3-11 861 478 35 35 
cell-1-3-12 896 478 35 35 
cell-1-3-13 931 478 35 35 
cell-1-3-14 966 478 35 35 
cell-1-4-0 476 536 35 35 
cell-1-4-1 511 536 35 35 
cell-1-4-2 546 536 35 35 
cell-1-4-3 581 536 35 35 
cell-1-4-4 616 536 35 35 
cell-1-4-5 651 536 35 35 
cell-1-4-6 686 536 35 35 
cell-1-4-7 721 536 35 35 
cell-1-4-8 756 536 35 35 
cell-1-4-9 791 536 35 35 
cell-1-4-10 826 536 35 35 
cell-1-4-11 861 536 35 35 
cell-1-4-12 896 536 35 35 
cell-1-4-13 931 536 35 35 
cell-1-4-14 966 536 35 35 
cell-1-5-0 476 594 35 35 
cell-1-5-1 511 594 35 35 
cell-1-5-2 546 594 35 35 
cell-1-5-3 581 594 35 35 
cell-1-5-4 616 594 35 35 
cell-1-5-5 651 594 35 35 
cell-1-5-6 686 594 35 35 
cell-1-5-7 721 594 35 35 
cell-1-5-8 756 594 35 35 
cell-1-5-9 791 594 35 35 
cell-1-5-10 826 594 35 35 
cell-1-5-11 861 594 35 35 
cell-1-5-12 896 594 35 35 
cell-1-5-13 931 594 35 35 
cell-1-5-14 966 594 35 35 
cell-1-6-0 476 652 35 35 
cell-1-6-1 511 652 35 35 
cell-1-6-2 546 652 35 35 
cell-1-6-3 581 652 35 35 
cell-1-6-4 616 652 35 35 
cell-1-6-5 651 652 35 35 
cell-1-6-6 686 652 35 35 
cell-1-6-7 721 652 35 35 
cell-1-6-8 756 652 35 35 
cell-1-6-9 791 652 35 35 
cell-1-6-10 826 652 35 35 
cell-1-6-11 861 652 35 35 
cell-1-6-12 896 652 35 35 
cell-1-6-13 931 652 35 35 
cell-1-6-14 966 652 35 35 
cell-1-7-0 476 710 35 35 
cell-1-7-1 511 710 35 35 
cell-1-7-2 546 710 35 35 
cell-1-7-3 581 710 35 35 
cell-1-7-4 616 710 35 35 
cell-1-7-5 651 710 35 35 
cell-1-7-6 686 710 35 35 
cell-1-7-7 721 710 35 35 
cell-1-7-8 756 710 35 35 
cell-1-7-9 791 710 35 35 
cell-1-7-10 826 710 35 35 
cell-1-7-11 861 710 35 35 
cell-1-7-12 896 710 35 35 
cell-1-7-13 931 710 35 35 
cell-1-7-14 966 710 35 35 
cell-1-8-0 476 768 35 35 
cell-1-8-1 511 768 35 35 
cell-1-8-2 546 768 35 35 
cell-1-8-3 581 768 35 35 
cell-1-8-4 616 768 35 35 
cell-1-8-5 651 768 35 35 
cell-1-8-6 686 768 35 35 
cell-1-8-7 721 768 35 35 
cell-1-8-8 756 768 35 35 
cell-1-8-9 791 768 35 35 
cell-1-8-10 826 768 35 35 
cell-1-8-11 861 768 35 35 
cell-1-8-12 896 768 35 35 
cell-1-8-13 931 768 35 35 
cell-1-8-14 966 768 35 35 
cell-1-9-0 476 826 35 35 
cell-1-9-1 511 826 35 35 
cell-1-9-2 546 826 35 35 
cell-1-9-3 581 826 35 35 
cell-1-9-4 616 826 35 35 
cell-1-9-5 651 826 35 35 
cell-1-9-6 686 826 35 35 
cell-1-9-7 721 826 35 35 
cell-1-9-8 756 826 35 35 
cell-1-9-9 791 826 35 35 
cell-1-9-10 826 826 35 35 
cell-1-9-11 861 826 35 35 
cell-1-9-12 896 826 35 35 
cell-1-9-13 931 826 35 35 
cell-1-9-14 966 826 35 35 
