table-0 349 155 478 516 
cell-0-1-0 349 155 34 35 
cell-0-1-1 386 155 34 35 
cell-0-1-2 423 155 34 35 
cell-0-1-3 460 155 34 35 
cell-0-1-4 497 155 34 35 
cell-0-1-5 534 155 34 35 
cell-0-1-6 571 155 34 35 
cell-0-1-7 608 155 34 35 
cell-0-1-8 645 155 34 35 
cell-0-1-9 682 155 34 35 
cell-0-1-10 719 155 34 35 
cell-0-1-11 756 155 34 35 
cell-0-1-12 793 155 34 35 
cell-0-2-0 349 215 34 35 
cell-0-2-1 386 215 34 35 
cell-0-2-2 423 215 34 35 
cell-0-2-3 460 215 34 35 
cell-0-2-4 497 215 34 35 
cell-0-2-5 534 215 34 35 
cell-0-2-6 571 215 34 35 
cell-0-2-7 608 215 34 35 
cell-0-2-8 645 215 34 35 
cell-0-2-9 682 215 34 35 
cell-0-2-10 719 215 34 35 
cell-0-2-11 756 215 34 35 
cell-0-2-12 793 215 34 35 
cell-0-3-0 349 275 34 35 
cell-0-3-1 386 275 34 35 
cell-0-3-2 423 275 34 35 
cell-0-3-3 460 275 34 35 
cell-0-3-4 497 275 34 35 
cell-0-3-5 534 275 34 35 
cell-0-3-6 571 275 34 35 
cell-0-3-7 608 275 34 35 
cell-0-3-8 645 275 34 35 
cell-0-3-9 682 275 34 35 
cell-0-3-10 719 275 34 35 
cell-0-3-11 756 275 34 35 
cell-0-3-12 793 275 34 35 
cell-0-4-0 349 335 34 35 
cell-0-4-1 386 335 34 35 
cell-0-4-2 423 335 34 35 
cell-0-4-3 460 335 34 35 
cell-0-4-4 497 335 34 35 
cell-0-4-5 534 335 34 35 
cell-0-4-6 571 335 34 35 
cell-0-4-7 608 335 34 35 
cell-0-4-8 645 335 34 35 
cell-0-4-9 682 335 34 35 
cell-0-4-10 719 335 34 35 
cell-0-4-11 756 335 34 35 
cell-0-4-12 793 335 34 35 
cell-0-5-0 349 395 34 35 
cell-0-5-1 386 395 34 35 
cell-0-5-2 423 395 34 35 
cell-0-5-3 460 395 34 35 
cell-0-5-4 497 395 34 35 
cell-0-5-5 534 395 34 35 
cell-0-5-6 571 395 34 35 
cell-0-5-7 608 395 34 35 
cell-0-5-8 645 395 34 35 
cell-0-5-9 682 395 34 35 
cell-0-5-10 719 395 34 35 
cell-0-5-11 756 395 34 35 
cell-0-5-12 793 395 34 35 
cell-0-6-0 349 455 34 35 
cell-0-6-1 386 455 34 35 
cell-0-6-2 423 455 34 35 
cell-0-6-3 460 455 34 35 
cell-0-6-4 497 455 34 35 
cell-0-6-5 534 455 34 35 
cell-0-6-6 571 455 34 35 
cell-0-6-7 608 455 34 35 
cell-0-6-8 645 455 34 35 
cell-0-6-9 682 455 34 35 
cell-0-6-10 719 455 34 35 
cell-0-6-11 756 455 34 35 
cell-0-6-12 793 455 34 35 
cell-0-7-0 349 515 34 35 
cell-0-7-1 386 515 34 35 
cell-0-7-2 423 515 34 35 
cell-0-7-3 460 515 34 35 
cell-0-7-4 497 515 34 35 
cell-0-7-5 534 515 34 35 
cell-0-7-6 571 515 34 35 
cell-0-7-7 608 515 34 35 
cell-0-7-8 645 515 34 35 
cell-0-7-9 682 515 34 35 
cell-0-7-10 719 515 34 35 
cell-0-7-11 756 515 34 35 
cell-0-7-12 793 515 34 35 
cell-0-8-0 349 575 34 35 
cell-0-8-1 386 575 34 35 
cell-0-8-2 423 575 34 35 
cell-0-8-3 460 575 34 35 
cell-0-8-4 497 575 34 35 
cell-0-8-5 534 575 34 35 
cell-0-8-6 571 575 34 35 
cell-0-8-7 608 575 34 35 
cell-0-8-8 645 575 34 35 
cell-0-8-9 682 575 34 35 
cell-0-8-10 719 575 34 35 
cell-0-8-11 756 575 34 35 
cell-0-8-12 793 575 34 35 
cell-0-9-0 349 635 34 35 
cell-0-9-1 386 635 34 35 
cell-0-9-2 423 635 34 35 
cell-0-9-3 460 635 34 35 
cell-0-9-4 497 635 34 35 
cell-0-9-5 534 635 34 35 
cell-0-9-6 571 635 34 35 
cell-0-9-7 608 635 34 35 
cell-0-9-8 645 635 34 35 
cell-0-9-9 682 635 34 35 
cell-0-9-10 719 635 34 35 
cell-0-9-11 756 635 34 35 
cell-0-9-12 793 635 34 35 
table-1 279 801 500 365 
cell-1-0-0 279 801 55 52 
cell-1-0-1 334 801 55 52 
cell-1-0-2 389 801 55 52 
cell-1-0-3 444 801 55 52 
cell-1-0-4 499 801 55 52 
cell-1-0-5 554 801 55 52 
cell-1-0-6 609 801 55 52 
cell-1-0-7 664 801 55 52 
cell-1-0-8 719 801 55 52 
cell-1-1-0 279 853 55 52 
cell-1-1-1 334 853 55 52 
cell-1-1-2 389 853 55 52 
cell-1-1-3 444 853 55 52 
cell-1-1-4 499 853 55 52 
cell-1-1-5 554 853 55 52 
cell-1-1-6 609 853 55 52 
cell-1-1-7 664 853 55 52 
cell-1-1-8 719 853 55 52 
cell-1-2-0 279 905 55 52 
cell-1-2-1 334 905 55 52 
cell-1-2-2 389 905 55 52 
cell-1-2-3 444 905 55 52 
cell-1-2-4 499 905 55 52 
cell-1-2-5 554 905 55 52 
cell-1-2-6 609 905 55 52 
cell-1-2-7 664 905 55 52 
cell-1-2-8 719 905 55 52 
cell-1-3-0 279 957 55 52 
cell-1-3-1 334 957 55 52 
cell-1-3-2 389 957 55 52 
cell-1-3-3 444 957 55 52 
cell-1-3-4 499 957 55 52 
cell-1-3-5 554 957 55 52 
cell-1-3-6 609 957 55 52 
cell-1-3-7 664 957 55 52 
cell-1-3-8 719 957 55 52 
cell-1-4-0 279 1009 55 52 
cell-1-4-1 334 1009 55 52 
cell-1-4-2 389 1009 55 52 
cell-1-4-3 444 1009 55 52 
cell-1-4-4 499 1009 55 52 
cell-1-4-5 554 1009 55 52 
cell-1-4-6 609 1009 55 52 
cell-1-4-7 664 1009 55 52 
cell-1-4-8 719 1009 55 52 
cell-1-5-0 279 1061 55 52 
cell-1-5-1 334 1061 55 52 
cell-1-5-2 389 1061 55 52 
cell-1-5-3 444 1061 55 52 
cell-1-5-4 499 1061 55 52 
cell-1-5-5 554 1061 55 52 
cell-1-5-6 609 1061 55 52 
cell-1-5-7 664 1061 55 52 
cell-1-5-8 719 1061 55 52 
cell-1-6-0 279 1113 55 52 
cell-1-6-1 334 1113 55 52 
cell-1-6-2 389 1113 55 52 
cell-1-6-3 444 1113 55 52 
cell-1-6-4 499 1113 55 52 
cell-1-6-5 554 1113 55 52 
cell-1-6-6 609 1113 55 52 
cell-1-6-7 664 1113 55 52 
cell-1-6-8 719 1113 55 52 
