table-0 385 401 593 670 
cell-0-0-0 385 401 45 43 
cell-0-0-1 430 401 45 43 
cell-0-0-2 475 401 45 43 
cell-0-0-3 520 401 45 43 
cell-0-0-4 565 401 411 43 
cell-0-1-0 385 449 45 43 
cell-0-1-1 430 449 45 43 
cell-0-1-2 475 449 45 43 
cell-0-1-3 520 449 45 43 
cell-0-1-4 565 449 411 43 
cell-0-2-0 385 497 45 43 
cell-0-2-1 430 497 45 43 
cell-0-2-2 475 497 45 43 
cell-0-2-3 520 497 45 43 
cell-0-2-4 565 497 411 43 
cell-0-3-0 385 545 45 43 
cell-0-3-1 430 545 45 43 
cell-0-3-2 475 545 45 43 
cell-0-3-3 520 545 45 43 
cell-0-3-4 565 545 411 43 
cell-0-4-0 385 593 45 43 
cell-0-4-1 430 593 45 43 
cell-0-4-2 475 593 45 43 
cell-0-4-3 520 593 45 43 
cell-0-4-4 565 593 411 43 
cell-0-5-0 385 641 45 43 
cell-0-5-1 430 641 45 43 
cell-0-5-2 475 641 45 43 
cell-0-5-3 520 641 45 43 
cell-0-5-4 565 641 411 43 
cell-0-6-0 385 689 45 43 
cell-0-6-1 430 689 45 43 
cell-0-6-2 475 689 45 43 
cell-0-6-3 520 689 45 43 
cell-0-6-4 565 689 411 43 
cell-0-7-0 385 737 45 43 
cell-0-7-1 430 737 45 43 
cell-0-7-2 475 737 45 43 
cell-0-7-3 520 737 45 43 
cell-0-7-4 565 737 411 43 
cell-0-8-0 385 785 45 43 
cell-0-8-1 430 785 45 43 
cell-0-8-2 475 785 45 43 
cell-0-8-3 520 785 45 43 
cell-0-8-4 565 785 411 43 
cell-0-9-0 385 833 45 43 
cell-0-9-1 430 833 45 43 
cell-0-9-2 475 833 45 43 
cell-0-9-3 520 833 45 43 
cell-0-9-4 565 833 411 43 
cell-0-10-0 385 881 45 43 
cell-0-10-1 430 881 45 43 
cell-0-10-2 475 881 45 43 
cell-0-10-3 520 881 45 43 
cell-0-10-4 565 881 411 43 
cell-0-11-0 385 929 45 43 
cell-0-11-1 430 929 45 43 
cell-0-11-2 475 929 45 43 
cell-0-11-3 520 929 45 43 
cell-0-11-4 565 929 411 43 
cell-0-12-0 385 977 45 43 
cell-0-12-1 430 977 45 43 
cell-0-12-2 475 977 45 43 
cell-0-12-3 520 977 45 43 
cell-0-12-4 565 977 411 43 
cell-0-13-0 385 1025 45 43 
cell-0-13-1 430 1025 45 43 
cell-0-13-2 475 1025 45 43 
cell-0-13-3 520 1025 45 43 
cell-0-13-4 565 1025 411 43 
