table-0 222 594 800 611 
cell-0-0-0 222 594 114 56 
cell-0-0-1 336 594 114 56 
cell-0-0-2 450 594 114 56 
cell-0-0-3 564 594 114 56 
cell-0-0-4 678 594 114 56 
cell-0-0-5 792 594 114 56 
cell-0-0-6 906 594 114 56 
cell-0-1-0 222 663 114 56 
cell-0-1-1 336 663 114 56 
cell-0-1-2 450 663 114 56 
cell-0-1-3 564 663 114 56 
cell-0-1-4 678 663 114 56 
cell-0-1-5 792 663 114 56 
cell-0-1-6 906 663 114 56 
cell-0-2-0 222 732 114 56 
cell-0-2-1 336 732 114 56 
cell-0-2-2 450 732 114 56 
cell-0-2-3 564 732 114 56 
cell-0-2-4 678 732 114 56 
cell-0-2-5 792 732 114 56 
cell-0-2-6 906 732 114 56 
cell-0-3-0 222 801 114 56 
cell-0-3-1 336 801 114 56 
cell-0-3-2 450 801 114 56 
cell-0-3-3 564 801 114 56 
cell-0-3-4 678 801 114 56 
cell-0-3-5 792 801 114 56 
cell-0-3-6 906 801 114 56 
cell-0-4-0 222 870 114 56 
cell-0-4-1 336 870 114 56 
cell-0-4-2 450 870 114 56 
cell-0-4-3 564 870 114 56 
cell-0-4-4 678 870 114 56 
cell-0-4-5 792 870 114 56 
cell-0-4-6 906 870 114 56 
cell-0-5-0 222 939 114 56 
cell-0-5-1 336 939 114 56 
cell-0-5-2 450 939 114 56 
cell-0-5-3 564 939 114 56 
cell-0-5-4 678 939 114 56 
cell-0-5-5 792 939 114 56 
cell-0-5-6 906 939 114 56 
cell-0-6-0 222 1008 114 56 
cell-0-6-1 336 1008 114 56 
cell-0-6-2 450 1008 114 56 
cell-0-6-3 564 1008 114 56 
cell-0-6-4 678 1008 114 56 
cell-0-6-5 792 1008 114 56 
cell-0-6-6 906 1008 114 56 
cell-0-7-0 222 1077 114 56 
cell-0-7-1 336 1077 114 56 
cell-0-7-2 450 1077 114 56 
cell-0-7-3 564 1077 114 56 
cell-0-7-4 678 1077 114 56 
cell-0-7-5 792 1077 114 56 
cell-0-7-6 906 1077 114 56 
cell-0-8-0 222 1146 114 56 
cell-0-8-1 336 1146 114 56 
cell-0-8-2 450 1146 114 56 
cell-0-8-3 564 1146 114 56 
cell-0-8-4 678 1146 114 56 
cell-0-8-5 792 1146 114 56 
cell-0-8-6 906 1146 114 56 
