table-0 226 261 266 510 
cell-0-0-0 226 261 44 35 
cell-0-0-1 270 261 44 35 
cell-0-0-2 314 261 44 35 
cell-0-0-3 358 261 44 35 
cell-0-0-4 402 261 44 35 
cell-0-0-5 446 261 44 35 
cell-0-1-0 226 304 44 35 
cell-0-1-1 270 304 44 35 
cell-0-1-2 314 304 44 35 
cell-0-1-3 358 304 44 35 
cell-0-1-4 402 304 44 35 
cell-0-1-5 446 304 44 35 
cell-0-2-0 226 347 44 35 
cell-0-2-1 270 347 44 35 
cell-0-2-2 314 347 44 35 
cell-0-2-3 358 347 44 35 
cell-0-2-4 402 347 44 35 
cell-0-2-5 446 347 44 35 
cell-0-3-0 226 390 44 35 
cell-0-3-1 270 390 44 35 
cell-0-3-2 314 390 44 35 
cell-0-3-3 358 390 44 35 
cell-0-3-4 402 390 44 35 
cell-0-3-5 446 390 44 35 
cell-0-4-0 226 433 44 35 
cell-0-4-1 270 433 44 35 
cell-0-4-2 314 433 44 35 
cell-0-4-3 358 433 44 35 
cell-0-4-4 402 433 44 35 
cell-0-4-5 446 433 44 35 
cell-0-5-0 226 476 44 35 
cell-0-5-1 270 476 44 35 
cell-0-5-2 314 476 44 35 
cell-0-5-3 358 476 44 35 
cell-0-5-4 402 476 44 35 
cell-0-5-5 446 476 44 35 
cell-0-6-0 226 519 44 35 
cell-0-6-1 270 519 44 35 
cell-0-6-2 314 519 44 35 
cell-0-6-3 358 519 44 35 
cell-0-6-4 402 519 44 35 
cell-0-6-5 446 519 44 35 
cell-0-7-0 226 562 44 35 
cell-0-7-1 270 562 44 35 
cell-0-7-2 314 562 44 35 
cell-0-7-3 358 562 44 35 
cell-0-7-4 402 562 44 35 
cell-0-7-5 446 562 44 35 
cell-0-8-0 226 605 44 35 
cell-0-8-1 270 605 44 35 
cell-0-8-2 314 605 44 35 
cell-0-8-3 358 605 44 35 
cell-0-8-4 402 605 44 35 
cell-0-8-5 446 605 44 35 
cell-0-9-0 226 648 44 35 
cell-0-9-1 270 648 44 35 
cell-0-9-2 314 648 44 35 
cell-0-9-3 358 648 44 35 
cell-0-9-4 402 648 44 35 
cell-0-9-5 446 648 44 35 
cell-0-10-0 226 691 44 35 
cell-0-10-1 270 691 44 35 
cell-0-10-2 314 691 44 35 
cell-0-10-3 358 691 44 35 
cell-0-10-4 402 691 44 35 
cell-0-10-5 446 691 44 35 
cell-0-11-0 226 734 44 35 
cell-0-11-1 270 734 44 35 
cell-0-11-2 314 734 44 35 
cell-0-11-3 358 734 44 35 
cell-0-11-4 402 734 44 35 
cell-0-11-5 446 734 44 35 
table-1 780 796 178 532 
cell-1-0-0 780 796 44 35 
cell-1-0-1 824 796 44 35 
cell-1-0-2 868 796 44 35 
cell-1-0-3 912 796 44 35 
cell-1-1-0 780 841 44 35 
cell-1-1-1 824 841 44 35 
cell-1-1-2 868 841 44 35 
cell-1-1-3 912 841 44 35 
cell-1-2-0 780 886 44 35 
cell-1-2-1 824 886 44 35 
cell-1-2-2 868 886 44 35 
cell-1-2-3 912 886 44 35 
cell-1-3-0 780 931 44 35 
cell-1-3-1 824 931 44 35 
cell-1-3-2 868 931 44 35 
cell-1-3-3 912 931 44 35 
cell-1-4-0 780 976 44 35 
cell-1-4-1 824 976 44 35 
cell-1-4-2 868 976 44 35 
cell-1-4-3 912 976 44 35 
cell-1-5-0 780 1021 44 35 
cell-1-5-1 824 1021 44 35 
cell-1-5-2 868 1021 44 35 
cell-1-5-3 912 1021 44 35 
cell-1-6-0 780 1066 44 35 
cell-1-6-1 824 1066 44 35 
cell-1-6-2 868 1066 44 35 
cell-1-6-3 912 1066 44 35 
cell-1-7-0 780 1111 44 35 
cell-1-7-1 824 1111 44 35 
cell-1-7-2 868 1111 44 35 
cell-1-7-3 912 1111 44 35 
cell-1-8-0 780 1156 44 35 
cell-1-8-1 824 1156 44 35 
cell-1-8-2 868 1156 44 35 
cell-1-8-3 912 1156 44 35 
cell-1-9-0 780 1201 44 35 
cell-1-9-1 824 1201 44 35 
cell-1-9-2 868 1201 44 35 
cell-1-9-3 912 1201 44 35 
cell-1-10-0 780 1246 44 35 
cell-1-10-1 824 1246 44 35 
cell-1-10-2 868 1246 44 35 
cell-1-10-3 912 1246 44 35 
cell-1-11-0 780 1291 44 35 
cell-1-11-1 824 1291 44 35 
cell-1-11-2 868 1291 44 35 
cell-1-11-3 912 1291 44 35 
