table-0 347 971 700 382 
cell-0-0-0 347 971 100 55 
cell-0-0-1 447 971 100 55 
cell-0-0-2 547 971 100 55 
cell-0-0-3 647 971 100 55 
cell-0-0-4 747 971 100 55 
cell-0-0-5 847 971 100 55 
cell-0-0-6 947 971 100 55 
cell-0-1-0 347 1036 100 55 
cell-0-1-1 447 1036 100 55 
cell-0-1-2 547 1036 100 55 
cell-0-1-3 647 1036 100 55 
cell-0-1-4 747 1036 100 55 
cell-0-1-5 847 1036 100 55 
cell-0-1-6 947 1036 100 55 
cell-0-2-0 347 1101 100 55 
cell-0-2-1 447 1101 100 55 
cell-0-2-2 547 1101 100 55 
cell-0-2-3 647 1101 100 55 
cell-0-2-4 747 1101 100 55 
cell-0-2-5 847 1101 100 55 
cell-0-2-6 947 1101 100 55 
cell-0-3-0 347 1166 100 55 
cell-0-3-1 447 1166 100 55 
cell-0-3-2 547 1166 100 55 
cell-0-3-3 647 1166 100 55 
cell-0-3-4 747 1166 100 55 
cell-0-3-5 847 1166 100 55 
cell-0-3-6 947 1166 100 55 
cell-0-4-0 347 1231 100 55 
cell-0-4-1 447 1231 100 55 
cell-0-4-2 547 1231 100 55 
cell-0-4-3 647 1231 100 55 
cell-0-4-4 747 1231 100 55 
cell-0-4-5 847 1231 100 55 
cell-0-4-6 947 1231 100 55 
cell-0-5-0 347 1296 100 55 
cell-0-5-1 447 1296 100 55 
cell-0-5-2 547 1296 100 55 
cell-0-5-3 647 1296 100 55 
cell-0-5-4 747 1296 100 55 
cell-0-5-5 847 1296 100 55 
cell-0-5-6 947 1296 100 55 
table-3 107 427 699 415 
cell-3-1-0 107 427 36 35 
cell-3-1-1 146 427 36 35 
cell-3-1-2 185 427 36 35 
cell-3-1-3 224 427 36 35 
cell-3-1-4 263 427 36 35 
cell-3-1-5 302 427 36 35 
cell-3-1-6 341 427 36 35 
cell-3-1-7 380 427 36 35 
cell-3-1-8 419 427 36 35 
cell-3-1-9 458 427 36 35 
cell-3-1-10 497 427 36 35 
cell-3-1-11 536 427 36 35 
cell-3-1-12 575 427 36 35 
cell-3-1-13 614 427 36 35 
cell-3-1-14 653 427 36 35 
cell-3-1-15 692 427 36 35 
cell-3-1-16 731 427 36 35 
cell-3-1-17 770 427 36 35 
cell-3-2-0 107 481 36 35 
cell-3-2-1 146 481 36 35 
cell-3-2-2 185 481 36 35 
cell-3-2-3 224 481 36 35 
cell-3-2-4 263 481 36 35 
cell-3-2-5 302 481 36 35 
cell-3-2-6 341 481 36 35 
cell-3-2-7 380 481 36 35 
cell-3-2-8 419 481 36 35 
cell-3-2-9 458 481 36 35 
cell-3-2-10 497 481 36 35 
cell-3-2-11 536 481 36 35 
cell-3-2-12 575 481 36 35 
cell-3-2-13 614 481 36 35 
cell-3-2-14 653 481 36 35 
cell-3-2-15 692 481 36 35 
cell-3-2-16 731 481 36 35 
cell-3-2-17 770 481 36 35 
cell-3-3-0 107 535 36 35 
cell-3-3-1 146 535 36 35 
cell-3-3-2 185 535 36 35 
cell-3-3-3 224 535 36 35 
cell-3-3-4 263 535 36 35 
cell-3-3-5 302 535 36 35 
cell-3-3-6 341 535 36 35 
cell-3-3-7 380 535 36 35 
cell-3-3-8 419 535 36 35 
cell-3-3-9 458 535 36 35 
cell-3-3-10 497 535 36 35 
cell-3-3-11 536 535 36 35 
cell-3-3-12 575 535 36 35 
cell-3-3-13 614 535 36 35 
cell-3-3-14 653 535 36 35 
cell-3-3-15 692 535 36 35 
cell-3-3-16 731 535 36 35 
cell-3-3-17 770 535 36 35 
cell-3-4-0 107 589 36 35 
cell-3-4-1 146 589 36 35 
cell-3-4-2 185 589 36 35 
cell-3-4-3 224 589 36 35 
cell-3-4-4 263 589 36 35 
cell-3-4-5 302 589 36 35 
cell-3-4-6 341 589 36 35 
cell-3-4-7 380 589 36 35 
cell-3-4-8 419 589 36 35 
cell-3-4-9 458 589 36 35 
cell-3-4-10 497 589 36 35 
cell-3-4-11 536 589 36 35 
cell-3-4-12 575 589 36 35 
cell-3-4-13 614 589 36 35 
cell-3-4-14 653 589 36 35 
cell-3-4-15 692 589 36 35 
cell-3-4-16 731 589 36 35 
cell-3-4-17 770 589 36 35 
cell-3-5-0 107 643 36 35 
cell-3-5-1 146 643 36 35 
cell-3-5-2 185 643 36 35 
cell-3-5-3 224 643 36 35 
cell-3-5-4 263 643 36 35 
cell-3-5-5 302 643 36 35 
cell-3-5-6 341 643 36 35 
cell-3-5-7 380 643 36 35 
cell-3-5-8 419 643 36 35 
cell-3-5-9 458 643 36 35 
cell-3-5-10 497 643 36 35 
cell-3-5-11 536 643 36 35 
cell-3-5-12 575 643 36 35 
cell-3-5-13 614 643 36 35 
cell-3-5-14 653 643 36 35 
cell-3-5-15 692 643 36 35 
cell-3-5-16 731 643 36 35 
cell-3-5-17 770 643 36 35 
cell-3-6-0 107 697 36 35 
cell-3-6-1 146 697 36 35 
cell-3-6-2 185 697 36 35 
cell-3-6-3 224 697 36 35 
cell-3-6-4 263 697 36 35 
cell-3-6-5 302 697 36 35 
cell-3-6-6 341 697 36 35 
cell-3-6-7 380 697 36 35 
cell-3-6-8 419 697 36 35 
cell-3-6-9 458 697 36 35 
cell-3-6-10 497 697 36 35 
cell-3-6-11 536 697 36 35 
cell-3-6-12 575 697 36 35 
cell-3-6-13 614 697 36 35 
cell-3-6-14 653 697 36 35 
cell-3-6-15 692 697 36 35 
cell-3-6-16 731 697 36 35 
cell-3-6-17 770 697 36 35 
cell-3-7-0 107 751 36 35 
cell-3-7-1 146 751 36 35 
cell-3-7-2 185 751 36 35 
cell-3-7-3 224 751 36 35 
cell-3-7-4 263 751 36 35 
cell-3-7-5 302 751 36 35 
cell-3-7-6 341 751 36 35 
cell-3-7-7 380 751 36 35 
cell-3-7-8 419 751 36 35 
cell-3-7-9 458 751 36 35 
cell-3-7-10 497 751 36 35 
cell-3-7-11 536 751 36 35 
cell-3-7-12 575 751 36 35 
cell-3-7-13 614 751 36 35 
cell-3-7-14 653 751 36 35 
cell-3-7-15 692 751 36 35 
cell-3-7-16 731 751 36 35 
cell-3-7-17 770 751 36 35 
cell-3-8-0 107 805 36 35 
cell-3-8-1 146 805 36 35 
cell-3-8-2 185 805 36 35 
cell-3-8-3 224 805 36 35 
cell-3-8-4 263 805 36 35 
cell-3-8-5 302 805 36 35 
cell-3-8-6 341 805 36 35 
cell-3-8-7 380 805 36 35 
cell-3-8-8 419 805 36 35 
cell-3-8-9 458 805 36 35 
cell-3-8-10 497 805 36 35 
cell-3-8-11 536 805 36 35 
cell-3-8-12 575 805 36 35 
cell-3-8-13 614 805 36 35 
cell-3-8-14 653 805 36 35 
cell-3-8-15 692 805 36 35 
cell-3-8-16 731 805 36 35 
cell-3-8-17 770 805 36 35 
