table-0 819 1018 228 408 
cell-0-0-0 819 1018 45 35 
cell-0-0-1 864 1018 45 35 
cell-0-0-2 909 1018 45 35 
cell-0-0-3 954 1018 45 35 
cell-0-0-4 999 1018 45 35 
cell-0-1-0 819 1055 45 35 
cell-0-1-1 864 1055 45 35 
cell-0-1-2 909 1055 45 35 
cell-0-1-3 954 1055 45 35 
cell-0-1-4 999 1055 45 35 
cell-0-2-0 819 1092 45 35 
cell-0-2-1 864 1092 45 35 
cell-0-2-2 909 1092 45 35 
cell-0-2-3 954 1092 45 35 
cell-0-2-4 999 1092 45 35 
cell-0-3-0 819 1129 45 35 
cell-0-3-1 864 1129 45 35 
cell-0-3-2 909 1129 45 35 
cell-0-3-3 954 1129 45 35 
cell-0-3-4 999 1129 45 35 
cell-0-4-0 819 1166 45 35 
cell-0-4-1 864 1166 45 35 
cell-0-4-2 909 1166 45 35 
cell-0-4-3 954 1166 45 35 
cell-0-4-4 999 1166 45 35 
cell-0-5-0 819 1203 45 35 
cell-0-5-1 864 1203 45 35 
cell-0-5-2 909 1203 45 35 
cell-0-5-3 954 1203 45 35 
cell-0-5-4 999 1203 45 35 
cell-0-6-0 819 1240 45 35 
cell-0-6-1 864 1240 45 35 
cell-0-6-2 909 1240 45 35 
cell-0-6-3 954 1240 45 35 
cell-0-6-4 999 1240 45 35 
cell-0-7-0 819 1277 45 35 
cell-0-7-1 864 1277 45 35 
cell-0-7-2 909 1277 45 35 
cell-0-7-3 954 1277 45 35 
cell-0-7-4 999 1277 45 35 
cell-0-8-0 819 1314 45 35 
cell-0-8-1 864 1314 45 35 
cell-0-8-2 909 1314 45 35 
cell-0-8-3 954 1314 45 35 
cell-0-8-4 999 1314 45 35 
cell-0-9-0 819 1351 45 35 
cell-0-9-1 864 1351 45 35 
cell-0-9-2 909 1351 45 35 
cell-0-9-3 954 1351 45 35 
cell-0-9-4 999 1351 45 35 
cell-0-10-0 819 1388 45 35 
cell-0-10-1 864 1388 45 35 
cell-0-10-2 909 1388 45 35 
cell-0-10-3 954 1388 45 35 
cell-0-10-4 999 1388 45 35 
table-1 144 371 600 256 
cell-1-0-0 144 371 66 31 
cell-1-0-1 210 371 66 31 
cell-1-0-2 276 371 66 31 
cell-1-0-3 342 371 66 31 
cell-1-0-4 408 371 66 31 
cell-1-0-5 474 371 66 31 
cell-1-0-6 540 371 66 31 
cell-1-0-7 606 371 66 31 
cell-1-0-8 672 371 66 31 
cell-1-1-0 144 403 66 31 
cell-1-1-1 210 403 66 31 
cell-1-1-2 276 403 66 31 
cell-1-1-3 342 403 66 31 
cell-1-1-4 408 403 66 31 
cell-1-1-5 474 403 66 31 
cell-1-1-6 540 403 66 31 
cell-1-1-7 606 403 66 31 
cell-1-1-8 672 403 66 31 
cell-1-2-0 144 435 66 31 
cell-1-2-1 210 435 66 31 
cell-1-2-2 276 435 66 31 
cell-1-2-3 342 435 66 31 
cell-1-2-4 408 435 66 31 
cell-1-2-5 474 435 66 31 
cell-1-2-6 540 435 66 31 
cell-1-2-7 606 435 66 31 
cell-1-2-8 672 435 66 31 
cell-1-3-0 144 467 66 31 
cell-1-3-1 210 467 66 31 
cell-1-3-2 276 467 66 31 
cell-1-3-3 342 467 66 31 
cell-1-3-4 408 467 66 31 
cell-1-3-5 474 467 66 31 
cell-1-3-6 540 467 66 31 
cell-1-3-7 606 467 66 31 
cell-1-3-8 672 467 66 31 
cell-1-4-0 144 499 66 31 
cell-1-4-1 210 499 66 31 
cell-1-4-2 276 499 66 31 
cell-1-4-3 342 499 66 31 
cell-1-4-4 408 499 66 31 
cell-1-4-5 474 499 66 31 
cell-1-4-6 540 499 66 31 
cell-1-4-7 606 499 66 31 
cell-1-4-8 672 499 66 31 
cell-1-5-0 144 531 66 31 
cell-1-5-1 210 531 66 31 
cell-1-5-2 276 531 66 31 
cell-1-5-3 342 531 66 31 
cell-1-5-4 408 531 66 31 
cell-1-5-5 474 531 66 31 
cell-1-5-6 540 531 66 31 
cell-1-5-7 606 531 66 31 
cell-1-5-8 672 531 66 31 
cell-1-6-0 144 563 66 31 
cell-1-6-1 210 563 66 31 
cell-1-6-2 276 563 66 31 
cell-1-6-3 342 563 66 31 
cell-1-6-4 408 563 66 31 
cell-1-6-5 474 563 66 31 
cell-1-6-6 540 563 66 31 
cell-1-6-7 606 563 66 31 
cell-1-6-8 672 563 66 31 
cell-1-7-0 144 595 66 31 
cell-1-7-1 210 595 66 31 
cell-1-7-2 276 595 66 31 
cell-1-7-3 342 595 66 31 
cell-1-7-4 408 595 66 31 
cell-1-7-5 474 595 66 31 
cell-1-7-6 540 595 66 31 
cell-1-7-7 606 595 66 31 
cell-1-7-8 672 595 66 31 
