table-0 177 575 672 618 
cell-0-0-0 177 575 43 41 
cell-0-0-1 220 575 43 41 
cell-0-0-2 263 575 43 41 
cell-0-0-3 306 575 43 41 
cell-0-0-4 349 575 43 41 
cell-0-0-5 392 575 43 41 
cell-0-0-6 435 575 414 41 
cell-0-1-0 177 623 43 41 
cell-0-1-1 220 623 43 41 
cell-0-1-2 263 623 43 41 
cell-0-1-3 306 623 43 41 
cell-0-1-4 349 623 43 41 
cell-0-1-5 392 623 43 41 
cell-0-1-6 435 623 414 41 
cell-0-2-0 177 671 43 41 
cell-0-2-1 220 671 43 41 
cell-0-2-2 263 671 43 41 
cell-0-2-3 306 671 43 41 
cell-0-2-4 349 671 43 41 
cell-0-2-5 392 671 43 41 
cell-0-2-6 435 671 414 41 
cell-0-3-0 177 719 43 41 
cell-0-3-1 220 719 43 41 
cell-0-3-2 263 719 43 41 
cell-0-3-3 306 719 43 41 
cell-0-3-4 349 719 43 41 
cell-0-3-5 392 719 43 41 
cell-0-3-6 435 719 414 41 
cell-0-4-0 177 767 43 41 
cell-0-4-1 220 767 43 41 
cell-0-4-2 263 767 43 41 
cell-0-4-3 306 767 43 41 
cell-0-4-4 349 767 43 41 
cell-0-4-5 392 767 43 41 
cell-0-4-6 435 767 414 41 
cell-0-5-0 177 815 43 41 
cell-0-5-1 220 815 43 41 
cell-0-5-2 263 815 43 41 
cell-0-5-3 306 815 43 41 
cell-0-5-4 349 815 43 41 
cell-0-5-5 392 815 43 41 
cell-0-5-6 435 815 414 41 
cell-0-6-0 177 863 43 41 
cell-0-6-1 220 863 43 41 
cell-0-6-2 263 863 43 41 
cell-0-6-3 306 863 43 41 
cell-0-6-4 349 863 43 41 
cell-0-6-5 392 863 43 41 
cell-0-6-6 435 863 414 41 
cell-0-7-0 177 911 43 41 
cell-0-7-1 220 911 43 41 
cell-0-7-2 263 911 43 41 
cell-0-7-3 306 911 43 41 
cell-0-7-4 349 911 43 41 
cell-0-7-5 392 911 43 41 
cell-0-7-6 435 911 414 41 
cell-0-8-0 177 959 43 41 
cell-0-8-1 220 959 43 41 
cell-0-8-2 263 959 43 41 
cell-0-8-3 306 959 43 41 
cell-0-8-4 349 959 43 41 
cell-0-8-5 392 959 43 41 
cell-0-8-6 435 959 414 41 
cell-0-9-0 177 1007 43 41 
cell-0-9-1 220 1007 43 41 
cell-0-9-2 263 1007 43 41 
cell-0-9-3 306 1007 43 41 
cell-0-9-4 349 1007 43 41 
cell-0-9-5 392 1007 43 41 
cell-0-9-6 435 1007 414 41 
cell-0-10-0 177 1055 43 41 
cell-0-10-1 220 1055 43 41 
cell-0-10-2 263 1055 43 41 
cell-0-10-3 306 1055 43 41 
cell-0-10-4 349 1055 43 41 
cell-0-10-5 392 1055 43 41 
cell-0-10-6 435 1055 414 41 
cell-0-11-0 177 1103 43 41 
cell-0-11-1 220 1103 43 41 
cell-0-11-2 263 1103 43 41 
cell-0-11-3 306 1103 43 41 
cell-0-11-4 349 1103 43 41 
cell-0-11-5 392 1103 43 41 
cell-0-11-6 435 1103 414 41 
cell-0-12-0 177 1151 43 41 
cell-0-12-1 220 1151 43 41 
cell-0-12-2 263 1151 43 41 
cell-0-12-3 306 1151 43 41 
cell-0-12-4 349 1151 43 41 
cell-0-12-5 392 1151 43 41 
cell-0-12-6 435 1151 414 41 
