table-0 62 230 567 601 
cell-0-0-0 62 230 43 41 
cell-0-0-1 105 230 43 41 
cell-0-0-2 148 230 43 41 
cell-0-0-3 191 230 43 41 
cell-0-0-4 234 230 43 41 
cell-0-0-5 277 230 43 41 
cell-0-0-6 320 230 309 41 
cell-0-1-0 62 273 43 41 
cell-0-1-1 105 273 43 41 
cell-0-1-2 148 273 43 41 
cell-0-1-3 191 273 43 41 
cell-0-1-4 234 273 43 41 
cell-0-1-5 277 273 43 41 
cell-0-1-6 320 273 309 41 
cell-0-2-0 62 316 43 41 
cell-0-2-1 105 316 43 41 
cell-0-2-2 148 316 43 41 
cell-0-2-3 191 316 43 41 
cell-0-2-4 234 316 43 41 
cell-0-2-5 277 316 43 41 
cell-0-2-6 320 316 309 41 
cell-0-3-0 62 359 43 41 
cell-0-3-1 105 359 43 41 
cell-0-3-2 148 359 43 41 
cell-0-3-3 191 359 43 41 
cell-0-3-4 234 359 43 41 
cell-0-3-5 277 359 43 41 
cell-0-3-6 320 359 309 41 
cell-0-4-0 62 402 43 41 
cell-0-4-1 105 402 43 41 
cell-0-4-2 148 402 43 41 
cell-0-4-3 191 402 43 41 
cell-0-4-4 234 402 43 41 
cell-0-4-5 277 402 43 41 
cell-0-4-6 320 402 309 41 
cell-0-5-0 62 445 43 41 
cell-0-5-1 105 445 43 41 
cell-0-5-2 148 445 43 41 
cell-0-5-3 191 445 43 41 
cell-0-5-4 234 445 43 41 
cell-0-5-5 277 445 43 41 
cell-0-5-6 320 445 309 41 
cell-0-6-0 62 488 43 41 
cell-0-6-1 105 488 43 41 
cell-0-6-2 148 488 43 41 
cell-0-6-3 191 488 43 41 
cell-0-6-4 234 488 43 41 
cell-0-6-5 277 488 43 41 
cell-0-6-6 320 488 309 41 
cell-0-7-0 62 531 43 41 
cell-0-7-1 105 531 43 41 
cell-0-7-2 148 531 43 41 
cell-0-7-3 191 531 43 41 
cell-0-7-4 234 531 43 41 
cell-0-7-5 277 531 43 41 
cell-0-7-6 320 531 309 41 
cell-0-8-0 62 574 43 41 
cell-0-8-1 105 574 43 41 
cell-0-8-2 148 574 43 41 
cell-0-8-3 191 574 43 41 
cell-0-8-4 234 574 43 41 
cell-0-8-5 277 574 43 41 
cell-0-8-6 320 574 309 41 
cell-0-9-0 62 617 43 41 
cell-0-9-1 105 617 43 41 
cell-0-9-2 148 617 43 41 
cell-0-9-3 191 617 43 41 
cell-0-9-4 234 617 43 41 
cell-0-9-5 277 617 43 41 
cell-0-9-6 320 617 309 41 
cell-0-10-0 62 660 43 41 
cell-0-10-1 105 660 43 41 
cell-0-10-2 148 660 43 41 
cell-0-10-3 191 660 43 41 
cell-0-10-4 234 660 43 41 
cell-0-10-5 277 660 43 41 
cell-0-10-6 320 660 309 41 
cell-0-11-0 62 703 43 41 
cell-0-11-1 105 703 43 41 
cell-0-11-2 148 703 43 41 
cell-0-11-3 191 703 43 41 
cell-0-11-4 234 703 43 41 
cell-0-11-5 277 703 43 41 
cell-0-11-6 320 703 309 41 
cell-0-12-0 62 746 43 41 
cell-0-12-1 105 746 43 41 
cell-0-12-2 148 746 43 41 
cell-0-12-3 191 746 43 41 
cell-0-12-4 234 746 43 41 
cell-0-12-5 277 746 43 41 
cell-0-12-6 320 746 309 41 
cell-0-13-0 62 789 43 41 
cell-0-13-1 105 789 43 41 
cell-0-13-2 148 789 43 41 
cell-0-13-3 191 789 43 41 
cell-0-13-4 234 789 43 41 
cell-0-13-5 277 789 43 41 
cell-0-13-6 320 789 309 41 
