table-0 812 292 173 736 
cell-0-0-0 812 292 43 35 
cell-0-0-1 855 292 43 35 
cell-0-0-2 898 292 43 35 
cell-0-0-3 941 292 43 35 
cell-0-1-0 812 342 43 35 
cell-0-1-1 855 342 43 35 
cell-0-1-2 898 342 43 35 
cell-0-1-3 941 342 43 35 
cell-0-2-0 812 392 43 35 
cell-0-2-1 855 392 43 35 
cell-0-2-2 898 392 43 35 
cell-0-2-3 941 392 43 35 
cell-0-3-0 812 442 43 35 
cell-0-3-1 855 442 43 35 
cell-0-3-2 898 442 43 35 
cell-0-3-3 941 442 43 35 
cell-0-4-0 812 492 43 35 
cell-0-4-1 855 492 43 35 
cell-0-4-2 898 492 43 35 
cell-0-4-3 941 492 43 35 
cell-0-5-0 812 542 43 35 
cell-0-5-1 855 542 43 35 
cell-0-5-2 898 542 43 35 
cell-0-5-3 941 542 43 35 
cell-0-6-0 812 592 43 35 
cell-0-6-1 855 592 43 35 
cell-0-6-2 898 592 43 35 
cell-0-6-3 941 592 43 35 
cell-0-7-0 812 642 43 35 
cell-0-7-1 855 642 43 35 
cell-0-7-2 898 642 43 35 
cell-0-7-3 941 642 43 35 
cell-0-8-0 812 692 43 35 
cell-0-8-1 855 692 43 35 
cell-0-8-2 898 692 43 35 
cell-0-8-3 941 692 43 35 
cell-0-9-0 812 742 43 35 
cell-0-9-1 855 742 43 35 
cell-0-9-2 898 742 43 35 
cell-0-9-3 941 742 43 35 
cell-0-10-0 812 792 43 35 
cell-0-10-1 855 792 43 35 
cell-0-10-2 898 792 43 35 
cell-0-10-3 941 792 43 35 
cell-0-11-0 812 842 43 35 
cell-0-11-1 855 842 43 35 
cell-0-11-2 898 842 43 35 
cell-0-11-3 941 842 43 35 
cell-0-12-0 812 892 43 35 
cell-0-12-1 855 892 43 35 
cell-0-12-2 898 892 43 35 
cell-0-12-3 941 892 43 35 
cell-0-13-0 812 942 43 35 
cell-0-13-1 855 942 43 35 
cell-0-13-2 898 942 43 35 
cell-0-13-3 941 942 43 35 
cell-0-14-0 812 992 43 35 
cell-0-14-1 855 992 43 35 
cell-0-14-2 898 992 43 35 
cell-0-14-3 941 992 43 35 
