table-0 387 827 565 574 
cell-0-0-0 387 827 44 42 
cell-0-0-1 431 827 44 42 
cell-0-0-2 475 827 44 42 
cell-0-0-3 519 827 44 42 
cell-0-0-4 563 827 44 42 
cell-0-0-5 607 827 345 42 
cell-0-1-0 387 880 44 42 
cell-0-1-1 431 880 44 42 
cell-0-1-2 475 880 44 42 
cell-0-1-3 519 880 44 42 
cell-0-1-4 563 880 44 42 
cell-0-1-5 607 880 345 42 
cell-0-2-0 387 933 44 42 
cell-0-2-1 431 933 44 42 
cell-0-2-2 475 933 44 42 
cell-0-2-3 519 933 44 42 
cell-0-2-4 563 933 44 42 
cell-0-2-5 607 933 345 42 
cell-0-3-0 387 986 44 42 
cell-0-3-1 431 986 44 42 
cell-0-3-2 475 986 44 42 
cell-0-3-3 519 986 44 42 
cell-0-3-4 563 986 44 42 
cell-0-3-5 607 986 345 42 
cell-0-4-0 387 1039 44 42 
cell-0-4-1 431 1039 44 42 
cell-0-4-2 475 1039 44 42 
cell-0-4-3 519 1039 44 42 
cell-0-4-4 563 1039 44 42 
cell-0-4-5 607 1039 345 42 
cell-0-5-0 387 1092 44 42 
cell-0-5-1 431 1092 44 42 
cell-0-5-2 475 1092 44 42 
cell-0-5-3 519 1092 44 42 
cell-0-5-4 563 1092 44 42 
cell-0-5-5 607 1092 345 42 
cell-0-6-0 387 1145 44 42 
cell-0-6-1 431 1145 44 42 
cell-0-6-2 475 1145 44 42 
cell-0-6-3 519 1145 44 42 
cell-0-6-4 563 1145 44 42 
cell-0-6-5 607 1145 345 42 
cell-0-7-0 387 1198 44 42 
cell-0-7-1 431 1198 44 42 
cell-0-7-2 475 1198 44 42 
cell-0-7-3 519 1198 44 42 
cell-0-7-4 563 1198 44 42 
cell-0-7-5 607 1198 345 42 
cell-0-8-0 387 1251 44 42 
cell-0-8-1 431 1251 44 42 
cell-0-8-2 475 1251 44 42 
cell-0-8-3 519 1251 44 42 
cell-0-8-4 563 1251 44 42 
cell-0-8-5 607 1251 345 42 
cell-0-9-0 387 1304 44 42 
cell-0-9-1 431 1304 44 42 
cell-0-9-2 475 1304 44 42 
cell-0-9-3 519 1304 44 42 
cell-0-9-4 563 1304 44 42 
cell-0-9-5 607 1304 345 42 
cell-0-10-0 387 1357 44 42 
cell-0-10-1 431 1357 44 42 
cell-0-10-2 475 1357 44 42 
cell-0-10-3 519 1357 44 42 
cell-0-10-4 563 1357 44 42 
cell-0-10-5 607 1357 345 42 
