table-0 104 1073 407 313 
cell-0-1-0 104 1073 38 35 
cell-0-1-1 145 1073 38 35 
cell-0-1-2 186 1073 38 35 
cell-0-1-3 227 1073 38 35 
cell-0-1-4 268 1073 38 35 
cell-0-1-5 309 1073 38 35 
cell-0-1-6 350 1073 38 35 
cell-0-1-7 391 1073 38 35 
cell-0-1-8 432 1073 38 35 
cell-0-1-9 473 1073 38 35 
cell-0-2-0 104 1128 38 35 
cell-0-2-1 145 1128 38 35 
cell-0-2-2 186 1128 38 35 
cell-0-2-3 227 1128 38 35 
cell-0-2-4 268 1128 38 35 
cell-0-2-5 309 1128 38 35 
cell-0-2-6 350 1128 38 35 
cell-0-2-7 391 1128 38 35 
cell-0-2-8 432 1128 38 35 
cell-0-2-9 473 1128 38 35 
cell-0-3-0 104 1183 38 35 
cell-0-3-1 145 1183 38 35 
cell-0-3-2 186 1183 38 35 
cell-0-3-3 227 1183 38 35 
cell-0-3-4 268 1183 38 35 
cell-0-3-5 309 1183 38 35 
cell-0-3-6 350 1183 38 35 
cell-0-3-7 391 1183 38 35 
cell-0-3-8 432 1183 38 35 
cell-0-3-9 473 1183 38 35 
cell-0-4-0 104 1238 38 35 
cell-0-4-1 145 1238 38 35 
cell-0-4-2 186 1238 38 35 
cell-0-4-3 227 1238 38 35 
cell-0-4-4 268 1238 38 35 
cell-0-4-5 309 1238 38 35 
cell-0-4-6 350 1238 38 35 
cell-0-4-7 391 1238 38 35 
cell-0-4-8 432 1238 38 35 
cell-0-4-9 473 1238 38 35 
cell-0-5-0 104 1293 38 35 
cell-0-5-1 145 1293 38 35 
cell-0-5-2 186 1293 38 35 
cell-0-5-3 227 1293 38 35 
cell-0-5-4 268 1293 38 35 
cell-0-5-5 309 1293 38 35 
cell-0-5-6 350 1293 38 35 
cell-0-5-7 391 1293 38 35 
cell-0-5-8 432 1293 38 35 
cell-0-5-9 473 1293 38 35 
cell-0-6-0 104 1348 38 35 
cell-0-6-1 145 1348 38 35 
cell-0-6-2 186 1348 38 35 
cell-0-6-3 227 1348 38 35 
cell-0-6-4 268 1348 38 35 
cell-0-6-5 309 1348 38 35 
cell-0-6-6 350 1348 38 35 
cell-0-6-7 391 1348 38 35 
cell-0-6-8 432 1348 38 35 
cell-0-6-9 473 1348 38 35 
table-1 98 181 600 520 
cell-1-0-0 98 181 120 51 
cell-1-0-1 218 181 120 51 
cell-1-0-2 338 181 120 51 
cell-1-0-3 458 181 120 51 
cell-1-0-4 578 181 120 51 
cell-1-1-0 98 233 120 51 
cell-1-1-1 218 233 120 51 
cell-1-1-2 338 233 120 51 
cell-1-1-3 458 233 120 51 
cell-1-1-4 578 233 120 51 
cell-1-2-0 98 285 120 51 
cell-1-2-1 218 285 120 51 
cell-1-2-2 338 285 120 51 
cell-1-2-3 458 285 120 51 
cell-1-2-4 578 285 120 51 
cell-1-3-0 98 337 120 51 
cell-1-3-1 218 337 120 51 
cell-1-3-2 338 337 120 51 
cell-1-3-3 458 337 120 51 
cell-1-3-4 578 337 120 51 
cell-1-4-0 98 389 120 51 
cell-1-4-1 218 389 120 51 
cell-1-4-2 338 389 120 51 
cell-1-4-3 458 389 120 51 
cell-1-4-4 578 389 120 51 
cell-1-5-0 98 441 120 51 
cell-1-5-1 218 441 120 51 
cell-1-5-2 338 441 120 51 
cell-1-5-3 458 441 120 51 
cell-1-5-4 578 441 120 51 
cell-1-6-0 98 493 120 51 
cell-1-6-1 218 493 120 51 
cell-1-6-2 338 493 120 51 
cell-1-6-3 458 493 120 51 
cell-1-6-4 578 493 120 51 
cell-1-7-0 98 545 120 51 
cell-1-7-1 218 545 120 51 
cell-1-7-2 338 545 120 51 
cell-1-7-3 458 545 120 51 
cell-1-7-4 578 545 120 51 
cell-1-8-0 98 597 120 51 
cell-1-8-1 218 597 120 51 
cell-1-8-2 338 597 120 51 
cell-1-8-3 458 597 120 51 
cell-1-8-4 578 597 120 51 
cell-1-9-0 98 649 120 51 
cell-1-9-1 218 649 120 51 
cell-1-9-2 338 649 120 51 
cell-1-9-3 458 649 120 51 
cell-1-9-4 578 649 120 51 
