table-0 60 780 1000 526 
cell-0-0-0 60 780 142 56 
cell-0-0-1 202 780 142 56 
cell-0-0-2 344 780 142 56 
cell-0-0-3 486 780 142 56 
cell-0-0-4 628 780 142 56 
cell-0-0-5 770 780 142 56 
cell-0-0-6 912 780 142 56 
cell-0-1-0 60 847 142 56 
cell-0-1-1 202 847 142 56 
cell-0-1-2 344 847 142 56 
cell-0-1-3 486 847 142 56 
cell-0-1-4 628 847 142 56 
cell-0-1-5 770 847 142 56 
cell-0-1-6 912 847 142 56 
cell-0-2-0 60 914 142 56 
cell-0-2-1 202 914 142 56 
cell-0-2-2 344 914 142 56 
cell-0-2-3 486 914 142 56 
cell-0-2-4 628 914 142 56 
cell-0-2-5 770 914 142 56 
cell-0-2-6 912 914 142 56 
cell-0-3-0 60 981 142 56 
cell-0-3-1 202 981 142 56 
cell-0-3-2 344 981 142 56 
cell-0-3-3 486 981 142 56 
cell-0-3-4 628 981 142 56 
cell-0-3-5 770 981 142 56 
cell-0-3-6 912 981 142 56 
cell-0-4-0 60 1048 142 56 
cell-0-4-1 202 1048 142 56 
cell-0-4-2 344 1048 142 56 
cell-0-4-3 486 1048 142 56 
cell-0-4-4 628 1048 142 56 
cell-0-4-5 770 1048 142 56 
cell-0-4-6 912 1048 142 56 
cell-0-5-0 60 1115 142 56 
cell-0-5-1 202 1115 142 56 
cell-0-5-2 344 1115 142 56 
cell-0-5-3 486 1115 142 56 
cell-0-5-4 628 1115 142 56 
cell-0-5-5 770 1115 142 56 
cell-0-5-6 912 1115 142 56 
cell-0-6-0 60 1182 142 56 
cell-0-6-1 202 1182 142 56 
cell-0-6-2 344 1182 142 56 
cell-0-6-3 486 1182 142 56 
cell-0-6-4 628 1182 142 56 
cell-0-6-5 770 1182 142 56 
cell-0-6-6 912 1182 142 56 
cell-0-7-0 60 1249 142 56 
cell-0-7-1 202 1249 142 56 
cell-0-7-2 344 1249 142 56 
cell-0-7-3 486 1249 142 56 
cell-0-7-4 628 1249 142 56 
cell-0-7-5 770 1249 142 56 
cell-0-7-6 912 1249 142 56 
