table-0 133 545 900 291 
cell-0-0-0 133 545 112 46 
cell-0-0-1 245 545 112 46 
cell-0-0-2 357 545 112 46 
cell-0-0-3 469 545 112 46 
cell-0-0-4 581 545 112 46 
cell-0-0-5 693 545 112 46 
cell-0-0-6 805 545 112 46 
cell-0-0-7 917 545 112 46 
cell-0-1-0 133 606 112 46 
cell-0-1-1 245 606 112 46 
cell-0-1-2 357 606 112 46 
cell-0-1-3 469 606 112 46 
cell-0-1-4 581 606 112 46 
cell-0-1-5 693 606 112 46 
cell-0-1-6 805 606 112 46 
cell-0-1-7 917 606 112 46 
cell-0-2-0 133 667 112 46 
cell-0-2-1 245 667 112 46 
cell-0-2-2 357 667 112 46 
cell-0-2-3 469 667 112 46 
cell-0-2-4 581 667 112 46 
cell-0-2-5 693 667 112 46 
cell-0-2-6 805 667 112 46 
cell-0-2-7 917 667 112 46 
cell-0-3-0 133 728 112 46 
cell-0-3-1 245 728 112 46 
cell-0-3-2 357 728 112 46 
cell-0-3-3 469 728 112 46 
cell-0-3-4 581 728 112 46 
cell-0-3-5 693 728 112 46 
cell-0-3-6 805 728 112 46 
cell-0-3-7 917 728 112 46 
cell-0-4-0 133 789 112 46 
cell-0-4-1 245 789 112 46 
cell-0-4-2 357 789 112 46 
cell-0-4-3 469 789 112 46 
cell-0-4-4 581 789 112 46 
cell-0-4-5 693 789 112 46 
cell-0-4-6 805 789 112 46 
cell-0-4-7 917 789 112 46 
table-2 60 1008 1000 195 
cell-2-0-0 60 1008 142 32 
cell-2-0-1 202 1008 142 32 
cell-2-0-2 344 1008 142 32 
cell-2-0-3 486 1008 142 32 
cell-2-0-4 628 1008 142 32 
cell-2-0-5 770 1008 142 32 
cell-2-0-6 912 1008 142 32 
cell-2-1-0 60 1040 142 32 
cell-2-1-1 202 1040 142 32 
cell-2-1-2 344 1040 142 32 
cell-2-1-3 486 1040 142 32 
cell-2-1-4 628 1040 142 32 
cell-2-1-5 770 1040 142 32 
cell-2-1-6 912 1040 142 32 
cell-2-2-0 60 1072 142 32 
cell-2-2-1 202 1072 142 32 
cell-2-2-2 344 1072 142 32 
cell-2-2-3 486 1072 142 32 
cell-2-2-4 628 1072 142 32 
cell-2-2-5 770 1072 142 32 
cell-2-2-6 912 1072 142 32 
cell-2-3-0 60 1104 142 32 
cell-2-3-1 202 1104 142 32 
cell-2-3-2 344 1104 142 32 
cell-2-3-3 486 1104 142 32 
cell-2-3-4 628 1104 142 32 
cell-2-3-5 770 1104 142 32 
cell-2-3-6 912 1104 142 32 
cell-2-4-0 60 1136 142 32 
cell-2-4-1 202 1136 142 32 
cell-2-4-2 344 1136 142 32 
cell-2-4-3 486 1136 142 32 
cell-2-4-4 628 1136 142 32 
cell-2-4-5 770 1136 142 32 
cell-2-4-6 912 1136 142 32 
cell-2-5-0 60 1168 142 32 
cell-2-5-1 202 1168 142 32 
cell-2-5-2 344 1168 142 32 
cell-2-5-3 486 1168 142 32 
cell-2-5-4 628 1168 142 32 
cell-2-5-5 770 1168 142 32 
cell-2-5-6 912 1168 142 32 
