table-0 422 791 266 361 
cell-0-0-0 422 791 44 35 
cell-0-0-1 466 791 44 35 
cell-0-0-2 510 791 44 35 
cell-0-0-3 554 791 44 35 
cell-0-0-4 598 791 44 35 
cell-0-0-5 642 791 44 35 
cell-0-1-0 422 827 44 35 
cell-0-1-1 466 827 44 35 
cell-0-1-2 510 827 44 35 
cell-0-1-3 554 827 44 35 
cell-0-1-4 598 827 44 35 
cell-0-1-5 642 827 44 35 
cell-0-2-0 422 863 44 35 
cell-0-2-1 466 863 44 35 
cell-0-2-2 510 863 44 35 
cell-0-2-3 554 863 44 35 
cell-0-2-4 598 863 44 35 
cell-0-2-5 642 863 44 35 
cell-0-3-0 422 899 44 35 
cell-0-3-1 466 899 44 35 
cell-0-3-2 510 899 44 35 
cell-0-3-3 554 899 44 35 
cell-0-3-4 598 899 44 35 
cell-0-3-5 642 899 44 35 
cell-0-4-0 422 935 44 35 
cell-0-4-1 466 935 44 35 
cell-0-4-2 510 935 44 35 
cell-0-4-3 554 935 44 35 
cell-0-4-4 598 935 44 35 
cell-0-4-5 642 935 44 35 
cell-0-5-0 422 971 44 35 
cell-0-5-1 466 971 44 35 
cell-0-5-2 510 971 44 35 
cell-0-5-3 554 971 44 35 
cell-0-5-4 598 971 44 35 
cell-0-5-5 642 971 44 35 
cell-0-6-0 422 1007 44 35 
cell-0-6-1 466 1007 44 35 
cell-0-6-2 510 1007 44 35 
cell-0-6-3 554 1007 44 35 
cell-0-6-4 598 1007 44 35 
cell-0-6-5 642 1007 44 35 
cell-0-7-0 422 1043 44 35 
cell-0-7-1 466 1043 44 35 
cell-0-7-2 510 1043 44 35 
cell-0-7-3 554 1043 44 35 
cell-0-7-4 598 1043 44 35 
cell-0-7-5 642 1043 44 35 
cell-0-8-0 422 1079 44 35 
cell-0-8-1 466 1079 44 35 
cell-0-8-2 510 1079 44 35 
cell-0-8-3 554 1079 44 35 
cell-0-8-4 598 1079 44 35 
cell-0-8-5 642 1079 44 35 
cell-0-9-0 422 1115 44 35 
cell-0-9-1 466 1115 44 35 
cell-0-9-2 510 1115 44 35 
cell-0-9-3 554 1115 44 35 
cell-0-9-4 598 1115 44 35 
cell-0-9-5 642 1115 44 35 
