table-0 598 582 407 526 
cell-0-1-0 598 582 38 35 
cell-0-1-1 639 582 38 35 
cell-0-1-2 680 582 38 35 
cell-0-1-3 721 582 38 35 
cell-0-1-4 762 582 38 35 
cell-0-1-5 803 582 38 35 
cell-0-1-6 844 582 38 35 
cell-0-1-7 885 582 38 35 
cell-0-1-8 926 582 38 35 
cell-0-1-9 967 582 38 35 
cell-0-2-0 598 643 38 35 
cell-0-2-1 639 643 38 35 
cell-0-2-2 680 643 38 35 
cell-0-2-3 721 643 38 35 
cell-0-2-4 762 643 38 35 
cell-0-2-5 803 643 38 35 
cell-0-2-6 844 643 38 35 
cell-0-2-7 885 643 38 35 
cell-0-2-8 926 643 38 35 
cell-0-2-9 967 643 38 35 
cell-0-3-0 598 704 38 35 
cell-0-3-1 639 704 38 35 
cell-0-3-2 680 704 38 35 
cell-0-3-3 721 704 38 35 
cell-0-3-4 762 704 38 35 
cell-0-3-5 803 704 38 35 
cell-0-3-6 844 704 38 35 
cell-0-3-7 885 704 38 35 
cell-0-3-8 926 704 38 35 
cell-0-3-9 967 704 38 35 
cell-0-4-0 598 765 38 35 
cell-0-4-1 639 765 38 35 
cell-0-4-2 680 765 38 35 
cell-0-4-3 721 765 38 35 
cell-0-4-4 762 765 38 35 
cell-0-4-5 803 765 38 35 
cell-0-4-6 844 765 38 35 
cell-0-4-7 885 765 38 35 
cell-0-4-8 926 765 38 35 
cell-0-4-9 967 765 38 35 
cell-0-5-0 598 826 38 35 
cell-0-5-1 639 826 38 35 
cell-0-5-2 680 826 38 35 
cell-0-5-3 721 826 38 35 
cell-0-5-4 762 826 38 35 
cell-0-5-5 803 826 38 35 
cell-0-5-6 844 826 38 35 
cell-0-5-7 885 826 38 35 
cell-0-5-8 926 826 38 35 
cell-0-5-9 967 826 38 35 
cell-0-6-0 598 887 38 35 
cell-0-6-1 639 887 38 35 
cell-0-6-2 680 887 38 35 
cell-0-6-3 721 887 38 35 
cell-0-6-4 762 887 38 35 
cell-0-6-5 803 887 38 35 
cell-0-6-6 844 887 38 35 
cell-0-6-7 885 887 38 35 
cell-0-6-8 926 887 38 35 
cell-0-6-9 967 887 38 35 
cell-0-7-0 598 948 38 35 
cell-0-7-1 639 948 38 35 
cell-0-7-2 680 948 38 35 
cell-0-7-3 721 948 38 35 
cell-0-7-4 762 948 38 35 
cell-0-7-5 803 948 38 35 
cell-0-7-6 844 948 38 35 
cell-0-7-7 885 948 38 35 
cell-0-7-8 926 948 38 35 
cell-0-7-9 967 948 38 35 
cell-0-8-0 598 1009 38 35 
cell-0-8-1 639 1009 38 35 
cell-0-8-2 680 1009 38 35 
cell-0-8-3 721 1009 38 35 
cell-0-8-4 762 1009 38 35 
cell-0-8-5 803 1009 38 35 
cell-0-8-6 844 1009 38 35 
cell-0-8-7 885 1009 38 35 
cell-0-8-8 926 1009 38 35 
cell-0-8-9 967 1009 38 35 
cell-0-9-0 598 1070 38 35 
cell-0-9-1 639 1070 38 35 
cell-0-9-2 680 1070 38 35 
cell-0-9-3 721 1070 38 35 
cell-0-9-4 762 1070 38 35 
cell-0-9-5 803 1070 38 35 
cell-0-9-6 844 1070 38 35 
cell-0-9-7 885 1070 38 35 
cell-0-9-8 926 1070 38 35 
cell-0-9-9 967 1070 38 35 
