table-0 191 399 700 343 
cell-0-0-0 191 399 100 40 
cell-0-0-1 291 399 100 40 
cell-0-0-2 391 399 100 40 
cell-0-0-3 491 399 100 40 
cell-0-0-4 591 399 100 40 
cell-0-0-5 691 399 100 40 
cell-0-0-6 791 399 100 40 
cell-0-1-0 191 449 100 40 
cell-0-1-1 291 449 100 40 
cell-0-1-2 391 449 100 40 
cell-0-1-3 491 449 100 40 
cell-0-1-4 591 449 100 40 
cell-0-1-5 691 449 100 40 
cell-0-1-6 791 449 100 40 
cell-0-2-0 191 499 100 40 
cell-0-2-1 291 499 100 40 
cell-0-2-2 391 499 100 40 
cell-0-2-3 491 499 100 40 
cell-0-2-4 591 499 100 40 
cell-0-2-5 691 499 100 40 
cell-0-2-6 791 499 100 40 
cell-0-3-0 191 549 100 40 
cell-0-3-1 291 549 100 40 
cell-0-3-2 391 549 100 40 
cell-0-3-3 491 549 100 40 
cell-0-3-4 591 549 100 40 
cell-0-3-5 691 549 100 40 
cell-0-3-6 791 549 100 40 
cell-0-4-0 191 599 100 40 
cell-0-4-1 291 599 100 40 
cell-0-4-2 391 599 100 40 
cell-0-4-3 491 599 100 40 
cell-0-4-4 591 599 100 40 
cell-0-4-5 691 599 100 40 
cell-0-4-6 791 599 100 40 
cell-0-5-0 191 649 100 40 
cell-0-5-1 291 649 100 40 
cell-0-5-2 391 649 100 40 
cell-0-5-3 491 649 100 40 
cell-0-5-4 591 649 100 40 
cell-0-5-5 691 649 100 40 
cell-0-5-6 791 649 100 40 
cell-0-6-0 191 699 100 40 
cell-0-6-1 291 699 100 40 
cell-0-6-2 391 699 100 40 
cell-0-6-3 491 699 100 40 
cell-0-6-4 591 699 100 40 
cell-0-6-5 691 699 100 40 
cell-0-6-6 791 699 100 40 
header-2 79 70 891 193 
row-1-1 79 70 350 40 
row-1-2 449 70 317 40 
row-2-1 79 120 383 40 
row-2-2 482 120 483 40 
row-3-1 79 170 515 40 
row-4-1 79 220 779 40 
table-3 147 1005 800 414 
cell-3-0-0 147 1005 200 57 
cell-3-0-1 347 1005 200 57 
cell-3-0-2 547 1005 200 57 
cell-3-0-3 747 1005 200 57 
cell-3-1-0 147 1064 200 57 
cell-3-1-1 347 1064 200 57 
cell-3-1-2 547 1064 200 57 
cell-3-1-3 747 1064 200 57 
cell-3-2-0 147 1123 200 57 
cell-3-2-1 347 1123 200 57 
cell-3-2-2 547 1123 200 57 
cell-3-2-3 747 1123 200 57 
cell-3-3-0 147 1182 200 57 
cell-3-3-1 347 1182 200 57 
cell-3-3-2 547 1182 200 57 
cell-3-3-3 747 1182 200 57 
cell-3-4-0 147 1241 200 57 
cell-3-4-1 347 1241 200 57 
cell-3-4-2 547 1241 200 57 
cell-3-4-3 747 1241 200 57 
cell-3-5-0 147 1300 200 57 
cell-3-5-1 347 1300 200 57 
cell-3-5-2 547 1300 200 57 
cell-3-5-3 747 1300 200 57 
cell-3-6-0 147 1359 200 57 
cell-3-6-1 347 1359 200 57 
cell-3-6-2 547 1359 200 57 
cell-3-6-3 747 1359 200 57 
