table-0 509 1197 478 195 
cell-0-1-0 509 1197 34 35 
cell-0-1-1 546 1197 34 35 
cell-0-1-2 583 1197 34 35 
cell-0-1-3 620 1197 34 35 
cell-0-1-4 657 1197 34 35 
cell-0-1-5 694 1197 34 35 
cell-0-1-6 731 1197 34 35 
cell-0-1-7 768 1197 34 35 
cell-0-1-8 805 1197 34 35 
cell-0-1-9 842 1197 34 35 
cell-0-1-10 879 1197 34 35 
cell-0-1-11 916 1197 34 35 
cell-0-1-12 953 1197 34 35 
cell-0-2-0 509 1250 34 35 
cell-0-2-1 546 1250 34 35 
cell-0-2-2 583 1250 34 35 
cell-0-2-3 620 1250 34 35 
cell-0-2-4 657 1250 34 35 
cell-0-2-5 694 1250 34 35 
cell-0-2-6 731 1250 34 35 
cell-0-2-7 768 1250 34 35 
cell-0-2-8 805 1250 34 35 
cell-0-2-9 842 1250 34 35 
cell-0-2-10 879 1250 34 35 
cell-0-2-11 916 1250 34 35 
cell-0-2-12 953 1250 34 35 
cell-0-3-0 509 1303 34 35 
cell-0-3-1 546 1303 34 35 
cell-0-3-2 583 1303 34 35 
cell-0-3-3 620 1303 34 35 
cell-0-3-4 657 1303 34 35 
cell-0-3-5 694 1303 34 35 
cell-0-3-6 731 1303 34 35 
cell-0-3-7 768 1303 34 35 
cell-0-3-8 805 1303 34 35 
cell-0-3-9 842 1303 34 35 
cell-0-3-10 879 1303 34 35 
cell-0-3-11 916 1303 34 35 
cell-0-3-12 953 1303 34 35 
cell-0-4-0 509 1356 34 35 
cell-0-4-1 546 1356 34 35 
cell-0-4-2 583 1356 34 35 
cell-0-4-3 620 1356 34 35 
cell-0-4-4 657 1356 34 35 
cell-0-4-5 694 1356 34 35 
cell-0-4-6 731 1356 34 35 
cell-0-4-7 768 1356 34 35 
cell-0-4-8 805 1356 34 35 
cell-0-4-9 842 1356 34 35 
cell-0-4-10 879 1356 34 35 
cell-0-4-11 916 1356 34 35 
cell-0-4-12 953 1356 34 35 
table-1 173 513 800 361 
cell-1-0-0 173 513 88 59 
cell-1-0-1 261 513 88 59 
cell-1-0-2 349 513 88 59 
cell-1-0-3 437 513 88 59 
cell-1-0-4 525 513 88 59 
cell-1-0-5 613 513 88 59 
cell-1-0-6 701 513 88 59 
cell-1-0-7 789 513 88 59 
cell-1-0-8 877 513 88 59 
cell-1-1-0 173 573 88 59 
cell-1-1-1 261 573 88 59 
cell-1-1-2 349 573 88 59 
cell-1-1-3 437 573 88 59 
cell-1-1-4 525 573 88 59 
cell-1-1-5 613 573 88 59 
cell-1-1-6 701 573 88 59 
cell-1-1-7 789 573 88 59 
cell-1-1-8 877 573 88 59 
cell-1-2-0 173 633 88 59 
cell-1-2-1 261 633 88 59 
cell-1-2-2 349 633 88 59 
cell-1-2-3 437 633 88 59 
cell-1-2-4 525 633 88 59 
cell-1-2-5 613 633 88 59 
cell-1-2-6 701 633 88 59 
cell-1-2-7 789 633 88 59 
cell-1-2-8 877 633 88 59 
cell-1-3-0 173 693 88 59 
cell-1-3-1 261 693 88 59 
cell-1-3-2 349 693 88 59 
cell-1-3-3 437 693 88 59 
cell-1-3-4 525 693 88 59 
cell-1-3-5 613 693 88 59 
cell-1-3-6 701 693 88 59 
cell-1-3-7 789 693 88 59 
cell-1-3-8 877 693 88 59 
cell-1-4-0 173 753 88 59 
cell-1-4-1 261 753 88 59 
cell-1-4-2 349 753 88 59 
cell-1-4-3 437 753 88 59 
cell-1-4-4 525 753 88 59 
cell-1-4-5 613 753 88 59 
cell-1-4-6 701 753 88 59 
cell-1-4-7 789 753 88 59 
cell-1-4-8 877 753 88 59 
cell-1-5-0 173 813 88 59 
cell-1-5-1 261 813 88 59 
cell-1-5-2 349 813 88 59 
cell-1-5-3 437 813 88 59 
cell-1-5-4 525 813 88 59 
cell-1-5-5 613 813 88 59 
cell-1-5-6 701 813 88 59 
cell-1-5-7 789 813 88 59 
cell-1-5-8 877 813 88 59 
