table-0 329 1021 183 425 
cell-0-0-0 329 1021 45 35 
cell-0-0-1 374 1021 45 35 
cell-0-0-2 419 1021 45 35 
cell-0-0-3 464 1021 45 35 
cell-0-1-0 329 1064 45 35 
cell-0-1-1 374 1064 45 35 
cell-0-1-2 419 1064 45 35 
cell-0-1-3 464 1064 45 35 
cell-0-2-0 329 1107 45 35 
cell-0-2-1 374 1107 45 35 
cell-0-2-2 419 1107 45 35 
cell-0-2-3 464 1107 45 35 
cell-0-3-0 329 1150 45 35 
cell-0-3-1 374 1150 45 35 
cell-0-3-2 419 1150 45 35 
cell-0-3-3 464 1150 45 35 
cell-0-4-0 329 1193 45 35 
cell-0-4-1 374 1193 45 35 
cell-0-4-2 419 1193 45 35 
cell-0-4-3 464 1193 45 35 
cell-0-5-0 329 1236 45 35 
cell-0-5-1 374 1236 45 35 
cell-0-5-2 419 1236 45 35 
cell-0-5-3 464 1236 45 35 
cell-0-6-0 329 1279 45 35 
cell-0-6-1 374 1279 45 35 
cell-0-6-2 419 1279 45 35 
cell-0-6-3 464 1279 45 35 
cell-0-7-0 329 1322 45 35 
cell-0-7-1 374 1322 45 35 
cell-0-7-2 419 1322 45 35 
cell-0-7-3 464 1322 45 35 
cell-0-8-0 329 1365 45 35 
cell-0-8-1 374 1365 45 35 
cell-0-8-2 419 1365 45 35 
cell-0-8-3 464 1365 45 35 
cell-0-9-0 329 1408 45 35 
cell-0-9-1 374 1408 45 35 
cell-0-9-2 419 1408 45 35 
cell-0-9-3 464 1408 45 35 
table-3 133 436 700 388 
cell-3-0-0 133 436 116 56 
cell-3-0-1 249 436 116 56 
cell-3-0-2 365 436 116 56 
cell-3-0-3 481 436 116 56 
cell-3-0-4 597 436 116 56 
cell-3-0-5 713 436 116 56 
cell-3-1-0 133 502 116 56 
cell-3-1-1 249 502 116 56 
cell-3-1-2 365 502 116 56 
cell-3-1-3 481 502 116 56 
cell-3-1-4 597 502 116 56 
cell-3-1-5 713 502 116 56 
cell-3-2-0 133 568 116 56 
cell-3-2-1 249 568 116 56 
cell-3-2-2 365 568 116 56 
cell-3-2-3 481 568 116 56 
cell-3-2-4 597 568 116 56 
cell-3-2-5 713 568 116 56 
cell-3-3-0 133 634 116 56 
cell-3-3-1 249 634 116 56 
cell-3-3-2 365 634 116 56 
cell-3-3-3 481 634 116 56 
cell-3-3-4 597 634 116 56 
cell-3-3-5 713 634 116 56 
cell-3-4-0 133 700 116 56 
cell-3-4-1 249 700 116 56 
cell-3-4-2 365 700 116 56 
cell-3-4-3 481 700 116 56 
cell-3-4-4 597 700 116 56 
cell-3-4-5 713 700 116 56 
cell-3-5-0 133 766 116 56 
cell-3-5-1 249 766 116 56 
cell-3-5-2 365 766 116 56 
cell-3-5-3 481 766 116 56 
cell-3-5-4 597 766 116 56 
cell-3-5-5 713 766 116 56 
