table-0 360 478 617 550 
cell-0-0-0 360 478 45 43 
cell-0-0-1 405 478 45 43 
cell-0-0-2 450 478 45 43 
cell-0-0-3 495 478 45 43 
cell-0-0-4 540 478 435 43 
cell-0-1-0 360 534 45 43 
cell-0-1-1 405 534 45 43 
cell-0-1-2 450 534 45 43 
cell-0-1-3 495 534 45 43 
cell-0-1-4 540 534 435 43 
cell-0-2-0 360 590 45 43 
cell-0-2-1 405 590 45 43 
cell-0-2-2 450 590 45 43 
cell-0-2-3 495 590 45 43 
cell-0-2-4 540 590 435 43 
cell-0-3-0 360 646 45 43 
cell-0-3-1 405 646 45 43 
cell-0-3-2 450 646 45 43 
cell-0-3-3 495 646 45 43 
cell-0-3-4 540 646 435 43 
cell-0-4-0 360 702 45 43 
cell-0-4-1 405 702 45 43 
cell-0-4-2 450 702 45 43 
cell-0-4-3 495 702 45 43 
cell-0-4-4 540 702 435 43 
cell-0-5-0 360 758 45 43 
cell-0-5-1 405 758 45 43 
cell-0-5-2 450 758 45 43 
cell-0-5-3 495 758 45 43 
cell-0-5-4 540 758 435 43 
cell-0-6-0 360 814 45 43 
cell-0-6-1 405 814 45 43 
cell-0-6-2 450 814 45 43 
cell-0-6-3 495 814 45 43 
cell-0-6-4 540 814 435 43 
cell-0-7-0 360 870 45 43 
cell-0-7-1 405 870 45 43 
cell-0-7-2 450 870 45 43 
cell-0-7-3 495 870 45 43 
cell-0-7-4 540 870 435 43 
cell-0-8-0 360 926 45 43 
cell-0-8-1 405 926 45 43 
cell-0-8-2 450 926 45 43 
cell-0-8-3 495 926 45 43 
cell-0-8-4 540 926 435 43 
cell-0-9-0 360 982 45 43 
cell-0-9-1 405 982 45 43 
cell-0-9-2 450 982 45 43 
cell-0-9-3 495 982 45 43 
cell-0-9-4 540 982 435 43 
header-3 89 175 833 193 
row-1-1 89 175 331 40 
row-1-2 440 175 397 40 
row-2-1 89 225 331 40 
row-2-2 440 225 475 40 
row-3-1 89 275 529 40 
row-4-1 89 325 628 40 
