table-0 708 715 259 569 
cell-0-0-0 708 715 43 35 
cell-0-0-1 751 715 43 35 
cell-0-0-2 794 715 43 35 
cell-0-0-3 837 715 43 35 
cell-0-0-4 880 715 43 35 
cell-0-0-5 923 715 43 35 
cell-0-1-0 708 756 43 35 
cell-0-1-1 751 756 43 35 
cell-0-1-2 794 756 43 35 
cell-0-1-3 837 756 43 35 
cell-0-1-4 880 756 43 35 
cell-0-1-5 923 756 43 35 
cell-0-2-0 708 797 43 35 
cell-0-2-1 751 797 43 35 
cell-0-2-2 794 797 43 35 
cell-0-2-3 837 797 43 35 
cell-0-2-4 880 797 43 35 
cell-0-2-5 923 797 43 35 
cell-0-3-0 708 838 43 35 
cell-0-3-1 751 838 43 35 
cell-0-3-2 794 838 43 35 
cell-0-3-3 837 838 43 35 
cell-0-3-4 880 838 43 35 
cell-0-3-5 923 838 43 35 
cell-0-4-0 708 879 43 35 
cell-0-4-1 751 879 43 35 
cell-0-4-2 794 879 43 35 
cell-0-4-3 837 879 43 35 
cell-0-4-4 880 879 43 35 
cell-0-4-5 923 879 43 35 
cell-0-5-0 708 920 43 35 
cell-0-5-1 751 920 43 35 
cell-0-5-2 794 920 43 35 
cell-0-5-3 837 920 43 35 
cell-0-5-4 880 920 43 35 
cell-0-5-5 923 920 43 35 
cell-0-6-0 708 961 43 35 
cell-0-6-1 751 961 43 35 
cell-0-6-2 794 961 43 35 
cell-0-6-3 837 961 43 35 
cell-0-6-4 880 961 43 35 
cell-0-6-5 923 961 43 35 
cell-0-7-0 708 1002 43 35 
cell-0-7-1 751 1002 43 35 
cell-0-7-2 794 1002 43 35 
cell-0-7-3 837 1002 43 35 
cell-0-7-4 880 1002 43 35 
cell-0-7-5 923 1002 43 35 
cell-0-8-0 708 1043 43 35 
cell-0-8-1 751 1043 43 35 
cell-0-8-2 794 1043 43 35 
cell-0-8-3 837 1043 43 35 
cell-0-8-4 880 1043 43 35 
cell-0-8-5 923 1043 43 35 
cell-0-9-0 708 1084 43 35 
cell-0-9-1 751 1084 43 35 
cell-0-9-2 794 1084 43 35 
cell-0-9-3 837 1084 43 35 
cell-0-9-4 880 1084 43 35 
cell-0-9-5 923 1084 43 35 
cell-0-10-0 708 1125 43 35 
cell-0-10-1 751 1125 43 35 
cell-0-10-2 794 1125 43 35 
cell-0-10-3 837 1125 43 35 
cell-0-10-4 880 1125 43 35 
cell-0-10-5 923 1125 43 35 
cell-0-11-0 708 1166 43 35 
cell-0-11-1 751 1166 43 35 
cell-0-11-2 794 1166 43 35 
cell-0-11-3 837 1166 43 35 
cell-0-11-4 880 1166 43 35 
cell-0-11-5 923 1166 43 35 
cell-0-12-0 708 1207 43 35 
cell-0-12-1 751 1207 43 35 
cell-0-12-2 794 1207 43 35 
cell-0-12-3 837 1207 43 35 
cell-0-12-4 880 1207 43 35 
cell-0-12-5 923 1207 43 35 
cell-0-13-0 708 1248 43 35 
cell-0-13-1 751 1248 43 35 
cell-0-13-2 794 1248 43 35 
cell-0-13-3 837 1248 43 35 
cell-0-13-4 880 1248 43 35 
cell-0-13-5 923 1248 43 35 
table-2 133 65 900 425 
cell-2-0-0 133 65 100 58 
cell-2-0-1 233 65 100 58 
cell-2-0-2 333 65 100 58 
cell-2-0-3 433 65 100 58 
cell-2-0-4 533 65 100 58 
cell-2-0-5 633 65 100 58 
cell-2-0-6 733 65 100 58 
cell-2-0-7 833 65 100 58 
cell-2-0-8 933 65 100 58 
cell-2-1-0 133 126 100 58 
cell-2-1-1 233 126 100 58 
cell-2-1-2 333 126 100 58 
cell-2-1-3 433 126 100 58 
cell-2-1-4 533 126 100 58 
cell-2-1-5 633 126 100 58 
cell-2-1-6 733 126 100 58 
cell-2-1-7 833 126 100 58 
cell-2-1-8 933 126 100 58 
cell-2-2-0 133 187 100 58 
cell-2-2-1 233 187 100 58 
cell-2-2-2 333 187 100 58 
cell-2-2-3 433 187 100 58 
cell-2-2-4 533 187 100 58 
cell-2-2-5 633 187 100 58 
cell-2-2-6 733 187 100 58 
cell-2-2-7 833 187 100 58 
cell-2-2-8 933 187 100 58 
cell-2-3-0 133 248 100 58 
cell-2-3-1 233 248 100 58 
cell-2-3-2 333 248 100 58 
cell-2-3-3 433 248 100 58 
cell-2-3-4 533 248 100 58 
cell-2-3-5 633 248 100 58 
cell-2-3-6 733 248 100 58 
cell-2-3-7 833 248 100 58 
cell-2-3-8 933 248 100 58 
cell-2-4-0 133 309 100 58 
cell-2-4-1 233 309 100 58 
cell-2-4-2 333 309 100 58 
cell-2-4-3 433 309 100 58 
cell-2-4-4 533 309 100 58 
cell-2-4-5 633 309 100 58 
cell-2-4-6 733 309 100 58 
cell-2-4-7 833 309 100 58 
cell-2-4-8 933 309 100 58 
cell-2-5-0 133 370 100 58 
cell-2-5-1 233 370 100 58 
cell-2-5-2 333 370 100 58 
cell-2-5-3 433 370 100 58 
cell-2-5-4 533 370 100 58 
cell-2-5-5 633 370 100 58 
cell-2-5-6 733 370 100 58 
cell-2-5-7 833 370 100 58 
cell-2-5-8 933 370 100 58 
cell-2-6-0 133 431 100 58 
cell-2-6-1 233 431 100 58 
cell-2-6-2 333 431 100 58 
cell-2-6-3 433 431 100 58 
cell-2-6-4 533 431 100 58 
cell-2-6-5 633 431 100 58 
cell-2-6-6 733 431 100 58 
cell-2-6-7 833 431 100 58 
cell-2-6-8 933 431 100 58 
