table-0 196 423 657 684 
cell-0-0-0 196 423 45 43 
cell-0-0-1 241 423 45 43 
cell-0-0-2 286 423 45 43 
cell-0-0-3 331 423 45 43 
cell-0-0-4 376 423 475 43 
cell-0-1-0 196 481 45 43 
cell-0-1-1 241 481 45 43 
cell-0-1-2 286 481 45 43 
cell-0-1-3 331 481 45 43 
cell-0-1-4 376 481 475 43 
cell-0-2-0 196 539 45 43 
cell-0-2-1 241 539 45 43 
cell-0-2-2 286 539 45 43 
cell-0-2-3 331 539 45 43 
cell-0-2-4 376 539 475 43 
cell-0-3-0 196 597 45 43 
cell-0-3-1 241 597 45 43 
cell-0-3-2 286 597 45 43 
cell-0-3-3 331 597 45 43 
cell-0-3-4 376 597 475 43 
cell-0-4-0 196 655 45 43 
cell-0-4-1 241 655 45 43 
cell-0-4-2 286 655 45 43 
cell-0-4-3 331 655 45 43 
cell-0-4-4 376 655 475 43 
cell-0-5-0 196 713 45 43 
cell-0-5-1 241 713 45 43 
cell-0-5-2 286 713 45 43 
cell-0-5-3 331 713 45 43 
cell-0-5-4 376 713 475 43 
cell-0-6-0 196 771 45 43 
cell-0-6-1 241 771 45 43 
cell-0-6-2 286 771 45 43 
cell-0-6-3 331 771 45 43 
cell-0-6-4 376 771 475 43 
cell-0-7-0 196 829 45 43 
cell-0-7-1 241 829 45 43 
cell-0-7-2 286 829 45 43 
cell-0-7-3 331 829 45 43 
cell-0-7-4 376 829 475 43 
cell-0-8-0 196 887 45 43 
cell-0-8-1 241 887 45 43 
cell-0-8-2 286 887 45 43 
cell-0-8-3 331 887 45 43 
cell-0-8-4 376 887 475 43 
cell-0-9-0 196 945 45 43 
cell-0-9-1 241 945 45 43 
cell-0-9-2 286 945 45 43 
cell-0-9-3 331 945 45 43 
cell-0-9-4 376 945 475 43 
cell-0-10-0 196 1003 45 43 
cell-0-10-1 241 1003 45 43 
cell-0-10-2 286 1003 45 43 
cell-0-10-3 331 1003 45 43 
cell-0-10-4 376 1003 475 43 
cell-0-11-0 196 1061 45 43 
cell-0-11-1 241 1061 45 43 
cell-0-11-2 286 1061 45 43 
cell-0-11-3 331 1061 45 43 
cell-0-11-4 376 1061 475 43 
