table-0 96 838 900 188 
cell-0-0-0 96 838 225 33 
cell-0-0-1 321 838 225 33 
cell-0-0-2 546 838 225 33 
cell-0-0-3 771 838 225 33 
cell-0-1-0 96 876 225 33 
cell-0-1-1 321 876 225 33 
cell-0-1-2 546 876 225 33 
cell-0-1-3 771 876 225 33 
cell-0-2-0 96 914 225 33 
cell-0-2-1 321 914 225 33 
cell-0-2-2 546 914 225 33 
cell-0-2-3 771 914 225 33 
cell-0-3-0 96 952 225 33 
cell-0-3-1 321 952 225 33 
cell-0-3-2 546 952 225 33 
cell-0-3-3 771 952 225 33 
cell-0-4-0 96 990 225 33 
cell-0-4-1 321 990 225 33 
cell-0-4-2 546 990 225 33 
cell-0-4-3 771 990 225 33 
table-1 155 119 510 517 
cell-1-0-0 155 119 44 42 
cell-1-0-1 199 119 44 42 
cell-1-0-2 243 119 44 42 
cell-1-0-3 287 119 44 42 
cell-1-0-4 331 119 332 42 
cell-1-1-0 155 162 44 42 
cell-1-1-1 199 162 44 42 
cell-1-1-2 243 162 44 42 
cell-1-1-3 287 162 44 42 
cell-1-1-4 331 162 332 42 
cell-1-2-0 155 205 44 42 
cell-1-2-1 199 205 44 42 
cell-1-2-2 243 205 44 42 
cell-1-2-3 287 205 44 42 
cell-1-2-4 331 205 332 42 
cell-1-3-0 155 248 44 42 
cell-1-3-1 199 248 44 42 
cell-1-3-2 243 248 44 42 
cell-1-3-3 287 248 44 42 
cell-1-3-4 331 248 332 42 
cell-1-4-0 155 291 44 42 
cell-1-4-1 199 291 44 42 
cell-1-4-2 243 291 44 42 
cell-1-4-3 287 291 44 42 
cell-1-4-4 331 291 332 42 
cell-1-5-0 155 334 44 42 
cell-1-5-1 199 334 44 42 
cell-1-5-2 243 334 44 42 
cell-1-5-3 287 334 44 42 
cell-1-5-4 331 334 332 42 
cell-1-6-0 155 377 44 42 
cell-1-6-1 199 377 44 42 
cell-1-6-2 243 377 44 42 
cell-1-6-3 287 377 44 42 
cell-1-6-4 331 377 332 42 
cell-1-7-0 155 420 44 42 
cell-1-7-1 199 420 44 42 
cell-1-7-2 243 420 44 42 
cell-1-7-3 287 420 44 42 
cell-1-7-4 331 420 332 42 
cell-1-8-0 155 463 44 42 
cell-1-8-1 199 463 44 42 
cell-1-8-2 243 463 44 42 
cell-1-8-3 287 463 44 42 
cell-1-8-4 331 463 332 42 
cell-1-9-0 155 506 44 42 
cell-1-9-1 199 506 44 42 
cell-1-9-2 243 506 44 42 
cell-1-9-3 287 506 44 42 
cell-1-9-4 331 506 332 42 
cell-1-10-0 155 549 44 42 
cell-1-10-1 199 549 44 42 
cell-1-10-2 243 549 44 42 
cell-1-10-3 287 549 44 42 
cell-1-10-4 331 549 332 42 
cell-1-11-0 155 592 44 42 
cell-1-11-1 199 592 44 42 
cell-1-11-2 243 592 44 42 
cell-1-11-3 287 592 44 42 
cell-1-11-4 331 592 332 42 
header-2 81 1201 811 195 
row-1-1 81 1201 392 41 
row-1-2 493 1201 260 41 
row-2-1 81 1252 359 41 
row-2-2 460 1252 431 41 
row-3-1 81 1303 524 41 
row-4-1 81 1354 524 41 
