table-0 123 409 568 605 
cell-0-0-0 123 409 44 42 
cell-0-0-1 167 409 44 42 
cell-0-0-2 211 409 44 42 
cell-0-0-3 255 409 44 42 
cell-0-0-4 299 409 390 42 
cell-0-1-0 123 460 44 42 
cell-0-1-1 167 460 44 42 
cell-0-1-2 211 460 44 42 
cell-0-1-3 255 460 44 42 
cell-0-1-4 299 460 390 42 
cell-0-2-0 123 511 44 42 
cell-0-2-1 167 511 44 42 
cell-0-2-2 211 511 44 42 
cell-0-2-3 255 511 44 42 
cell-0-2-4 299 511 390 42 
cell-0-3-0 123 562 44 42 
cell-0-3-1 167 562 44 42 
cell-0-3-2 211 562 44 42 
cell-0-3-3 255 562 44 42 
cell-0-3-4 299 562 390 42 
cell-0-4-0 123 613 44 42 
cell-0-4-1 167 613 44 42 
cell-0-4-2 211 613 44 42 
cell-0-4-3 255 613 44 42 
cell-0-4-4 299 613 390 42 
cell-0-5-0 123 664 44 42 
cell-0-5-1 167 664 44 42 
cell-0-5-2 211 664 44 42 
cell-0-5-3 255 664 44 42 
cell-0-5-4 299 664 390 42 
cell-0-6-0 123 715 44 42 
cell-0-6-1 167 715 44 42 
cell-0-6-2 211 715 44 42 
cell-0-6-3 255 715 44 42 
cell-0-6-4 299 715 390 42 
cell-0-7-0 123 766 44 42 
cell-0-7-1 167 766 44 42 
cell-0-7-2 211 766 44 42 
cell-0-7-3 255 766 44 42 
cell-0-7-4 299 766 390 42 
cell-0-8-0 123 817 44 42 
cell-0-8-1 167 817 44 42 
cell-0-8-2 211 817 44 42 
cell-0-8-3 255 817 44 42 
cell-0-8-4 299 817 390 42 
cell-0-9-0 123 868 44 42 
cell-0-9-1 167 868 44 42 
cell-0-9-2 211 868 44 42 
cell-0-9-3 255 868 44 42 
cell-0-9-4 299 868 390 42 
cell-0-10-0 123 919 44 42 
cell-0-10-1 167 919 44 42 
cell-0-10-2 211 919 44 42 
cell-0-10-3 255 919 44 42 
cell-0-10-4 299 919 390 42 
cell-0-11-0 123 970 44 42 
cell-0-11-1 167 970 44 42 
cell-0-11-2 211 970 44 42 
cell-0-11-3 255 970 44 42 
cell-0-11-4 299 970 390 42 
