table-0 548 302 173 468 
cell-0-0-0 548 302 43 35 
cell-0-0-1 591 302 43 35 
cell-0-0-2 634 302 43 35 
cell-0-0-3 677 302 43 35 
cell-0-1-0 548 350 43 35 
cell-0-1-1 591 350 43 35 
cell-0-1-2 634 350 43 35 
cell-0-1-3 677 350 43 35 
cell-0-2-0 548 398 43 35 
cell-0-2-1 591 398 43 35 
cell-0-2-2 634 398 43 35 
cell-0-2-3 677 398 43 35 
cell-0-3-0 548 446 43 35 
cell-0-3-1 591 446 43 35 
cell-0-3-2 634 446 43 35 
cell-0-3-3 677 446 43 35 
cell-0-4-0 548 494 43 35 
cell-0-4-1 591 494 43 35 
cell-0-4-2 634 494 43 35 
cell-0-4-3 677 494 43 35 
cell-0-5-0 548 542 43 35 
cell-0-5-1 591 542 43 35 
cell-0-5-2 634 542 43 35 
cell-0-5-3 677 542 43 35 
cell-0-6-0 548 590 43 35 
cell-0-6-1 591 590 43 35 
cell-0-6-2 634 590 43 35 
cell-0-6-3 677 590 43 35 
cell-0-7-0 548 638 43 35 
cell-0-7-1 591 638 43 35 
cell-0-7-2 634 638 43 35 
cell-0-7-3 677 638 43 35 
cell-0-8-0 548 686 43 35 
cell-0-8-1 591 686 43 35 
cell-0-8-2 634 686 43 35 
cell-0-8-3 677 686 43 35 
cell-0-9-0 548 734 43 35 
cell-0-9-1 591 734 43 35 
cell-0-9-2 634 734 43 35 
cell-0-9-3 677 734 43 35 
