table-0 122 914 614 282 
cell-0-1-0 122 914 34 35 
cell-0-1-1 156 914 34 35 
cell-0-1-2 190 914 34 35 
cell-0-1-3 224 914 34 35 
cell-0-1-4 258 914 34 35 
cell-0-1-5 292 914 34 35 
cell-0-1-6 326 914 34 35 
cell-0-1-7 360 914 34 35 
cell-0-1-8 394 914 34 35 
cell-0-1-9 428 914 34 35 
cell-0-1-10 462 914 34 35 
cell-0-1-11 496 914 34 35 
cell-0-1-12 530 914 34 35 
cell-0-1-13 564 914 34 35 
cell-0-1-14 598 914 34 35 
cell-0-1-15 632 914 34 35 
cell-0-1-16 666 914 34 35 
cell-0-1-17 700 914 34 35 
cell-0-2-0 122 949 34 35 
cell-0-2-1 156 949 34 35 
cell-0-2-2 190 949 34 35 
cell-0-2-3 224 949 34 35 
cell-0-2-4 258 949 34 35 
cell-0-2-5 292 949 34 35 
cell-0-2-6 326 949 34 35 
cell-0-2-7 360 949 34 35 
cell-0-2-8 394 949 34 35 
cell-0-2-9 428 949 34 35 
cell-0-2-10 462 949 34 35 
cell-0-2-11 496 949 34 35 
cell-0-2-12 530 949 34 35 
cell-0-2-13 564 949 34 35 
cell-0-2-14 598 949 34 35 
cell-0-2-15 632 949 34 35 
cell-0-2-16 666 949 34 35 
cell-0-2-17 700 949 34 35 
cell-0-3-0 122 984 34 35 
cell-0-3-1 156 984 34 35 
cell-0-3-2 190 984 34 35 
cell-0-3-3 224 984 34 35 
cell-0-3-4 258 984 34 35 
cell-0-3-5 292 984 34 35 
cell-0-3-6 326 984 34 35 
cell-0-3-7 360 984 34 35 
cell-0-3-8 394 984 34 35 
cell-0-3-9 428 984 34 35 
cell-0-3-10 462 984 34 35 
cell-0-3-11 496 984 34 35 
cell-0-3-12 530 984 34 35 
cell-0-3-13 564 984 34 35 
cell-0-3-14 598 984 34 35 
cell-0-3-15 632 984 34 35 
cell-0-3-16 666 984 34 35 
cell-0-3-17 700 984 34 35 
cell-0-4-0 122 1019 34 35 
cell-0-4-1 156 1019 34 35 
cell-0-4-2 190 1019 34 35 
cell-0-4-3 224 1019 34 35 
cell-0-4-4 258 1019 34 35 
cell-0-4-5 292 1019 34 35 
cell-0-4-6 326 1019 34 35 
cell-0-4-7 360 1019 34 35 
cell-0-4-8 394 1019 34 35 
cell-0-4-9 428 1019 34 35 
cell-0-4-10 462 1019 34 35 
cell-0-4-11 496 1019 34 35 
cell-0-4-12 530 1019 34 35 
cell-0-4-13 564 1019 34 35 
cell-0-4-14 598 1019 34 35 
cell-0-4-15 632 1019 34 35 
cell-0-4-16 666 1019 34 35 
cell-0-4-17 700 1019 34 35 
cell-0-5-0 122 1054 34 35 
cell-0-5-1 156 1054 34 35 
cell-0-5-2 190 1054 34 35 
cell-0-5-3 224 1054 34 35 
cell-0-5-4 258 1054 34 35 
cell-0-5-5 292 1054 34 35 
cell-0-5-6 326 1054 34 35 
cell-0-5-7 360 1054 34 35 
cell-0-5-8 394 1054 34 35 
cell-0-5-9 428 1054 34 35 
cell-0-5-10 462 1054 34 35 
cell-0-5-11 496 1054 34 35 
cell-0-5-12 530 1054 34 35 
cell-0-5-13 564 1054 34 35 
cell-0-5-14 598 1054 34 35 
cell-0-5-15 632 1054 34 35 
cell-0-5-16 666 1054 34 35 
cell-0-5-17 700 1054 34 35 
cell-0-6-0 122 1089 34 35 
cell-0-6-1 156 1089 34 35 
cell-0-6-2 190 1089 34 35 
cell-0-6-3 224 1089 34 35 
cell-0-6-4 258 1089 34 35 
cell-0-6-5 292 1089 34 35 
cell-0-6-6 326 1089 34 35 
cell-0-6-7 360 1089 34 35 
cell-0-6-8 394 1089 34 35 
cell-0-6-9 428 1089 34 35 
cell-0-6-10 462 1089 34 35 
cell-0-6-11 496 1089 34 35 
cell-0-6-12 530 1089 34 35 
cell-0-6-13 564 1089 34 35 
cell-0-6-14 598 1089 34 35 
cell-0-6-15 632 1089 34 35 
cell-0-6-16 666 1089 34 35 
cell-0-6-17 700 1089 34 35 
cell-0-7-0 122 1124 34 35 
cell-0-7-1 156 1124 34 35 
cell-0-7-2 190 1124 34 35 
cell-0-7-3 224 1124 34 35 
cell-0-7-4 258 1124 34 35 
cell-0-7-5 292 1124 34 35 
cell-0-7-6 326 1124 34 35 
cell-0-7-7 360 1124 34 35 
cell-0-7-8 394 1124 34 35 
cell-0-7-9 428 1124 34 35 
cell-0-7-10 462 1124 34 35 
cell-0-7-11 496 1124 34 35 
cell-0-7-12 530 1124 34 35 
cell-0-7-13 564 1124 34 35 
cell-0-7-14 598 1124 34 35 
cell-0-7-15 632 1124 34 35 
cell-0-7-16 666 1124 34 35 
cell-0-7-17 700 1124 34 35 
cell-0-8-0 122 1159 34 35 
cell-0-8-1 156 1159 34 35 
cell-0-8-2 190 1159 34 35 
cell-0-8-3 224 1159 34 35 
cell-0-8-4 258 1159 34 35 
cell-0-8-5 292 1159 34 35 
cell-0-8-6 326 1159 34 35 
cell-0-8-7 360 1159 34 35 
cell-0-8-8 394 1159 34 35 
cell-0-8-9 428 1159 34 35 
cell-0-8-10 462 1159 34 35 
cell-0-8-11 496 1159 34 35 
cell-0-8-12 530 1159 34 35 
cell-0-8-13 564 1159 34 35 
cell-0-8-14 598 1159 34 35 
cell-0-8-15 632 1159 34 35 
cell-0-8-16 666 1159 34 35 
cell-0-8-17 700 1159 34 35 
table-2 420 294 342 467 
cell-2-1-0 420 294 34 35 
cell-2-1-1 454 294 34 35 
cell-2-1-2 488 294 34 35 
cell-2-1-3 522 294 34 35 
cell-2-1-4 556 294 34 35 
cell-2-1-5 590 294 34 35 
cell-2-1-6 624 294 34 35 
cell-2-1-7 658 294 34 35 
cell-2-1-8 692 294 34 35 
cell-2-1-9 726 294 34 35 
cell-2-2-0 420 337 34 35 
cell-2-2-1 454 337 34 35 
cell-2-2-2 488 337 34 35 
cell-2-2-3 522 337 34 35 
cell-2-2-4 556 337 34 35 
cell-2-2-5 590 337 34 35 
cell-2-2-6 624 337 34 35 
cell-2-2-7 658 337 34 35 
cell-2-2-8 692 337 34 35 
cell-2-2-9 726 337 34 35 
cell-2-3-0 420 380 34 35 
cell-2-3-1 454 380 34 35 
cell-2-3-2 488 380 34 35 
cell-2-3-3 522 380 34 35 
cell-2-3-4 556 380 34 35 
cell-2-3-5 590 380 34 35 
cell-2-3-6 624 380 34 35 
cell-2-3-7 658 380 34 35 
cell-2-3-8 692 380 34 35 
cell-2-3-9 726 380 34 35 
cell-2-4-0 420 423 34 35 
cell-2-4-1 454 423 34 35 
cell-2-4-2 488 423 34 35 
cell-2-4-3 522 423 34 35 
cell-2-4-4 556 423 34 35 
cell-2-4-5 590 423 34 35 
cell-2-4-6 624 423 34 35 
cell-2-4-7 658 423 34 35 
cell-2-4-8 692 423 34 35 
cell-2-4-9 726 423 34 35 
cell-2-5-0 420 466 34 35 
cell-2-5-1 454 466 34 35 
cell-2-5-2 488 466 34 35 
cell-2-5-3 522 466 34 35 
cell-2-5-4 556 466 34 35 
cell-2-5-5 590 466 34 35 
cell-2-5-6 624 466 34 35 
cell-2-5-7 658 466 34 35 
cell-2-5-8 692 466 34 35 
cell-2-5-9 726 466 34 35 
cell-2-6-0 420 509 34 35 
cell-2-6-1 454 509 34 35 
cell-2-6-2 488 509 34 35 
cell-2-6-3 522 509 34 35 
cell-2-6-4 556 509 34 35 
cell-2-6-5 590 509 34 35 
cell-2-6-6 624 509 34 35 
cell-2-6-7 658 509 34 35 
cell-2-6-8 692 509 34 35 
cell-2-6-9 726 509 34 35 
cell-2-7-0 420 552 34 35 
cell-2-7-1 454 552 34 35 
cell-2-7-2 488 552 34 35 
cell-2-7-3 522 552 34 35 
cell-2-7-4 556 552 34 35 
cell-2-7-5 590 552 34 35 
cell-2-7-6 624 552 34 35 
cell-2-7-7 658 552 34 35 
cell-2-7-8 692 552 34 35 
cell-2-7-9 726 552 34 35 
cell-2-8-0 420 595 34 35 
cell-2-8-1 454 595 34 35 
cell-2-8-2 488 595 34 35 
cell-2-8-3 522 595 34 35 
cell-2-8-4 556 595 34 35 
cell-2-8-5 590 595 34 35 
cell-2-8-6 624 595 34 35 
cell-2-8-7 658 595 34 35 
cell-2-8-8 692 595 34 35 
cell-2-8-9 726 595 34 35 
cell-2-9-0 420 638 34 35 
cell-2-9-1 454 638 34 35 
cell-2-9-2 488 638 34 35 
cell-2-9-3 522 638 34 35 
cell-2-9-4 556 638 34 35 
cell-2-9-5 590 638 34 35 
cell-2-9-6 624 638 34 35 
cell-2-9-7 658 638 34 35 
cell-2-9-8 692 638 34 35 
cell-2-9-9 726 638 34 35 
cell-2-10-0 420 681 34 35 
cell-2-10-1 454 681 34 35 
cell-2-10-2 488 681 34 35 
cell-2-10-3 522 681 34 35 
cell-2-10-4 556 681 34 35 
cell-2-10-5 590 681 34 35 
cell-2-10-6 624 681 34 35 
cell-2-10-7 658 681 34 35 
cell-2-10-8 692 681 34 35 
cell-2-10-9 726 681 34 35 
cell-2-11-0 420 724 34 35 
cell-2-11-1 454 724 34 35 
cell-2-11-2 488 724 34 35 
cell-2-11-3 522 724 34 35 
cell-2-11-4 556 724 34 35 
cell-2-11-5 590 724 34 35 
cell-2-11-6 624 724 34 35 
cell-2-11-7 658 724 34 35 
cell-2-11-8 692 724 34 35 
cell-2-11-9 726 724 34 35 
