table-0 485 780 178 510 
cell-0-0-0 485 780 44 35 
cell-0-0-1 529 780 44 35 
cell-0-0-2 573 780 44 35 
cell-0-0-3 617 780 44 35 
cell-0-1-0 485 823 44 35 
cell-0-1-1 529 823 44 35 
cell-0-1-2 573 823 44 35 
cell-0-1-3 617 823 44 35 
cell-0-2-0 485 866 44 35 
cell-0-2-1 529 866 44 35 
cell-0-2-2 573 866 44 35 
cell-0-2-3 617 866 44 35 
cell-0-3-0 485 909 44 35 
cell-0-3-1 529 909 44 35 
cell-0-3-2 573 909 44 35 
cell-0-3-3 617 909 44 35 
cell-0-4-0 485 952 44 35 
cell-0-4-1 529 952 44 35 
cell-0-4-2 573 952 44 35 
cell-0-4-3 617 952 44 35 
cell-0-5-0 485 995 44 35 
cell-0-5-1 529 995 44 35 
cell-0-5-2 573 995 44 35 
cell-0-5-3 617 995 44 35 
cell-0-6-0 485 1038 44 35 
cell-0-6-1 529 1038 44 35 
cell-0-6-2 573 1038 44 35 
cell-0-6-3 617 1038 44 35 
cell-0-7-0 485 1081 44 35 
cell-0-7-1 529 1081 44 35 
cell-0-7-2 573 1081 44 35 
cell-0-7-3 617 1081 44 35 
cell-0-8-0 485 1124 44 35 
cell-0-8-1 529 1124 44 35 
cell-0-8-2 573 1124 44 35 
cell-0-8-3 617 1124 44 35 
cell-0-9-0 485 1167 44 35 
cell-0-9-1 529 1167 44 35 
cell-0-9-2 573 1167 44 35 
cell-0-9-3 617 1167 44 35 
cell-0-10-0 485 1210 44 35 
cell-0-10-1 529 1210 44 35 
cell-0-10-2 573 1210 44 35 
cell-0-10-3 617 1210 44 35 
cell-0-11-0 485 1253 44 35 
cell-0-11-1 529 1253 44 35 
cell-0-11-2 573 1253 44 35 
cell-0-11-3 617 1253 44 35 
header-2 196 492 828 193 
row-1-1 196 492 413 40 
row-1-2 629 492 380 40 
row-2-1 196 542 314 40 
row-2-2 530 542 487 40 
row-3-1 196 592 545 40 
row-4-1 196 642 677 40 
