table-0 239 1140 628 232 
cell-0-1-0 239 1140 33 35 
cell-0-1-1 272 1140 33 35 
cell-0-1-2 305 1140 33 35 
cell-0-1-3 338 1140 33 35 
cell-0-1-4 371 1140 33 35 
cell-0-1-5 404 1140 33 35 
cell-0-1-6 437 1140 33 35 
cell-0-1-7 470 1140 33 35 
cell-0-1-8 503 1140 33 35 
cell-0-1-9 536 1140 33 35 
cell-0-1-10 569 1140 33 35 
cell-0-1-11 602 1140 33 35 
cell-0-1-12 635 1140 33 35 
cell-0-1-13 668 1140 33 35 
cell-0-1-14 701 1140 33 35 
cell-0-1-15 734 1140 33 35 
cell-0-1-16 767 1140 33 35 
cell-0-1-17 800 1140 33 35 
cell-0-1-18 833 1140 33 35 
cell-0-2-0 239 1189 33 35 
cell-0-2-1 272 1189 33 35 
cell-0-2-2 305 1189 33 35 
cell-0-2-3 338 1189 33 35 
cell-0-2-4 371 1189 33 35 
cell-0-2-5 404 1189 33 35 
cell-0-2-6 437 1189 33 35 
cell-0-2-7 470 1189 33 35 
cell-0-2-8 503 1189 33 35 
cell-0-2-9 536 1189 33 35 
cell-0-2-10 569 1189 33 35 
cell-0-2-11 602 1189 33 35 
cell-0-2-12 635 1189 33 35 
cell-0-2-13 668 1189 33 35 
cell-0-2-14 701 1189 33 35 
cell-0-2-15 734 1189 33 35 
cell-0-2-16 767 1189 33 35 
cell-0-2-17 800 1189 33 35 
cell-0-2-18 833 1189 33 35 
cell-0-3-0 239 1238 33 35 
cell-0-3-1 272 1238 33 35 
cell-0-3-2 305 1238 33 35 
cell-0-3-3 338 1238 33 35 
cell-0-3-4 371 1238 33 35 
cell-0-3-5 404 1238 33 35 
cell-0-3-6 437 1238 33 35 
cell-0-3-7 470 1238 33 35 
cell-0-3-8 503 1238 33 35 
cell-0-3-9 536 1238 33 35 
cell-0-3-10 569 1238 33 35 
cell-0-3-11 602 1238 33 35 
cell-0-3-12 635 1238 33 35 
cell-0-3-13 668 1238 33 35 
cell-0-3-14 701 1238 33 35 
cell-0-3-15 734 1238 33 35 
cell-0-3-16 767 1238 33 35 
cell-0-3-17 800 1238 33 35 
cell-0-3-18 833 1238 33 35 
cell-0-4-0 239 1287 33 35 
cell-0-4-1 272 1287 33 35 
cell-0-4-2 305 1287 33 35 
cell-0-4-3 338 1287 33 35 
cell-0-4-4 371 1287 33 35 
cell-0-4-5 404 1287 33 35 
cell-0-4-6 437 1287 33 35 
cell-0-4-7 470 1287 33 35 
cell-0-4-8 503 1287 33 35 
cell-0-4-9 536 1287 33 35 
cell-0-4-10 569 1287 33 35 
cell-0-4-11 602 1287 33 35 
cell-0-4-12 635 1287 33 35 
cell-0-4-13 668 1287 33 35 
cell-0-4-14 701 1287 33 35 
cell-0-4-15 734 1287 33 35 
cell-0-4-16 767 1287 33 35 
cell-0-4-17 800 1287 33 35 
cell-0-4-18 833 1287 33 35 
cell-0-5-0 239 1336 33 35 
cell-0-5-1 272 1336 33 35 
cell-0-5-2 305 1336 33 35 
cell-0-5-3 338 1336 33 35 
cell-0-5-4 371 1336 33 35 
cell-0-5-5 404 1336 33 35 
cell-0-5-6 437 1336 33 35 
cell-0-5-7 470 1336 33 35 
cell-0-5-8 503 1336 33 35 
cell-0-5-9 536 1336 33 35 
cell-0-5-10 569 1336 33 35 
cell-0-5-11 602 1336 33 35 
cell-0-5-12 635 1336 33 35 
cell-0-5-13 668 1336 33 35 
cell-0-5-14 701 1336 33 35 
cell-0-5-15 734 1336 33 35 
cell-0-5-16 767 1336 33 35 
cell-0-5-17 800 1336 33 35 
cell-0-5-18 833 1336 33 35 
table-2 184 232 621 592 
cell-2-0-0 184 232 43 41 
cell-2-0-1 227 232 43 41 
cell-2-0-2 270 232 43 41 
cell-2-0-3 313 232 43 41 
cell-2-0-4 356 232 43 41 
cell-2-0-5 399 232 43 41 
cell-2-0-6 442 232 363 41 
cell-2-1-0 184 282 43 41 
cell-2-1-1 227 282 43 41 
cell-2-1-2 270 282 43 41 
cell-2-1-3 313 282 43 41 
cell-2-1-4 356 282 43 41 
cell-2-1-5 399 282 43 41 
cell-2-1-6 442 282 363 41 
cell-2-2-0 184 332 43 41 
cell-2-2-1 227 332 43 41 
cell-2-2-2 270 332 43 41 
cell-2-2-3 313 332 43 41 
cell-2-2-4 356 332 43 41 
cell-2-2-5 399 332 43 41 
cell-2-2-6 442 332 363 41 
cell-2-3-0 184 382 43 41 
cell-2-3-1 227 382 43 41 
cell-2-3-2 270 382 43 41 
cell-2-3-3 313 382 43 41 
cell-2-3-4 356 382 43 41 
cell-2-3-5 399 382 43 41 
cell-2-3-6 442 382 363 41 
cell-2-4-0 184 432 43 41 
cell-2-4-1 227 432 43 41 
cell-2-4-2 270 432 43 41 
cell-2-4-3 313 432 43 41 
cell-2-4-4 356 432 43 41 
cell-2-4-5 399 432 43 41 
cell-2-4-6 442 432 363 41 
cell-2-5-0 184 482 43 41 
cell-2-5-1 227 482 43 41 
cell-2-5-2 270 482 43 41 
cell-2-5-3 313 482 43 41 
cell-2-5-4 356 482 43 41 
cell-2-5-5 399 482 43 41 
cell-2-5-6 442 482 363 41 
cell-2-6-0 184 532 43 41 
cell-2-6-1 227 532 43 41 
cell-2-6-2 270 532 43 41 
cell-2-6-3 313 532 43 41 
cell-2-6-4 356 532 43 41 
cell-2-6-5 399 532 43 41 
cell-2-6-6 442 532 363 41 
cell-2-7-0 184 582 43 41 
cell-2-7-1 227 582 43 41 
cell-2-7-2 270 582 43 41 
cell-2-7-3 313 582 43 41 
cell-2-7-4 356 582 43 41 
cell-2-7-5 399 582 43 41 
cell-2-7-6 442 582 363 41 
cell-2-8-0 184 632 43 41 
cell-2-8-1 227 632 43 41 
cell-2-8-2 270 632 43 41 
cell-2-8-3 313 632 43 41 
cell-2-8-4 356 632 43 41 
cell-2-8-5 399 632 43 41 
cell-2-8-6 442 632 363 41 
cell-2-9-0 184 682 43 41 
cell-2-9-1 227 682 43 41 
cell-2-9-2 270 682 43 41 
cell-2-9-3 313 682 43 41 
cell-2-9-4 356 682 43 41 
cell-2-9-5 399 682 43 41 
cell-2-9-6 442 682 363 41 
cell-2-10-0 184 732 43 41 
cell-2-10-1 227 732 43 41 
cell-2-10-2 270 732 43 41 
cell-2-10-3 313 732 43 41 
cell-2-10-4 356 732 43 41 
cell-2-10-5 399 732 43 41 
cell-2-10-6 442 732 363 41 
cell-2-11-0 184 782 43 41 
cell-2-11-1 227 782 43 41 
cell-2-11-2 270 782 43 41 
cell-2-11-3 313 782 43 41 
cell-2-11-4 356 782 43 41 
cell-2-11-5 399 782 43 41 
cell-2-11-6 442 782 363 41 
