table-0 324 927 600 251 
cell-0-0-0 324 927 66 34 
cell-0-0-1 390 927 66 34 
cell-0-0-2 456 927 66 34 
cell-0-0-3 522 927 66 34 
cell-0-0-4 588 927 66 34 
cell-0-0-5 654 927 66 34 
cell-0-0-6 720 927 66 34 
cell-0-0-7 786 927 66 34 
cell-0-0-8 852 927 66 34 
cell-0-1-0 324 963 66 34 
cell-0-1-1 390 963 66 34 
cell-0-1-2 456 963 66 34 
cell-0-1-3 522 963 66 34 
cell-0-1-4 588 963 66 34 
cell-0-1-5 654 963 66 34 
cell-0-1-6 720 963 66 34 
cell-0-1-7 786 963 66 34 
cell-0-1-8 852 963 66 34 
cell-0-2-0 324 999 66 34 
cell-0-2-1 390 999 66 34 
cell-0-2-2 456 999 66 34 
cell-0-2-3 522 999 66 34 
cell-0-2-4 588 999 66 34 
cell-0-2-5 654 999 66 34 
cell-0-2-6 720 999 66 34 
cell-0-2-7 786 999 66 34 
cell-0-2-8 852 999 66 34 
cell-0-3-0 324 1035 66 34 
cell-0-3-1 390 1035 66 34 
cell-0-3-2 456 1035 66 34 
cell-0-3-3 522 1035 66 34 
cell-0-3-4 588 1035 66 34 
cell-0-3-5 654 1035 66 34 
cell-0-3-6 720 1035 66 34 
cell-0-3-7 786 1035 66 34 
cell-0-3-8 852 1035 66 34 
cell-0-4-0 324 1071 66 34 
cell-0-4-1 390 1071 66 34 
cell-0-4-2 456 1071 66 34 
cell-0-4-3 522 1071 66 34 
cell-0-4-4 588 1071 66 34 
cell-0-4-5 654 1071 66 34 
cell-0-4-6 720 1071 66 34 
cell-0-4-7 786 1071 66 34 
cell-0-4-8 852 1071 66 34 
cell-0-5-0 324 1107 66 34 
cell-0-5-1 390 1107 66 34 
cell-0-5-2 456 1107 66 34 
cell-0-5-3 522 1107 66 34 
cell-0-5-4 588 1107 66 34 
cell-0-5-5 654 1107 66 34 
cell-0-5-6 720 1107 66 34 
cell-0-5-7 786 1107 66 34 
cell-0-5-8 852 1107 66 34 
cell-0-6-0 324 1143 66 34 
cell-0-6-1 390 1143 66 34 
cell-0-6-2 456 1143 66 34 
cell-0-6-3 522 1143 66 34 
cell-0-6-4 588 1143 66 34 
cell-0-6-5 654 1143 66 34 
cell-0-6-6 720 1143 66 34 
cell-0-6-7 786 1143 66 34 
cell-0-6-8 852 1143 66 34 
table-1 138 510 500 281 
cell-1-0-0 138 510 71 38 
cell-1-0-1 209 510 71 38 
cell-1-0-2 280 510 71 38 
cell-1-0-3 351 510 71 38 
cell-1-0-4 422 510 71 38 
cell-1-0-5 493 510 71 38 
cell-1-0-6 564 510 71 38 
cell-1-1-0 138 550 71 38 
cell-1-1-1 209 550 71 38 
cell-1-1-2 280 550 71 38 
cell-1-1-3 351 550 71 38 
cell-1-1-4 422 550 71 38 
cell-1-1-5 493 550 71 38 
cell-1-1-6 564 550 71 38 
cell-1-2-0 138 590 71 38 
cell-1-2-1 209 590 71 38 
cell-1-2-2 280 590 71 38 
cell-1-2-3 351 590 71 38 
cell-1-2-4 422 590 71 38 
cell-1-2-5 493 590 71 38 
cell-1-2-6 564 590 71 38 
cell-1-3-0 138 630 71 38 
cell-1-3-1 209 630 71 38 
cell-1-3-2 280 630 71 38 
cell-1-3-3 351 630 71 38 
cell-1-3-4 422 630 71 38 
cell-1-3-5 493 630 71 38 
cell-1-3-6 564 630 71 38 
cell-1-4-0 138 670 71 38 
cell-1-4-1 209 670 71 38 
cell-1-4-2 280 670 71 38 
cell-1-4-3 351 670 71 38 
cell-1-4-4 422 670 71 38 
cell-1-4-5 493 670 71 38 
cell-1-4-6 564 670 71 38 
cell-1-5-0 138 710 71 38 
cell-1-5-1 209 710 71 38 
cell-1-5-2 280 710 71 38 
cell-1-5-3 351 710 71 38 
cell-1-5-4 422 710 71 38 
cell-1-5-5 493 710 71 38 
cell-1-5-6 564 710 71 38 
cell-1-6-0 138 750 71 38 
cell-1-6-1 209 750 71 38 
cell-1-6-2 280 750 71 38 
cell-1-6-3 351 750 71 38 
cell-1-6-4 422 750 71 38 
cell-1-6-5 493 750 71 38 
cell-1-6-6 564 750 71 38 
