table-0 232 665 563 254 
cell-0-1-0 232 665 35 35 
cell-0-1-1 267 665 35 35 
cell-0-1-2 302 665 35 35 
cell-0-1-3 337 665 35 35 
cell-0-1-4 372 665 35 35 
cell-0-1-5 407 665 35 35 
cell-0-1-6 442 665 35 35 
cell-0-1-7 477 665 35 35 
cell-0-1-8 512 665 35 35 
cell-0-1-9 547 665 35 35 
cell-0-1-10 582 665 35 35 
cell-0-1-11 617 665 35 35 
cell-0-1-12 652 665 35 35 
cell-0-1-13 687 665 35 35 
cell-0-1-14 722 665 35 35 
cell-0-1-15 757 665 35 35 
cell-0-2-0 232 701 35 35 
cell-0-2-1 267 701 35 35 
cell-0-2-2 302 701 35 35 
cell-0-2-3 337 701 35 35 
cell-0-2-4 372 701 35 35 
cell-0-2-5 407 701 35 35 
cell-0-2-6 442 701 35 35 
cell-0-2-7 477 701 35 35 
cell-0-2-8 512 701 35 35 
cell-0-2-9 547 701 35 35 
cell-0-2-10 582 701 35 35 
cell-0-2-11 617 701 35 35 
cell-0-2-12 652 701 35 35 
cell-0-2-13 687 701 35 35 
cell-0-2-14 722 701 35 35 
cell-0-2-15 757 701 35 35 
cell-0-3-0 232 737 35 35 
cell-0-3-1 267 737 35 35 
cell-0-3-2 302 737 35 35 
cell-0-3-3 337 737 35 35 
cell-0-3-4 372 737 35 35 
cell-0-3-5 407 737 35 35 
cell-0-3-6 442 737 35 35 
cell-0-3-7 477 737 35 35 
cell-0-3-8 512 737 35 35 
cell-0-3-9 547 737 35 35 
cell-0-3-10 582 737 35 35 
cell-0-3-11 617 737 35 35 
cell-0-3-12 652 737 35 35 
cell-0-3-13 687 737 35 35 
cell-0-3-14 722 737 35 35 
cell-0-3-15 757 737 35 35 
cell-0-4-0 232 773 35 35 
cell-0-4-1 267 773 35 35 
cell-0-4-2 302 773 35 35 
cell-0-4-3 337 773 35 35 
cell-0-4-4 372 773 35 35 
cell-0-4-5 407 773 35 35 
cell-0-4-6 442 773 35 35 
cell-0-4-7 477 773 35 35 
cell-0-4-8 512 773 35 35 
cell-0-4-9 547 773 35 35 
cell-0-4-10 582 773 35 35 
cell-0-4-11 617 773 35 35 
cell-0-4-12 652 773 35 35 
cell-0-4-13 687 773 35 35 
cell-0-4-14 722 773 35 35 
cell-0-4-15 757 773 35 35 
cell-0-5-0 232 809 35 35 
cell-0-5-1 267 809 35 35 
cell-0-5-2 302 809 35 35 
cell-0-5-3 337 809 35 35 
cell-0-5-4 372 809 35 35 
cell-0-5-5 407 809 35 35 
cell-0-5-6 442 809 35 35 
cell-0-5-7 477 809 35 35 
cell-0-5-8 512 809 35 35 
cell-0-5-9 547 809 35 35 
cell-0-5-10 582 809 35 35 
cell-0-5-11 617 809 35 35 
cell-0-5-12 652 809 35 35 
cell-0-5-13 687 809 35 35 
cell-0-5-14 722 809 35 35 
cell-0-5-15 757 809 35 35 
cell-0-6-0 232 845 35 35 
cell-0-6-1 267 845 35 35 
cell-0-6-2 302 845 35 35 
cell-0-6-3 337 845 35 35 
cell-0-6-4 372 845 35 35 
cell-0-6-5 407 845 35 35 
cell-0-6-6 442 845 35 35 
cell-0-6-7 477 845 35 35 
cell-0-6-8 512 845 35 35 
cell-0-6-9 547 845 35 35 
cell-0-6-10 582 845 35 35 
cell-0-6-11 617 845 35 35 
cell-0-6-12 652 845 35 35 
cell-0-6-13 687 845 35 35 
cell-0-6-14 722 845 35 35 
cell-0-6-15 757 845 35 35 
cell-0-7-0 232 881 35 35 
cell-0-7-1 267 881 35 35 
cell-0-7-2 302 881 35 35 
cell-0-7-3 337 881 35 35 
cell-0-7-4 372 881 35 35 
cell-0-7-5 407 881 35 35 
cell-0-7-6 442 881 35 35 
cell-0-7-7 477 881 35 35 
cell-0-7-8 512 881 35 35 
cell-0-7-9 547 881 35 35 
cell-0-7-10 582 881 35 35 
cell-0-7-11 617 881 35 35 
cell-0-7-12 652 881 35 35 
cell-0-7-13 687 881 35 35 
cell-0-7-14 722 881 35 35 
cell-0-7-15 757 881 35 35 
