table-0 174 264 694 418 
cell-0-1-0 174 264 38 35 
cell-0-1-1 215 264 38 35 
cell-0-1-2 256 264 38 35 
cell-0-1-3 297 264 38 35 
cell-0-1-4 338 264 38 35 
cell-0-1-5 379 264 38 35 
cell-0-1-6 420 264 38 35 
cell-0-1-7 461 264 38 35 
cell-0-1-8 502 264 38 35 
cell-0-1-9 543 264 38 35 
cell-0-1-10 584 264 38 35 
cell-0-1-11 625 264 38 35 
cell-0-1-12 666 264 38 35 
cell-0-1-13 707 264 38 35 
cell-0-1-14 748 264 38 35 
cell-0-1-15 789 264 38 35 
cell-0-1-16 830 264 38 35 
cell-0-2-0 174 302 38 35 
cell-0-2-1 215 302 38 35 
cell-0-2-2 256 302 38 35 
cell-0-2-3 297 302 38 35 
cell-0-2-4 338 302 38 35 
cell-0-2-5 379 302 38 35 
cell-0-2-6 420 302 38 35 
cell-0-2-7 461 302 38 35 
cell-0-2-8 502 302 38 35 
cell-0-2-9 543 302 38 35 
cell-0-2-10 584 302 38 35 
cell-0-2-11 625 302 38 35 
cell-0-2-12 666 302 38 35 
cell-0-2-13 707 302 38 35 
cell-0-2-14 748 302 38 35 
cell-0-2-15 789 302 38 35 
cell-0-2-16 830 302 38 35 
cell-0-3-0 174 340 38 35 
cell-0-3-1 215 340 38 35 
cell-0-3-2 256 340 38 35 
cell-0-3-3 297 340 38 35 
cell-0-3-4 338 340 38 35 
cell-0-3-5 379 340 38 35 
cell-0-3-6 420 340 38 35 
cell-0-3-7 461 340 38 35 
cell-0-3-8 502 340 38 35 
cell-0-3-9 543 340 38 35 
cell-0-3-10 584 340 38 35 
cell-0-3-11 625 340 38 35 
cell-0-3-12 666 340 38 35 
cell-0-3-13 707 340 38 35 
cell-0-3-14 748 340 38 35 
cell-0-3-15 789 340 38 35 
cell-0-3-16 830 340 38 35 
cell-0-4-0 174 378 38 35 
cell-0-4-1 215 378 38 35 
cell-0-4-2 256 378 38 35 
cell-0-4-3 297 378 38 35 
cell-0-4-4 338 378 38 35 
cell-0-4-5 379 378 38 35 
cell-0-4-6 420 378 38 35 
cell-0-4-7 461 378 38 35 
cell-0-4-8 502 378 38 35 
cell-0-4-9 543 378 38 35 
cell-0-4-10 584 378 38 35 
cell-0-4-11 625 378 38 35 
cell-0-4-12 666 378 38 35 
cell-0-4-13 707 378 38 35 
cell-0-4-14 748 378 38 35 
cell-0-4-15 789 378 38 35 
cell-0-4-16 830 378 38 35 
cell-0-5-0 174 416 38 35 
cell-0-5-1 215 416 38 35 
cell-0-5-2 256 416 38 35 
cell-0-5-3 297 416 38 35 
cell-0-5-4 338 416 38 35 
cell-0-5-5 379 416 38 35 
cell-0-5-6 420 416 38 35 
cell-0-5-7 461 416 38 35 
cell-0-5-8 502 416 38 35 
cell-0-5-9 543 416 38 35 
cell-0-5-10 584 416 38 35 
cell-0-5-11 625 416 38 35 
cell-0-5-12 666 416 38 35 
cell-0-5-13 707 416 38 35 
cell-0-5-14 748 416 38 35 
cell-0-5-15 789 416 38 35 
cell-0-5-16 830 416 38 35 
cell-0-6-0 174 454 38 35 
cell-0-6-1 215 454 38 35 
cell-0-6-2 256 454 38 35 
cell-0-6-3 297 454 38 35 
cell-0-6-4 338 454 38 35 
cell-0-6-5 379 454 38 35 
cell-0-6-6 420 454 38 35 
cell-0-6-7 461 454 38 35 
cell-0-6-8 502 454 38 35 
cell-0-6-9 543 454 38 35 
cell-0-6-10 584 454 38 35 
cell-0-6-11 625 454 38 35 
cell-0-6-12 666 454 38 35 
cell-0-6-13 707 454 38 35 
cell-0-6-14 748 454 38 35 
cell-0-6-15 789 454 38 35 
cell-0-6-16 830 454 38 35 
cell-0-7-0 174 492 38 35 
cell-0-7-1 215 492 38 35 
cell-0-7-2 256 492 38 35 
cell-0-7-3 297 492 38 35 
cell-0-7-4 338 492 38 35 
cell-0-7-5 379 492 38 35 
cell-0-7-6 420 492 38 35 
cell-0-7-7 461 492 38 35 
cell-0-7-8 502 492 38 35 
cell-0-7-9 543 492 38 35 
cell-0-7-10 584 492 38 35 
cell-0-7-11 625 492 38 35 
cell-0-7-12 666 492 38 35 
cell-0-7-13 707 492 38 35 
cell-0-7-14 748 492 38 35 
cell-0-7-15 789 492 38 35 
cell-0-7-16 830 492 38 35 
cell-0-8-0 174 530 38 35 
cell-0-8-1 215 530 38 35 
cell-0-8-2 256 530 38 35 
cell-0-8-3 297 530 38 35 
cell-0-8-4 338 530 38 35 
cell-0-8-5 379 530 38 35 
cell-0-8-6 420 530 38 35 
cell-0-8-7 461 530 38 35 
cell-0-8-8 502 530 38 35 
cell-0-8-9 543 530 38 35 
cell-0-8-10 584 530 38 35 
cell-0-8-11 625 530 38 35 
cell-0-8-12 666 530 38 35 
cell-0-8-13 707 530 38 35 
cell-0-8-14 748 530 38 35 
cell-0-8-15 789 530 38 35 
cell-0-8-16 830 530 38 35 
cell-0-9-0 174 568 38 35 
cell-0-9-1 215 568 38 35 
cell-0-9-2 256 568 38 35 
cell-0-9-3 297 568 38 35 
cell-0-9-4 338 568 38 35 
cell-0-9-5 379 568 38 35 
cell-0-9-6 420 568 38 35 
cell-0-9-7 461 568 38 35 
cell-0-9-8 502 568 38 35 
cell-0-9-9 543 568 38 35 
cell-0-9-10 584 568 38 35 
cell-0-9-11 625 568 38 35 
cell-0-9-12 666 568 38 35 
cell-0-9-13 707 568 38 35 
cell-0-9-14 748 568 38 35 
cell-0-9-15 789 568 38 35 
cell-0-9-16 830 568 38 35 
cell-0-10-0 174 606 38 35 
cell-0-10-1 215 606 38 35 
cell-0-10-2 256 606 38 35 
cell-0-10-3 297 606 38 35 
cell-0-10-4 338 606 38 35 
cell-0-10-5 379 606 38 35 
cell-0-10-6 420 606 38 35 
cell-0-10-7 461 606 38 35 
cell-0-10-8 502 606 38 35 
cell-0-10-9 543 606 38 35 
cell-0-10-10 584 606 38 35 
cell-0-10-11 625 606 38 35 
cell-0-10-12 666 606 38 35 
cell-0-10-13 707 606 38 35 
cell-0-10-14 748 606 38 35 
cell-0-10-15 789 606 38 35 
cell-0-10-16 830 606 38 35 
cell-0-11-0 174 644 38 35 
cell-0-11-1 215 644 38 35 
cell-0-11-2 256 644 38 35 
cell-0-11-3 297 644 38 35 
cell-0-11-4 338 644 38 35 
cell-0-11-5 379 644 38 35 
cell-0-11-6 420 644 38 35 
cell-0-11-7 461 644 38 35 
cell-0-11-8 502 644 38 35 
cell-0-11-9 543 644 38 35 
cell-0-11-10 584 644 38 35 
cell-0-11-11 625 644 38 35 
cell-0-11-12 666 644 38 35 
cell-0-11-13 707 644 38 35 
cell-0-11-14 748 644 38 35 
cell-0-11-15 789 644 38 35 
cell-0-11-16 830 644 38 35 
