table-0 580 518 478 687 
cell-0-1-0 580 518 34 35 
cell-0-1-1 614 518 34 35 
cell-0-1-2 648 518 34 35 
cell-0-1-3 682 518 34 35 
cell-0-1-4 716 518 34 35 
cell-0-1-5 750 518 34 35 
cell-0-1-6 784 518 34 35 
cell-0-1-7 818 518 34 35 
cell-0-1-8 852 518 34 35 
cell-0-1-9 886 518 34 35 
cell-0-1-10 920 518 34 35 
cell-0-1-11 954 518 34 35 
cell-0-1-12 988 518 34 35 
cell-0-1-13 1022 518 34 35 
cell-0-2-0 580 583 34 35 
cell-0-2-1 614 583 34 35 
cell-0-2-2 648 583 34 35 
cell-0-2-3 682 583 34 35 
cell-0-2-4 716 583 34 35 
cell-0-2-5 750 583 34 35 
cell-0-2-6 784 583 34 35 
cell-0-2-7 818 583 34 35 
cell-0-2-8 852 583 34 35 
cell-0-2-9 886 583 34 35 
cell-0-2-10 920 583 34 35 
cell-0-2-11 954 583 34 35 
cell-0-2-12 988 583 34 35 
cell-0-2-13 1022 583 34 35 
cell-0-3-0 580 648 34 35 
cell-0-3-1 614 648 34 35 
cell-0-3-2 648 648 34 35 
cell-0-3-3 682 648 34 35 
cell-0-3-4 716 648 34 35 
cell-0-3-5 750 648 34 35 
cell-0-3-6 784 648 34 35 
cell-0-3-7 818 648 34 35 
cell-0-3-8 852 648 34 35 
cell-0-3-9 886 648 34 35 
cell-0-3-10 920 648 34 35 
cell-0-3-11 954 648 34 35 
cell-0-3-12 988 648 34 35 
cell-0-3-13 1022 648 34 35 
cell-0-4-0 580 713 34 35 
cell-0-4-1 614 713 34 35 
cell-0-4-2 648 713 34 35 
cell-0-4-3 682 713 34 35 
cell-0-4-4 716 713 34 35 
cell-0-4-5 750 713 34 35 
cell-0-4-6 784 713 34 35 
cell-0-4-7 818 713 34 35 
cell-0-4-8 852 713 34 35 
cell-0-4-9 886 713 34 35 
cell-0-4-10 920 713 34 35 
cell-0-4-11 954 713 34 35 
cell-0-4-12 988 713 34 35 
cell-0-4-13 1022 713 34 35 
cell-0-5-0 580 778 34 35 
cell-0-5-1 614 778 34 35 
cell-0-5-2 648 778 34 35 
cell-0-5-3 682 778 34 35 
cell-0-5-4 716 778 34 35 
cell-0-5-5 750 778 34 35 
cell-0-5-6 784 778 34 35 
cell-0-5-7 818 778 34 35 
cell-0-5-8 852 778 34 35 
cell-0-5-9 886 778 34 35 
cell-0-5-10 920 778 34 35 
cell-0-5-11 954 778 34 35 
cell-0-5-12 988 778 34 35 
cell-0-5-13 1022 778 34 35 
cell-0-6-0 580 843 34 35 
cell-0-6-1 614 843 34 35 
cell-0-6-2 648 843 34 35 
cell-0-6-3 682 843 34 35 
cell-0-6-4 716 843 34 35 
cell-0-6-5 750 843 34 35 
cell-0-6-6 784 843 34 35 
cell-0-6-7 818 843 34 35 
cell-0-6-8 852 843 34 35 
cell-0-6-9 886 843 34 35 
cell-0-6-10 920 843 34 35 
cell-0-6-11 954 843 34 35 
cell-0-6-12 988 843 34 35 
cell-0-6-13 1022 843 34 35 
cell-0-7-0 580 908 34 35 
cell-0-7-1 614 908 34 35 
cell-0-7-2 648 908 34 35 
cell-0-7-3 682 908 34 35 
cell-0-7-4 716 908 34 35 
cell-0-7-5 750 908 34 35 
cell-0-7-6 784 908 34 35 
cell-0-7-7 818 908 34 35 
cell-0-7-8 852 908 34 35 
cell-0-7-9 886 908 34 35 
cell-0-7-10 920 908 34 35 
cell-0-7-11 954 908 34 35 
cell-0-7-12 988 908 34 35 
cell-0-7-13 1022 908 34 35 
cell-0-8-0 580 973 34 35 
cell-0-8-1 614 973 34 35 
cell-0-8-2 648 973 34 35 
cell-0-8-3 682 973 34 35 
cell-0-8-4 716 973 34 35 
cell-0-8-5 750 973 34 35 
cell-0-8-6 784 973 34 35 
cell-0-8-7 818 973 34 35 
cell-0-8-8 852 973 34 35 
cell-0-8-9 886 973 34 35 
cell-0-8-10 920 973 34 35 
cell-0-8-11 954 973 34 35 
cell-0-8-12 988 973 34 35 
cell-0-8-13 1022 973 34 35 
cell-0-9-0 580 1038 34 35 
cell-0-9-1 614 1038 34 35 
cell-0-9-2 648 1038 34 35 
cell-0-9-3 682 1038 34 35 
cell-0-9-4 716 1038 34 35 
cell-0-9-5 750 1038 34 35 
cell-0-9-6 784 1038 34 35 
cell-0-9-7 818 1038 34 35 
cell-0-9-8 852 1038 34 35 
cell-0-9-9 886 1038 34 35 
cell-0-9-10 920 1038 34 35 
cell-0-9-11 954 1038 34 35 
cell-0-9-12 988 1038 34 35 
cell-0-9-13 1022 1038 34 35 
cell-0-10-0 580 1103 34 35 
cell-0-10-1 614 1103 34 35 
cell-0-10-2 648 1103 34 35 
cell-0-10-3 682 1103 34 35 
cell-0-10-4 716 1103 34 35 
cell-0-10-5 750 1103 34 35 
cell-0-10-6 784 1103 34 35 
cell-0-10-7 818 1103 34 35 
cell-0-10-8 852 1103 34 35 
cell-0-10-9 886 1103 34 35 
cell-0-10-10 920 1103 34 35 
cell-0-10-11 954 1103 34 35 
cell-0-10-12 988 1103 34 35 
cell-0-10-13 1022 1103 34 35 
cell-0-11-0 580 1168 34 35 
cell-0-11-1 614 1168 34 35 
cell-0-11-2 648 1168 34 35 
cell-0-11-3 682 1168 34 35 
cell-0-11-4 716 1168 34 35 
cell-0-11-5 750 1168 34 35 
cell-0-11-6 784 1168 34 35 
cell-0-11-7 818 1168 34 35 
cell-0-11-8 852 1168 34 35 
cell-0-11-9 886 1168 34 35 
cell-0-11-10 920 1168 34 35 
cell-0-11-11 954 1168 34 35 
cell-0-11-12 988 1168 34 35 
cell-0-11-13 1022 1168 34 35 
