table-0 259 939 800 403 
cell-0-0-0 259 939 200 54 
cell-0-0-1 459 939 200 54 
cell-0-0-2 659 939 200 54 
cell-0-0-3 859 939 200 54 
cell-0-1-0 259 997 200 54 
cell-0-1-1 459 997 200 54 
cell-0-1-2 659 997 200 54 
cell-0-1-3 859 997 200 54 
cell-0-2-0 259 1055 200 54 
cell-0-2-1 459 1055 200 54 
cell-0-2-2 659 1055 200 54 
cell-0-2-3 859 1055 200 54 
cell-0-3-0 259 1113 200 54 
cell-0-3-1 459 1113 200 54 
cell-0-3-2 659 1113 200 54 
cell-0-3-3 859 1113 200 54 
cell-0-4-0 259 1171 200 54 
cell-0-4-1 459 1171 200 54 
cell-0-4-2 659 1171 200 54 
cell-0-4-3 859 1171 200 54 
cell-0-5-0 259 1229 200 54 
cell-0-5-1 459 1229 200 54 
cell-0-5-2 659 1229 200 54 
cell-0-5-3 859 1229 200 54 
cell-0-6-0 259 1287 200 54 
cell-0-6-1 459 1287 200 54 
cell-0-6-2 659 1287 200 54 
cell-0-6-3 859 1287 200 54 
