table-0 314 724 504 413 
cell-0-1-0 314 724 36 35 
cell-0-1-1 353 724 36 35 
cell-0-1-2 392 724 36 35 
cell-0-1-3 431 724 36 35 
cell-0-1-4 470 724 36 35 
cell-0-1-5 509 724 36 35 
cell-0-1-6 548 724 36 35 
cell-0-1-7 587 724 36 35 
cell-0-1-8 626 724 36 35 
cell-0-1-9 665 724 36 35 
cell-0-1-10 704 724 36 35 
cell-0-1-11 743 724 36 35 
cell-0-1-12 782 724 36 35 
cell-0-2-0 314 771 36 35 
cell-0-2-1 353 771 36 35 
cell-0-2-2 392 771 36 35 
cell-0-2-3 431 771 36 35 
cell-0-2-4 470 771 36 35 
cell-0-2-5 509 771 36 35 
cell-0-2-6 548 771 36 35 
cell-0-2-7 587 771 36 35 
cell-0-2-8 626 771 36 35 
cell-0-2-9 665 771 36 35 
cell-0-2-10 704 771 36 35 
cell-0-2-11 743 771 36 35 
cell-0-2-12 782 771 36 35 
cell-0-3-0 314 818 36 35 
cell-0-3-1 353 818 36 35 
cell-0-3-2 392 818 36 35 
cell-0-3-3 431 818 36 35 
cell-0-3-4 470 818 36 35 
cell-0-3-5 509 818 36 35 
cell-0-3-6 548 818 36 35 
cell-0-3-7 587 818 36 35 
cell-0-3-8 626 818 36 35 
cell-0-3-9 665 818 36 35 
cell-0-3-10 704 818 36 35 
cell-0-3-11 743 818 36 35 
cell-0-3-12 782 818 36 35 
cell-0-4-0 314 865 36 35 
cell-0-4-1 353 865 36 35 
cell-0-4-2 392 865 36 35 
cell-0-4-3 431 865 36 35 
cell-0-4-4 470 865 36 35 
cell-0-4-5 509 865 36 35 
cell-0-4-6 548 865 36 35 
cell-0-4-7 587 865 36 35 
cell-0-4-8 626 865 36 35 
cell-0-4-9 665 865 36 35 
cell-0-4-10 704 865 36 35 
cell-0-4-11 743 865 36 35 
cell-0-4-12 782 865 36 35 
cell-0-5-0 314 912 36 35 
cell-0-5-1 353 912 36 35 
cell-0-5-2 392 912 36 35 
cell-0-5-3 431 912 36 35 
cell-0-5-4 470 912 36 35 
cell-0-5-5 509 912 36 35 
cell-0-5-6 548 912 36 35 
cell-0-5-7 587 912 36 35 
cell-0-5-8 626 912 36 35 
cell-0-5-9 665 912 36 35 
cell-0-5-10 704 912 36 35 
cell-0-5-11 743 912 36 35 
cell-0-5-12 782 912 36 35 
cell-0-6-0 314 959 36 35 
cell-0-6-1 353 959 36 35 
cell-0-6-2 392 959 36 35 
cell-0-6-3 431 959 36 35 
cell-0-6-4 470 959 36 35 
cell-0-6-5 509 959 36 35 
cell-0-6-6 548 959 36 35 
cell-0-6-7 587 959 36 35 
cell-0-6-8 626 959 36 35 
cell-0-6-9 665 959 36 35 
cell-0-6-10 704 959 36 35 
cell-0-6-11 743 959 36 35 
cell-0-6-12 782 959 36 35 
cell-0-7-0 314 1006 36 35 
cell-0-7-1 353 1006 36 35 
cell-0-7-2 392 1006 36 35 
cell-0-7-3 431 1006 36 35 
cell-0-7-4 470 1006 36 35 
cell-0-7-5 509 1006 36 35 
cell-0-7-6 548 1006 36 35 
cell-0-7-7 587 1006 36 35 
cell-0-7-8 626 1006 36 35 
cell-0-7-9 665 1006 36 35 
cell-0-7-10 704 1006 36 35 
cell-0-7-11 743 1006 36 35 
cell-0-7-12 782 1006 36 35 
cell-0-8-0 314 1053 36 35 
cell-0-8-1 353 1053 36 35 
cell-0-8-2 392 1053 36 35 
cell-0-8-3 431 1053 36 35 
cell-0-8-4 470 1053 36 35 
cell-0-8-5 509 1053 36 35 
cell-0-8-6 548 1053 36 35 
cell-0-8-7 587 1053 36 35 
cell-0-8-8 626 1053 36 35 
cell-0-8-9 665 1053 36 35 
cell-0-8-10 704 1053 36 35 
cell-0-8-11 743 1053 36 35 
cell-0-8-12 782 1053 36 35 
cell-0-9-0 314 1100 36 35 
cell-0-9-1 353 1100 36 35 
cell-0-9-2 392 1100 36 35 
cell-0-9-3 431 1100 36 35 
cell-0-9-4 470 1100 36 35 
cell-0-9-5 509 1100 36 35 
cell-0-9-6 548 1100 36 35 
cell-0-9-7 587 1100 36 35 
cell-0-9-8 626 1100 36 35 
cell-0-9-9 665 1100 36 35 
cell-0-9-10 704 1100 36 35 
cell-0-9-11 743 1100 36 35 
cell-0-9-12 782 1100 36 35 
