table-0 454 828 600 414 
cell-0-0-0 454 828 66 43 
cell-0-0-1 520 828 66 43 
cell-0-0-2 586 828 66 43 
cell-0-0-3 652 828 66 43 
cell-0-0-4 718 828 66 43 
cell-0-0-5 784 828 66 43 
cell-0-0-6 850 828 66 43 
cell-0-0-7 916 828 66 43 
cell-0-0-8 982 828 66 43 
cell-0-1-0 454 874 66 43 
cell-0-1-1 520 874 66 43 
cell-0-1-2 586 874 66 43 
cell-0-1-3 652 874 66 43 
cell-0-1-4 718 874 66 43 
cell-0-1-5 784 874 66 43 
cell-0-1-6 850 874 66 43 
cell-0-1-7 916 874 66 43 
cell-0-1-8 982 874 66 43 
cell-0-2-0 454 920 66 43 
cell-0-2-1 520 920 66 43 
cell-0-2-2 586 920 66 43 
cell-0-2-3 652 920 66 43 
cell-0-2-4 718 920 66 43 
cell-0-2-5 784 920 66 43 
cell-0-2-6 850 920 66 43 
cell-0-2-7 916 920 66 43 
cell-0-2-8 982 920 66 43 
cell-0-3-0 454 966 66 43 
cell-0-3-1 520 966 66 43 
cell-0-3-2 586 966 66 43 
cell-0-3-3 652 966 66 43 
cell-0-3-4 718 966 66 43 
cell-0-3-5 784 966 66 43 
cell-0-3-6 850 966 66 43 
cell-0-3-7 916 966 66 43 
cell-0-3-8 982 966 66 43 
cell-0-4-0 454 1012 66 43 
cell-0-4-1 520 1012 66 43 
cell-0-4-2 586 1012 66 43 
cell-0-4-3 652 1012 66 43 
cell-0-4-4 718 1012 66 43 
cell-0-4-5 784 1012 66 43 
cell-0-4-6 850 1012 66 43 
cell-0-4-7 916 1012 66 43 
cell-0-4-8 982 1012 66 43 
cell-0-5-0 454 1058 66 43 
cell-0-5-1 520 1058 66 43 
cell-0-5-2 586 1058 66 43 
cell-0-5-3 652 1058 66 43 
cell-0-5-4 718 1058 66 43 
cell-0-5-5 784 1058 66 43 
cell-0-5-6 850 1058 66 43 
cell-0-5-7 916 1058 66 43 
cell-0-5-8 982 1058 66 43 
cell-0-6-0 454 1104 66 43 
cell-0-6-1 520 1104 66 43 
cell-0-6-2 586 1104 66 43 
cell-0-6-3 652 1104 66 43 
cell-0-6-4 718 1104 66 43 
cell-0-6-5 784 1104 66 43 
cell-0-6-6 850 1104 66 43 
cell-0-6-7 916 1104 66 43 
cell-0-6-8 982 1104 66 43 
cell-0-7-0 454 1150 66 43 
cell-0-7-1 520 1150 66 43 
cell-0-7-2 586 1150 66 43 
cell-0-7-3 652 1150 66 43 
cell-0-7-4 718 1150 66 43 
cell-0-7-5 784 1150 66 43 
cell-0-7-6 850 1150 66 43 
cell-0-7-7 916 1150 66 43 
cell-0-7-8 982 1150 66 43 
cell-0-8-0 454 1196 66 43 
cell-0-8-1 520 1196 66 43 
cell-0-8-2 586 1196 66 43 
cell-0-8-3 652 1196 66 43 
cell-0-8-4 718 1196 66 43 
cell-0-8-5 784 1196 66 43 
cell-0-8-6 850 1196 66 43 
cell-0-8-7 916 1196 66 43 
cell-0-8-8 982 1196 66 43 
table-3 104 294 266 681 
cell-3-0-0 104 294 44 35 
cell-3-0-1 148 294 44 35 
cell-3-0-2 192 294 44 35 
cell-3-0-3 236 294 44 35 
cell-3-0-4 280 294 44 35 
cell-3-0-5 324 294 44 35 
cell-3-1-0 104 340 44 35 
cell-3-1-1 148 340 44 35 
cell-3-1-2 192 340 44 35 
cell-3-1-3 236 340 44 35 
cell-3-1-4 280 340 44 35 
cell-3-1-5 324 340 44 35 
cell-3-2-0 104 386 44 35 
cell-3-2-1 148 386 44 35 
cell-3-2-2 192 386 44 35 
cell-3-2-3 236 386 44 35 
cell-3-2-4 280 386 44 35 
cell-3-2-5 324 386 44 35 
cell-3-3-0 104 432 44 35 
cell-3-3-1 148 432 44 35 
cell-3-3-2 192 432 44 35 
cell-3-3-3 236 432 44 35 
cell-3-3-4 280 432 44 35 
cell-3-3-5 324 432 44 35 
cell-3-4-0 104 478 44 35 
cell-3-4-1 148 478 44 35 
cell-3-4-2 192 478 44 35 
cell-3-4-3 236 478 44 35 
cell-3-4-4 280 478 44 35 
cell-3-4-5 324 478 44 35 
cell-3-5-0 104 524 44 35 
cell-3-5-1 148 524 44 35 
cell-3-5-2 192 524 44 35 
cell-3-5-3 236 524 44 35 
cell-3-5-4 280 524 44 35 
cell-3-5-5 324 524 44 35 
cell-3-6-0 104 570 44 35 
cell-3-6-1 148 570 44 35 
cell-3-6-2 192 570 44 35 
cell-3-6-3 236 570 44 35 
cell-3-6-4 280 570 44 35 
cell-3-6-5 324 570 44 35 
cell-3-7-0 104 616 44 35 
cell-3-7-1 148 616 44 35 
cell-3-7-2 192 616 44 35 
cell-3-7-3 236 616 44 35 
cell-3-7-4 280 616 44 35 
cell-3-7-5 324 616 44 35 
cell-3-8-0 104 662 44 35 
cell-3-8-1 148 662 44 35 
cell-3-8-2 192 662 44 35 
cell-3-8-3 236 662 44 35 
cell-3-8-4 280 662 44 35 
cell-3-8-5 324 662 44 35 
cell-3-9-0 104 708 44 35 
cell-3-9-1 148 708 44 35 
cell-3-9-2 192 708 44 35 
cell-3-9-3 236 708 44 35 
cell-3-9-4 280 708 44 35 
cell-3-9-5 324 708 44 35 
cell-3-10-0 104 754 44 35 
cell-3-10-1 148 754 44 35 
cell-3-10-2 192 754 44 35 
cell-3-10-3 236 754 44 35 
cell-3-10-4 280 754 44 35 
cell-3-10-5 324 754 44 35 
cell-3-11-0 104 800 44 35 
cell-3-11-1 148 800 44 35 
cell-3-11-2 192 800 44 35 
cell-3-11-3 236 800 44 35 
cell-3-11-4 280 800 44 35 
cell-3-11-5 324 800 44 35 
cell-3-12-0 104 846 44 35 
cell-3-12-1 148 846 44 35 
cell-3-12-2 192 846 44 35 
cell-3-12-3 236 846 44 35 
cell-3-12-4 280 846 44 35 
cell-3-12-5 324 846 44 35 
cell-3-13-0 104 892 44 35 
cell-3-13-1 148 892 44 35 
cell-3-13-2 192 892 44 35 
cell-3-13-3 236 892 44 35 
cell-3-13-4 280 892 44 35 
cell-3-13-5 324 892 44 35 
cell-3-14-0 104 938 44 35 
cell-3-14-1 148 938 44 35 
cell-3-14-2 192 938 44 35 
cell-3-14-3 236 938 44 35 
cell-3-14-4 280 938 44 35 
cell-3-14-5 324 938 44 35 
