table-0 514 147 266 457 
cell-0-0-0 514 147 44 35 
cell-0-0-1 558 147 44 35 
cell-0-0-2 602 147 44 35 
cell-0-0-3 646 147 44 35 
cell-0-0-4 690 147 44 35 
cell-0-0-5 734 147 44 35 
cell-0-1-0 514 182 44 35 
cell-0-1-1 558 182 44 35 
cell-0-1-2 602 182 44 35 
cell-0-1-3 646 182 44 35 
cell-0-1-4 690 182 44 35 
cell-0-1-5 734 182 44 35 
cell-0-2-0 514 217 44 35 
cell-0-2-1 558 217 44 35 
cell-0-2-2 602 217 44 35 
cell-0-2-3 646 217 44 35 
cell-0-2-4 690 217 44 35 
cell-0-2-5 734 217 44 35 
cell-0-3-0 514 252 44 35 
cell-0-3-1 558 252 44 35 
cell-0-3-2 602 252 44 35 
cell-0-3-3 646 252 44 35 
cell-0-3-4 690 252 44 35 
cell-0-3-5 734 252 44 35 
cell-0-4-0 514 287 44 35 
cell-0-4-1 558 287 44 35 
cell-0-4-2 602 287 44 35 
cell-0-4-3 646 287 44 35 
cell-0-4-4 690 287 44 35 
cell-0-4-5 734 287 44 35 
cell-0-5-0 514 322 44 35 
cell-0-5-1 558 322 44 35 
cell-0-5-2 602 322 44 35 
cell-0-5-3 646 322 44 35 
cell-0-5-4 690 322 44 35 
cell-0-5-5 734 322 44 35 
cell-0-6-0 514 357 44 35 
cell-0-6-1 558 357 44 35 
cell-0-6-2 602 357 44 35 
cell-0-6-3 646 357 44 35 
cell-0-6-4 690 357 44 35 
cell-0-6-5 734 357 44 35 
cell-0-7-0 514 392 44 35 
cell-0-7-1 558 392 44 35 
cell-0-7-2 602 392 44 35 
cell-0-7-3 646 392 44 35 
cell-0-7-4 690 392 44 35 
cell-0-7-5 734 392 44 35 
cell-0-8-0 514 427 44 35 
cell-0-8-1 558 427 44 35 
cell-0-8-2 602 427 44 35 
cell-0-8-3 646 427 44 35 
cell-0-8-4 690 427 44 35 
cell-0-8-5 734 427 44 35 
cell-0-9-0 514 462 44 35 
cell-0-9-1 558 462 44 35 
cell-0-9-2 602 462 44 35 
cell-0-9-3 646 462 44 35 
cell-0-9-4 690 462 44 35 
cell-0-9-5 734 462 44 35 
cell-0-10-0 514 497 44 35 
cell-0-10-1 558 497 44 35 
cell-0-10-2 602 497 44 35 
cell-0-10-3 646 497 44 35 
cell-0-10-4 690 497 44 35 
cell-0-10-5 734 497 44 35 
cell-0-11-0 514 532 44 35 
cell-0-11-1 558 532 44 35 
cell-0-11-2 602 532 44 35 
cell-0-11-3 646 532 44 35 
cell-0-11-4 690 532 44 35 
cell-0-11-5 734 532 44 35 
cell-0-12-0 514 567 44 35 
cell-0-12-1 558 567 44 35 
cell-0-12-2 602 567 44 35 
cell-0-12-3 646 567 44 35 
cell-0-12-4 690 567 44 35 
cell-0-12-5 734 567 44 35 
table-1 307 1115 700 276 
cell-1-0-0 307 1115 140 55 
cell-1-0-1 447 1115 140 55 
cell-1-0-2 587 1115 140 55 
cell-1-0-3 727 1115 140 55 
cell-1-0-4 867 1115 140 55 
cell-1-1-0 307 1170 140 55 
cell-1-1-1 447 1170 140 55 
cell-1-1-2 587 1170 140 55 
cell-1-1-3 727 1170 140 55 
cell-1-1-4 867 1170 140 55 
cell-1-2-0 307 1225 140 55 
cell-1-2-1 447 1225 140 55 
cell-1-2-2 587 1225 140 55 
cell-1-2-3 727 1225 140 55 
cell-1-2-4 867 1225 140 55 
cell-1-3-0 307 1280 140 55 
cell-1-3-1 447 1280 140 55 
cell-1-3-2 587 1280 140 55 
cell-1-3-3 727 1280 140 55 
cell-1-3-4 867 1280 140 55 
cell-1-4-0 307 1335 140 55 
cell-1-4-1 447 1335 140 55 
cell-1-4-2 587 1335 140 55 
cell-1-4-3 727 1335 140 55 
cell-1-4-4 867 1335 140 55 
