table-0 63 237 900 431 
cell-0-0-0 63 237 225 44 
cell-0-0-1 288 237 225 44 
cell-0-0-2 513 237 225 44 
cell-0-0-3 738 237 225 44 
cell-0-1-0 63 285 225 44 
cell-0-1-1 288 285 225 44 
cell-0-1-2 513 285 225 44 
cell-0-1-3 738 285 225 44 
cell-0-2-0 63 333 225 44 
cell-0-2-1 288 333 225 44 
cell-0-2-2 513 333 225 44 
cell-0-2-3 738 333 225 44 
cell-0-3-0 63 381 225 44 
cell-0-3-1 288 381 225 44 
cell-0-3-2 513 381 225 44 
cell-0-3-3 738 381 225 44 
cell-0-4-0 63 429 225 44 
cell-0-4-1 288 429 225 44 
cell-0-4-2 513 429 225 44 
cell-0-4-3 738 429 225 44 
cell-0-5-0 63 477 225 44 
cell-0-5-1 288 477 225 44 
cell-0-5-2 513 477 225 44 
cell-0-5-3 738 477 225 44 
cell-0-6-0 63 525 225 44 
cell-0-6-1 288 525 225 44 
cell-0-6-2 513 525 225 44 
cell-0-6-3 738 525 225 44 
cell-0-7-0 63 573 225 44 
cell-0-7-1 288 573 225 44 
cell-0-7-2 513 573 225 44 
cell-0-7-3 738 573 225 44 
cell-0-8-0 63 621 225 44 
cell-0-8-1 288 621 225 44 
cell-0-8-2 513 621 225 44 
cell-0-8-3 738 621 225 44 
