table-0 85 869 800 235 
cell-0-0-0 85 869 160 34 
cell-0-0-1 245 869 160 34 
cell-0-0-2 405 869 160 34 
cell-0-0-3 565 869 160 34 
cell-0-0-4 725 869 160 34 
cell-0-1-0 85 909 160 34 
cell-0-1-1 245 909 160 34 
cell-0-1-2 405 909 160 34 
cell-0-1-3 565 909 160 34 
cell-0-1-4 725 909 160 34 
cell-0-2-0 85 949 160 34 
cell-0-2-1 245 949 160 34 
cell-0-2-2 405 949 160 34 
cell-0-2-3 565 949 160 34 
cell-0-2-4 725 949 160 34 
cell-0-3-0 85 989 160 34 
cell-0-3-1 245 989 160 34 
cell-0-3-2 405 989 160 34 
cell-0-3-3 565 989 160 34 
cell-0-3-4 725 989 160 34 
cell-0-4-0 85 1029 160 34 
cell-0-4-1 245 1029 160 34 
cell-0-4-2 405 1029 160 34 
cell-0-4-3 565 1029 160 34 
cell-0-4-4 725 1029 160 34 
cell-0-5-0 85 1069 160 34 
cell-0-5-1 245 1069 160 34 
cell-0-5-2 405 1069 160 34 
cell-0-5-3 565 1069 160 34 
cell-0-5-4 725 1069 160 34 
table-1 293 566 700 221 
cell-1-0-0 293 566 175 38 
cell-1-0-1 468 566 175 38 
cell-1-0-2 643 566 175 38 
cell-1-0-3 818 566 175 38 
cell-1-1-0 293 611 175 38 
cell-1-1-1 468 611 175 38 
cell-1-1-2 643 611 175 38 
cell-1-1-3 818 611 175 38 
cell-1-2-0 293 656 175 38 
cell-1-2-1 468 656 175 38 
cell-1-2-2 643 656 175 38 
cell-1-2-3 818 656 175 38 
cell-1-3-0 293 701 175 38 
cell-1-3-1 468 701 175 38 
cell-1-3-2 643 701 175 38 
cell-1-3-3 818 701 175 38 
cell-1-4-0 293 746 175 38 
cell-1-4-1 468 746 175 38 
cell-1-4-2 643 746 175 38 
cell-1-4-3 818 746 175 38 
