table-0 585 736 259 564 
cell-0-0-0 585 736 43 35 
cell-0-0-1 628 736 43 35 
cell-0-0-2 671 736 43 35 
cell-0-0-3 714 736 43 35 
cell-0-0-4 757 736 43 35 
cell-0-0-5 800 736 43 35 
cell-0-1-0 585 784 43 35 
cell-0-1-1 628 784 43 35 
cell-0-1-2 671 784 43 35 
cell-0-1-3 714 784 43 35 
cell-0-1-4 757 784 43 35 
cell-0-1-5 800 784 43 35 
cell-0-2-0 585 832 43 35 
cell-0-2-1 628 832 43 35 
cell-0-2-2 671 832 43 35 
cell-0-2-3 714 832 43 35 
cell-0-2-4 757 832 43 35 
cell-0-2-5 800 832 43 35 
cell-0-3-0 585 880 43 35 
cell-0-3-1 628 880 43 35 
cell-0-3-2 671 880 43 35 
cell-0-3-3 714 880 43 35 
cell-0-3-4 757 880 43 35 
cell-0-3-5 800 880 43 35 
cell-0-4-0 585 928 43 35 
cell-0-4-1 628 928 43 35 
cell-0-4-2 671 928 43 35 
cell-0-4-3 714 928 43 35 
cell-0-4-4 757 928 43 35 
cell-0-4-5 800 928 43 35 
cell-0-5-0 585 976 43 35 
cell-0-5-1 628 976 43 35 
cell-0-5-2 671 976 43 35 
cell-0-5-3 714 976 43 35 
cell-0-5-4 757 976 43 35 
cell-0-5-5 800 976 43 35 
cell-0-6-0 585 1024 43 35 
cell-0-6-1 628 1024 43 35 
cell-0-6-2 671 1024 43 35 
cell-0-6-3 714 1024 43 35 
cell-0-6-4 757 1024 43 35 
cell-0-6-5 800 1024 43 35 
cell-0-7-0 585 1072 43 35 
cell-0-7-1 628 1072 43 35 
cell-0-7-2 671 1072 43 35 
cell-0-7-3 714 1072 43 35 
cell-0-7-4 757 1072 43 35 
cell-0-7-5 800 1072 43 35 
cell-0-8-0 585 1120 43 35 
cell-0-8-1 628 1120 43 35 
cell-0-8-2 671 1120 43 35 
cell-0-8-3 714 1120 43 35 
cell-0-8-4 757 1120 43 35 
cell-0-8-5 800 1120 43 35 
cell-0-9-0 585 1168 43 35 
cell-0-9-1 628 1168 43 35 
cell-0-9-2 671 1168 43 35 
cell-0-9-3 714 1168 43 35 
cell-0-9-4 757 1168 43 35 
cell-0-9-5 800 1168 43 35 
cell-0-10-0 585 1216 43 35 
cell-0-10-1 628 1216 43 35 
cell-0-10-2 671 1216 43 35 
cell-0-10-3 714 1216 43 35 
cell-0-10-4 757 1216 43 35 
cell-0-10-5 800 1216 43 35 
cell-0-11-0 585 1264 43 35 
cell-0-11-1 628 1264 43 35 
cell-0-11-2 671 1264 43 35 
cell-0-11-3 714 1264 43 35 
cell-0-11-4 757 1264 43 35 
cell-0-11-5 800 1264 43 35 
table-3 502 126 489 293 
cell-3-1-0 502 126 38 35 
cell-3-1-1 543 126 38 35 
cell-3-1-2 584 126 38 35 
cell-3-1-3 625 126 38 35 
cell-3-1-4 666 126 38 35 
cell-3-1-5 707 126 38 35 
cell-3-1-6 748 126 38 35 
cell-3-1-7 789 126 38 35 
cell-3-1-8 830 126 38 35 
cell-3-1-9 871 126 38 35 
cell-3-1-10 912 126 38 35 
cell-3-1-11 953 126 38 35 
cell-3-2-0 502 177 38 35 
cell-3-2-1 543 177 38 35 
cell-3-2-2 584 177 38 35 
cell-3-2-3 625 177 38 35 
cell-3-2-4 666 177 38 35 
cell-3-2-5 707 177 38 35 
cell-3-2-6 748 177 38 35 
cell-3-2-7 789 177 38 35 
cell-3-2-8 830 177 38 35 
cell-3-2-9 871 177 38 35 
cell-3-2-10 912 177 38 35 
cell-3-2-11 953 177 38 35 
cell-3-3-0 502 228 38 35 
cell-3-3-1 543 228 38 35 
cell-3-3-2 584 228 38 35 
cell-3-3-3 625 228 38 35 
cell-3-3-4 666 228 38 35 
cell-3-3-5 707 228 38 35 
cell-3-3-6 748 228 38 35 
cell-3-3-7 789 228 38 35 
cell-3-3-8 830 228 38 35 
cell-3-3-9 871 228 38 35 
cell-3-3-10 912 228 38 35 
cell-3-3-11 953 228 38 35 
cell-3-4-0 502 279 38 35 
cell-3-4-1 543 279 38 35 
cell-3-4-2 584 279 38 35 
cell-3-4-3 625 279 38 35 
cell-3-4-4 666 279 38 35 
cell-3-4-5 707 279 38 35 
cell-3-4-6 748 279 38 35 
cell-3-4-7 789 279 38 35 
cell-3-4-8 830 279 38 35 
cell-3-4-9 871 279 38 35 
cell-3-4-10 912 279 38 35 
cell-3-4-11 953 279 38 35 
cell-3-5-0 502 330 38 35 
cell-3-5-1 543 330 38 35 
cell-3-5-2 584 330 38 35 
cell-3-5-3 625 330 38 35 
cell-3-5-4 666 330 38 35 
cell-3-5-5 707 330 38 35 
cell-3-5-6 748 330 38 35 
cell-3-5-7 789 330 38 35 
cell-3-5-8 830 330 38 35 
cell-3-5-9 871 330 38 35 
cell-3-5-10 912 330 38 35 
cell-3-5-11 953 330 38 35 
cell-3-6-0 502 381 38 35 
cell-3-6-1 543 381 38 35 
cell-3-6-2 584 381 38 35 
cell-3-6-3 625 381 38 35 
cell-3-6-4 666 381 38 35 
cell-3-6-5 707 381 38 35 
cell-3-6-6 748 381 38 35 
cell-3-6-7 789 381 38 35 
cell-3-6-8 830 381 38 35 
cell-3-6-9 871 381 38 35 
cell-3-6-10 912 381 38 35 
cell-3-6-11 953 381 38 35 
