table-0 60 154 1000 542 
cell-0-0-0 60 154 142 58 
cell-0-0-1 202 154 142 58 
cell-0-0-2 344 154 142 58 
cell-0-0-3 486 154 142 58 
cell-0-0-4 628 154 142 58 
cell-0-0-5 770 154 142 58 
cell-0-0-6 912 154 142 58 
cell-0-1-0 60 223 142 58 
cell-0-1-1 202 223 142 58 
cell-0-1-2 344 223 142 58 
cell-0-1-3 486 223 142 58 
cell-0-1-4 628 223 142 58 
cell-0-1-5 770 223 142 58 
cell-0-1-6 912 223 142 58 
cell-0-2-0 60 292 142 58 
cell-0-2-1 202 292 142 58 
cell-0-2-2 344 292 142 58 
cell-0-2-3 486 292 142 58 
cell-0-2-4 628 292 142 58 
cell-0-2-5 770 292 142 58 
cell-0-2-6 912 292 142 58 
cell-0-3-0 60 361 142 58 
cell-0-3-1 202 361 142 58 
cell-0-3-2 344 361 142 58 
cell-0-3-3 486 361 142 58 
cell-0-3-4 628 361 142 58 
cell-0-3-5 770 361 142 58 
cell-0-3-6 912 361 142 58 
cell-0-4-0 60 430 142 58 
cell-0-4-1 202 430 142 58 
cell-0-4-2 344 430 142 58 
cell-0-4-3 486 430 142 58 
cell-0-4-4 628 430 142 58 
cell-0-4-5 770 430 142 58 
cell-0-4-6 912 430 142 58 
cell-0-5-0 60 499 142 58 
cell-0-5-1 202 499 142 58 
cell-0-5-2 344 499 142 58 
cell-0-5-3 486 499 142 58 
cell-0-5-4 628 499 142 58 
cell-0-5-5 770 499 142 58 
cell-0-5-6 912 499 142 58 
cell-0-6-0 60 568 142 58 
cell-0-6-1 202 568 142 58 
cell-0-6-2 344 568 142 58 
cell-0-6-3 486 568 142 58 
cell-0-6-4 628 568 142 58 
cell-0-6-5 770 568 142 58 
cell-0-6-6 912 568 142 58 
cell-0-7-0 60 637 142 58 
cell-0-7-1 202 637 142 58 
cell-0-7-2 344 637 142 58 
cell-0-7-3 486 637 142 58 
cell-0-7-4 628 637 142 58 
cell-0-7-5 770 637 142 58 
cell-0-7-6 912 637 142 58 
table-2 265 913 331 351 
cell-2-1-0 265 913 33 35 
cell-2-1-1 298 913 33 35 
cell-2-1-2 331 913 33 35 
cell-2-1-3 364 913 33 35 
cell-2-1-4 397 913 33 35 
cell-2-1-5 430 913 33 35 
cell-2-1-6 463 913 33 35 
cell-2-1-7 496 913 33 35 
cell-2-1-8 529 913 33 35 
cell-2-1-9 562 913 33 35 
cell-2-2-0 265 976 33 35 
cell-2-2-1 298 976 33 35 
cell-2-2-2 331 976 33 35 
cell-2-2-3 364 976 33 35 
cell-2-2-4 397 976 33 35 
cell-2-2-5 430 976 33 35 
cell-2-2-6 463 976 33 35 
cell-2-2-7 496 976 33 35 
cell-2-2-8 529 976 33 35 
cell-2-2-9 562 976 33 35 
cell-2-3-0 265 1039 33 35 
cell-2-3-1 298 1039 33 35 
cell-2-3-2 331 1039 33 35 
cell-2-3-3 364 1039 33 35 
cell-2-3-4 397 1039 33 35 
cell-2-3-5 430 1039 33 35 
cell-2-3-6 463 1039 33 35 
cell-2-3-7 496 1039 33 35 
cell-2-3-8 529 1039 33 35 
cell-2-3-9 562 1039 33 35 
cell-2-4-0 265 1102 33 35 
cell-2-4-1 298 1102 33 35 
cell-2-4-2 331 1102 33 35 
cell-2-4-3 364 1102 33 35 
cell-2-4-4 397 1102 33 35 
cell-2-4-5 430 1102 33 35 
cell-2-4-6 463 1102 33 35 
cell-2-4-7 496 1102 33 35 
cell-2-4-8 529 1102 33 35 
cell-2-4-9 562 1102 33 35 
cell-2-5-0 265 1165 33 35 
cell-2-5-1 298 1165 33 35 
cell-2-5-2 331 1165 33 35 
cell-2-5-3 364 1165 33 35 
cell-2-5-4 397 1165 33 35 
cell-2-5-5 430 1165 33 35 
cell-2-5-6 463 1165 33 35 
cell-2-5-7 496 1165 33 35 
cell-2-5-8 529 1165 33 35 
cell-2-5-9 562 1165 33 35 
cell-2-6-0 265 1228 33 35 
cell-2-6-1 298 1228 33 35 
cell-2-6-2 331 1228 33 35 
cell-2-6-3 364 1228 33 35 
cell-2-6-4 397 1228 33 35 
cell-2-6-5 430 1228 33 35 
cell-2-6-6 463 1228 33 35 
cell-2-6-7 496 1228 33 35 
cell-2-6-8 529 1228 33 35 
cell-2-6-9 562 1228 33 35 
