table-0 162 394 679 744 
cell-0-0-0 162 394 43 41 
cell-0-0-1 205 394 43 41 
cell-0-0-2 248 394 43 41 
cell-0-0-3 291 394 43 41 
cell-0-0-4 334 394 43 41 
cell-0-0-5 377 394 463 41 
cell-0-1-0 162 448 43 41 
cell-0-1-1 205 448 43 41 
cell-0-1-2 248 448 43 41 
cell-0-1-3 291 448 43 41 
cell-0-1-4 334 448 43 41 
cell-0-1-5 377 448 463 41 
cell-0-2-0 162 502 43 41 
cell-0-2-1 205 502 43 41 
cell-0-2-2 248 502 43 41 
cell-0-2-3 291 502 43 41 
cell-0-2-4 334 502 43 41 
cell-0-2-5 377 502 463 41 
cell-0-3-0 162 556 43 41 
cell-0-3-1 205 556 43 41 
cell-0-3-2 248 556 43 41 
cell-0-3-3 291 556 43 41 
cell-0-3-4 334 556 43 41 
cell-0-3-5 377 556 463 41 
cell-0-4-0 162 610 43 41 
cell-0-4-1 205 610 43 41 
cell-0-4-2 248 610 43 41 
cell-0-4-3 291 610 43 41 
cell-0-4-4 334 610 43 41 
cell-0-4-5 377 610 463 41 
cell-0-5-0 162 664 43 41 
cell-0-5-1 205 664 43 41 
cell-0-5-2 248 664 43 41 
cell-0-5-3 291 664 43 41 
cell-0-5-4 334 664 43 41 
cell-0-5-5 377 664 463 41 
cell-0-6-0 162 718 43 41 
cell-0-6-1 205 718 43 41 
cell-0-6-2 248 718 43 41 
cell-0-6-3 291 718 43 41 
cell-0-6-4 334 718 43 41 
cell-0-6-5 377 718 463 41 
cell-0-7-0 162 772 43 41 
cell-0-7-1 205 772 43 41 
cell-0-7-2 248 772 43 41 
cell-0-7-3 291 772 43 41 
cell-0-7-4 334 772 43 41 
cell-0-7-5 377 772 463 41 
cell-0-8-0 162 826 43 41 
cell-0-8-1 205 826 43 41 
cell-0-8-2 248 826 43 41 
cell-0-8-3 291 826 43 41 
cell-0-8-4 334 826 43 41 
cell-0-8-5 377 826 463 41 
cell-0-9-0 162 880 43 41 
cell-0-9-1 205 880 43 41 
cell-0-9-2 248 880 43 41 
cell-0-9-3 291 880 43 41 
cell-0-9-4 334 880 43 41 
cell-0-9-5 377 880 463 41 
cell-0-10-0 162 934 43 41 
cell-0-10-1 205 934 43 41 
cell-0-10-2 248 934 43 41 
cell-0-10-3 291 934 43 41 
cell-0-10-4 334 934 43 41 
cell-0-10-5 377 934 463 41 
cell-0-11-0 162 988 43 41 
cell-0-11-1 205 988 43 41 
cell-0-11-2 248 988 43 41 
cell-0-11-3 291 988 43 41 
cell-0-11-4 334 988 43 41 
cell-0-11-5 377 988 463 41 
cell-0-12-0 162 1042 43 41 
cell-0-12-1 205 1042 43 41 
cell-0-12-2 248 1042 43 41 
cell-0-12-3 291 1042 43 41 
cell-0-12-4 334 1042 43 41 
cell-0-12-5 377 1042 463 41 
cell-0-13-0 162 1096 43 41 
cell-0-13-1 205 1096 43 41 
cell-0-13-2 248 1096 43 41 
cell-0-13-3 291 1096 43 41 
cell-0-13-4 334 1096 43 41 
cell-0-13-5 377 1096 463 41 
