table-0 150 259 800 507 
cell-0-0-0 150 259 88 47 
cell-0-0-1 238 259 88 47 
cell-0-0-2 326 259 88 47 
cell-0-0-3 414 259 88 47 
cell-0-0-4 502 259 88 47 
cell-0-0-5 590 259 88 47 
cell-0-0-6 678 259 88 47 
cell-0-0-7 766 259 88 47 
cell-0-0-8 854 259 88 47 
cell-0-1-0 150 310 88 47 
cell-0-1-1 238 310 88 47 
cell-0-1-2 326 310 88 47 
cell-0-1-3 414 310 88 47 
cell-0-1-4 502 310 88 47 
cell-0-1-5 590 310 88 47 
cell-0-1-6 678 310 88 47 
cell-0-1-7 766 310 88 47 
cell-0-1-8 854 310 88 47 
cell-0-2-0 150 361 88 47 
cell-0-2-1 238 361 88 47 
cell-0-2-2 326 361 88 47 
cell-0-2-3 414 361 88 47 
cell-0-2-4 502 361 88 47 
cell-0-2-5 590 361 88 47 
cell-0-2-6 678 361 88 47 
cell-0-2-7 766 361 88 47 
cell-0-2-8 854 361 88 47 
cell-0-3-0 150 412 88 47 
cell-0-3-1 238 412 88 47 
cell-0-3-2 326 412 88 47 
cell-0-3-3 414 412 88 47 
cell-0-3-4 502 412 88 47 
cell-0-3-5 590 412 88 47 
cell-0-3-6 678 412 88 47 
cell-0-3-7 766 412 88 47 
cell-0-3-8 854 412 88 47 
cell-0-4-0 150 463 88 47 
cell-0-4-1 238 463 88 47 
cell-0-4-2 326 463 88 47 
cell-0-4-3 414 463 88 47 
cell-0-4-4 502 463 88 47 
cell-0-4-5 590 463 88 47 
cell-0-4-6 678 463 88 47 
cell-0-4-7 766 463 88 47 
cell-0-4-8 854 463 88 47 
cell-0-5-0 150 514 88 47 
cell-0-5-1 238 514 88 47 
cell-0-5-2 326 514 88 47 
cell-0-5-3 414 514 88 47 
cell-0-5-4 502 514 88 47 
cell-0-5-5 590 514 88 47 
cell-0-5-6 678 514 88 47 
cell-0-5-7 766 514 88 47 
cell-0-5-8 854 514 88 47 
cell-0-6-0 150 565 88 47 
cell-0-6-1 238 565 88 47 
cell-0-6-2 326 565 88 47 
cell-0-6-3 414 565 88 47 
cell-0-6-4 502 565 88 47 
cell-0-6-5 590 565 88 47 
cell-0-6-6 678 565 88 47 
cell-0-6-7 766 565 88 47 
cell-0-6-8 854 565 88 47 
cell-0-7-0 150 616 88 47 
cell-0-7-1 238 616 88 47 
cell-0-7-2 326 616 88 47 
cell-0-7-3 414 616 88 47 
cell-0-7-4 502 616 88 47 
cell-0-7-5 590 616 88 47 
cell-0-7-6 678 616 88 47 
cell-0-7-7 766 616 88 47 
cell-0-7-8 854 616 88 47 
cell-0-8-0 150 667 88 47 
cell-0-8-1 238 667 88 47 
cell-0-8-2 326 667 88 47 
cell-0-8-3 414 667 88 47 
cell-0-8-4 502 667 88 47 
cell-0-8-5 590 667 88 47 
cell-0-8-6 678 667 88 47 
cell-0-8-7 766 667 88 47 
cell-0-8-8 854 667 88 47 
cell-0-9-0 150 718 88 47 
cell-0-9-1 238 718 88 47 
cell-0-9-2 326 718 88 47 
cell-0-9-3 414 718 88 47 
cell-0-9-4 502 718 88 47 
cell-0-9-5 590 718 88 47 
cell-0-9-6 678 718 88 47 
cell-0-9-7 766 718 88 47 
cell-0-9-8 854 718 88 47 
header-2 117 1253 854 193 
row-1-1 117 1253 311 40 
row-1-2 448 1253 344 40 
row-2-1 117 1303 377 40 
row-2-2 514 1303 449 40 
row-3-1 117 1353 509 40 
row-4-1 117 1403 674 40 
