table-0 200 910 543 365 
cell-0-1-0 200 910 36 35 
cell-0-1-1 239 910 36 35 
cell-0-1-2 278 910 36 35 
cell-0-1-3 317 910 36 35 
cell-0-1-4 356 910 36 35 
cell-0-1-5 395 910 36 35 
cell-0-1-6 434 910 36 35 
cell-0-1-7 473 910 36 35 
cell-0-1-8 512 910 36 35 
cell-0-1-9 551 910 36 35 
cell-0-1-10 590 910 36 35 
cell-0-1-11 629 910 36 35 
cell-0-1-12 668 910 36 35 
cell-0-1-13 707 910 36 35 
cell-0-2-0 200 951 36 35 
cell-0-2-1 239 951 36 35 
cell-0-2-2 278 951 36 35 
cell-0-2-3 317 951 36 35 
cell-0-2-4 356 951 36 35 
cell-0-2-5 395 951 36 35 
cell-0-2-6 434 951 36 35 
cell-0-2-7 473 951 36 35 
cell-0-2-8 512 951 36 35 
cell-0-2-9 551 951 36 35 
cell-0-2-10 590 951 36 35 
cell-0-2-11 629 951 36 35 
cell-0-2-12 668 951 36 35 
cell-0-2-13 707 951 36 35 
cell-0-3-0 200 992 36 35 
cell-0-3-1 239 992 36 35 
cell-0-3-2 278 992 36 35 
cell-0-3-3 317 992 36 35 
cell-0-3-4 356 992 36 35 
cell-0-3-5 395 992 36 35 
cell-0-3-6 434 992 36 35 
cell-0-3-7 473 992 36 35 
cell-0-3-8 512 992 36 35 
cell-0-3-9 551 992 36 35 
cell-0-3-10 590 992 36 35 
cell-0-3-11 629 992 36 35 
cell-0-3-12 668 992 36 35 
cell-0-3-13 707 992 36 35 
cell-0-4-0 200 1033 36 35 
cell-0-4-1 239 1033 36 35 
cell-0-4-2 278 1033 36 35 
cell-0-4-3 317 1033 36 35 
cell-0-4-4 356 1033 36 35 
cell-0-4-5 395 1033 36 35 
cell-0-4-6 434 1033 36 35 
cell-0-4-7 473 1033 36 35 
cell-0-4-8 512 1033 36 35 
cell-0-4-9 551 1033 36 35 
cell-0-4-10 590 1033 36 35 
cell-0-4-11 629 1033 36 35 
cell-0-4-12 668 1033 36 35 
cell-0-4-13 707 1033 36 35 
cell-0-5-0 200 1074 36 35 
cell-0-5-1 239 1074 36 35 
cell-0-5-2 278 1074 36 35 
cell-0-5-3 317 1074 36 35 
cell-0-5-4 356 1074 36 35 
cell-0-5-5 395 1074 36 35 
cell-0-5-6 434 1074 36 35 
cell-0-5-7 473 1074 36 35 
cell-0-5-8 512 1074 36 35 
cell-0-5-9 551 1074 36 35 
cell-0-5-10 590 1074 36 35 
cell-0-5-11 629 1074 36 35 
cell-0-5-12 668 1074 36 35 
cell-0-5-13 707 1074 36 35 
cell-0-6-0 200 1115 36 35 
cell-0-6-1 239 1115 36 35 
cell-0-6-2 278 1115 36 35 
cell-0-6-3 317 1115 36 35 
cell-0-6-4 356 1115 36 35 
cell-0-6-5 395 1115 36 35 
cell-0-6-6 434 1115 36 35 
cell-0-6-7 473 1115 36 35 
cell-0-6-8 512 1115 36 35 
cell-0-6-9 551 1115 36 35 
cell-0-6-10 590 1115 36 35 
cell-0-6-11 629 1115 36 35 
cell-0-6-12 668 1115 36 35 
cell-0-6-13 707 1115 36 35 
cell-0-7-0 200 1156 36 35 
cell-0-7-1 239 1156 36 35 
cell-0-7-2 278 1156 36 35 
cell-0-7-3 317 1156 36 35 
cell-0-7-4 356 1156 36 35 
cell-0-7-5 395 1156 36 35 
cell-0-7-6 434 1156 36 35 
cell-0-7-7 473 1156 36 35 
cell-0-7-8 512 1156 36 35 
cell-0-7-9 551 1156 36 35 
cell-0-7-10 590 1156 36 35 
cell-0-7-11 629 1156 36 35 
cell-0-7-12 668 1156 36 35 
cell-0-7-13 707 1156 36 35 
cell-0-8-0 200 1197 36 35 
cell-0-8-1 239 1197 36 35 
cell-0-8-2 278 1197 36 35 
cell-0-8-3 317 1197 36 35 
cell-0-8-4 356 1197 36 35 
cell-0-8-5 395 1197 36 35 
cell-0-8-6 434 1197 36 35 
cell-0-8-7 473 1197 36 35 
cell-0-8-8 512 1197 36 35 
cell-0-8-9 551 1197 36 35 
cell-0-8-10 590 1197 36 35 
cell-0-8-11 629 1197 36 35 
cell-0-8-12 668 1197 36 35 
cell-0-8-13 707 1197 36 35 
cell-0-9-0 200 1238 36 35 
cell-0-9-1 239 1238 36 35 
cell-0-9-2 278 1238 36 35 
cell-0-9-3 317 1238 36 35 
cell-0-9-4 356 1238 36 35 
cell-0-9-5 395 1238 36 35 
cell-0-9-6 434 1238 36 35 
cell-0-9-7 473 1238 36 35 
cell-0-9-8 512 1238 36 35 
cell-0-9-9 551 1238 36 35 
cell-0-9-10 590 1238 36 35 
cell-0-9-11 629 1238 36 35 
cell-0-9-12 668 1238 36 35 
cell-0-9-13 707 1238 36 35 
table-5 599 200 178 370 
cell-5-0-0 599 200 44 35 
cell-5-0-1 643 200 44 35 
cell-5-0-2 687 200 44 35 
cell-5-0-3 731 200 44 35 
cell-5-1-0 599 237 44 35 
cell-5-1-1 643 237 44 35 
cell-5-1-2 687 237 44 35 
cell-5-1-3 731 237 44 35 
cell-5-2-0 599 274 44 35 
cell-5-2-1 643 274 44 35 
cell-5-2-2 687 274 44 35 
cell-5-2-3 731 274 44 35 
cell-5-3-0 599 311 44 35 
cell-5-3-1 643 311 44 35 
cell-5-3-2 687 311 44 35 
cell-5-3-3 731 311 44 35 
cell-5-4-0 599 348 44 35 
cell-5-4-1 643 348 44 35 
cell-5-4-2 687 348 44 35 
cell-5-4-3 731 348 44 35 
cell-5-5-0 599 385 44 35 
cell-5-5-1 643 385 44 35 
cell-5-5-2 687 385 44 35 
cell-5-5-3 731 385 44 35 
cell-5-6-0 599 422 44 35 
cell-5-6-1 643 422 44 35 
cell-5-6-2 687 422 44 35 
cell-5-6-3 731 422 44 35 
cell-5-7-0 599 459 44 35 
cell-5-7-1 643 459 44 35 
cell-5-7-2 687 459 44 35 
cell-5-7-3 731 459 44 35 
cell-5-8-0 599 496 44 35 
cell-5-8-1 643 496 44 35 
cell-5-8-2 687 496 44 35 
cell-5-8-3 731 496 44 35 
cell-5-9-0 599 533 44 35 
cell-5-9-1 643 533 44 35 
cell-5-9-2 687 533 44 35 
cell-5-9-3 731 533 44 35 
