table-0 706 70 259 686 
cell-0-0-0 706 70 43 35 
cell-0-0-1 749 70 43 35 
cell-0-0-2 792 70 43 35 
cell-0-0-3 835 70 43 35 
cell-0-0-4 878 70 43 35 
cell-0-0-5 921 70 43 35 
cell-0-1-0 706 120 43 35 
cell-0-1-1 749 120 43 35 
cell-0-1-2 792 120 43 35 
cell-0-1-3 835 120 43 35 
cell-0-1-4 878 120 43 35 
cell-0-1-5 921 120 43 35 
cell-0-2-0 706 170 43 35 
cell-0-2-1 749 170 43 35 
cell-0-2-2 792 170 43 35 
cell-0-2-3 835 170 43 35 
cell-0-2-4 878 170 43 35 
cell-0-2-5 921 170 43 35 
cell-0-3-0 706 220 43 35 
cell-0-3-1 749 220 43 35 
cell-0-3-2 792 220 43 35 
cell-0-3-3 835 220 43 35 
cell-0-3-4 878 220 43 35 
cell-0-3-5 921 220 43 35 
cell-0-4-0 706 270 43 35 
cell-0-4-1 749 270 43 35 
cell-0-4-2 792 270 43 35 
cell-0-4-3 835 270 43 35 
cell-0-4-4 878 270 43 35 
cell-0-4-5 921 270 43 35 
cell-0-5-0 706 320 43 35 
cell-0-5-1 749 320 43 35 
cell-0-5-2 792 320 43 35 
cell-0-5-3 835 320 43 35 
cell-0-5-4 878 320 43 35 
cell-0-5-5 921 320 43 35 
cell-0-6-0 706 370 43 35 
cell-0-6-1 749 370 43 35 
cell-0-6-2 792 370 43 35 
cell-0-6-3 835 370 43 35 
cell-0-6-4 878 370 43 35 
cell-0-6-5 921 370 43 35 
cell-0-7-0 706 420 43 35 
cell-0-7-1 749 420 43 35 
cell-0-7-2 792 420 43 35 
cell-0-7-3 835 420 43 35 
cell-0-7-4 878 420 43 35 
cell-0-7-5 921 420 43 35 
cell-0-8-0 706 470 43 35 
cell-0-8-1 749 470 43 35 
cell-0-8-2 792 470 43 35 
cell-0-8-3 835 470 43 35 
cell-0-8-4 878 470 43 35 
cell-0-8-5 921 470 43 35 
cell-0-9-0 706 520 43 35 
cell-0-9-1 749 520 43 35 
cell-0-9-2 792 520 43 35 
cell-0-9-3 835 520 43 35 
cell-0-9-4 878 520 43 35 
cell-0-9-5 921 520 43 35 
cell-0-10-0 706 570 43 35 
cell-0-10-1 749 570 43 35 
cell-0-10-2 792 570 43 35 
cell-0-10-3 835 570 43 35 
cell-0-10-4 878 570 43 35 
cell-0-10-5 921 570 43 35 
cell-0-11-0 706 620 43 35 
cell-0-11-1 749 620 43 35 
cell-0-11-2 792 620 43 35 
cell-0-11-3 835 620 43 35 
cell-0-11-4 878 620 43 35 
cell-0-11-5 921 620 43 35 
cell-0-12-0 706 670 43 35 
cell-0-12-1 749 670 43 35 
cell-0-12-2 792 670 43 35 
cell-0-12-3 835 670 43 35 
cell-0-12-4 878 670 43 35 
cell-0-12-5 921 670 43 35 
cell-0-13-0 706 720 43 35 
cell-0-13-1 749 720 43 35 
cell-0-13-2 792 720 43 35 
cell-0-13-3 835 720 43 35 
cell-0-13-4 878 720 43 35 
cell-0-13-5 921 720 43 35 
table-1 125 1095 600 351 
cell-1-0-0 125 1095 100 42 
cell-1-0-1 225 1095 100 42 
cell-1-0-2 325 1095 100 42 
cell-1-0-3 425 1095 100 42 
cell-1-0-4 525 1095 100 42 
cell-1-0-5 625 1095 100 42 
cell-1-1-0 125 1139 100 42 
cell-1-1-1 225 1139 100 42 
cell-1-1-2 325 1139 100 42 
cell-1-1-3 425 1139 100 42 
cell-1-1-4 525 1139 100 42 
cell-1-1-5 625 1139 100 42 
cell-1-2-0 125 1183 100 42 
cell-1-2-1 225 1183 100 42 
cell-1-2-2 325 1183 100 42 
cell-1-2-3 425 1183 100 42 
cell-1-2-4 525 1183 100 42 
cell-1-2-5 625 1183 100 42 
cell-1-3-0 125 1227 100 42 
cell-1-3-1 225 1227 100 42 
cell-1-3-2 325 1227 100 42 
cell-1-3-3 425 1227 100 42 
cell-1-3-4 525 1227 100 42 
cell-1-3-5 625 1227 100 42 
cell-1-4-0 125 1271 100 42 
cell-1-4-1 225 1271 100 42 
cell-1-4-2 325 1271 100 42 
cell-1-4-3 425 1271 100 42 
cell-1-4-4 525 1271 100 42 
cell-1-4-5 625 1271 100 42 
cell-1-5-0 125 1315 100 42 
cell-1-5-1 225 1315 100 42 
cell-1-5-2 325 1315 100 42 
cell-1-5-3 425 1315 100 42 
cell-1-5-4 525 1315 100 42 
cell-1-5-5 625 1315 100 42 
cell-1-6-0 125 1359 100 42 
cell-1-6-1 225 1359 100 42 
cell-1-6-2 325 1359 100 42 
cell-1-6-3 425 1359 100 42 
cell-1-6-4 525 1359 100 42 
cell-1-6-5 625 1359 100 42 
cell-1-7-0 125 1403 100 42 
cell-1-7-1 225 1403 100 42 
cell-1-7-2 325 1403 100 42 
cell-1-7-3 425 1403 100 42 
cell-1-7-4 525 1403 100 42 
cell-1-7-5 625 1403 100 42 
