table-0 468 245 545 544 
cell-0-0-0 468 245 44 42 
cell-0-0-1 512 245 44 42 
cell-0-0-2 556 245 44 42 
cell-0-0-3 600 245 44 42 
cell-0-0-4 644 245 367 42 
cell-0-1-0 468 295 44 42 
cell-0-1-1 512 295 44 42 
cell-0-1-2 556 295 44 42 
cell-0-1-3 600 295 44 42 
cell-0-1-4 644 295 367 42 
cell-0-2-0 468 345 44 42 
cell-0-2-1 512 345 44 42 
cell-0-2-2 556 345 44 42 
cell-0-2-3 600 345 44 42 
cell-0-2-4 644 345 367 42 
cell-0-3-0 468 395 44 42 
cell-0-3-1 512 395 44 42 
cell-0-3-2 556 395 44 42 
cell-0-3-3 600 395 44 42 
cell-0-3-4 644 395 367 42 
cell-0-4-0 468 445 44 42 
cell-0-4-1 512 445 44 42 
cell-0-4-2 556 445 44 42 
cell-0-4-3 600 445 44 42 
cell-0-4-4 644 445 367 42 
cell-0-5-0 468 495 44 42 
cell-0-5-1 512 495 44 42 
cell-0-5-2 556 495 44 42 
cell-0-5-3 600 495 44 42 
cell-0-5-4 644 495 367 42 
cell-0-6-0 468 545 44 42 
cell-0-6-1 512 545 44 42 
cell-0-6-2 556 545 44 42 
cell-0-6-3 600 545 44 42 
cell-0-6-4 644 545 367 42 
cell-0-7-0 468 595 44 42 
cell-0-7-1 512 595 44 42 
cell-0-7-2 556 595 44 42 
cell-0-7-3 600 595 44 42 
cell-0-7-4 644 595 367 42 
cell-0-8-0 468 645 44 42 
cell-0-8-1 512 645 44 42 
cell-0-8-2 556 645 44 42 
cell-0-8-3 600 645 44 42 
cell-0-8-4 644 645 367 42 
cell-0-9-0 468 695 44 42 
cell-0-9-1 512 695 44 42 
cell-0-9-2 556 695 44 42 
cell-0-9-3 600 695 44 42 
cell-0-9-4 644 695 367 42 
cell-0-10-0 468 745 44 42 
cell-0-10-1 512 745 44 42 
cell-0-10-2 556 745 44 42 
cell-0-10-3 600 745 44 42 
cell-0-10-4 644 745 367 42 
table-2 275 1302 612 143 
cell-2-1-0 275 1302 38 35 
cell-2-1-1 316 1302 38 35 
cell-2-1-2 357 1302 38 35 
cell-2-1-3 398 1302 38 35 
cell-2-1-4 439 1302 38 35 
cell-2-1-5 480 1302 38 35 
cell-2-1-6 521 1302 38 35 
cell-2-1-7 562 1302 38 35 
cell-2-1-8 603 1302 38 35 
cell-2-1-9 644 1302 38 35 
cell-2-1-10 685 1302 38 35 
cell-2-1-11 726 1302 38 35 
cell-2-1-12 767 1302 38 35 
cell-2-1-13 808 1302 38 35 
cell-2-1-14 849 1302 38 35 
cell-2-2-0 275 1337 38 35 
cell-2-2-1 316 1337 38 35 
cell-2-2-2 357 1337 38 35 
cell-2-2-3 398 1337 38 35 
cell-2-2-4 439 1337 38 35 
cell-2-2-5 480 1337 38 35 
cell-2-2-6 521 1337 38 35 
cell-2-2-7 562 1337 38 35 
cell-2-2-8 603 1337 38 35 
cell-2-2-9 644 1337 38 35 
cell-2-2-10 685 1337 38 35 
cell-2-2-11 726 1337 38 35 
cell-2-2-12 767 1337 38 35 
cell-2-2-13 808 1337 38 35 
cell-2-2-14 849 1337 38 35 
cell-2-3-0 275 1372 38 35 
cell-2-3-1 316 1372 38 35 
cell-2-3-2 357 1372 38 35 
cell-2-3-3 398 1372 38 35 
cell-2-3-4 439 1372 38 35 
cell-2-3-5 480 1372 38 35 
cell-2-3-6 521 1372 38 35 
cell-2-3-7 562 1372 38 35 
cell-2-3-8 603 1372 38 35 
cell-2-3-9 644 1372 38 35 
cell-2-3-10 685 1372 38 35 
cell-2-3-11 726 1372 38 35 
cell-2-3-12 767 1372 38 35 
cell-2-3-13 808 1372 38 35 
cell-2-3-14 849 1372 38 35 
cell-2-4-0 275 1407 38 35 
cell-2-4-1 316 1407 38 35 
cell-2-4-2 357 1407 38 35 
cell-2-4-3 398 1407 38 35 
cell-2-4-4 439 1407 38 35 
cell-2-4-5 480 1407 38 35 
cell-2-4-6 521 1407 38 35 
cell-2-4-7 562 1407 38 35 
cell-2-4-8 603 1407 38 35 
cell-2-4-9 644 1407 38 35 
cell-2-4-10 685 1407 38 35 
cell-2-4-11 726 1407 38 35 
cell-2-4-12 767 1407 38 35 
cell-2-4-13 808 1407 38 35 
cell-2-4-14 849 1407 38 35 
