table-0 253 389 600 526 
cell-0-0-0 253 389 150 48 
cell-0-0-1 403 389 150 48 
cell-0-0-2 553 389 150 48 
cell-0-0-3 703 389 150 48 
cell-0-1-0 253 442 150 48 
cell-0-1-1 403 442 150 48 
cell-0-1-2 553 442 150 48 
cell-0-1-3 703 442 150 48 
cell-0-2-0 253 495 150 48 
cell-0-2-1 403 495 150 48 
cell-0-2-2 553 495 150 48 
cell-0-2-3 703 495 150 48 
cell-0-3-0 253 548 150 48 
cell-0-3-1 403 548 150 48 
cell-0-3-2 553 548 150 48 
cell-0-3-3 703 548 150 48 
cell-0-4-0 253 601 150 48 
cell-0-4-1 403 601 150 48 
cell-0-4-2 553 601 150 48 
cell-0-4-3 703 601 150 48 
cell-0-5-0 253 654 150 48 
cell-0-5-1 403 654 150 48 
cell-0-5-2 553 654 150 48 
cell-0-5-3 703 654 150 48 
cell-0-6-0 253 707 150 48 
cell-0-6-1 403 707 150 48 
cell-0-6-2 553 707 150 48 
cell-0-6-3 703 707 150 48 
cell-0-7-0 253 760 150 48 
cell-0-7-1 403 760 150 48 
cell-0-7-2 553 760 150 48 
cell-0-7-3 703 760 150 48 
cell-0-8-0 253 813 150 48 
cell-0-8-1 403 813 150 48 
cell-0-8-2 553 813 150 48 
cell-0-8-3 703 813 150 48 
cell-0-9-0 253 866 150 48 
cell-0-9-1 403 866 150 48 
cell-0-9-2 553 866 150 48 
cell-0-9-3 703 866 150 48 
