header-0 127 672 914 193 
row-1-1 127 672 336 40 
row-1-2 483 672 303 40 
row-2-1 127 722 402 40 
row-2-2 549 722 487 40 
row-3-1 127 772 534 40 
row-4-1 127 822 534 40 
table-1 248 1048 800 310 
cell-1-0-0 248 1048 114 44 
cell-1-0-1 362 1048 114 44 
cell-1-0-2 476 1048 114 44 
cell-1-0-3 590 1048 114 44 
cell-1-0-4 704 1048 114 44 
cell-1-0-5 818 1048 114 44 
cell-1-0-6 932 1048 114 44 
cell-1-1-0 248 1092 114 44 
cell-1-1-1 362 1092 114 44 
cell-1-1-2 476 1092 114 44 
cell-1-1-3 590 1092 114 44 
cell-1-1-4 704 1092 114 44 
cell-1-1-5 818 1092 114 44 
cell-1-1-6 932 1092 114 44 
cell-1-2-0 248 1136 114 44 
cell-1-2-1 362 1136 114 44 
cell-1-2-2 476 1136 114 44 
cell-1-2-3 590 1136 114 44 
cell-1-2-4 704 1136 114 44 
cell-1-2-5 818 1136 114 44 
cell-1-2-6 932 1136 114 44 
cell-1-3-0 248 1180 114 44 
cell-1-3-1 362 1180 114 44 
cell-1-3-2 476 1180 114 44 
cell-1-3-3 590 1180 114 44 
cell-1-3-4 704 1180 114 44 
cell-1-3-5 818 1180 114 44 
cell-1-3-6 932 1180 114 44 
cell-1-4-0 248 1224 114 44 
cell-1-4-1 362 1224 114 44 
cell-1-4-2 476 1224 114 44 
cell-1-4-3 590 1224 114 44 
cell-1-4-4 704 1224 114 44 
cell-1-4-5 818 1224 114 44 
cell-1-4-6 932 1224 114 44 
cell-1-5-0 248 1268 114 44 
cell-1-5-1 362 1268 114 44 
cell-1-5-2 476 1268 114 44 
cell-1-5-3 590 1268 114 44 
cell-1-5-4 704 1268 114 44 
cell-1-5-5 818 1268 114 44 
cell-1-5-6 932 1268 114 44 
cell-1-6-0 248 1312 114 44 
cell-1-6-1 362 1312 114 44 
cell-1-6-2 476 1312 114 44 
cell-1-6-3 590 1312 114 44 
cell-1-6-4 704 1312 114 44 
cell-1-6-5 818 1312 114 44 
cell-1-6-6 932 1312 114 44 
header-2 81 388 843 195 
row-1-1 81 388 323 41 
row-1-2 424 388 257 41 
row-2-1 81 439 389 41 
row-2-2 490 439 432 41 
row-3-1 81 490 587 41 
row-4-1 81 541 785 41 
