table-0 630 717 407 428 
cell-0-1-0 630 717 38 35 
cell-0-1-1 671 717 38 35 
cell-0-1-2 712 717 38 35 
cell-0-1-3 753 717 38 35 
cell-0-1-4 794 717 38 35 
cell-0-1-5 835 717 38 35 
cell-0-1-6 876 717 38 35 
cell-0-1-7 917 717 38 35 
cell-0-1-8 958 717 38 35 
cell-0-1-9 999 717 38 35 
cell-0-2-0 630 756 38 35 
cell-0-2-1 671 756 38 35 
cell-0-2-2 712 756 38 35 
cell-0-2-3 753 756 38 35 
cell-0-2-4 794 756 38 35 
cell-0-2-5 835 756 38 35 
cell-0-2-6 876 756 38 35 
cell-0-2-7 917 756 38 35 
cell-0-2-8 958 756 38 35 
cell-0-2-9 999 756 38 35 
cell-0-3-0 630 795 38 35 
cell-0-3-1 671 795 38 35 
cell-0-3-2 712 795 38 35 
cell-0-3-3 753 795 38 35 
cell-0-3-4 794 795 38 35 
cell-0-3-5 835 795 38 35 
cell-0-3-6 876 795 38 35 
cell-0-3-7 917 795 38 35 
cell-0-3-8 958 795 38 35 
cell-0-3-9 999 795 38 35 
cell-0-4-0 630 834 38 35 
cell-0-4-1 671 834 38 35 
cell-0-4-2 712 834 38 35 
cell-0-4-3 753 834 38 35 
cell-0-4-4 794 834 38 35 
cell-0-4-5 835 834 38 35 
cell-0-4-6 876 834 38 35 
cell-0-4-7 917 834 38 35 
cell-0-4-8 958 834 38 35 
cell-0-4-9 999 834 38 35 
cell-0-5-0 630 873 38 35 
cell-0-5-1 671 873 38 35 
cell-0-5-2 712 873 38 35 
cell-0-5-3 753 873 38 35 
cell-0-5-4 794 873 38 35 
cell-0-5-5 835 873 38 35 
cell-0-5-6 876 873 38 35 
cell-0-5-7 917 873 38 35 
cell-0-5-8 958 873 38 35 
cell-0-5-9 999 873 38 35 
cell-0-6-0 630 912 38 35 
cell-0-6-1 671 912 38 35 
cell-0-6-2 712 912 38 35 
cell-0-6-3 753 912 38 35 
cell-0-6-4 794 912 38 35 
cell-0-6-5 835 912 38 35 
cell-0-6-6 876 912 38 35 
cell-0-6-7 917 912 38 35 
cell-0-6-8 958 912 38 35 
cell-0-6-9 999 912 38 35 
cell-0-7-0 630 951 38 35 
cell-0-7-1 671 951 38 35 
cell-0-7-2 712 951 38 35 
cell-0-7-3 753 951 38 35 
cell-0-7-4 794 951 38 35 
cell-0-7-5 835 951 38 35 
cell-0-7-6 876 951 38 35 
cell-0-7-7 917 951 38 35 
cell-0-7-8 958 951 38 35 
cell-0-7-9 999 951 38 35 
cell-0-8-0 630 990 38 35 
cell-0-8-1 671 990 38 35 
cell-0-8-2 712 990 38 35 
cell-0-8-3 753 990 38 35 
cell-0-8-4 794 990 38 35 
cell-0-8-5 835 990 38 35 
cell-0-8-6 876 990 38 35 
cell-0-8-7 917 990 38 35 
cell-0-8-8 958 990 38 35 
cell-0-8-9 999 990 38 35 
cell-0-9-0 630 1029 38 35 
cell-0-9-1 671 1029 38 35 
cell-0-9-2 712 1029 38 35 
cell-0-9-3 753 1029 38 35 
cell-0-9-4 794 1029 38 35 
cell-0-9-5 835 1029 38 35 
cell-0-9-6 876 1029 38 35 
cell-0-9-7 917 1029 38 35 
cell-0-9-8 958 1029 38 35 
cell-0-9-9 999 1029 38 35 
cell-0-10-0 630 1068 38 35 
cell-0-10-1 671 1068 38 35 
cell-0-10-2 712 1068 38 35 
cell-0-10-3 753 1068 38 35 
cell-0-10-4 794 1068 38 35 
cell-0-10-5 835 1068 38 35 
cell-0-10-6 876 1068 38 35 
cell-0-10-7 917 1068 38 35 
cell-0-10-8 958 1068 38 35 
cell-0-10-9 999 1068 38 35 
cell-0-11-0 630 1107 38 35 
cell-0-11-1 671 1107 38 35 
cell-0-11-2 712 1107 38 35 
cell-0-11-3 753 1107 38 35 
cell-0-11-4 794 1107 38 35 
cell-0-11-5 835 1107 38 35 
cell-0-11-6 876 1107 38 35 
cell-0-11-7 917 1107 38 35 
cell-0-11-8 958 1107 38 35 
cell-0-11-9 999 1107 38 35 
table-1 143 183 463 222 
cell-1-1-0 143 183 33 35 
cell-1-1-1 176 183 33 35 
cell-1-1-2 209 183 33 35 
cell-1-1-3 242 183 33 35 
cell-1-1-4 275 183 33 35 
cell-1-1-5 308 183 33 35 
cell-1-1-6 341 183 33 35 
cell-1-1-7 374 183 33 35 
cell-1-1-8 407 183 33 35 
cell-1-1-9 440 183 33 35 
cell-1-1-10 473 183 33 35 
cell-1-1-11 506 183 33 35 
cell-1-1-12 539 183 33 35 
cell-1-1-13 572 183 33 35 
cell-1-2-0 143 245 33 35 
cell-1-2-1 176 245 33 35 
cell-1-2-2 209 245 33 35 
cell-1-2-3 242 245 33 35 
cell-1-2-4 275 245 33 35 
cell-1-2-5 308 245 33 35 
cell-1-2-6 341 245 33 35 
cell-1-2-7 374 245 33 35 
cell-1-2-8 407 245 33 35 
cell-1-2-9 440 245 33 35 
cell-1-2-10 473 245 33 35 
cell-1-2-11 506 245 33 35 
cell-1-2-12 539 245 33 35 
cell-1-2-13 572 245 33 35 
cell-1-3-0 143 307 33 35 
cell-1-3-1 176 307 33 35 
cell-1-3-2 209 307 33 35 
cell-1-3-3 242 307 33 35 
cell-1-3-4 275 307 33 35 
cell-1-3-5 308 307 33 35 
cell-1-3-6 341 307 33 35 
cell-1-3-7 374 307 33 35 
cell-1-3-8 407 307 33 35 
cell-1-3-9 440 307 33 35 
cell-1-3-10 473 307 33 35 
cell-1-3-11 506 307 33 35 
cell-1-3-12 539 307 33 35 
cell-1-3-13 572 307 33 35 
cell-1-4-0 143 369 33 35 
cell-1-4-1 176 369 33 35 
cell-1-4-2 209 369 33 35 
cell-1-4-3 242 369 33 35 
cell-1-4-4 275 369 33 35 
cell-1-4-5 308 369 33 35 
cell-1-4-6 341 369 33 35 
cell-1-4-7 374 369 33 35 
cell-1-4-8 407 369 33 35 
cell-1-4-9 440 369 33 35 
cell-1-4-10 473 369 33 35 
cell-1-4-11 506 369 33 35 
cell-1-4-12 539 369 33 35 
cell-1-4-13 572 369 33 35 
