table-0 173 984 663 147 
cell-0-1-0 173 984 34 35 
cell-0-1-1 210 984 34 35 
cell-0-1-2 247 984 34 35 
cell-0-1-3 284 984 34 35 
cell-0-1-4 321 984 34 35 
cell-0-1-5 358 984 34 35 
cell-0-1-6 395 984 34 35 
cell-0-1-7 432 984 34 35 
cell-0-1-8 469 984 34 35 
cell-0-1-9 506 984 34 35 
cell-0-1-10 543 984 34 35 
cell-0-1-11 580 984 34 35 
cell-0-1-12 617 984 34 35 
cell-0-1-13 654 984 34 35 
cell-0-1-14 691 984 34 35 
cell-0-1-15 728 984 34 35 
cell-0-1-16 765 984 34 35 
cell-0-1-17 802 984 34 35 
cell-0-2-0 173 1021 34 35 
cell-0-2-1 210 1021 34 35 
cell-0-2-2 247 1021 34 35 
cell-0-2-3 284 1021 34 35 
cell-0-2-4 321 1021 34 35 
cell-0-2-5 358 1021 34 35 
cell-0-2-6 395 1021 34 35 
cell-0-2-7 432 1021 34 35 
cell-0-2-8 469 1021 34 35 
cell-0-2-9 506 1021 34 35 
cell-0-2-10 543 1021 34 35 
cell-0-2-11 580 1021 34 35 
cell-0-2-12 617 1021 34 35 
cell-0-2-13 654 1021 34 35 
cell-0-2-14 691 1021 34 35 
cell-0-2-15 728 1021 34 35 
cell-0-2-16 765 1021 34 35 
cell-0-2-17 802 1021 34 35 
cell-0-3-0 173 1058 34 35 
cell-0-3-1 210 1058 34 35 
cell-0-3-2 247 1058 34 35 
cell-0-3-3 284 1058 34 35 
cell-0-3-4 321 1058 34 35 
cell-0-3-5 358 1058 34 35 
cell-0-3-6 395 1058 34 35 
cell-0-3-7 432 1058 34 35 
cell-0-3-8 469 1058 34 35 
cell-0-3-9 506 1058 34 35 
cell-0-3-10 543 1058 34 35 
cell-0-3-11 580 1058 34 35 
cell-0-3-12 617 1058 34 35 
cell-0-3-13 654 1058 34 35 
cell-0-3-14 691 1058 34 35 
cell-0-3-15 728 1058 34 35 
cell-0-3-16 765 1058 34 35 
cell-0-3-17 802 1058 34 35 
cell-0-4-0 173 1095 34 35 
cell-0-4-1 210 1095 34 35 
cell-0-4-2 247 1095 34 35 
cell-0-4-3 284 1095 34 35 
cell-0-4-4 321 1095 34 35 
cell-0-4-5 358 1095 34 35 
cell-0-4-6 395 1095 34 35 
cell-0-4-7 432 1095 34 35 
cell-0-4-8 469 1095 34 35 
cell-0-4-9 506 1095 34 35 
cell-0-4-10 543 1095 34 35 
cell-0-4-11 580 1095 34 35 
cell-0-4-12 617 1095 34 35 
cell-0-4-13 654 1095 34 35 
cell-0-4-14 691 1095 34 35 
cell-0-4-15 728 1095 34 35 
cell-0-4-16 765 1095 34 35 
cell-0-4-17 802 1095 34 35 
