header-0 117 399 791 195 
row-1-1 117 399 262 41 
row-1-2 399 399 295 41 
row-2-1 117 450 295 41 
row-2-2 432 450 467 41 
row-3-1 117 501 625 41 
row-4-1 117 552 559 41 
table-1 432 915 580 516 
cell-1-0-0 432 915 44 43 
cell-1-0-1 476 915 44 43 
cell-1-0-2 520 915 44 43 
cell-1-0-3 564 915 44 43 
cell-1-0-4 608 915 44 43 
cell-1-0-5 652 915 44 43 
cell-1-0-6 696 915 314 43 
cell-1-1-0 432 962 44 43 
cell-1-1-1 476 962 44 43 
cell-1-1-2 520 962 44 43 
cell-1-1-3 564 962 44 43 
cell-1-1-4 608 962 44 43 
cell-1-1-5 652 962 44 43 
cell-1-1-6 696 962 314 43 
cell-1-2-0 432 1009 44 43 
cell-1-2-1 476 1009 44 43 
cell-1-2-2 520 1009 44 43 
cell-1-2-3 564 1009 44 43 
cell-1-2-4 608 1009 44 43 
cell-1-2-5 652 1009 44 43 
cell-1-2-6 696 1009 314 43 
cell-1-3-0 432 1056 44 43 
cell-1-3-1 476 1056 44 43 
cell-1-3-2 520 1056 44 43 
cell-1-3-3 564 1056 44 43 
cell-1-3-4 608 1056 44 43 
cell-1-3-5 652 1056 44 43 
cell-1-3-6 696 1056 314 43 
cell-1-4-0 432 1103 44 43 
cell-1-4-1 476 1103 44 43 
cell-1-4-2 520 1103 44 43 
cell-1-4-3 564 1103 44 43 
cell-1-4-4 608 1103 44 43 
cell-1-4-5 652 1103 44 43 
cell-1-4-6 696 1103 314 43 
cell-1-5-0 432 1150 44 43 
cell-1-5-1 476 1150 44 43 
cell-1-5-2 520 1150 44 43 
cell-1-5-3 564 1150 44 43 
cell-1-5-4 608 1150 44 43 
cell-1-5-5 652 1150 44 43 
cell-1-5-6 696 1150 314 43 
cell-1-6-0 432 1197 44 43 
cell-1-6-1 476 1197 44 43 
cell-1-6-2 520 1197 44 43 
cell-1-6-3 564 1197 44 43 
cell-1-6-4 608 1197 44 43 
cell-1-6-5 652 1197 44 43 
cell-1-6-6 696 1197 314 43 
cell-1-7-0 432 1244 44 43 
cell-1-7-1 476 1244 44 43 
cell-1-7-2 520 1244 44 43 
cell-1-7-3 564 1244 44 43 
cell-1-7-4 608 1244 44 43 
cell-1-7-5 652 1244 44 43 
cell-1-7-6 696 1244 314 43 
cell-1-8-0 432 1291 44 43 
cell-1-8-1 476 1291 44 43 
cell-1-8-2 520 1291 44 43 
cell-1-8-3 564 1291 44 43 
cell-1-8-4 608 1291 44 43 
cell-1-8-5 652 1291 44 43 
cell-1-8-6 696 1291 314 43 
cell-1-9-0 432 1338 44 43 
cell-1-9-1 476 1338 44 43 
cell-1-9-2 520 1338 44 43 
cell-1-9-3 564 1338 44 43 
cell-1-9-4 608 1338 44 43 
cell-1-9-5 652 1338 44 43 
cell-1-9-6 696 1338 314 43 
cell-1-10-0 432 1385 44 43 
cell-1-10-1 476 1385 44 43 
cell-1-10-2 520 1385 44 43 
cell-1-10-3 564 1385 44 43 
cell-1-10-4 608 1385 44 43 
cell-1-10-5 652 1385 44 43 
cell-1-10-6 696 1385 314 43 
