table-0 336 557 569 673 
cell-0-0-0 336 557 45 43 
cell-0-0-1 381 557 45 43 
cell-0-0-2 426 557 45 43 
cell-0-0-3 471 557 45 43 
cell-0-0-4 516 557 387 43 
cell-0-1-0 336 614 45 43 
cell-0-1-1 381 614 45 43 
cell-0-1-2 426 614 45 43 
cell-0-1-3 471 614 45 43 
cell-0-1-4 516 614 387 43 
cell-0-2-0 336 671 45 43 
cell-0-2-1 381 671 45 43 
cell-0-2-2 426 671 45 43 
cell-0-2-3 471 671 45 43 
cell-0-2-4 516 671 387 43 
cell-0-3-0 336 728 45 43 
cell-0-3-1 381 728 45 43 
cell-0-3-2 426 728 45 43 
cell-0-3-3 471 728 45 43 
cell-0-3-4 516 728 387 43 
cell-0-4-0 336 785 45 43 
cell-0-4-1 381 785 45 43 
cell-0-4-2 426 785 45 43 
cell-0-4-3 471 785 45 43 
cell-0-4-4 516 785 387 43 
cell-0-5-0 336 842 45 43 
cell-0-5-1 381 842 45 43 
cell-0-5-2 426 842 45 43 
cell-0-5-3 471 842 45 43 
cell-0-5-4 516 842 387 43 
cell-0-6-0 336 899 45 43 
cell-0-6-1 381 899 45 43 
cell-0-6-2 426 899 45 43 
cell-0-6-3 471 899 45 43 
cell-0-6-4 516 899 387 43 
cell-0-7-0 336 956 45 43 
cell-0-7-1 381 956 45 43 
cell-0-7-2 426 956 45 43 
cell-0-7-3 471 956 45 43 
cell-0-7-4 516 956 387 43 
cell-0-8-0 336 1013 45 43 
cell-0-8-1 381 1013 45 43 
cell-0-8-2 426 1013 45 43 
cell-0-8-3 471 1013 45 43 
cell-0-8-4 516 1013 387 43 
cell-0-9-0 336 1070 45 43 
cell-0-9-1 381 1070 45 43 
cell-0-9-2 426 1070 45 43 
cell-0-9-3 471 1070 45 43 
cell-0-9-4 516 1070 387 43 
cell-0-10-0 336 1127 45 43 
cell-0-10-1 381 1127 45 43 
cell-0-10-2 426 1127 45 43 
cell-0-10-3 471 1127 45 43 
cell-0-10-4 516 1127 387 43 
cell-0-11-0 336 1184 45 43 
cell-0-11-1 381 1184 45 43 
cell-0-11-2 426 1184 45 43 
cell-0-11-3 471 1184 45 43 
cell-0-11-4 516 1184 387 43 
