table-0 267 285 600 448 
cell-0-0-0 267 285 120 55 
cell-0-0-1 387 285 120 55 
cell-0-0-2 507 285 120 55 
cell-0-0-3 627 285 120 55 
cell-0-0-4 747 285 120 55 
cell-0-1-0 267 350 120 55 
cell-0-1-1 387 350 120 55 
cell-0-1-2 507 350 120 55 
cell-0-1-3 627 350 120 55 
cell-0-1-4 747 350 120 55 
cell-0-2-0 267 415 120 55 
cell-0-2-1 387 415 120 55 
cell-0-2-2 507 415 120 55 
cell-0-2-3 627 415 120 55 
cell-0-2-4 747 415 120 55 
cell-0-3-0 267 480 120 55 
cell-0-3-1 387 480 120 55 
cell-0-3-2 507 480 120 55 
cell-0-3-3 627 480 120 55 
cell-0-3-4 747 480 120 55 
cell-0-4-0 267 545 120 55 
cell-0-4-1 387 545 120 55 
cell-0-4-2 507 545 120 55 
cell-0-4-3 627 545 120 55 
cell-0-4-4 747 545 120 55 
cell-0-5-0 267 610 120 55 
cell-0-5-1 387 610 120 55 
cell-0-5-2 507 610 120 55 
cell-0-5-3 627 610 120 55 
cell-0-5-4 747 610 120 55 
cell-0-6-0 267 675 120 55 
cell-0-6-1 387 675 120 55 
cell-0-6-2 507 675 120 55 
cell-0-6-3 627 675 120 55 
cell-0-6-4 747 675 120 55 
table-1 352 873 273 482 
cell-1-0-0 352 873 45 35 
cell-1-0-1 397 873 45 35 
cell-1-0-2 442 873 45 35 
cell-1-0-3 487 873 45 35 
cell-1-0-4 532 873 45 35 
cell-1-0-5 577 873 45 35 
cell-1-1-0 352 910 45 35 
cell-1-1-1 397 910 45 35 
cell-1-1-2 442 910 45 35 
cell-1-1-3 487 910 45 35 
cell-1-1-4 532 910 45 35 
cell-1-1-5 577 910 45 35 
cell-1-2-0 352 947 45 35 
cell-1-2-1 397 947 45 35 
cell-1-2-2 442 947 45 35 
cell-1-2-3 487 947 45 35 
cell-1-2-4 532 947 45 35 
cell-1-2-5 577 947 45 35 
cell-1-3-0 352 984 45 35 
cell-1-3-1 397 984 45 35 
cell-1-3-2 442 984 45 35 
cell-1-3-3 487 984 45 35 
cell-1-3-4 532 984 45 35 
cell-1-3-5 577 984 45 35 
cell-1-4-0 352 1021 45 35 
cell-1-4-1 397 1021 45 35 
cell-1-4-2 442 1021 45 35 
cell-1-4-3 487 1021 45 35 
cell-1-4-4 532 1021 45 35 
cell-1-4-5 577 1021 45 35 
cell-1-5-0 352 1058 45 35 
cell-1-5-1 397 1058 45 35 
cell-1-5-2 442 1058 45 35 
cell-1-5-3 487 1058 45 35 
cell-1-5-4 532 1058 45 35 
cell-1-5-5 577 1058 45 35 
cell-1-6-0 352 1095 45 35 
cell-1-6-1 397 1095 45 35 
cell-1-6-2 442 1095 45 35 
cell-1-6-3 487 1095 45 35 
cell-1-6-4 532 1095 45 35 
cell-1-6-5 577 1095 45 35 
cell-1-7-0 352 1132 45 35 
cell-1-7-1 397 1132 45 35 
cell-1-7-2 442 1132 45 35 
cell-1-7-3 487 1132 45 35 
cell-1-7-4 532 1132 45 35 
cell-1-7-5 577 1132 45 35 
cell-1-8-0 352 1169 45 35 
cell-1-8-1 397 1169 45 35 
cell-1-8-2 442 1169 45 35 
cell-1-8-3 487 1169 45 35 
cell-1-8-4 532 1169 45 35 
cell-1-8-5 577 1169 45 35 
cell-1-9-0 352 1206 45 35 
cell-1-9-1 397 1206 45 35 
cell-1-9-2 442 1206 45 35 
cell-1-9-3 487 1206 45 35 
cell-1-9-4 532 1206 45 35 
cell-1-9-5 577 1206 45 35 
cell-1-10-0 352 1243 45 35 
cell-1-10-1 397 1243 45 35 
cell-1-10-2 442 1243 45 35 
cell-1-10-3 487 1243 45 35 
cell-1-10-4 532 1243 45 35 
cell-1-10-5 577 1243 45 35 
cell-1-11-0 352 1280 45 35 
cell-1-11-1 397 1280 45 35 
cell-1-11-2 442 1280 45 35 
cell-1-11-3 487 1280 45 35 
cell-1-11-4 532 1280 45 35 
cell-1-11-5 577 1280 45 35 
cell-1-12-0 352 1317 45 35 
cell-1-12-1 397 1317 45 35 
cell-1-12-2 442 1317 45 35 
cell-1-12-3 487 1317 45 35 
cell-1-12-4 532 1317 45 35 
cell-1-12-5 577 1317 45 35 
