header-0 264 980 783 195 
row-1-1 264 980 357 41 
row-1-2 641 980 357 41 
row-2-1 264 1031 258 41 
row-2-2 542 1031 450 41 
row-3-1 264 1082 555 41 
row-4-1 264 1133 786 41 
table-3 189 227 571 486 
cell-3-1-0 189 227 38 35 
cell-3-1-1 230 227 38 35 
cell-3-1-2 271 227 38 35 
cell-3-1-3 312 227 38 35 
cell-3-1-4 353 227 38 35 
cell-3-1-5 394 227 38 35 
cell-3-1-6 435 227 38 35 
cell-3-1-7 476 227 38 35 
cell-3-1-8 517 227 38 35 
cell-3-1-9 558 227 38 35 
cell-3-1-10 599 227 38 35 
cell-3-1-11 640 227 38 35 
cell-3-1-12 681 227 38 35 
cell-3-1-13 722 227 38 35 
cell-3-2-0 189 291 38 35 
cell-3-2-1 230 291 38 35 
cell-3-2-2 271 291 38 35 
cell-3-2-3 312 291 38 35 
cell-3-2-4 353 291 38 35 
cell-3-2-5 394 291 38 35 
cell-3-2-6 435 291 38 35 
cell-3-2-7 476 291 38 35 
cell-3-2-8 517 291 38 35 
cell-3-2-9 558 291 38 35 
cell-3-2-10 599 291 38 35 
cell-3-2-11 640 291 38 35 
cell-3-2-12 681 291 38 35 
cell-3-2-13 722 291 38 35 
cell-3-3-0 189 355 38 35 
cell-3-3-1 230 355 38 35 
cell-3-3-2 271 355 38 35 
cell-3-3-3 312 355 38 35 
cell-3-3-4 353 355 38 35 
cell-3-3-5 394 355 38 35 
cell-3-3-6 435 355 38 35 
cell-3-3-7 476 355 38 35 
cell-3-3-8 517 355 38 35 
cell-3-3-9 558 355 38 35 
cell-3-3-10 599 355 38 35 
cell-3-3-11 640 355 38 35 
cell-3-3-12 681 355 38 35 
cell-3-3-13 722 355 38 35 
cell-3-4-0 189 419 38 35 
cell-3-4-1 230 419 38 35 
cell-3-4-2 271 419 38 35 
cell-3-4-3 312 419 38 35 
cell-3-4-4 353 419 38 35 
cell-3-4-5 394 419 38 35 
cell-3-4-6 435 419 38 35 
cell-3-4-7 476 419 38 35 
cell-3-4-8 517 419 38 35 
cell-3-4-9 558 419 38 35 
cell-3-4-10 599 419 38 35 
cell-3-4-11 640 419 38 35 
cell-3-4-12 681 419 38 35 
cell-3-4-13 722 419 38 35 
cell-3-5-0 189 483 38 35 
cell-3-5-1 230 483 38 35 
cell-3-5-2 271 483 38 35 
cell-3-5-3 312 483 38 35 
cell-3-5-4 353 483 38 35 
cell-3-5-5 394 483 38 35 
cell-3-5-6 435 483 38 35 
cell-3-5-7 476 483 38 35 
cell-3-5-8 517 483 38 35 
cell-3-5-9 558 483 38 35 
cell-3-5-10 599 483 38 35 
cell-3-5-11 640 483 38 35 
cell-3-5-12 681 483 38 35 
cell-3-5-13 722 483 38 35 
cell-3-6-0 189 547 38 35 
cell-3-6-1 230 547 38 35 
cell-3-6-2 271 547 38 35 
cell-3-6-3 312 547 38 35 
cell-3-6-4 353 547 38 35 
cell-3-6-5 394 547 38 35 
cell-3-6-6 435 547 38 35 
cell-3-6-7 476 547 38 35 
cell-3-6-8 517 547 38 35 
cell-3-6-9 558 547 38 35 
cell-3-6-10 599 547 38 35 
cell-3-6-11 640 547 38 35 
cell-3-6-12 681 547 38 35 
cell-3-6-13 722 547 38 35 
cell-3-7-0 189 611 38 35 
cell-3-7-1 230 611 38 35 
cell-3-7-2 271 611 38 35 
cell-3-7-3 312 611 38 35 
cell-3-7-4 353 611 38 35 
cell-3-7-5 394 611 38 35 
cell-3-7-6 435 611 38 35 
cell-3-7-7 476 611 38 35 
cell-3-7-8 517 611 38 35 
cell-3-7-9 558 611 38 35 
cell-3-7-10 599 611 38 35 
cell-3-7-11 640 611 38 35 
cell-3-7-12 681 611 38 35 
cell-3-7-13 722 611 38 35 
cell-3-8-0 189 675 38 35 
cell-3-8-1 230 675 38 35 
cell-3-8-2 271 675 38 35 
cell-3-8-3 312 675 38 35 
cell-3-8-4 353 675 38 35 
cell-3-8-5 394 675 38 35 
cell-3-8-6 435 675 38 35 
cell-3-8-7 476 675 38 35 
cell-3-8-8 517 675 38 35 
cell-3-8-9 558 675 38 35 
cell-3-8-10 599 675 38 35 
cell-3-8-11 640 675 38 35 
cell-3-8-12 681 675 38 35 
cell-3-8-13 722 675 38 35 
