table-0 147 1182 589 236 
cell-0-1-0 147 1182 34 35 
cell-0-1-1 184 1182 34 35 
cell-0-1-2 221 1182 34 35 
cell-0-1-3 258 1182 34 35 
cell-0-1-4 295 1182 34 35 
cell-0-1-5 332 1182 34 35 
cell-0-1-6 369 1182 34 35 
cell-0-1-7 406 1182 34 35 
cell-0-1-8 443 1182 34 35 
cell-0-1-9 480 1182 34 35 
cell-0-1-10 517 1182 34 35 
cell-0-1-11 554 1182 34 35 
cell-0-1-12 591 1182 34 35 
cell-0-1-13 628 1182 34 35 
cell-0-1-14 665 1182 34 35 
cell-0-1-15 702 1182 34 35 
cell-0-2-0 147 1232 34 35 
cell-0-2-1 184 1232 34 35 
cell-0-2-2 221 1232 34 35 
cell-0-2-3 258 1232 34 35 
cell-0-2-4 295 1232 34 35 
cell-0-2-5 332 1232 34 35 
cell-0-2-6 369 1232 34 35 
cell-0-2-7 406 1232 34 35 
cell-0-2-8 443 1232 34 35 
cell-0-2-9 480 1232 34 35 
cell-0-2-10 517 1232 34 35 
cell-0-2-11 554 1232 34 35 
cell-0-2-12 591 1232 34 35 
cell-0-2-13 628 1232 34 35 
cell-0-2-14 665 1232 34 35 
cell-0-2-15 702 1232 34 35 
cell-0-3-0 147 1282 34 35 
cell-0-3-1 184 1282 34 35 
cell-0-3-2 221 1282 34 35 
cell-0-3-3 258 1282 34 35 
cell-0-3-4 295 1282 34 35 
cell-0-3-5 332 1282 34 35 
cell-0-3-6 369 1282 34 35 
cell-0-3-7 406 1282 34 35 
cell-0-3-8 443 1282 34 35 
cell-0-3-9 480 1282 34 35 
cell-0-3-10 517 1282 34 35 
cell-0-3-11 554 1282 34 35 
cell-0-3-12 591 1282 34 35 
cell-0-3-13 628 1282 34 35 
cell-0-3-14 665 1282 34 35 
cell-0-3-15 702 1282 34 35 
cell-0-4-0 147 1332 34 35 
cell-0-4-1 184 1332 34 35 
cell-0-4-2 221 1332 34 35 
cell-0-4-3 258 1332 34 35 
cell-0-4-4 295 1332 34 35 
cell-0-4-5 332 1332 34 35 
cell-0-4-6 369 1332 34 35 
cell-0-4-7 406 1332 34 35 
cell-0-4-8 443 1332 34 35 
cell-0-4-9 480 1332 34 35 
cell-0-4-10 517 1332 34 35 
cell-0-4-11 554 1332 34 35 
cell-0-4-12 591 1332 34 35 
cell-0-4-13 628 1332 34 35 
cell-0-4-14 665 1332 34 35 
cell-0-4-15 702 1332 34 35 
cell-0-5-0 147 1382 34 35 
cell-0-5-1 184 1382 34 35 
cell-0-5-2 221 1382 34 35 
cell-0-5-3 258 1382 34 35 
cell-0-5-4 295 1382 34 35 
cell-0-5-5 332 1382 34 35 
cell-0-5-6 369 1382 34 35 
cell-0-5-7 406 1382 34 35 
cell-0-5-8 443 1382 34 35 
cell-0-5-9 480 1382 34 35 
cell-0-5-10 517 1382 34 35 
cell-0-5-11 554 1382 34 35 
cell-0-5-12 591 1382 34 35 
cell-0-5-13 628 1382 34 35 
cell-0-5-14 665 1382 34 35 
cell-0-5-15 702 1382 34 35 
