table-0 348 175 216 586 
cell-0-0-0 348 175 43 35 
cell-0-0-1 391 175 43 35 
cell-0-0-2 434 175 43 35 
cell-0-0-3 477 175 43 35 
cell-0-0-4 520 175 43 35 
cell-0-1-0 348 225 43 35 
cell-0-1-1 391 225 43 35 
cell-0-1-2 434 225 43 35 
cell-0-1-3 477 225 43 35 
cell-0-1-4 520 225 43 35 
cell-0-2-0 348 275 43 35 
cell-0-2-1 391 275 43 35 
cell-0-2-2 434 275 43 35 
cell-0-2-3 477 275 43 35 
cell-0-2-4 520 275 43 35 
cell-0-3-0 348 325 43 35 
cell-0-3-1 391 325 43 35 
cell-0-3-2 434 325 43 35 
cell-0-3-3 477 325 43 35 
cell-0-3-4 520 325 43 35 
cell-0-4-0 348 375 43 35 
cell-0-4-1 391 375 43 35 
cell-0-4-2 434 375 43 35 
cell-0-4-3 477 375 43 35 
cell-0-4-4 520 375 43 35 
cell-0-5-0 348 425 43 35 
cell-0-5-1 391 425 43 35 
cell-0-5-2 434 425 43 35 
cell-0-5-3 477 425 43 35 
cell-0-5-4 520 425 43 35 
cell-0-6-0 348 475 43 35 
cell-0-6-1 391 475 43 35 
cell-0-6-2 434 475 43 35 
cell-0-6-3 477 475 43 35 
cell-0-6-4 520 475 43 35 
cell-0-7-0 348 525 43 35 
cell-0-7-1 391 525 43 35 
cell-0-7-2 434 525 43 35 
cell-0-7-3 477 525 43 35 
cell-0-7-4 520 525 43 35 
cell-0-8-0 348 575 43 35 
cell-0-8-1 391 575 43 35 
cell-0-8-2 434 575 43 35 
cell-0-8-3 477 575 43 35 
cell-0-8-4 520 575 43 35 
cell-0-9-0 348 625 43 35 
cell-0-9-1 391 625 43 35 
cell-0-9-2 434 625 43 35 
cell-0-9-3 477 625 43 35 
cell-0-9-4 520 625 43 35 
cell-0-10-0 348 675 43 35 
cell-0-10-1 391 675 43 35 
cell-0-10-2 434 675 43 35 
cell-0-10-3 477 675 43 35 
cell-0-10-4 520 675 43 35 
cell-0-11-0 348 725 43 35 
cell-0-11-1 391 725 43 35 
cell-0-11-2 434 725 43 35 
cell-0-11-3 477 725 43 35 
cell-0-11-4 520 725 43 35 
