table-0 129 808 738 289 
cell-0-1-0 129 808 36 35 
cell-0-1-1 168 808 36 35 
cell-0-1-2 207 808 36 35 
cell-0-1-3 246 808 36 35 
cell-0-1-4 285 808 36 35 
cell-0-1-5 324 808 36 35 
cell-0-1-6 363 808 36 35 
cell-0-1-7 402 808 36 35 
cell-0-1-8 441 808 36 35 
cell-0-1-9 480 808 36 35 
cell-0-1-10 519 808 36 35 
cell-0-1-11 558 808 36 35 
cell-0-1-12 597 808 36 35 
cell-0-1-13 636 808 36 35 
cell-0-1-14 675 808 36 35 
cell-0-1-15 714 808 36 35 
cell-0-1-16 753 808 36 35 
cell-0-1-17 792 808 36 35 
cell-0-1-18 831 808 36 35 
cell-0-2-0 129 844 36 35 
cell-0-2-1 168 844 36 35 
cell-0-2-2 207 844 36 35 
cell-0-2-3 246 844 36 35 
cell-0-2-4 285 844 36 35 
cell-0-2-5 324 844 36 35 
cell-0-2-6 363 844 36 35 
cell-0-2-7 402 844 36 35 
cell-0-2-8 441 844 36 35 
cell-0-2-9 480 844 36 35 
cell-0-2-10 519 844 36 35 
cell-0-2-11 558 844 36 35 
cell-0-2-12 597 844 36 35 
cell-0-2-13 636 844 36 35 
cell-0-2-14 675 844 36 35 
cell-0-2-15 714 844 36 35 
cell-0-2-16 753 844 36 35 
cell-0-2-17 792 844 36 35 
cell-0-2-18 831 844 36 35 
cell-0-3-0 129 880 36 35 
cell-0-3-1 168 880 36 35 
cell-0-3-2 207 880 36 35 
cell-0-3-3 246 880 36 35 
cell-0-3-4 285 880 36 35 
cell-0-3-5 324 880 36 35 
cell-0-3-6 363 880 36 35 
cell-0-3-7 402 880 36 35 
cell-0-3-8 441 880 36 35 
cell-0-3-9 480 880 36 35 
cell-0-3-10 519 880 36 35 
cell-0-3-11 558 880 36 35 
cell-0-3-12 597 880 36 35 
cell-0-3-13 636 880 36 35 
cell-0-3-14 675 880 36 35 
cell-0-3-15 714 880 36 35 
cell-0-3-16 753 880 36 35 
cell-0-3-17 792 880 36 35 
cell-0-3-18 831 880 36 35 
cell-0-4-0 129 916 36 35 
cell-0-4-1 168 916 36 35 
cell-0-4-2 207 916 36 35 
cell-0-4-3 246 916 36 35 
cell-0-4-4 285 916 36 35 
cell-0-4-5 324 916 36 35 
cell-0-4-6 363 916 36 35 
cell-0-4-7 402 916 36 35 
cell-0-4-8 441 916 36 35 
cell-0-4-9 480 916 36 35 
cell-0-4-10 519 916 36 35 
cell-0-4-11 558 916 36 35 
cell-0-4-12 597 916 36 35 
cell-0-4-13 636 916 36 35 
cell-0-4-14 675 916 36 35 
cell-0-4-15 714 916 36 35 
cell-0-4-16 753 916 36 35 
cell-0-4-17 792 916 36 35 
cell-0-4-18 831 916 36 35 
cell-0-5-0 129 952 36 35 
cell-0-5-1 168 952 36 35 
cell-0-5-2 207 952 36 35 
cell-0-5-3 246 952 36 35 
cell-0-5-4 285 952 36 35 
cell-0-5-5 324 952 36 35 
cell-0-5-6 363 952 36 35 
cell-0-5-7 402 952 36 35 
cell-0-5-8 441 952 36 35 
cell-0-5-9 480 952 36 35 
cell-0-5-10 519 952 36 35 
cell-0-5-11 558 952 36 35 
cell-0-5-12 597 952 36 35 
cell-0-5-13 636 952 36 35 
cell-0-5-14 675 952 36 35 
cell-0-5-15 714 952 36 35 
cell-0-5-16 753 952 36 35 
cell-0-5-17 792 952 36 35 
cell-0-5-18 831 952 36 35 
cell-0-6-0 129 988 36 35 
cell-0-6-1 168 988 36 35 
cell-0-6-2 207 988 36 35 
cell-0-6-3 246 988 36 35 
cell-0-6-4 285 988 36 35 
cell-0-6-5 324 988 36 35 
cell-0-6-6 363 988 36 35 
cell-0-6-7 402 988 36 35 
cell-0-6-8 441 988 36 35 
cell-0-6-9 480 988 36 35 
cell-0-6-10 519 988 36 35 
cell-0-6-11 558 988 36 35 
cell-0-6-12 597 988 36 35 
cell-0-6-13 636 988 36 35 
cell-0-6-14 675 988 36 35 
cell-0-6-15 714 988 36 35 
cell-0-6-16 753 988 36 35 
cell-0-6-17 792 988 36 35 
cell-0-6-18 831 988 36 35 
cell-0-7-0 129 1024 36 35 
cell-0-7-1 168 1024 36 35 
cell-0-7-2 207 1024 36 35 
cell-0-7-3 246 1024 36 35 
cell-0-7-4 285 1024 36 35 
cell-0-7-5 324 1024 36 35 
cell-0-7-6 363 1024 36 35 
cell-0-7-7 402 1024 36 35 
cell-0-7-8 441 1024 36 35 
cell-0-7-9 480 1024 36 35 
cell-0-7-10 519 1024 36 35 
cell-0-7-11 558 1024 36 35 
cell-0-7-12 597 1024 36 35 
cell-0-7-13 636 1024 36 35 
cell-0-7-14 675 1024 36 35 
cell-0-7-15 714 1024 36 35 
cell-0-7-16 753 1024 36 35 
cell-0-7-17 792 1024 36 35 
cell-0-7-18 831 1024 36 35 
cell-0-8-0 129 1060 36 35 
cell-0-8-1 168 1060 36 35 
cell-0-8-2 207 1060 36 35 
cell-0-8-3 246 1060 36 35 
cell-0-8-4 285 1060 36 35 
cell-0-8-5 324 1060 36 35 
cell-0-8-6 363 1060 36 35 
cell-0-8-7 402 1060 36 35 
cell-0-8-8 441 1060 36 35 
cell-0-8-9 480 1060 36 35 
cell-0-8-10 519 1060 36 35 
cell-0-8-11 558 1060 36 35 
cell-0-8-12 597 1060 36 35 
cell-0-8-13 636 1060 36 35 
cell-0-8-14 675 1060 36 35 
cell-0-8-15 714 1060 36 35 
cell-0-8-16 753 1060 36 35 
cell-0-8-17 792 1060 36 35 
cell-0-8-18 831 1060 36 35 
table-2 95 352 900 297 
cell-2-0-0 95 352 128 44 
cell-2-0-1 223 352 128 44 
cell-2-0-2 351 352 128 44 
cell-2-0-3 479 352 128 44 
cell-2-0-4 607 352 128 44 
cell-2-0-5 735 352 128 44 
cell-2-0-6 863 352 128 44 
cell-2-1-0 95 402 128 44 
cell-2-1-1 223 402 128 44 
cell-2-1-2 351 402 128 44 
cell-2-1-3 479 402 128 44 
cell-2-1-4 607 402 128 44 
cell-2-1-5 735 402 128 44 
cell-2-1-6 863 402 128 44 
cell-2-2-0 95 452 128 44 
cell-2-2-1 223 452 128 44 
cell-2-2-2 351 452 128 44 
cell-2-2-3 479 452 128 44 
cell-2-2-4 607 452 128 44 
cell-2-2-5 735 452 128 44 
cell-2-2-6 863 452 128 44 
cell-2-3-0 95 502 128 44 
cell-2-3-1 223 502 128 44 
cell-2-3-2 351 502 128 44 
cell-2-3-3 479 502 128 44 
cell-2-3-4 607 502 128 44 
cell-2-3-5 735 502 128 44 
cell-2-3-6 863 502 128 44 
cell-2-4-0 95 552 128 44 
cell-2-4-1 223 552 128 44 
cell-2-4-2 351 552 128 44 
cell-2-4-3 479 552 128 44 
cell-2-4-4 607 552 128 44 
cell-2-4-5 735 552 128 44 
cell-2-4-6 863 552 128 44 
cell-2-5-0 95 602 128 44 
cell-2-5-1 223 602 128 44 
cell-2-5-2 351 602 128 44 
cell-2-5-3 479 602 128 44 
cell-2-5-4 607 602 128 44 
cell-2-5-5 735 602 128 44 
cell-2-5-6 863 602 128 44 
