table-0 476 369 404 636 
cell-0-1-0 476 369 34 35 
cell-0-1-1 513 369 34 35 
cell-0-1-2 550 369 34 35 
cell-0-1-3 587 369 34 35 
cell-0-1-4 624 369 34 35 
cell-0-1-5 661 369 34 35 
cell-0-1-6 698 369 34 35 
cell-0-1-7 735 369 34 35 
cell-0-1-8 772 369 34 35 
cell-0-1-9 809 369 34 35 
cell-0-1-10 846 369 34 35 
cell-0-2-0 476 429 34 35 
cell-0-2-1 513 429 34 35 
cell-0-2-2 550 429 34 35 
cell-0-2-3 587 429 34 35 
cell-0-2-4 624 429 34 35 
cell-0-2-5 661 429 34 35 
cell-0-2-6 698 429 34 35 
cell-0-2-7 735 429 34 35 
cell-0-2-8 772 429 34 35 
cell-0-2-9 809 429 34 35 
cell-0-2-10 846 429 34 35 
cell-0-3-0 476 489 34 35 
cell-0-3-1 513 489 34 35 
cell-0-3-2 550 489 34 35 
cell-0-3-3 587 489 34 35 
cell-0-3-4 624 489 34 35 
cell-0-3-5 661 489 34 35 
cell-0-3-6 698 489 34 35 
cell-0-3-7 735 489 34 35 
cell-0-3-8 772 489 34 35 
cell-0-3-9 809 489 34 35 
cell-0-3-10 846 489 34 35 
cell-0-4-0 476 549 34 35 
cell-0-4-1 513 549 34 35 
cell-0-4-2 550 549 34 35 
cell-0-4-3 587 549 34 35 
cell-0-4-4 624 549 34 35 
cell-0-4-5 661 549 34 35 
cell-0-4-6 698 549 34 35 
cell-0-4-7 735 549 34 35 
cell-0-4-8 772 549 34 35 
cell-0-4-9 809 549 34 35 
cell-0-4-10 846 549 34 35 
cell-0-5-0 476 609 34 35 
cell-0-5-1 513 609 34 35 
cell-0-5-2 550 609 34 35 
cell-0-5-3 587 609 34 35 
cell-0-5-4 624 609 34 35 
cell-0-5-5 661 609 34 35 
cell-0-5-6 698 609 34 35 
cell-0-5-7 735 609 34 35 
cell-0-5-8 772 609 34 35 
cell-0-5-9 809 609 34 35 
cell-0-5-10 846 609 34 35 
cell-0-6-0 476 669 34 35 
cell-0-6-1 513 669 34 35 
cell-0-6-2 550 669 34 35 
cell-0-6-3 587 669 34 35 
cell-0-6-4 624 669 34 35 
cell-0-6-5 661 669 34 35 
cell-0-6-6 698 669 34 35 
cell-0-6-7 735 669 34 35 
cell-0-6-8 772 669 34 35 
cell-0-6-9 809 669 34 35 
cell-0-6-10 846 669 34 35 
cell-0-7-0 476 729 34 35 
cell-0-7-1 513 729 34 35 
cell-0-7-2 550 729 34 35 
cell-0-7-3 587 729 34 35 
cell-0-7-4 624 729 34 35 
cell-0-7-5 661 729 34 35 
cell-0-7-6 698 729 34 35 
cell-0-7-7 735 729 34 35 
cell-0-7-8 772 729 34 35 
cell-0-7-9 809 729 34 35 
cell-0-7-10 846 729 34 35 
cell-0-8-0 476 789 34 35 
cell-0-8-1 513 789 34 35 
cell-0-8-2 550 789 34 35 
cell-0-8-3 587 789 34 35 
cell-0-8-4 624 789 34 35 
cell-0-8-5 661 789 34 35 
cell-0-8-6 698 789 34 35 
cell-0-8-7 735 789 34 35 
cell-0-8-8 772 789 34 35 
cell-0-8-9 809 789 34 35 
cell-0-8-10 846 789 34 35 
cell-0-9-0 476 849 34 35 
cell-0-9-1 513 849 34 35 
cell-0-9-2 550 849 34 35 
cell-0-9-3 587 849 34 35 
cell-0-9-4 624 849 34 35 
cell-0-9-5 661 849 34 35 
cell-0-9-6 698 849 34 35 
cell-0-9-7 735 849 34 35 
cell-0-9-8 772 849 34 35 
cell-0-9-9 809 849 34 35 
cell-0-9-10 846 849 34 35 
cell-0-10-0 476 909 34 35 
cell-0-10-1 513 909 34 35 
cell-0-10-2 550 909 34 35 
cell-0-10-3 587 909 34 35 
cell-0-10-4 624 909 34 35 
cell-0-10-5 661 909 34 35 
cell-0-10-6 698 909 34 35 
cell-0-10-7 735 909 34 35 
cell-0-10-8 772 909 34 35 
cell-0-10-9 809 909 34 35 
cell-0-10-10 846 909 34 35 
cell-0-11-0 476 969 34 35 
cell-0-11-1 513 969 34 35 
cell-0-11-2 550 969 34 35 
cell-0-11-3 587 969 34 35 
cell-0-11-4 624 969 34 35 
cell-0-11-5 661 969 34 35 
cell-0-11-6 698 969 34 35 
cell-0-11-7 735 969 34 35 
cell-0-11-8 772 969 34 35 
cell-0-11-9 809 969 34 35 
cell-0-11-10 846 969 34 35 
