table-0 120 472 653 638 
cell-0-1-0 120 472 38 35 
cell-0-1-1 161 472 38 35 
cell-0-1-2 202 472 38 35 
cell-0-1-3 243 472 38 35 
cell-0-1-4 284 472 38 35 
cell-0-1-5 325 472 38 35 
cell-0-1-6 366 472 38 35 
cell-0-1-7 407 472 38 35 
cell-0-1-8 448 472 38 35 
cell-0-1-9 489 472 38 35 
cell-0-1-10 530 472 38 35 
cell-0-1-11 571 472 38 35 
cell-0-1-12 612 472 38 35 
cell-0-1-13 653 472 38 35 
cell-0-1-14 694 472 38 35 
cell-0-1-15 735 472 38 35 
cell-0-2-0 120 532 38 35 
cell-0-2-1 161 532 38 35 
cell-0-2-2 202 532 38 35 
cell-0-2-3 243 532 38 35 
cell-0-2-4 284 532 38 35 
cell-0-2-5 325 532 38 35 
cell-0-2-6 366 532 38 35 
cell-0-2-7 407 532 38 35 
cell-0-2-8 448 532 38 35 
cell-0-2-9 489 532 38 35 
cell-0-2-10 530 532 38 35 
cell-0-2-11 571 532 38 35 
cell-0-2-12 612 532 38 35 
cell-0-2-13 653 532 38 35 
cell-0-2-14 694 532 38 35 
cell-0-2-15 735 532 38 35 
cell-0-3-0 120 592 38 35 
cell-0-3-1 161 592 38 35 
cell-0-3-2 202 592 38 35 
cell-0-3-3 243 592 38 35 
cell-0-3-4 284 592 38 35 
cell-0-3-5 325 592 38 35 
cell-0-3-6 366 592 38 35 
cell-0-3-7 407 592 38 35 
cell-0-3-8 448 592 38 35 
cell-0-3-9 489 592 38 35 
cell-0-3-10 530 592 38 35 
cell-0-3-11 571 592 38 35 
cell-0-3-12 612 592 38 35 
cell-0-3-13 653 592 38 35 
cell-0-3-14 694 592 38 35 
cell-0-3-15 735 592 38 35 
cell-0-4-0 120 652 38 35 
cell-0-4-1 161 652 38 35 
cell-0-4-2 202 652 38 35 
cell-0-4-3 243 652 38 35 
cell-0-4-4 284 652 38 35 
cell-0-4-5 325 652 38 35 
cell-0-4-6 366 652 38 35 
cell-0-4-7 407 652 38 35 
cell-0-4-8 448 652 38 35 
cell-0-4-9 489 652 38 35 
cell-0-4-10 530 652 38 35 
cell-0-4-11 571 652 38 35 
cell-0-4-12 612 652 38 35 
cell-0-4-13 653 652 38 35 
cell-0-4-14 694 652 38 35 
cell-0-4-15 735 652 38 35 
cell-0-5-0 120 712 38 35 
cell-0-5-1 161 712 38 35 
cell-0-5-2 202 712 38 35 
cell-0-5-3 243 712 38 35 
cell-0-5-4 284 712 38 35 
cell-0-5-5 325 712 38 35 
cell-0-5-6 366 712 38 35 
cell-0-5-7 407 712 38 35 
cell-0-5-8 448 712 38 35 
cell-0-5-9 489 712 38 35 
cell-0-5-10 530 712 38 35 
cell-0-5-11 571 712 38 35 
cell-0-5-12 612 712 38 35 
cell-0-5-13 653 712 38 35 
cell-0-5-14 694 712 38 35 
cell-0-5-15 735 712 38 35 
cell-0-6-0 120 772 38 35 
cell-0-6-1 161 772 38 35 
cell-0-6-2 202 772 38 35 
cell-0-6-3 243 772 38 35 
cell-0-6-4 284 772 38 35 
cell-0-6-5 325 772 38 35 
cell-0-6-6 366 772 38 35 
cell-0-6-7 407 772 38 35 
cell-0-6-8 448 772 38 35 
cell-0-6-9 489 772 38 35 
cell-0-6-10 530 772 38 35 
cell-0-6-11 571 772 38 35 
cell-0-6-12 612 772 38 35 
cell-0-6-13 653 772 38 35 
cell-0-6-14 694 772 38 35 
cell-0-6-15 735 772 38 35 
cell-0-7-0 120 832 38 35 
cell-0-7-1 161 832 38 35 
cell-0-7-2 202 832 38 35 
cell-0-7-3 243 832 38 35 
cell-0-7-4 284 832 38 35 
cell-0-7-5 325 832 38 35 
cell-0-7-6 366 832 38 35 
cell-0-7-7 407 832 38 35 
cell-0-7-8 448 832 38 35 
cell-0-7-9 489 832 38 35 
cell-0-7-10 530 832 38 35 
cell-0-7-11 571 832 38 35 
cell-0-7-12 612 832 38 35 
cell-0-7-13 653 832 38 35 
cell-0-7-14 694 832 38 35 
cell-0-7-15 735 832 38 35 
cell-0-8-0 120 892 38 35 
cell-0-8-1 161 892 38 35 
cell-0-8-2 202 892 38 35 
cell-0-8-3 243 892 38 35 
cell-0-8-4 284 892 38 35 
cell-0-8-5 325 892 38 35 
cell-0-8-6 366 892 38 35 
cell-0-8-7 407 892 38 35 
cell-0-8-8 448 892 38 35 
cell-0-8-9 489 892 38 35 
cell-0-8-10 530 892 38 35 
cell-0-8-11 571 892 38 35 
cell-0-8-12 612 892 38 35 
cell-0-8-13 653 892 38 35 
cell-0-8-14 694 892 38 35 
cell-0-8-15 735 892 38 35 
cell-0-9-0 120 952 38 35 
cell-0-9-1 161 952 38 35 
cell-0-9-2 202 952 38 35 
cell-0-9-3 243 952 38 35 
cell-0-9-4 284 952 38 35 
cell-0-9-5 325 952 38 35 
cell-0-9-6 366 952 38 35 
cell-0-9-7 407 952 38 35 
cell-0-9-8 448 952 38 35 
cell-0-9-9 489 952 38 35 
cell-0-9-10 530 952 38 35 
cell-0-9-11 571 952 38 35 
cell-0-9-12 612 952 38 35 
cell-0-9-13 653 952 38 35 
cell-0-9-14 694 952 38 35 
cell-0-9-15 735 952 38 35 
cell-0-10-0 120 1012 38 35 
cell-0-10-1 161 1012 38 35 
cell-0-10-2 202 1012 38 35 
cell-0-10-3 243 1012 38 35 
cell-0-10-4 284 1012 38 35 
cell-0-10-5 325 1012 38 35 
cell-0-10-6 366 1012 38 35 
cell-0-10-7 407 1012 38 35 
cell-0-10-8 448 1012 38 35 
cell-0-10-9 489 1012 38 35 
cell-0-10-10 530 1012 38 35 
cell-0-10-11 571 1012 38 35 
cell-0-10-12 612 1012 38 35 
cell-0-10-13 653 1012 38 35 
cell-0-10-14 694 1012 38 35 
cell-0-10-15 735 1012 38 35 
cell-0-11-0 120 1072 38 35 
cell-0-11-1 161 1072 38 35 
cell-0-11-2 202 1072 38 35 
cell-0-11-3 243 1072 38 35 
cell-0-11-4 284 1072 38 35 
cell-0-11-5 325 1072 38 35 
cell-0-11-6 366 1072 38 35 
cell-0-11-7 407 1072 38 35 
cell-0-11-8 448 1072 38 35 
cell-0-11-9 489 1072 38 35 
cell-0-11-10 530 1072 38 35 
cell-0-11-11 571 1072 38 35 
cell-0-11-12 612 1072 38 35 
cell-0-11-13 653 1072 38 35 
cell-0-11-14 694 1072 38 35 
cell-0-11-15 735 1072 38 35 
