table-0 383 746 563 388 
cell-0-1-0 383 746 35 35 
cell-0-1-1 418 746 35 35 
cell-0-1-2 453 746 35 35 
cell-0-1-3 488 746 35 35 
cell-0-1-4 523 746 35 35 
cell-0-1-5 558 746 35 35 
cell-0-1-6 593 746 35 35 
cell-0-1-7 628 746 35 35 
cell-0-1-8 663 746 35 35 
cell-0-1-9 698 746 35 35 
cell-0-1-10 733 746 35 35 
cell-0-1-11 768 746 35 35 
cell-0-1-12 803 746 35 35 
cell-0-1-13 838 746 35 35 
cell-0-1-14 873 746 35 35 
cell-0-1-15 908 746 35 35 
cell-0-2-0 383 796 35 35 
cell-0-2-1 418 796 35 35 
cell-0-2-2 453 796 35 35 
cell-0-2-3 488 796 35 35 
cell-0-2-4 523 796 35 35 
cell-0-2-5 558 796 35 35 
cell-0-2-6 593 796 35 35 
cell-0-2-7 628 796 35 35 
cell-0-2-8 663 796 35 35 
cell-0-2-9 698 796 35 35 
cell-0-2-10 733 796 35 35 
cell-0-2-11 768 796 35 35 
cell-0-2-12 803 796 35 35 
cell-0-2-13 838 796 35 35 
cell-0-2-14 873 796 35 35 
cell-0-2-15 908 796 35 35 
cell-0-3-0 383 846 35 35 
cell-0-3-1 418 846 35 35 
cell-0-3-2 453 846 35 35 
cell-0-3-3 488 846 35 35 
cell-0-3-4 523 846 35 35 
cell-0-3-5 558 846 35 35 
cell-0-3-6 593 846 35 35 
cell-0-3-7 628 846 35 35 
cell-0-3-8 663 846 35 35 
cell-0-3-9 698 846 35 35 
cell-0-3-10 733 846 35 35 
cell-0-3-11 768 846 35 35 
cell-0-3-12 803 846 35 35 
cell-0-3-13 838 846 35 35 
cell-0-3-14 873 846 35 35 
cell-0-3-15 908 846 35 35 
cell-0-4-0 383 896 35 35 
cell-0-4-1 418 896 35 35 
cell-0-4-2 453 896 35 35 
cell-0-4-3 488 896 35 35 
cell-0-4-4 523 896 35 35 
cell-0-4-5 558 896 35 35 
cell-0-4-6 593 896 35 35 
cell-0-4-7 628 896 35 35 
cell-0-4-8 663 896 35 35 
cell-0-4-9 698 896 35 35 
cell-0-4-10 733 896 35 35 
cell-0-4-11 768 896 35 35 
cell-0-4-12 803 896 35 35 
cell-0-4-13 838 896 35 35 
cell-0-4-14 873 896 35 35 
cell-0-4-15 908 896 35 35 
cell-0-5-0 383 946 35 35 
cell-0-5-1 418 946 35 35 
cell-0-5-2 453 946 35 35 
cell-0-5-3 488 946 35 35 
cell-0-5-4 523 946 35 35 
cell-0-5-5 558 946 35 35 
cell-0-5-6 593 946 35 35 
cell-0-5-7 628 946 35 35 
cell-0-5-8 663 946 35 35 
cell-0-5-9 698 946 35 35 
cell-0-5-10 733 946 35 35 
cell-0-5-11 768 946 35 35 
cell-0-5-12 803 946 35 35 
cell-0-5-13 838 946 35 35 
cell-0-5-14 873 946 35 35 
cell-0-5-15 908 946 35 35 
cell-0-6-0 383 996 35 35 
cell-0-6-1 418 996 35 35 
cell-0-6-2 453 996 35 35 
cell-0-6-3 488 996 35 35 
cell-0-6-4 523 996 35 35 
cell-0-6-5 558 996 35 35 
cell-0-6-6 593 996 35 35 
cell-0-6-7 628 996 35 35 
cell-0-6-8 663 996 35 35 
cell-0-6-9 698 996 35 35 
cell-0-6-10 733 996 35 35 
cell-0-6-11 768 996 35 35 
cell-0-6-12 803 996 35 35 
cell-0-6-13 838 996 35 35 
cell-0-6-14 873 996 35 35 
cell-0-6-15 908 996 35 35 
cell-0-7-0 383 1046 35 35 
cell-0-7-1 418 1046 35 35 
cell-0-7-2 453 1046 35 35 
cell-0-7-3 488 1046 35 35 
cell-0-7-4 523 1046 35 35 
cell-0-7-5 558 1046 35 35 
cell-0-7-6 593 1046 35 35 
cell-0-7-7 628 1046 35 35 
cell-0-7-8 663 1046 35 35 
cell-0-7-9 698 1046 35 35 
cell-0-7-10 733 1046 35 35 
cell-0-7-11 768 1046 35 35 
cell-0-7-12 803 1046 35 35 
cell-0-7-13 838 1046 35 35 
cell-0-7-14 873 1046 35 35 
cell-0-7-15 908 1046 35 35 
cell-0-8-0 383 1096 35 35 
cell-0-8-1 418 1096 35 35 
cell-0-8-2 453 1096 35 35 
cell-0-8-3 488 1096 35 35 
cell-0-8-4 523 1096 35 35 
cell-0-8-5 558 1096 35 35 
cell-0-8-6 593 1096 35 35 
cell-0-8-7 628 1096 35 35 
cell-0-8-8 663 1096 35 35 
cell-0-8-9 698 1096 35 35 
cell-0-8-10 733 1096 35 35 
cell-0-8-11 768 1096 35 35 
cell-0-8-12 803 1096 35 35 
cell-0-8-13 838 1096 35 35 
cell-0-8-14 873 1096 35 35 
cell-0-8-15 908 1096 35 35 
