table-0 126 704 580 577 
cell-0-1-0 126 704 34 35 
cell-0-1-1 160 704 34 35 
cell-0-1-2 194 704 34 35 
cell-0-1-3 228 704 34 35 
cell-0-1-4 262 704 34 35 
cell-0-1-5 296 704 34 35 
cell-0-1-6 330 704 34 35 
cell-0-1-7 364 704 34 35 
cell-0-1-8 398 704 34 35 
cell-0-1-9 432 704 34 35 
cell-0-1-10 466 704 34 35 
cell-0-1-11 500 704 34 35 
cell-0-1-12 534 704 34 35 
cell-0-1-13 568 704 34 35 
cell-0-1-14 602 704 34 35 
cell-0-1-15 636 704 34 35 
cell-0-1-16 670 704 34 35 
cell-0-2-0 126 758 34 35 
cell-0-2-1 160 758 34 35 
cell-0-2-2 194 758 34 35 
cell-0-2-3 228 758 34 35 
cell-0-2-4 262 758 34 35 
cell-0-2-5 296 758 34 35 
cell-0-2-6 330 758 34 35 
cell-0-2-7 364 758 34 35 
cell-0-2-8 398 758 34 35 
cell-0-2-9 432 758 34 35 
cell-0-2-10 466 758 34 35 
cell-0-2-11 500 758 34 35 
cell-0-2-12 534 758 34 35 
cell-0-2-13 568 758 34 35 
cell-0-2-14 602 758 34 35 
cell-0-2-15 636 758 34 35 
cell-0-2-16 670 758 34 35 
cell-0-3-0 126 812 34 35 
cell-0-3-1 160 812 34 35 
cell-0-3-2 194 812 34 35 
cell-0-3-3 228 812 34 35 
cell-0-3-4 262 812 34 35 
cell-0-3-5 296 812 34 35 
cell-0-3-6 330 812 34 35 
cell-0-3-7 364 812 34 35 
cell-0-3-8 398 812 34 35 
cell-0-3-9 432 812 34 35 
cell-0-3-10 466 812 34 35 
cell-0-3-11 500 812 34 35 
cell-0-3-12 534 812 34 35 
cell-0-3-13 568 812 34 35 
cell-0-3-14 602 812 34 35 
cell-0-3-15 636 812 34 35 
cell-0-3-16 670 812 34 35 
cell-0-4-0 126 866 34 35 
cell-0-4-1 160 866 34 35 
cell-0-4-2 194 866 34 35 
cell-0-4-3 228 866 34 35 
cell-0-4-4 262 866 34 35 
cell-0-4-5 296 866 34 35 
cell-0-4-6 330 866 34 35 
cell-0-4-7 364 866 34 35 
cell-0-4-8 398 866 34 35 
cell-0-4-9 432 866 34 35 
cell-0-4-10 466 866 34 35 
cell-0-4-11 500 866 34 35 
cell-0-4-12 534 866 34 35 
cell-0-4-13 568 866 34 35 
cell-0-4-14 602 866 34 35 
cell-0-4-15 636 866 34 35 
cell-0-4-16 670 866 34 35 
cell-0-5-0 126 920 34 35 
cell-0-5-1 160 920 34 35 
cell-0-5-2 194 920 34 35 
cell-0-5-3 228 920 34 35 
cell-0-5-4 262 920 34 35 
cell-0-5-5 296 920 34 35 
cell-0-5-6 330 920 34 35 
cell-0-5-7 364 920 34 35 
cell-0-5-8 398 920 34 35 
cell-0-5-9 432 920 34 35 
cell-0-5-10 466 920 34 35 
cell-0-5-11 500 920 34 35 
cell-0-5-12 534 920 34 35 
cell-0-5-13 568 920 34 35 
cell-0-5-14 602 920 34 35 
cell-0-5-15 636 920 34 35 
cell-0-5-16 670 920 34 35 
cell-0-6-0 126 974 34 35 
cell-0-6-1 160 974 34 35 
cell-0-6-2 194 974 34 35 
cell-0-6-3 228 974 34 35 
cell-0-6-4 262 974 34 35 
cell-0-6-5 296 974 34 35 
cell-0-6-6 330 974 34 35 
cell-0-6-7 364 974 34 35 
cell-0-6-8 398 974 34 35 
cell-0-6-9 432 974 34 35 
cell-0-6-10 466 974 34 35 
cell-0-6-11 500 974 34 35 
cell-0-6-12 534 974 34 35 
cell-0-6-13 568 974 34 35 
cell-0-6-14 602 974 34 35 
cell-0-6-15 636 974 34 35 
cell-0-6-16 670 974 34 35 
cell-0-7-0 126 1028 34 35 
cell-0-7-1 160 1028 34 35 
cell-0-7-2 194 1028 34 35 
cell-0-7-3 228 1028 34 35 
cell-0-7-4 262 1028 34 35 
cell-0-7-5 296 1028 34 35 
cell-0-7-6 330 1028 34 35 
cell-0-7-7 364 1028 34 35 
cell-0-7-8 398 1028 34 35 
cell-0-7-9 432 1028 34 35 
cell-0-7-10 466 1028 34 35 
cell-0-7-11 500 1028 34 35 
cell-0-7-12 534 1028 34 35 
cell-0-7-13 568 1028 34 35 
cell-0-7-14 602 1028 34 35 
cell-0-7-15 636 1028 34 35 
cell-0-7-16 670 1028 34 35 
cell-0-8-0 126 1082 34 35 
cell-0-8-1 160 1082 34 35 
cell-0-8-2 194 1082 34 35 
cell-0-8-3 228 1082 34 35 
cell-0-8-4 262 1082 34 35 
cell-0-8-5 296 1082 34 35 
cell-0-8-6 330 1082 34 35 
cell-0-8-7 364 1082 34 35 
cell-0-8-8 398 1082 34 35 
cell-0-8-9 432 1082 34 35 
cell-0-8-10 466 1082 34 35 
cell-0-8-11 500 1082 34 35 
cell-0-8-12 534 1082 34 35 
cell-0-8-13 568 1082 34 35 
cell-0-8-14 602 1082 34 35 
cell-0-8-15 636 1082 34 35 
cell-0-8-16 670 1082 34 35 
cell-0-9-0 126 1136 34 35 
cell-0-9-1 160 1136 34 35 
cell-0-9-2 194 1136 34 35 
cell-0-9-3 228 1136 34 35 
cell-0-9-4 262 1136 34 35 
cell-0-9-5 296 1136 34 35 
cell-0-9-6 330 1136 34 35 
cell-0-9-7 364 1136 34 35 
cell-0-9-8 398 1136 34 35 
cell-0-9-9 432 1136 34 35 
cell-0-9-10 466 1136 34 35 
cell-0-9-11 500 1136 34 35 
cell-0-9-12 534 1136 34 35 
cell-0-9-13 568 1136 34 35 
cell-0-9-14 602 1136 34 35 
cell-0-9-15 636 1136 34 35 
cell-0-9-16 670 1136 34 35 
cell-0-10-0 126 1190 34 35 
cell-0-10-1 160 1190 34 35 
cell-0-10-2 194 1190 34 35 
cell-0-10-3 228 1190 34 35 
cell-0-10-4 262 1190 34 35 
cell-0-10-5 296 1190 34 35 
cell-0-10-6 330 1190 34 35 
cell-0-10-7 364 1190 34 35 
cell-0-10-8 398 1190 34 35 
cell-0-10-9 432 1190 34 35 
cell-0-10-10 466 1190 34 35 
cell-0-10-11 500 1190 34 35 
cell-0-10-12 534 1190 34 35 
cell-0-10-13 568 1190 34 35 
cell-0-10-14 602 1190 34 35 
cell-0-10-15 636 1190 34 35 
cell-0-10-16 670 1190 34 35 
cell-0-11-0 126 1244 34 35 
cell-0-11-1 160 1244 34 35 
cell-0-11-2 194 1244 34 35 
cell-0-11-3 228 1244 34 35 
cell-0-11-4 262 1244 34 35 
cell-0-11-5 296 1244 34 35 
cell-0-11-6 330 1244 34 35 
cell-0-11-7 364 1244 34 35 
cell-0-11-8 398 1244 34 35 
cell-0-11-9 432 1244 34 35 
cell-0-11-10 466 1244 34 35 
cell-0-11-11 500 1244 34 35 
cell-0-11-12 534 1244 34 35 
cell-0-11-13 568 1244 34 35 
cell-0-11-14 602 1244 34 35 
cell-0-11-15 636 1244 34 35 
cell-0-11-16 670 1244 34 35 
