table-0 350 590 173 351 
cell-0-0-0 350 590 43 35 
cell-0-0-1 393 590 43 35 
cell-0-0-2 436 590 43 35 
cell-0-0-3 479 590 43 35 
cell-0-1-0 350 625 43 35 
cell-0-1-1 393 625 43 35 
cell-0-1-2 436 625 43 35 
cell-0-1-3 479 625 43 35 
cell-0-2-0 350 660 43 35 
cell-0-2-1 393 660 43 35 
cell-0-2-2 436 660 43 35 
cell-0-2-3 479 660 43 35 
cell-0-3-0 350 695 43 35 
cell-0-3-1 393 695 43 35 
cell-0-3-2 436 695 43 35 
cell-0-3-3 479 695 43 35 
cell-0-4-0 350 730 43 35 
cell-0-4-1 393 730 43 35 
cell-0-4-2 436 730 43 35 
cell-0-4-3 479 730 43 35 
cell-0-5-0 350 765 43 35 
cell-0-5-1 393 765 43 35 
cell-0-5-2 436 765 43 35 
cell-0-5-3 479 765 43 35 
cell-0-6-0 350 800 43 35 
cell-0-6-1 393 800 43 35 
cell-0-6-2 436 800 43 35 
cell-0-6-3 479 800 43 35 
cell-0-7-0 350 835 43 35 
cell-0-7-1 393 835 43 35 
cell-0-7-2 436 835 43 35 
cell-0-7-3 479 835 43 35 
cell-0-8-0 350 870 43 35 
cell-0-8-1 393 870 43 35 
cell-0-8-2 436 870 43 35 
cell-0-8-3 479 870 43 35 
cell-0-9-0 350 905 43 35 
cell-0-9-1 393 905 43 35 
cell-0-9-2 436 905 43 35 
cell-0-9-3 479 905 43 35 
