table-0 342 71 600 505 
cell-0-0-0 342 71 66 56 
cell-0-0-1 408 71 66 56 
cell-0-0-2 474 71 66 56 
cell-0-0-3 540 71 66 56 
cell-0-0-4 606 71 66 56 
cell-0-0-5 672 71 66 56 
cell-0-0-6 738 71 66 56 
cell-0-0-7 804 71 66 56 
cell-0-0-8 870 71 66 56 
cell-0-1-0 342 127 66 56 
cell-0-1-1 408 127 66 56 
cell-0-1-2 474 127 66 56 
cell-0-1-3 540 127 66 56 
cell-0-1-4 606 127 66 56 
cell-0-1-5 672 127 66 56 
cell-0-1-6 738 127 66 56 
cell-0-1-7 804 127 66 56 
cell-0-1-8 870 127 66 56 
cell-0-2-0 342 183 66 56 
cell-0-2-1 408 183 66 56 
cell-0-2-2 474 183 66 56 
cell-0-2-3 540 183 66 56 
cell-0-2-4 606 183 66 56 
cell-0-2-5 672 183 66 56 
cell-0-2-6 738 183 66 56 
cell-0-2-7 804 183 66 56 
cell-0-2-8 870 183 66 56 
cell-0-3-0 342 239 66 56 
cell-0-3-1 408 239 66 56 
cell-0-3-2 474 239 66 56 
cell-0-3-3 540 239 66 56 
cell-0-3-4 606 239 66 56 
cell-0-3-5 672 239 66 56 
cell-0-3-6 738 239 66 56 
cell-0-3-7 804 239 66 56 
cell-0-3-8 870 239 66 56 
cell-0-4-0 342 295 66 56 
cell-0-4-1 408 295 66 56 
cell-0-4-2 474 295 66 56 
cell-0-4-3 540 295 66 56 
cell-0-4-4 606 295 66 56 
cell-0-4-5 672 295 66 56 
cell-0-4-6 738 295 66 56 
cell-0-4-7 804 295 66 56 
cell-0-4-8 870 295 66 56 
cell-0-5-0 342 351 66 56 
cell-0-5-1 408 351 66 56 
cell-0-5-2 474 351 66 56 
cell-0-5-3 540 351 66 56 
cell-0-5-4 606 351 66 56 
cell-0-5-5 672 351 66 56 
cell-0-5-6 738 351 66 56 
cell-0-5-7 804 351 66 56 
cell-0-5-8 870 351 66 56 
cell-0-6-0 342 407 66 56 
cell-0-6-1 408 407 66 56 
cell-0-6-2 474 407 66 56 
cell-0-6-3 540 407 66 56 
cell-0-6-4 606 407 66 56 
cell-0-6-5 672 407 66 56 
cell-0-6-6 738 407 66 56 
cell-0-6-7 804 407 66 56 
cell-0-6-8 870 407 66 56 
cell-0-7-0 342 463 66 56 
cell-0-7-1 408 463 66 56 
cell-0-7-2 474 463 66 56 
cell-0-7-3 540 463 66 56 
cell-0-7-4 606 463 66 56 
cell-0-7-5 672 463 66 56 
cell-0-7-6 738 463 66 56 
cell-0-7-7 804 463 66 56 
cell-0-7-8 870 463 66 56 
cell-0-8-0 342 519 66 56 
cell-0-8-1 408 519 66 56 
cell-0-8-2 474 519 66 56 
cell-0-8-3 540 519 66 56 
cell-0-8-4 606 519 66 56 
cell-0-8-5 672 519 66 56 
cell-0-8-6 738 519 66 56 
cell-0-8-7 804 519 66 56 
cell-0-8-8 870 519 66 56 
