header-0 103 535 840 193 
row-1-1 103 535 398 40 
row-1-2 521 535 266 40 
row-2-1 103 585 398 40 
row-2-2 521 585 415 40 
row-3-1 103 635 596 40 
row-4-1 103 685 662 40 
table-2 199 197 407 143 
cell-2-1-0 199 197 38 35 
cell-2-1-1 240 197 38 35 
cell-2-1-2 281 197 38 35 
cell-2-1-3 322 197 38 35 
cell-2-1-4 363 197 38 35 
cell-2-1-5 404 197 38 35 
cell-2-1-6 445 197 38 35 
cell-2-1-7 486 197 38 35 
cell-2-1-8 527 197 38 35 
cell-2-1-9 568 197 38 35 
cell-2-2-0 199 232 38 35 
cell-2-2-1 240 232 38 35 
cell-2-2-2 281 232 38 35 
cell-2-2-3 322 232 38 35 
cell-2-2-4 363 232 38 35 
cell-2-2-5 404 232 38 35 
cell-2-2-6 445 232 38 35 
cell-2-2-7 486 232 38 35 
cell-2-2-8 527 232 38 35 
cell-2-2-9 568 232 38 35 
cell-2-3-0 199 267 38 35 
cell-2-3-1 240 267 38 35 
cell-2-3-2 281 267 38 35 
cell-2-3-3 322 267 38 35 
cell-2-3-4 363 267 38 35 
cell-2-3-5 404 267 38 35 
cell-2-3-6 445 267 38 35 
cell-2-3-7 486 267 38 35 
cell-2-3-8 527 267 38 35 
cell-2-3-9 568 267 38 35 
cell-2-4-0 199 302 38 35 
cell-2-4-1 240 302 38 35 
cell-2-4-2 281 302 38 35 
cell-2-4-3 322 302 38 35 
cell-2-4-4 363 302 38 35 
cell-2-4-5 404 302 38 35 
cell-2-4-6 445 302 38 35 
cell-2-4-7 486 302 38 35 
cell-2-4-8 527 302 38 35 
cell-2-4-9 568 302 38 35 
table-3 351 815 259 509 
cell-3-0-0 351 815 43 35 
cell-3-0-1 394 815 43 35 
cell-3-0-2 437 815 43 35 
cell-3-0-3 480 815 43 35 
cell-3-0-4 523 815 43 35 
cell-3-0-5 566 815 43 35 
cell-3-1-0 351 858 43 35 
cell-3-1-1 394 858 43 35 
cell-3-1-2 437 858 43 35 
cell-3-1-3 480 858 43 35 
cell-3-1-4 523 858 43 35 
cell-3-1-5 566 858 43 35 
cell-3-2-0 351 901 43 35 
cell-3-2-1 394 901 43 35 
cell-3-2-2 437 901 43 35 
cell-3-2-3 480 901 43 35 
cell-3-2-4 523 901 43 35 
cell-3-2-5 566 901 43 35 
cell-3-3-0 351 944 43 35 
cell-3-3-1 394 944 43 35 
cell-3-3-2 437 944 43 35 
cell-3-3-3 480 944 43 35 
cell-3-3-4 523 944 43 35 
cell-3-3-5 566 944 43 35 
cell-3-4-0 351 987 43 35 
cell-3-4-1 394 987 43 35 
cell-3-4-2 437 987 43 35 
cell-3-4-3 480 987 43 35 
cell-3-4-4 523 987 43 35 
cell-3-4-5 566 987 43 35 
cell-3-5-0 351 1030 43 35 
cell-3-5-1 394 1030 43 35 
cell-3-5-2 437 1030 43 35 
cell-3-5-3 480 1030 43 35 
cell-3-5-4 523 1030 43 35 
cell-3-5-5 566 1030 43 35 
cell-3-6-0 351 1073 43 35 
cell-3-6-1 394 1073 43 35 
cell-3-6-2 437 1073 43 35 
cell-3-6-3 480 1073 43 35 
cell-3-6-4 523 1073 43 35 
cell-3-6-5 566 1073 43 35 
cell-3-7-0 351 1116 43 35 
cell-3-7-1 394 1116 43 35 
cell-3-7-2 437 1116 43 35 
cell-3-7-3 480 1116 43 35 
cell-3-7-4 523 1116 43 35 
cell-3-7-5 566 1116 43 35 
cell-3-8-0 351 1159 43 35 
cell-3-8-1 394 1159 43 35 
cell-3-8-2 437 1159 43 35 
cell-3-8-3 480 1159 43 35 
cell-3-8-4 523 1159 43 35 
cell-3-8-5 566 1159 43 35 
cell-3-9-0 351 1202 43 35 
cell-3-9-1 394 1202 43 35 
cell-3-9-2 437 1202 43 35 
cell-3-9-3 480 1202 43 35 
cell-3-9-4 523 1202 43 35 
cell-3-9-5 566 1202 43 35 
cell-3-10-0 351 1245 43 35 
cell-3-10-1 394 1245 43 35 
cell-3-10-2 437 1245 43 35 
cell-3-10-3 480 1245 43 35 
cell-3-10-4 523 1245 43 35 
cell-3-10-5 566 1245 43 35 
cell-3-11-0 351 1288 43 35 
cell-3-11-1 394 1288 43 35 
cell-3-11-2 437 1288 43 35 
cell-3-11-3 480 1288 43 35 
cell-3-11-4 523 1288 43 35 
cell-3-11-5 566 1288 43 35 
