table-0 220 466 552 572 
cell-0-0-0 220 466 43 41 
cell-0-0-1 263 466 43 41 
cell-0-0-2 306 466 43 41 
cell-0-0-3 349 466 43 41 
cell-0-0-4 392 466 378 41 
cell-0-1-0 220 519 43 41 
cell-0-1-1 263 519 43 41 
cell-0-1-2 306 519 43 41 
cell-0-1-3 349 519 43 41 
cell-0-1-4 392 519 378 41 
cell-0-2-0 220 572 43 41 
cell-0-2-1 263 572 43 41 
cell-0-2-2 306 572 43 41 
cell-0-2-3 349 572 43 41 
cell-0-2-4 392 572 378 41 
cell-0-3-0 220 625 43 41 
cell-0-3-1 263 625 43 41 
cell-0-3-2 306 625 43 41 
cell-0-3-3 349 625 43 41 
cell-0-3-4 392 625 378 41 
cell-0-4-0 220 678 43 41 
cell-0-4-1 263 678 43 41 
cell-0-4-2 306 678 43 41 
cell-0-4-3 349 678 43 41 
cell-0-4-4 392 678 378 41 
cell-0-5-0 220 731 43 41 
cell-0-5-1 263 731 43 41 
cell-0-5-2 306 731 43 41 
cell-0-5-3 349 731 43 41 
cell-0-5-4 392 731 378 41 
cell-0-6-0 220 784 43 41 
cell-0-6-1 263 784 43 41 
cell-0-6-2 306 784 43 41 
cell-0-6-3 349 784 43 41 
cell-0-6-4 392 784 378 41 
cell-0-7-0 220 837 43 41 
cell-0-7-1 263 837 43 41 
cell-0-7-2 306 837 43 41 
cell-0-7-3 349 837 43 41 
cell-0-7-4 392 837 378 41 
cell-0-8-0 220 890 43 41 
cell-0-8-1 263 890 43 41 
cell-0-8-2 306 890 43 41 
cell-0-8-3 349 890 43 41 
cell-0-8-4 392 890 378 41 
cell-0-9-0 220 943 43 41 
cell-0-9-1 263 943 43 41 
cell-0-9-2 306 943 43 41 
cell-0-9-3 349 943 43 41 
cell-0-9-4 392 943 378 41 
cell-0-10-0 220 996 43 41 
cell-0-10-1 263 996 43 41 
cell-0-10-2 306 996 43 41 
cell-0-10-3 349 996 43 41 
cell-0-10-4 392 996 378 41 
