table-0 702 564 178 609 
cell-0-0-0 702 564 44 35 
cell-0-0-1 746 564 44 35 
cell-0-0-2 790 564 44 35 
cell-0-0-3 834 564 44 35 
cell-0-1-0 702 608 44 35 
cell-0-1-1 746 608 44 35 
cell-0-1-2 790 608 44 35 
cell-0-1-3 834 608 44 35 
cell-0-2-0 702 652 44 35 
cell-0-2-1 746 652 44 35 
cell-0-2-2 790 652 44 35 
cell-0-2-3 834 652 44 35 
cell-0-3-0 702 696 44 35 
cell-0-3-1 746 696 44 35 
cell-0-3-2 790 696 44 35 
cell-0-3-3 834 696 44 35 
cell-0-4-0 702 740 44 35 
cell-0-4-1 746 740 44 35 
cell-0-4-2 790 740 44 35 
cell-0-4-3 834 740 44 35 
cell-0-5-0 702 784 44 35 
cell-0-5-1 746 784 44 35 
cell-0-5-2 790 784 44 35 
cell-0-5-3 834 784 44 35 
cell-0-6-0 702 828 44 35 
cell-0-6-1 746 828 44 35 
cell-0-6-2 790 828 44 35 
cell-0-6-3 834 828 44 35 
cell-0-7-0 702 872 44 35 
cell-0-7-1 746 872 44 35 
cell-0-7-2 790 872 44 35 
cell-0-7-3 834 872 44 35 
cell-0-8-0 702 916 44 35 
cell-0-8-1 746 916 44 35 
cell-0-8-2 790 916 44 35 
cell-0-8-3 834 916 44 35 
cell-0-9-0 702 960 44 35 
cell-0-9-1 746 960 44 35 
cell-0-9-2 790 960 44 35 
cell-0-9-3 834 960 44 35 
cell-0-10-0 702 1004 44 35 
cell-0-10-1 746 1004 44 35 
cell-0-10-2 790 1004 44 35 
cell-0-10-3 834 1004 44 35 
cell-0-11-0 702 1048 44 35 
cell-0-11-1 746 1048 44 35 
cell-0-11-2 790 1048 44 35 
cell-0-11-3 834 1048 44 35 
cell-0-12-0 702 1092 44 35 
cell-0-12-1 746 1092 44 35 
cell-0-12-2 790 1092 44 35 
cell-0-12-3 834 1092 44 35 
cell-0-13-0 702 1136 44 35 
cell-0-13-1 746 1136 44 35 
cell-0-13-2 790 1136 44 35 
cell-0-13-3 834 1136 44 35 
