header-0 156 1158 802 195 
row-1-1 156 1158 392 41 
row-1-2 568 1158 392 41 
row-2-1 156 1209 260 41 
row-2-2 436 1209 448 41 
row-3-1 156 1260 458 41 
row-4-1 156 1311 557 41 
table-1 140 433 800 448 
cell-1-0-0 140 433 88 41 
cell-1-0-1 228 433 88 41 
cell-1-0-2 316 433 88 41 
cell-1-0-3 404 433 88 41 
cell-1-0-4 492 433 88 41 
cell-1-0-5 580 433 88 41 
cell-1-0-6 668 433 88 41 
cell-1-0-7 756 433 88 41 
cell-1-0-8 844 433 88 41 
cell-1-1-0 140 478 88 41 
cell-1-1-1 228 478 88 41 
cell-1-1-2 316 478 88 41 
cell-1-1-3 404 478 88 41 
cell-1-1-4 492 478 88 41 
cell-1-1-5 580 478 88 41 
cell-1-1-6 668 478 88 41 
cell-1-1-7 756 478 88 41 
cell-1-1-8 844 478 88 41 
cell-1-2-0 140 523 88 41 
cell-1-2-1 228 523 88 41 
cell-1-2-2 316 523 88 41 
cell-1-2-3 404 523 88 41 
cell-1-2-4 492 523 88 41 
cell-1-2-5 580 523 88 41 
cell-1-2-6 668 523 88 41 
cell-1-2-7 756 523 88 41 
cell-1-2-8 844 523 88 41 
cell-1-3-0 140 568 88 41 
cell-1-3-1 228 568 88 41 
cell-1-3-2 316 568 88 41 
cell-1-3-3 404 568 88 41 
cell-1-3-4 492 568 88 41 
cell-1-3-5 580 568 88 41 
cell-1-3-6 668 568 88 41 
cell-1-3-7 756 568 88 41 
cell-1-3-8 844 568 88 41 
cell-1-4-0 140 613 88 41 
cell-1-4-1 228 613 88 41 
cell-1-4-2 316 613 88 41 
cell-1-4-3 404 613 88 41 
cell-1-4-4 492 613 88 41 
cell-1-4-5 580 613 88 41 
cell-1-4-6 668 613 88 41 
cell-1-4-7 756 613 88 41 
cell-1-4-8 844 613 88 41 
cell-1-5-0 140 658 88 41 
cell-1-5-1 228 658 88 41 
cell-1-5-2 316 658 88 41 
cell-1-5-3 404 658 88 41 
cell-1-5-4 492 658 88 41 
cell-1-5-5 580 658 88 41 
cell-1-5-6 668 658 88 41 
cell-1-5-7 756 658 88 41 
cell-1-5-8 844 658 88 41 
cell-1-6-0 140 703 88 41 
cell-1-6-1 228 703 88 41 
cell-1-6-2 316 703 88 41 
cell-1-6-3 404 703 88 41 
cell-1-6-4 492 703 88 41 
cell-1-6-5 580 703 88 41 
cell-1-6-6 668 703 88 41 
cell-1-6-7 756 703 88 41 
cell-1-6-8 844 703 88 41 
cell-1-7-0 140 748 88 41 
cell-1-7-1 228 748 88 41 
cell-1-7-2 316 748 88 41 
cell-1-7-3 404 748 88 41 
cell-1-7-4 492 748 88 41 
cell-1-7-5 580 748 88 41 
cell-1-7-6 668 748 88 41 
cell-1-7-7 756 748 88 41 
cell-1-7-8 844 748 88 41 
cell-1-8-0 140 793 88 41 
cell-1-8-1 228 793 88 41 
cell-1-8-2 316 793 88 41 
cell-1-8-3 404 793 88 41 
cell-1-8-4 492 793 88 41 
cell-1-8-5 580 793 88 41 
cell-1-8-6 668 793 88 41 
cell-1-8-7 756 793 88 41 
cell-1-8-8 844 793 88 41 
cell-1-9-0 140 838 88 41 
cell-1-9-1 228 838 88 41 
cell-1-9-2 316 838 88 41 
cell-1-9-3 404 838 88 41 
cell-1-9-4 492 838 88 41 
cell-1-9-5 580 838 88 41 
cell-1-9-6 668 838 88 41 
cell-1-9-7 756 838 88 41 
cell-1-9-8 844 838 88 41 
header-4 231 62 786 195 
row-1-1 231 62 361 41 
row-1-2 612 62 262 41 
row-2-1 231 113 328 41 
row-2-2 579 113 429 41 
row-3-1 231 164 691 41 
row-4-1 231 215 724 41 
