table-0 224 312 259 454 
cell-0-0-0 224 312 43 35 
cell-0-0-1 267 312 43 35 
cell-0-0-2 310 312 43 35 
cell-0-0-3 353 312 43 35 
cell-0-0-4 396 312 43 35 
cell-0-0-5 439 312 43 35 
cell-0-1-0 224 350 43 35 
cell-0-1-1 267 350 43 35 
cell-0-1-2 310 350 43 35 
cell-0-1-3 353 350 43 35 
cell-0-1-4 396 350 43 35 
cell-0-1-5 439 350 43 35 
cell-0-2-0 224 388 43 35 
cell-0-2-1 267 388 43 35 
cell-0-2-2 310 388 43 35 
cell-0-2-3 353 388 43 35 
cell-0-2-4 396 388 43 35 
cell-0-2-5 439 388 43 35 
cell-0-3-0 224 426 43 35 
cell-0-3-1 267 426 43 35 
cell-0-3-2 310 426 43 35 
cell-0-3-3 353 426 43 35 
cell-0-3-4 396 426 43 35 
cell-0-3-5 439 426 43 35 
cell-0-4-0 224 464 43 35 
cell-0-4-1 267 464 43 35 
cell-0-4-2 310 464 43 35 
cell-0-4-3 353 464 43 35 
cell-0-4-4 396 464 43 35 
cell-0-4-5 439 464 43 35 
cell-0-5-0 224 502 43 35 
cell-0-5-1 267 502 43 35 
cell-0-5-2 310 502 43 35 
cell-0-5-3 353 502 43 35 
cell-0-5-4 396 502 43 35 
cell-0-5-5 439 502 43 35 
cell-0-6-0 224 540 43 35 
cell-0-6-1 267 540 43 35 
cell-0-6-2 310 540 43 35 
cell-0-6-3 353 540 43 35 
cell-0-6-4 396 540 43 35 
cell-0-6-5 439 540 43 35 
cell-0-7-0 224 578 43 35 
cell-0-7-1 267 578 43 35 
cell-0-7-2 310 578 43 35 
cell-0-7-3 353 578 43 35 
cell-0-7-4 396 578 43 35 
cell-0-7-5 439 578 43 35 
cell-0-8-0 224 616 43 35 
cell-0-8-1 267 616 43 35 
cell-0-8-2 310 616 43 35 
cell-0-8-3 353 616 43 35 
cell-0-8-4 396 616 43 35 
cell-0-8-5 439 616 43 35 
cell-0-9-0 224 654 43 35 
cell-0-9-1 267 654 43 35 
cell-0-9-2 310 654 43 35 
cell-0-9-3 353 654 43 35 
cell-0-9-4 396 654 43 35 
cell-0-9-5 439 654 43 35 
cell-0-10-0 224 692 43 35 
cell-0-10-1 267 692 43 35 
cell-0-10-2 310 692 43 35 
cell-0-10-3 353 692 43 35 
cell-0-10-4 396 692 43 35 
cell-0-10-5 439 692 43 35 
cell-0-11-0 224 730 43 35 
cell-0-11-1 267 730 43 35 
cell-0-11-2 310 730 43 35 
cell-0-11-3 353 730 43 35 
cell-0-11-4 396 730 43 35 
cell-0-11-5 439 730 43 35 
