table-0 453 534 579 521 
cell-0-0-0 453 534 43 42 
cell-0-0-1 496 534 43 42 
cell-0-0-2 539 534 43 42 
cell-0-0-3 582 534 43 42 
cell-0-0-4 625 534 43 42 
cell-0-0-5 668 534 43 42 
cell-0-0-6 711 534 317 42 
cell-0-1-0 453 587 43 42 
cell-0-1-1 496 587 43 42 
cell-0-1-2 539 587 43 42 
cell-0-1-3 582 587 43 42 
cell-0-1-4 625 587 43 42 
cell-0-1-5 668 587 43 42 
cell-0-1-6 711 587 317 42 
cell-0-2-0 453 640 43 42 
cell-0-2-1 496 640 43 42 
cell-0-2-2 539 640 43 42 
cell-0-2-3 582 640 43 42 
cell-0-2-4 625 640 43 42 
cell-0-2-5 668 640 43 42 
cell-0-2-6 711 640 317 42 
cell-0-3-0 453 693 43 42 
cell-0-3-1 496 693 43 42 
cell-0-3-2 539 693 43 42 
cell-0-3-3 582 693 43 42 
cell-0-3-4 625 693 43 42 
cell-0-3-5 668 693 43 42 
cell-0-3-6 711 693 317 42 
cell-0-4-0 453 746 43 42 
cell-0-4-1 496 746 43 42 
cell-0-4-2 539 746 43 42 
cell-0-4-3 582 746 43 42 
cell-0-4-4 625 746 43 42 
cell-0-4-5 668 746 43 42 
cell-0-4-6 711 746 317 42 
cell-0-5-0 453 799 43 42 
cell-0-5-1 496 799 43 42 
cell-0-5-2 539 799 43 42 
cell-0-5-3 582 799 43 42 
cell-0-5-4 625 799 43 42 
cell-0-5-5 668 799 43 42 
cell-0-5-6 711 799 317 42 
cell-0-6-0 453 852 43 42 
cell-0-6-1 496 852 43 42 
cell-0-6-2 539 852 43 42 
cell-0-6-3 582 852 43 42 
cell-0-6-4 625 852 43 42 
cell-0-6-5 668 852 43 42 
cell-0-6-6 711 852 317 42 
cell-0-7-0 453 905 43 42 
cell-0-7-1 496 905 43 42 
cell-0-7-2 539 905 43 42 
cell-0-7-3 582 905 43 42 
cell-0-7-4 625 905 43 42 
cell-0-7-5 668 905 43 42 
cell-0-7-6 711 905 317 42 
cell-0-8-0 453 958 43 42 
cell-0-8-1 496 958 43 42 
cell-0-8-2 539 958 43 42 
cell-0-8-3 582 958 43 42 
cell-0-8-4 625 958 43 42 
cell-0-8-5 668 958 43 42 
cell-0-8-6 711 958 317 42 
cell-0-9-0 453 1011 43 42 
cell-0-9-1 496 1011 43 42 
cell-0-9-2 539 1011 43 42 
cell-0-9-3 582 1011 43 42 
cell-0-9-4 625 1011 43 42 
cell-0-9-5 668 1011 43 42 
cell-0-9-6 711 1011 317 42 
