table-0 70 658 529 666 
cell-0-0-0 70 658 43 41 
cell-0-0-1 113 658 43 41 
cell-0-0-2 156 658 43 41 
cell-0-0-3 199 658 43 41 
cell-0-0-4 242 658 43 41 
cell-0-0-5 285 658 313 41 
cell-0-1-0 70 706 43 41 
cell-0-1-1 113 706 43 41 
cell-0-1-2 156 706 43 41 
cell-0-1-3 199 706 43 41 
cell-0-1-4 242 706 43 41 
cell-0-1-5 285 706 313 41 
cell-0-2-0 70 754 43 41 
cell-0-2-1 113 754 43 41 
cell-0-2-2 156 754 43 41 
cell-0-2-3 199 754 43 41 
cell-0-2-4 242 754 43 41 
cell-0-2-5 285 754 313 41 
cell-0-3-0 70 802 43 41 
cell-0-3-1 113 802 43 41 
cell-0-3-2 156 802 43 41 
cell-0-3-3 199 802 43 41 
cell-0-3-4 242 802 43 41 
cell-0-3-5 285 802 313 41 
cell-0-4-0 70 850 43 41 
cell-0-4-1 113 850 43 41 
cell-0-4-2 156 850 43 41 
cell-0-4-3 199 850 43 41 
cell-0-4-4 242 850 43 41 
cell-0-4-5 285 850 313 41 
cell-0-5-0 70 898 43 41 
cell-0-5-1 113 898 43 41 
cell-0-5-2 156 898 43 41 
cell-0-5-3 199 898 43 41 
cell-0-5-4 242 898 43 41 
cell-0-5-5 285 898 313 41 
cell-0-6-0 70 946 43 41 
cell-0-6-1 113 946 43 41 
cell-0-6-2 156 946 43 41 
cell-0-6-3 199 946 43 41 
cell-0-6-4 242 946 43 41 
cell-0-6-5 285 946 313 41 
cell-0-7-0 70 994 43 41 
cell-0-7-1 113 994 43 41 
cell-0-7-2 156 994 43 41 
cell-0-7-3 199 994 43 41 
cell-0-7-4 242 994 43 41 
cell-0-7-5 285 994 313 41 
cell-0-8-0 70 1042 43 41 
cell-0-8-1 113 1042 43 41 
cell-0-8-2 156 1042 43 41 
cell-0-8-3 199 1042 43 41 
cell-0-8-4 242 1042 43 41 
cell-0-8-5 285 1042 313 41 
cell-0-9-0 70 1090 43 41 
cell-0-9-1 113 1090 43 41 
cell-0-9-2 156 1090 43 41 
cell-0-9-3 199 1090 43 41 
cell-0-9-4 242 1090 43 41 
cell-0-9-5 285 1090 313 41 
cell-0-10-0 70 1138 43 41 
cell-0-10-1 113 1138 43 41 
cell-0-10-2 156 1138 43 41 
cell-0-10-3 199 1138 43 41 
cell-0-10-4 242 1138 43 41 
cell-0-10-5 285 1138 313 41 
cell-0-11-0 70 1186 43 41 
cell-0-11-1 113 1186 43 41 
cell-0-11-2 156 1186 43 41 
cell-0-11-3 199 1186 43 41 
cell-0-11-4 242 1186 43 41 
cell-0-11-5 285 1186 313 41 
cell-0-12-0 70 1234 43 41 
cell-0-12-1 113 1234 43 41 
cell-0-12-2 156 1234 43 41 
cell-0-12-3 199 1234 43 41 
cell-0-12-4 242 1234 43 41 
cell-0-12-5 285 1234 313 41 
cell-0-13-0 70 1282 43 41 
cell-0-13-1 113 1282 43 41 
cell-0-13-2 156 1282 43 41 
cell-0-13-3 199 1282 43 41 
cell-0-13-4 242 1282 43 41 
cell-0-13-5 285 1282 313 41 
