table-0 506 724 423 318 
cell-0-1-0 506 724 35 35 
cell-0-1-1 541 724 35 35 
cell-0-1-2 576 724 35 35 
cell-0-1-3 611 724 35 35 
cell-0-1-4 646 724 35 35 
cell-0-1-5 681 724 35 35 
cell-0-1-6 716 724 35 35 
cell-0-1-7 751 724 35 35 
cell-0-1-8 786 724 35 35 
cell-0-1-9 821 724 35 35 
cell-0-1-10 856 724 35 35 
cell-0-1-11 891 724 35 35 
cell-0-2-0 506 759 35 35 
cell-0-2-1 541 759 35 35 
cell-0-2-2 576 759 35 35 
cell-0-2-3 611 759 35 35 
cell-0-2-4 646 759 35 35 
cell-0-2-5 681 759 35 35 
cell-0-2-6 716 759 35 35 
cell-0-2-7 751 759 35 35 
cell-0-2-8 786 759 35 35 
cell-0-2-9 821 759 35 35 
cell-0-2-10 856 759 35 35 
cell-0-2-11 891 759 35 35 
cell-0-3-0 506 794 35 35 
cell-0-3-1 541 794 35 35 
cell-0-3-2 576 794 35 35 
cell-0-3-3 611 794 35 35 
cell-0-3-4 646 794 35 35 
cell-0-3-5 681 794 35 35 
cell-0-3-6 716 794 35 35 
cell-0-3-7 751 794 35 35 
cell-0-3-8 786 794 35 35 
cell-0-3-9 821 794 35 35 
cell-0-3-10 856 794 35 35 
cell-0-3-11 891 794 35 35 
cell-0-4-0 506 829 35 35 
cell-0-4-1 541 829 35 35 
cell-0-4-2 576 829 35 35 
cell-0-4-3 611 829 35 35 
cell-0-4-4 646 829 35 35 
cell-0-4-5 681 829 35 35 
cell-0-4-6 716 829 35 35 
cell-0-4-7 751 829 35 35 
cell-0-4-8 786 829 35 35 
cell-0-4-9 821 829 35 35 
cell-0-4-10 856 829 35 35 
cell-0-4-11 891 829 35 35 
cell-0-5-0 506 864 35 35 
cell-0-5-1 541 864 35 35 
cell-0-5-2 576 864 35 35 
cell-0-5-3 611 864 35 35 
cell-0-5-4 646 864 35 35 
cell-0-5-5 681 864 35 35 
cell-0-5-6 716 864 35 35 
cell-0-5-7 751 864 35 35 
cell-0-5-8 786 864 35 35 
cell-0-5-9 821 864 35 35 
cell-0-5-10 856 864 35 35 
cell-0-5-11 891 864 35 35 
cell-0-6-0 506 899 35 35 
cell-0-6-1 541 899 35 35 
cell-0-6-2 576 899 35 35 
cell-0-6-3 611 899 35 35 
cell-0-6-4 646 899 35 35 
cell-0-6-5 681 899 35 35 
cell-0-6-6 716 899 35 35 
cell-0-6-7 751 899 35 35 
cell-0-6-8 786 899 35 35 
cell-0-6-9 821 899 35 35 
cell-0-6-10 856 899 35 35 
cell-0-6-11 891 899 35 35 
cell-0-7-0 506 934 35 35 
cell-0-7-1 541 934 35 35 
cell-0-7-2 576 934 35 35 
cell-0-7-3 611 934 35 35 
cell-0-7-4 646 934 35 35 
cell-0-7-5 681 934 35 35 
cell-0-7-6 716 934 35 35 
cell-0-7-7 751 934 35 35 
cell-0-7-8 786 934 35 35 
cell-0-7-9 821 934 35 35 
cell-0-7-10 856 934 35 35 
cell-0-7-11 891 934 35 35 
cell-0-8-0 506 969 35 35 
cell-0-8-1 541 969 35 35 
cell-0-8-2 576 969 35 35 
cell-0-8-3 611 969 35 35 
cell-0-8-4 646 969 35 35 
cell-0-8-5 681 969 35 35 
cell-0-8-6 716 969 35 35 
cell-0-8-7 751 969 35 35 
cell-0-8-8 786 969 35 35 
cell-0-8-9 821 969 35 35 
cell-0-8-10 856 969 35 35 
cell-0-8-11 891 969 35 35 
cell-0-9-0 506 1004 35 35 
cell-0-9-1 541 1004 35 35 
cell-0-9-2 576 1004 35 35 
cell-0-9-3 611 1004 35 35 
cell-0-9-4 646 1004 35 35 
cell-0-9-5 681 1004 35 35 
cell-0-9-6 716 1004 35 35 
cell-0-9-7 751 1004 35 35 
cell-0-9-8 786 1004 35 35 
cell-0-9-9 821 1004 35 35 
cell-0-9-10 856 1004 35 35 
cell-0-9-11 891 1004 35 35 
table-2 185 214 273 362 
cell-2-0-0 185 214 45 35 
cell-2-0-1 230 214 45 35 
cell-2-0-2 275 214 45 35 
cell-2-0-3 320 214 45 35 
cell-2-0-4 365 214 45 35 
cell-2-0-5 410 214 45 35 
cell-2-1-0 185 250 45 35 
cell-2-1-1 230 250 45 35 
cell-2-1-2 275 250 45 35 
cell-2-1-3 320 250 45 35 
cell-2-1-4 365 250 45 35 
cell-2-1-5 410 250 45 35 
cell-2-2-0 185 286 45 35 
cell-2-2-1 230 286 45 35 
cell-2-2-2 275 286 45 35 
cell-2-2-3 320 286 45 35 
cell-2-2-4 365 286 45 35 
cell-2-2-5 410 286 45 35 
cell-2-3-0 185 322 45 35 
cell-2-3-1 230 322 45 35 
cell-2-3-2 275 322 45 35 
cell-2-3-3 320 322 45 35 
cell-2-3-4 365 322 45 35 
cell-2-3-5 410 322 45 35 
cell-2-4-0 185 358 45 35 
cell-2-4-1 230 358 45 35 
cell-2-4-2 275 358 45 35 
cell-2-4-3 320 358 45 35 
cell-2-4-4 365 358 45 35 
cell-2-4-5 410 358 45 35 
cell-2-5-0 185 394 45 35 
cell-2-5-1 230 394 45 35 
cell-2-5-2 275 394 45 35 
cell-2-5-3 320 394 45 35 
cell-2-5-4 365 394 45 35 
cell-2-5-5 410 394 45 35 
cell-2-6-0 185 430 45 35 
cell-2-6-1 230 430 45 35 
cell-2-6-2 275 430 45 35 
cell-2-6-3 320 430 45 35 
cell-2-6-4 365 430 45 35 
cell-2-6-5 410 430 45 35 
cell-2-7-0 185 466 45 35 
cell-2-7-1 230 466 45 35 
cell-2-7-2 275 466 45 35 
cell-2-7-3 320 466 45 35 
cell-2-7-4 365 466 45 35 
cell-2-7-5 410 466 45 35 
cell-2-8-0 185 502 45 35 
cell-2-8-1 230 502 45 35 
cell-2-8-2 275 502 45 35 
cell-2-8-3 320 502 45 35 
cell-2-8-4 365 502 45 35 
cell-2-8-5 410 502 45 35 
cell-2-9-0 185 538 45 35 
cell-2-9-1 230 538 45 35 
cell-2-9-2 275 538 45 35 
cell-2-9-3 320 538 45 35 
cell-2-9-4 365 538 45 35 
cell-2-9-5 410 538 45 35 
