table-0 459 300 569 679 
cell-0-0-0 459 300 43 41 
cell-0-0-1 502 300 43 41 
cell-0-0-2 545 300 43 41 
cell-0-0-3 588 300 43 41 
cell-0-0-4 631 300 43 41 
cell-0-0-5 674 300 43 41 
cell-0-0-6 717 300 311 41 
cell-0-1-0 459 349 43 41 
cell-0-1-1 502 349 43 41 
cell-0-1-2 545 349 43 41 
cell-0-1-3 588 349 43 41 
cell-0-1-4 631 349 43 41 
cell-0-1-5 674 349 43 41 
cell-0-1-6 717 349 311 41 
cell-0-2-0 459 398 43 41 
cell-0-2-1 502 398 43 41 
cell-0-2-2 545 398 43 41 
cell-0-2-3 588 398 43 41 
cell-0-2-4 631 398 43 41 
cell-0-2-5 674 398 43 41 
cell-0-2-6 717 398 311 41 
cell-0-3-0 459 447 43 41 
cell-0-3-1 502 447 43 41 
cell-0-3-2 545 447 43 41 
cell-0-3-3 588 447 43 41 
cell-0-3-4 631 447 43 41 
cell-0-3-5 674 447 43 41 
cell-0-3-6 717 447 311 41 
cell-0-4-0 459 496 43 41 
cell-0-4-1 502 496 43 41 
cell-0-4-2 545 496 43 41 
cell-0-4-3 588 496 43 41 
cell-0-4-4 631 496 43 41 
cell-0-4-5 674 496 43 41 
cell-0-4-6 717 496 311 41 
cell-0-5-0 459 545 43 41 
cell-0-5-1 502 545 43 41 
cell-0-5-2 545 545 43 41 
cell-0-5-3 588 545 43 41 
cell-0-5-4 631 545 43 41 
cell-0-5-5 674 545 43 41 
cell-0-5-6 717 545 311 41 
cell-0-6-0 459 594 43 41 
cell-0-6-1 502 594 43 41 
cell-0-6-2 545 594 43 41 
cell-0-6-3 588 594 43 41 
cell-0-6-4 631 594 43 41 
cell-0-6-5 674 594 43 41 
cell-0-6-6 717 594 311 41 
cell-0-7-0 459 643 43 41 
cell-0-7-1 502 643 43 41 
cell-0-7-2 545 643 43 41 
cell-0-7-3 588 643 43 41 
cell-0-7-4 631 643 43 41 
cell-0-7-5 674 643 43 41 
cell-0-7-6 717 643 311 41 
cell-0-8-0 459 692 43 41 
cell-0-8-1 502 692 43 41 
cell-0-8-2 545 692 43 41 
cell-0-8-3 588 692 43 41 
cell-0-8-4 631 692 43 41 
cell-0-8-5 674 692 43 41 
cell-0-8-6 717 692 311 41 
cell-0-9-0 459 741 43 41 
cell-0-9-1 502 741 43 41 
cell-0-9-2 545 741 43 41 
cell-0-9-3 588 741 43 41 
cell-0-9-4 631 741 43 41 
cell-0-9-5 674 741 43 41 
cell-0-9-6 717 741 311 41 
cell-0-10-0 459 790 43 41 
cell-0-10-1 502 790 43 41 
cell-0-10-2 545 790 43 41 
cell-0-10-3 588 790 43 41 
cell-0-10-4 631 790 43 41 
cell-0-10-5 674 790 43 41 
cell-0-10-6 717 790 311 41 
cell-0-11-0 459 839 43 41 
cell-0-11-1 502 839 43 41 
cell-0-11-2 545 839 43 41 
cell-0-11-3 588 839 43 41 
cell-0-11-4 631 839 43 41 
cell-0-11-5 674 839 43 41 
cell-0-11-6 717 839 311 41 
cell-0-12-0 459 888 43 41 
cell-0-12-1 502 888 43 41 
cell-0-12-2 545 888 43 41 
cell-0-12-3 588 888 43 41 
cell-0-12-4 631 888 43 41 
cell-0-12-5 674 888 43 41 
cell-0-12-6 717 888 311 41 
cell-0-13-0 459 937 43 41 
cell-0-13-1 502 937 43 41 
cell-0-13-2 545 937 43 41 
cell-0-13-3 588 937 43 41 
cell-0-13-4 631 937 43 41 
cell-0-13-5 674 937 43 41 
cell-0-13-6 717 937 311 41 
