table-0 457 83 178 457 
cell-0-0-0 457 83 44 35 
cell-0-0-1 501 83 44 35 
cell-0-0-2 545 83 44 35 
cell-0-0-3 589 83 44 35 
cell-0-1-0 457 118 44 35 
cell-0-1-1 501 118 44 35 
cell-0-1-2 545 118 44 35 
cell-0-1-3 589 118 44 35 
cell-0-2-0 457 153 44 35 
cell-0-2-1 501 153 44 35 
cell-0-2-2 545 153 44 35 
cell-0-2-3 589 153 44 35 
cell-0-3-0 457 188 44 35 
cell-0-3-1 501 188 44 35 
cell-0-3-2 545 188 44 35 
cell-0-3-3 589 188 44 35 
cell-0-4-0 457 223 44 35 
cell-0-4-1 501 223 44 35 
cell-0-4-2 545 223 44 35 
cell-0-4-3 589 223 44 35 
cell-0-5-0 457 258 44 35 
cell-0-5-1 501 258 44 35 
cell-0-5-2 545 258 44 35 
cell-0-5-3 589 258 44 35 
cell-0-6-0 457 293 44 35 
cell-0-6-1 501 293 44 35 
cell-0-6-2 545 293 44 35 
cell-0-6-3 589 293 44 35 
cell-0-7-0 457 328 44 35 
cell-0-7-1 501 328 44 35 
cell-0-7-2 545 328 44 35 
cell-0-7-3 589 328 44 35 
cell-0-8-0 457 363 44 35 
cell-0-8-1 501 363 44 35 
cell-0-8-2 545 363 44 35 
cell-0-8-3 589 363 44 35 
cell-0-9-0 457 398 44 35 
cell-0-9-1 501 398 44 35 
cell-0-9-2 545 398 44 35 
cell-0-9-3 589 398 44 35 
cell-0-10-0 457 433 44 35 
cell-0-10-1 501 433 44 35 
cell-0-10-2 545 433 44 35 
cell-0-10-3 589 433 44 35 
cell-0-11-0 457 468 44 35 
cell-0-11-1 501 468 44 35 
cell-0-11-2 545 468 44 35 
cell-0-11-3 589 468 44 35 
cell-0-12-0 457 503 44 35 
cell-0-12-1 501 503 44 35 
cell-0-12-2 545 503 44 35 
cell-0-12-3 589 503 44 35 
table-2 105 827 259 477 
cell-2-0-0 105 827 43 35 
cell-2-0-1 148 827 43 35 
cell-2-0-2 191 827 43 35 
cell-2-0-3 234 827 43 35 
cell-2-0-4 277 827 43 35 
cell-2-0-5 320 827 43 35 
cell-2-1-0 105 876 43 35 
cell-2-1-1 148 876 43 35 
cell-2-1-2 191 876 43 35 
cell-2-1-3 234 876 43 35 
cell-2-1-4 277 876 43 35 
cell-2-1-5 320 876 43 35 
cell-2-2-0 105 925 43 35 
cell-2-2-1 148 925 43 35 
cell-2-2-2 191 925 43 35 
cell-2-2-3 234 925 43 35 
cell-2-2-4 277 925 43 35 
cell-2-2-5 320 925 43 35 
cell-2-3-0 105 974 43 35 
cell-2-3-1 148 974 43 35 
cell-2-3-2 191 974 43 35 
cell-2-3-3 234 974 43 35 
cell-2-3-4 277 974 43 35 
cell-2-3-5 320 974 43 35 
cell-2-4-0 105 1023 43 35 
cell-2-4-1 148 1023 43 35 
cell-2-4-2 191 1023 43 35 
cell-2-4-3 234 1023 43 35 
cell-2-4-4 277 1023 43 35 
cell-2-4-5 320 1023 43 35 
cell-2-5-0 105 1072 43 35 
cell-2-5-1 148 1072 43 35 
cell-2-5-2 191 1072 43 35 
cell-2-5-3 234 1072 43 35 
cell-2-5-4 277 1072 43 35 
cell-2-5-5 320 1072 43 35 
cell-2-6-0 105 1121 43 35 
cell-2-6-1 148 1121 43 35 
cell-2-6-2 191 1121 43 35 
cell-2-6-3 234 1121 43 35 
cell-2-6-4 277 1121 43 35 
cell-2-6-5 320 1121 43 35 
cell-2-7-0 105 1170 43 35 
cell-2-7-1 148 1170 43 35 
cell-2-7-2 191 1170 43 35 
cell-2-7-3 234 1170 43 35 
cell-2-7-4 277 1170 43 35 
cell-2-7-5 320 1170 43 35 
cell-2-8-0 105 1219 43 35 
cell-2-8-1 148 1219 43 35 
cell-2-8-2 191 1219 43 35 
cell-2-8-3 234 1219 43 35 
cell-2-8-4 277 1219 43 35 
cell-2-8-5 320 1219 43 35 
cell-2-9-0 105 1268 43 35 
cell-2-9-1 148 1268 43 35 
cell-2-9-2 191 1268 43 35 
cell-2-9-3 234 1268 43 35 
cell-2-9-4 277 1268 43 35 
cell-2-9-5 320 1268 43 35 
