table-0 135 427 556 728 
cell-0-0-0 135 427 44 42 
cell-0-0-1 179 427 44 42 
cell-0-0-2 223 427 44 42 
cell-0-0-3 267 427 44 42 
cell-0-0-4 311 427 44 42 
cell-0-0-5 355 427 336 42 
cell-0-1-0 135 484 44 42 
cell-0-1-1 179 484 44 42 
cell-0-1-2 223 484 44 42 
cell-0-1-3 267 484 44 42 
cell-0-1-4 311 484 44 42 
cell-0-1-5 355 484 336 42 
cell-0-2-0 135 541 44 42 
cell-0-2-1 179 541 44 42 
cell-0-2-2 223 541 44 42 
cell-0-2-3 267 541 44 42 
cell-0-2-4 311 541 44 42 
cell-0-2-5 355 541 336 42 
cell-0-3-0 135 598 44 42 
cell-0-3-1 179 598 44 42 
cell-0-3-2 223 598 44 42 
cell-0-3-3 267 598 44 42 
cell-0-3-4 311 598 44 42 
cell-0-3-5 355 598 336 42 
cell-0-4-0 135 655 44 42 
cell-0-4-1 179 655 44 42 
cell-0-4-2 223 655 44 42 
cell-0-4-3 267 655 44 42 
cell-0-4-4 311 655 44 42 
cell-0-4-5 355 655 336 42 
cell-0-5-0 135 712 44 42 
cell-0-5-1 179 712 44 42 
cell-0-5-2 223 712 44 42 
cell-0-5-3 267 712 44 42 
cell-0-5-4 311 712 44 42 
cell-0-5-5 355 712 336 42 
cell-0-6-0 135 769 44 42 
cell-0-6-1 179 769 44 42 
cell-0-6-2 223 769 44 42 
cell-0-6-3 267 769 44 42 
cell-0-6-4 311 769 44 42 
cell-0-6-5 355 769 336 42 
cell-0-7-0 135 826 44 42 
cell-0-7-1 179 826 44 42 
cell-0-7-2 223 826 44 42 
cell-0-7-3 267 826 44 42 
cell-0-7-4 311 826 44 42 
cell-0-7-5 355 826 336 42 
cell-0-8-0 135 883 44 42 
cell-0-8-1 179 883 44 42 
cell-0-8-2 223 883 44 42 
cell-0-8-3 267 883 44 42 
cell-0-8-4 311 883 44 42 
cell-0-8-5 355 883 336 42 
cell-0-9-0 135 940 44 42 
cell-0-9-1 179 940 44 42 
cell-0-9-2 223 940 44 42 
cell-0-9-3 267 940 44 42 
cell-0-9-4 311 940 44 42 
cell-0-9-5 355 940 336 42 
cell-0-10-0 135 997 44 42 
cell-0-10-1 179 997 44 42 
cell-0-10-2 223 997 44 42 
cell-0-10-3 267 997 44 42 
cell-0-10-4 311 997 44 42 
cell-0-10-5 355 997 336 42 
cell-0-11-0 135 1054 44 42 
cell-0-11-1 179 1054 44 42 
cell-0-11-2 223 1054 44 42 
cell-0-11-3 267 1054 44 42 
cell-0-11-4 311 1054 44 42 
cell-0-11-5 355 1054 336 42 
cell-0-12-0 135 1111 44 42 
cell-0-12-1 179 1111 44 42 
cell-0-12-2 223 1111 44 42 
cell-0-12-3 267 1111 44 42 
cell-0-12-4 311 1111 44 42 
cell-0-12-5 355 1111 336 42 
