table-0 510 304 528 774 
cell-0-0-0 510 304 44 43 
cell-0-0-1 554 304 44 43 
cell-0-0-2 598 304 44 43 
cell-0-0-3 642 304 44 43 
cell-0-0-4 686 304 44 43 
cell-0-0-5 730 304 304 43 
cell-0-1-0 510 356 44 43 
cell-0-1-1 554 356 44 43 
cell-0-1-2 598 356 44 43 
cell-0-1-3 642 356 44 43 
cell-0-1-4 686 356 44 43 
cell-0-1-5 730 356 304 43 
cell-0-2-0 510 408 44 43 
cell-0-2-1 554 408 44 43 
cell-0-2-2 598 408 44 43 
cell-0-2-3 642 408 44 43 
cell-0-2-4 686 408 44 43 
cell-0-2-5 730 408 304 43 
cell-0-3-0 510 460 44 43 
cell-0-3-1 554 460 44 43 
cell-0-3-2 598 460 44 43 
cell-0-3-3 642 460 44 43 
cell-0-3-4 686 460 44 43 
cell-0-3-5 730 460 304 43 
cell-0-4-0 510 512 44 43 
cell-0-4-1 554 512 44 43 
cell-0-4-2 598 512 44 43 
cell-0-4-3 642 512 44 43 
cell-0-4-4 686 512 44 43 
cell-0-4-5 730 512 304 43 
cell-0-5-0 510 564 44 43 
cell-0-5-1 554 564 44 43 
cell-0-5-2 598 564 44 43 
cell-0-5-3 642 564 44 43 
cell-0-5-4 686 564 44 43 
cell-0-5-5 730 564 304 43 
cell-0-6-0 510 616 44 43 
cell-0-6-1 554 616 44 43 
cell-0-6-2 598 616 44 43 
cell-0-6-3 642 616 44 43 
cell-0-6-4 686 616 44 43 
cell-0-6-5 730 616 304 43 
cell-0-7-0 510 668 44 43 
cell-0-7-1 554 668 44 43 
cell-0-7-2 598 668 44 43 
cell-0-7-3 642 668 44 43 
cell-0-7-4 686 668 44 43 
cell-0-7-5 730 668 304 43 
cell-0-8-0 510 720 44 43 
cell-0-8-1 554 720 44 43 
cell-0-8-2 598 720 44 43 
cell-0-8-3 642 720 44 43 
cell-0-8-4 686 720 44 43 
cell-0-8-5 730 720 304 43 
cell-0-9-0 510 772 44 43 
cell-0-9-1 554 772 44 43 
cell-0-9-2 598 772 44 43 
cell-0-9-3 642 772 44 43 
cell-0-9-4 686 772 44 43 
cell-0-9-5 730 772 304 43 
cell-0-10-0 510 824 44 43 
cell-0-10-1 554 824 44 43 
cell-0-10-2 598 824 44 43 
cell-0-10-3 642 824 44 43 
cell-0-10-4 686 824 44 43 
cell-0-10-5 730 824 304 43 
cell-0-11-0 510 876 44 43 
cell-0-11-1 554 876 44 43 
cell-0-11-2 598 876 44 43 
cell-0-11-3 642 876 44 43 
cell-0-11-4 686 876 44 43 
cell-0-11-5 730 876 304 43 
cell-0-12-0 510 928 44 43 
cell-0-12-1 554 928 44 43 
cell-0-12-2 598 928 44 43 
cell-0-12-3 642 928 44 43 
cell-0-12-4 686 928 44 43 
cell-0-12-5 730 928 304 43 
cell-0-13-0 510 980 44 43 
cell-0-13-1 554 980 44 43 
cell-0-13-2 598 980 44 43 
cell-0-13-3 642 980 44 43 
cell-0-13-4 686 980 44 43 
cell-0-13-5 730 980 304 43 
cell-0-14-0 510 1032 44 43 
cell-0-14-1 554 1032 44 43 
cell-0-14-2 598 1032 44 43 
cell-0-14-3 642 1032 44 43 
cell-0-14-4 686 1032 44 43 
cell-0-14-5 730 1032 304 43 
