table-0 131 409 638 705 
cell-0-0-0 131 409 43 41 
cell-0-0-1 174 409 43 41 
cell-0-0-2 217 409 43 41 
cell-0-0-3 260 409 43 41 
cell-0-0-4 303 409 43 41 
cell-0-0-5 346 409 43 41 
cell-0-0-6 389 409 380 41 
cell-0-1-0 131 460 43 41 
cell-0-1-1 174 460 43 41 
cell-0-1-2 217 460 43 41 
cell-0-1-3 260 460 43 41 
cell-0-1-4 303 460 43 41 
cell-0-1-5 346 460 43 41 
cell-0-1-6 389 460 380 41 
cell-0-2-0 131 511 43 41 
cell-0-2-1 174 511 43 41 
cell-0-2-2 217 511 43 41 
cell-0-2-3 260 511 43 41 
cell-0-2-4 303 511 43 41 
cell-0-2-5 346 511 43 41 
cell-0-2-6 389 511 380 41 
cell-0-3-0 131 562 43 41 
cell-0-3-1 174 562 43 41 
cell-0-3-2 217 562 43 41 
cell-0-3-3 260 562 43 41 
cell-0-3-4 303 562 43 41 
cell-0-3-5 346 562 43 41 
cell-0-3-6 389 562 380 41 
cell-0-4-0 131 613 43 41 
cell-0-4-1 174 613 43 41 
cell-0-4-2 217 613 43 41 
cell-0-4-3 260 613 43 41 
cell-0-4-4 303 613 43 41 
cell-0-4-5 346 613 43 41 
cell-0-4-6 389 613 380 41 
cell-0-5-0 131 664 43 41 
cell-0-5-1 174 664 43 41 
cell-0-5-2 217 664 43 41 
cell-0-5-3 260 664 43 41 
cell-0-5-4 303 664 43 41 
cell-0-5-5 346 664 43 41 
cell-0-5-6 389 664 380 41 
cell-0-6-0 131 715 43 41 
cell-0-6-1 174 715 43 41 
cell-0-6-2 217 715 43 41 
cell-0-6-3 260 715 43 41 
cell-0-6-4 303 715 43 41 
cell-0-6-5 346 715 43 41 
cell-0-6-6 389 715 380 41 
cell-0-7-0 131 766 43 41 
cell-0-7-1 174 766 43 41 
cell-0-7-2 217 766 43 41 
cell-0-7-3 260 766 43 41 
cell-0-7-4 303 766 43 41 
cell-0-7-5 346 766 43 41 
cell-0-7-6 389 766 380 41 
cell-0-8-0 131 817 43 41 
cell-0-8-1 174 817 43 41 
cell-0-8-2 217 817 43 41 
cell-0-8-3 260 817 43 41 
cell-0-8-4 303 817 43 41 
cell-0-8-5 346 817 43 41 
cell-0-8-6 389 817 380 41 
cell-0-9-0 131 868 43 41 
cell-0-9-1 174 868 43 41 
cell-0-9-2 217 868 43 41 
cell-0-9-3 260 868 43 41 
cell-0-9-4 303 868 43 41 
cell-0-9-5 346 868 43 41 
cell-0-9-6 389 868 380 41 
cell-0-10-0 131 919 43 41 
cell-0-10-1 174 919 43 41 
cell-0-10-2 217 919 43 41 
cell-0-10-3 260 919 43 41 
cell-0-10-4 303 919 43 41 
cell-0-10-5 346 919 43 41 
cell-0-10-6 389 919 380 41 
cell-0-11-0 131 970 43 41 
cell-0-11-1 174 970 43 41 
cell-0-11-2 217 970 43 41 
cell-0-11-3 260 970 43 41 
cell-0-11-4 303 970 43 41 
cell-0-11-5 346 970 43 41 
cell-0-11-6 389 970 380 41 
cell-0-12-0 131 1021 43 41 
cell-0-12-1 174 1021 43 41 
cell-0-12-2 217 1021 43 41 
cell-0-12-3 260 1021 43 41 
cell-0-12-4 303 1021 43 41 
cell-0-12-5 346 1021 43 41 
cell-0-12-6 389 1021 380 41 
cell-0-13-0 131 1072 43 41 
cell-0-13-1 174 1072 43 41 
cell-0-13-2 217 1072 43 41 
cell-0-13-3 260 1072 43 41 
cell-0-13-4 303 1072 43 41 
cell-0-13-5 346 1072 43 41 
cell-0-13-6 389 1072 380 41 
