header-0 179 319 847 193 
row-1-1 179 319 386 40 
row-1-2 585 319 386 40 
row-2-1 179 369 386 40 
row-2-2 585 369 437 40 
row-3-1 179 419 815 40 
row-4-1 179 469 815 40 
table-2 496 721 266 427 
cell-2-0-0 496 721 44 35 
cell-2-0-1 540 721 44 35 
cell-2-0-2 584 721 44 35 
cell-2-0-3 628 721 44 35 
cell-2-0-4 672 721 44 35 
cell-2-0-5 716 721 44 35 
cell-2-1-0 496 760 44 35 
cell-2-1-1 540 760 44 35 
cell-2-1-2 584 760 44 35 
cell-2-1-3 628 760 44 35 
cell-2-1-4 672 760 44 35 
cell-2-1-5 716 760 44 35 
cell-2-2-0 496 799 44 35 
cell-2-2-1 540 799 44 35 
cell-2-2-2 584 799 44 35 
cell-2-2-3 628 799 44 35 
cell-2-2-4 672 799 44 35 
cell-2-2-5 716 799 44 35 
cell-2-3-0 496 838 44 35 
cell-2-3-1 540 838 44 35 
cell-2-3-2 584 838 44 35 
cell-2-3-3 628 838 44 35 
cell-2-3-4 672 838 44 35 
cell-2-3-5 716 838 44 35 
cell-2-4-0 496 877 44 35 
cell-2-4-1 540 877 44 35 
cell-2-4-2 584 877 44 35 
cell-2-4-3 628 877 44 35 
cell-2-4-4 672 877 44 35 
cell-2-4-5 716 877 44 35 
cell-2-5-0 496 916 44 35 
cell-2-5-1 540 916 44 35 
cell-2-5-2 584 916 44 35 
cell-2-5-3 628 916 44 35 
cell-2-5-4 672 916 44 35 
cell-2-5-5 716 916 44 35 
cell-2-6-0 496 955 44 35 
cell-2-6-1 540 955 44 35 
cell-2-6-2 584 955 44 35 
cell-2-6-3 628 955 44 35 
cell-2-6-4 672 955 44 35 
cell-2-6-5 716 955 44 35 
cell-2-7-0 496 994 44 35 
cell-2-7-1 540 994 44 35 
cell-2-7-2 584 994 44 35 
cell-2-7-3 628 994 44 35 
cell-2-7-4 672 994 44 35 
cell-2-7-5 716 994 44 35 
cell-2-8-0 496 1033 44 35 
cell-2-8-1 540 1033 44 35 
cell-2-8-2 584 1033 44 35 
cell-2-8-3 628 1033 44 35 
cell-2-8-4 672 1033 44 35 
cell-2-8-5 716 1033 44 35 
cell-2-9-0 496 1072 44 35 
cell-2-9-1 540 1072 44 35 
cell-2-9-2 584 1072 44 35 
cell-2-9-3 628 1072 44 35 
cell-2-9-4 672 1072 44 35 
cell-2-9-5 716 1072 44 35 
cell-2-10-0 496 1111 44 35 
cell-2-10-1 540 1111 44 35 
cell-2-10-2 584 1111 44 35 
cell-2-10-3 628 1111 44 35 
cell-2-10-4 672 1111 44 35 
cell-2-10-5 716 1111 44 35 
