table-0 103 119 900 321 
cell-0-0-0 103 119 150 53 
cell-0-0-1 253 119 150 53 
cell-0-0-2 403 119 150 53 
cell-0-0-3 553 119 150 53 
cell-0-0-4 703 119 150 53 
cell-0-0-5 853 119 150 53 
cell-0-1-0 103 172 150 53 
cell-0-1-1 253 172 150 53 
cell-0-1-2 403 172 150 53 
cell-0-1-3 553 172 150 53 
cell-0-1-4 703 172 150 53 
cell-0-1-5 853 172 150 53 
cell-0-2-0 103 225 150 53 
cell-0-2-1 253 225 150 53 
cell-0-2-2 403 225 150 53 
cell-0-2-3 553 225 150 53 
cell-0-2-4 703 225 150 53 
cell-0-2-5 853 225 150 53 
cell-0-3-0 103 278 150 53 
cell-0-3-1 253 278 150 53 
cell-0-3-2 403 278 150 53 
cell-0-3-3 553 278 150 53 
cell-0-3-4 703 278 150 53 
cell-0-3-5 853 278 150 53 
cell-0-4-0 103 331 150 53 
cell-0-4-1 253 331 150 53 
cell-0-4-2 403 331 150 53 
cell-0-4-3 553 331 150 53 
cell-0-4-4 703 331 150 53 
cell-0-4-5 853 331 150 53 
cell-0-5-0 103 384 150 53 
cell-0-5-1 253 384 150 53 
cell-0-5-2 403 384 150 53 
cell-0-5-3 553 384 150 53 
cell-0-5-4 703 384 150 53 
cell-0-5-5 853 384 150 53 
header-2 169 1102 750 195 
row-1-1 169 1102 390 41 
row-1-2 579 1102 291 41 
row-2-1 169 1153 258 41 
row-2-2 447 1153 447 41 
row-3-1 169 1204 621 41 
row-4-1 169 1255 753 41 
