table-0 215 425 580 331 
cell-0-1-0 215 425 34 35 
cell-0-1-1 249 425 34 35 
cell-0-1-2 283 425 34 35 
cell-0-1-3 317 425 34 35 
cell-0-1-4 351 425 34 35 
cell-0-1-5 385 425 34 35 
cell-0-1-6 419 425 34 35 
cell-0-1-7 453 425 34 35 
cell-0-1-8 487 425 34 35 
cell-0-1-9 521 425 34 35 
cell-0-1-10 555 425 34 35 
cell-0-1-11 589 425 34 35 
cell-0-1-12 623 425 34 35 
cell-0-1-13 657 425 34 35 
cell-0-1-14 691 425 34 35 
cell-0-1-15 725 425 34 35 
cell-0-1-16 759 425 34 35 
cell-0-2-0 215 474 34 35 
cell-0-2-1 249 474 34 35 
cell-0-2-2 283 474 34 35 
cell-0-2-3 317 474 34 35 
cell-0-2-4 351 474 34 35 
cell-0-2-5 385 474 34 35 
cell-0-2-6 419 474 34 35 
cell-0-2-7 453 474 34 35 
cell-0-2-8 487 474 34 35 
cell-0-2-9 521 474 34 35 
cell-0-2-10 555 474 34 35 
cell-0-2-11 589 474 34 35 
cell-0-2-12 623 474 34 35 
cell-0-2-13 657 474 34 35 
cell-0-2-14 691 474 34 35 
cell-0-2-15 725 474 34 35 
cell-0-2-16 759 474 34 35 
cell-0-3-0 215 523 34 35 
cell-0-3-1 249 523 34 35 
cell-0-3-2 283 523 34 35 
cell-0-3-3 317 523 34 35 
cell-0-3-4 351 523 34 35 
cell-0-3-5 385 523 34 35 
cell-0-3-6 419 523 34 35 
cell-0-3-7 453 523 34 35 
cell-0-3-8 487 523 34 35 
cell-0-3-9 521 523 34 35 
cell-0-3-10 555 523 34 35 
cell-0-3-11 589 523 34 35 
cell-0-3-12 623 523 34 35 
cell-0-3-13 657 523 34 35 
cell-0-3-14 691 523 34 35 
cell-0-3-15 725 523 34 35 
cell-0-3-16 759 523 34 35 
cell-0-4-0 215 572 34 35 
cell-0-4-1 249 572 34 35 
cell-0-4-2 283 572 34 35 
cell-0-4-3 317 572 34 35 
cell-0-4-4 351 572 34 35 
cell-0-4-5 385 572 34 35 
cell-0-4-6 419 572 34 35 
cell-0-4-7 453 572 34 35 
cell-0-4-8 487 572 34 35 
cell-0-4-9 521 572 34 35 
cell-0-4-10 555 572 34 35 
cell-0-4-11 589 572 34 35 
cell-0-4-12 623 572 34 35 
cell-0-4-13 657 572 34 35 
cell-0-4-14 691 572 34 35 
cell-0-4-15 725 572 34 35 
cell-0-4-16 759 572 34 35 
cell-0-5-0 215 621 34 35 
cell-0-5-1 249 621 34 35 
cell-0-5-2 283 621 34 35 
cell-0-5-3 317 621 34 35 
cell-0-5-4 351 621 34 35 
cell-0-5-5 385 621 34 35 
cell-0-5-6 419 621 34 35 
cell-0-5-7 453 621 34 35 
cell-0-5-8 487 621 34 35 
cell-0-5-9 521 621 34 35 
cell-0-5-10 555 621 34 35 
cell-0-5-11 589 621 34 35 
cell-0-5-12 623 621 34 35 
cell-0-5-13 657 621 34 35 
cell-0-5-14 691 621 34 35 
cell-0-5-15 725 621 34 35 
cell-0-5-16 759 621 34 35 
cell-0-6-0 215 670 34 35 
cell-0-6-1 249 670 34 35 
cell-0-6-2 283 670 34 35 
cell-0-6-3 317 670 34 35 
cell-0-6-4 351 670 34 35 
cell-0-6-5 385 670 34 35 
cell-0-6-6 419 670 34 35 
cell-0-6-7 453 670 34 35 
cell-0-6-8 487 670 34 35 
cell-0-6-9 521 670 34 35 
cell-0-6-10 555 670 34 35 
cell-0-6-11 589 670 34 35 
cell-0-6-12 623 670 34 35 
cell-0-6-13 657 670 34 35 
cell-0-6-14 691 670 34 35 
cell-0-6-15 725 670 34 35 
cell-0-6-16 759 670 34 35 
cell-0-7-0 215 719 34 35 
cell-0-7-1 249 719 34 35 
cell-0-7-2 283 719 34 35 
cell-0-7-3 317 719 34 35 
cell-0-7-4 351 719 34 35 
cell-0-7-5 385 719 34 35 
cell-0-7-6 419 719 34 35 
cell-0-7-7 453 719 34 35 
cell-0-7-8 487 719 34 35 
cell-0-7-9 521 719 34 35 
cell-0-7-10 555 719 34 35 
cell-0-7-11 589 719 34 35 
cell-0-7-12 623 719 34 35 
cell-0-7-13 657 719 34 35 
cell-0-7-14 691 719 34 35 
cell-0-7-15 725 719 34 35 
cell-0-7-16 759 719 34 35 
header-3 76 1149 724 195 
row-1-1 76 1149 290 41 
row-1-2 386 1149 356 41 
row-2-1 76 1200 257 41 
row-2-2 353 1200 445 41 
row-3-1 76 1251 455 41 
row-4-1 76 1302 620 41 
