table-0 159 159 700 400 
cell-0-0-0 159 159 100 57 
cell-0-0-1 259 159 100 57 
cell-0-0-2 359 159 100 57 
cell-0-0-3 459 159 100 57 
cell-0-0-4 559 159 100 57 
cell-0-0-5 659 159 100 57 
cell-0-0-6 759 159 100 57 
cell-0-1-0 159 227 100 57 
cell-0-1-1 259 227 100 57 
cell-0-1-2 359 227 100 57 
cell-0-1-3 459 227 100 57 
cell-0-1-4 559 227 100 57 
cell-0-1-5 659 227 100 57 
cell-0-1-6 759 227 100 57 
cell-0-2-0 159 295 100 57 
cell-0-2-1 259 295 100 57 
cell-0-2-2 359 295 100 57 
cell-0-2-3 459 295 100 57 
cell-0-2-4 559 295 100 57 
cell-0-2-5 659 295 100 57 
cell-0-2-6 759 295 100 57 
cell-0-3-0 159 363 100 57 
cell-0-3-1 259 363 100 57 
cell-0-3-2 359 363 100 57 
cell-0-3-3 459 363 100 57 
cell-0-3-4 559 363 100 57 
cell-0-3-5 659 363 100 57 
cell-0-3-6 759 363 100 57 
cell-0-4-0 159 431 100 57 
cell-0-4-1 259 431 100 57 
cell-0-4-2 359 431 100 57 
cell-0-4-3 459 431 100 57 
cell-0-4-4 559 431 100 57 
cell-0-4-5 659 431 100 57 
cell-0-4-6 759 431 100 57 
cell-0-5-0 159 499 100 57 
cell-0-5-1 259 499 100 57 
cell-0-5-2 359 499 100 57 
cell-0-5-3 459 499 100 57 
cell-0-5-4 559 499 100 57 
cell-0-5-5 659 499 100 57 
cell-0-5-6 759 499 100 57 
table-2 63 693 900 582 
cell-2-0-0 63 693 112 51 
cell-2-0-1 175 693 112 51 
cell-2-0-2 287 693 112 51 
cell-2-0-3 399 693 112 51 
cell-2-0-4 511 693 112 51 
cell-2-0-5 623 693 112 51 
cell-2-0-6 735 693 112 51 
cell-2-0-7 847 693 112 51 
cell-2-1-0 63 759 112 51 
cell-2-1-1 175 759 112 51 
cell-2-1-2 287 759 112 51 
cell-2-1-3 399 759 112 51 
cell-2-1-4 511 759 112 51 
cell-2-1-5 623 759 112 51 
cell-2-1-6 735 759 112 51 
cell-2-1-7 847 759 112 51 
cell-2-2-0 63 825 112 51 
cell-2-2-1 175 825 112 51 
cell-2-2-2 287 825 112 51 
cell-2-2-3 399 825 112 51 
cell-2-2-4 511 825 112 51 
cell-2-2-5 623 825 112 51 
cell-2-2-6 735 825 112 51 
cell-2-2-7 847 825 112 51 
cell-2-3-0 63 891 112 51 
cell-2-3-1 175 891 112 51 
cell-2-3-2 287 891 112 51 
cell-2-3-3 399 891 112 51 
cell-2-3-4 511 891 112 51 
cell-2-3-5 623 891 112 51 
cell-2-3-6 735 891 112 51 
cell-2-3-7 847 891 112 51 
cell-2-4-0 63 957 112 51 
cell-2-4-1 175 957 112 51 
cell-2-4-2 287 957 112 51 
cell-2-4-3 399 957 112 51 
cell-2-4-4 511 957 112 51 
cell-2-4-5 623 957 112 51 
cell-2-4-6 735 957 112 51 
cell-2-4-7 847 957 112 51 
cell-2-5-0 63 1023 112 51 
cell-2-5-1 175 1023 112 51 
cell-2-5-2 287 1023 112 51 
cell-2-5-3 399 1023 112 51 
cell-2-5-4 511 1023 112 51 
cell-2-5-5 623 1023 112 51 
cell-2-5-6 735 1023 112 51 
cell-2-5-7 847 1023 112 51 
cell-2-6-0 63 1089 112 51 
cell-2-6-1 175 1089 112 51 
cell-2-6-2 287 1089 112 51 
cell-2-6-3 399 1089 112 51 
cell-2-6-4 511 1089 112 51 
cell-2-6-5 623 1089 112 51 
cell-2-6-6 735 1089 112 51 
cell-2-6-7 847 1089 112 51 
cell-2-7-0 63 1155 112 51 
cell-2-7-1 175 1155 112 51 
cell-2-7-2 287 1155 112 51 
cell-2-7-3 399 1155 112 51 
cell-2-7-4 511 1155 112 51 
cell-2-7-5 623 1155 112 51 
cell-2-7-6 735 1155 112 51 
cell-2-7-7 847 1155 112 51 
cell-2-8-0 63 1221 112 51 
cell-2-8-1 175 1221 112 51 
cell-2-8-2 287 1221 112 51 
cell-2-8-3 399 1221 112 51 
cell-2-8-4 511 1221 112 51 
cell-2-8-5 623 1221 112 51 
cell-2-8-6 735 1221 112 51 
cell-2-8-7 847 1221 112 51 
