table-0 139 713 489 179 
cell-0-1-0 139 713 38 35 
cell-0-1-1 180 713 38 35 
cell-0-1-2 221 713 38 35 
cell-0-1-3 262 713 38 35 
cell-0-1-4 303 713 38 35 
cell-0-1-5 344 713 38 35 
cell-0-1-6 385 713 38 35 
cell-0-1-7 426 713 38 35 
cell-0-1-8 467 713 38 35 
cell-0-1-9 508 713 38 35 
cell-0-1-10 549 713 38 35 
cell-0-1-11 590 713 38 35 
cell-0-2-0 139 760 38 35 
cell-0-2-1 180 760 38 35 
cell-0-2-2 221 760 38 35 
cell-0-2-3 262 760 38 35 
cell-0-2-4 303 760 38 35 
cell-0-2-5 344 760 38 35 
cell-0-2-6 385 760 38 35 
cell-0-2-7 426 760 38 35 
cell-0-2-8 467 760 38 35 
cell-0-2-9 508 760 38 35 
cell-0-2-10 549 760 38 35 
cell-0-2-11 590 760 38 35 
cell-0-3-0 139 807 38 35 
cell-0-3-1 180 807 38 35 
cell-0-3-2 221 807 38 35 
cell-0-3-3 262 807 38 35 
cell-0-3-4 303 807 38 35 
cell-0-3-5 344 807 38 35 
cell-0-3-6 385 807 38 35 
cell-0-3-7 426 807 38 35 
cell-0-3-8 467 807 38 35 
cell-0-3-9 508 807 38 35 
cell-0-3-10 549 807 38 35 
cell-0-3-11 590 807 38 35 
cell-0-4-0 139 854 38 35 
cell-0-4-1 180 854 38 35 
cell-0-4-2 221 854 38 35 
cell-0-4-3 262 854 38 35 
cell-0-4-4 303 854 38 35 
cell-0-4-5 344 854 38 35 
cell-0-4-6 385 854 38 35 
cell-0-4-7 426 854 38 35 
cell-0-4-8 467 854 38 35 
cell-0-4-9 508 854 38 35 
cell-0-4-10 549 854 38 35 
cell-0-4-11 590 854 38 35 
table-1 356 1270 598 182 
cell-1-1-0 356 1270 35 35 
cell-1-1-1 391 1270 35 35 
cell-1-1-2 426 1270 35 35 
cell-1-1-3 461 1270 35 35 
cell-1-1-4 496 1270 35 35 
cell-1-1-5 531 1270 35 35 
cell-1-1-6 566 1270 35 35 
cell-1-1-7 601 1270 35 35 
cell-1-1-8 636 1270 35 35 
cell-1-1-9 671 1270 35 35 
cell-1-1-10 706 1270 35 35 
cell-1-1-11 741 1270 35 35 
cell-1-1-12 776 1270 35 35 
cell-1-1-13 811 1270 35 35 
cell-1-1-14 846 1270 35 35 
cell-1-1-15 881 1270 35 35 
cell-1-1-16 916 1270 35 35 
cell-1-2-0 356 1306 35 35 
cell-1-2-1 391 1306 35 35 
cell-1-2-2 426 1306 35 35 
cell-1-2-3 461 1306 35 35 
cell-1-2-4 496 1306 35 35 
cell-1-2-5 531 1306 35 35 
cell-1-2-6 566 1306 35 35 
cell-1-2-7 601 1306 35 35 
cell-1-2-8 636 1306 35 35 
cell-1-2-9 671 1306 35 35 
cell-1-2-10 706 1306 35 35 
cell-1-2-11 741 1306 35 35 
cell-1-2-12 776 1306 35 35 
cell-1-2-13 811 1306 35 35 
cell-1-2-14 846 1306 35 35 
cell-1-2-15 881 1306 35 35 
cell-1-2-16 916 1306 35 35 
cell-1-3-0 356 1342 35 35 
cell-1-3-1 391 1342 35 35 
cell-1-3-2 426 1342 35 35 
cell-1-3-3 461 1342 35 35 
cell-1-3-4 496 1342 35 35 
cell-1-3-5 531 1342 35 35 
cell-1-3-6 566 1342 35 35 
cell-1-3-7 601 1342 35 35 
cell-1-3-8 636 1342 35 35 
cell-1-3-9 671 1342 35 35 
cell-1-3-10 706 1342 35 35 
cell-1-3-11 741 1342 35 35 
cell-1-3-12 776 1342 35 35 
cell-1-3-13 811 1342 35 35 
cell-1-3-14 846 1342 35 35 
cell-1-3-15 881 1342 35 35 
cell-1-3-16 916 1342 35 35 
cell-1-4-0 356 1378 35 35 
cell-1-4-1 391 1378 35 35 
cell-1-4-2 426 1378 35 35 
cell-1-4-3 461 1378 35 35 
cell-1-4-4 496 1378 35 35 
cell-1-4-5 531 1378 35 35 
cell-1-4-6 566 1378 35 35 
cell-1-4-7 601 1378 35 35 
cell-1-4-8 636 1378 35 35 
cell-1-4-9 671 1378 35 35 
cell-1-4-10 706 1378 35 35 
cell-1-4-11 741 1378 35 35 
cell-1-4-12 776 1378 35 35 
cell-1-4-13 811 1378 35 35 
cell-1-4-14 846 1378 35 35 
cell-1-4-15 881 1378 35 35 
cell-1-4-16 916 1378 35 35 
cell-1-5-0 356 1414 35 35 
cell-1-5-1 391 1414 35 35 
cell-1-5-2 426 1414 35 35 
cell-1-5-3 461 1414 35 35 
cell-1-5-4 496 1414 35 35 
cell-1-5-5 531 1414 35 35 
cell-1-5-6 566 1414 35 35 
cell-1-5-7 601 1414 35 35 
cell-1-5-8 636 1414 35 35 
cell-1-5-9 671 1414 35 35 
cell-1-5-10 706 1414 35 35 
cell-1-5-11 741 1414 35 35 
cell-1-5-12 776 1414 35 35 
cell-1-5-13 811 1414 35 35 
cell-1-5-14 846 1414 35 35 
cell-1-5-15 881 1414 35 35 
cell-1-5-16 916 1414 35 35 
