table-0 60 910 1000 471 
cell-0-0-0 60 910 142 47 
cell-0-0-1 202 910 142 47 
cell-0-0-2 344 910 142 47 
cell-0-0-3 486 910 142 47 
cell-0-0-4 628 910 142 47 
cell-0-0-5 770 910 142 47 
cell-0-0-6 912 910 142 47 
cell-0-1-0 60 957 142 47 
cell-0-1-1 202 957 142 47 
cell-0-1-2 344 957 142 47 
cell-0-1-3 486 957 142 47 
cell-0-1-4 628 957 142 47 
cell-0-1-5 770 957 142 47 
cell-0-1-6 912 957 142 47 
cell-0-2-0 60 1004 142 47 
cell-0-2-1 202 1004 142 47 
cell-0-2-2 344 1004 142 47 
cell-0-2-3 486 1004 142 47 
cell-0-2-4 628 1004 142 47 
cell-0-2-5 770 1004 142 47 
cell-0-2-6 912 1004 142 47 
cell-0-3-0 60 1051 142 47 
cell-0-3-1 202 1051 142 47 
cell-0-3-2 344 1051 142 47 
cell-0-3-3 486 1051 142 47 
cell-0-3-4 628 1051 142 47 
cell-0-3-5 770 1051 142 47 
cell-0-3-6 912 1051 142 47 
cell-0-4-0 60 1098 142 47 
cell-0-4-1 202 1098 142 47 
cell-0-4-2 344 1098 142 47 
cell-0-4-3 486 1098 142 47 
cell-0-4-4 628 1098 142 47 
cell-0-4-5 770 1098 142 47 
cell-0-4-6 912 1098 142 47 
cell-0-5-0 60 1145 142 47 
cell-0-5-1 202 1145 142 47 
cell-0-5-2 344 1145 142 47 
cell-0-5-3 486 1145 142 47 
cell-0-5-4 628 1145 142 47 
cell-0-5-5 770 1145 142 47 
cell-0-5-6 912 1145 142 47 
cell-0-6-0 60 1192 142 47 
cell-0-6-1 202 1192 142 47 
cell-0-6-2 344 1192 142 47 
cell-0-6-3 486 1192 142 47 
cell-0-6-4 628 1192 142 47 
cell-0-6-5 770 1192 142 47 
cell-0-6-6 912 1192 142 47 
cell-0-7-0 60 1239 142 47 
cell-0-7-1 202 1239 142 47 
cell-0-7-2 344 1239 142 47 
cell-0-7-3 486 1239 142 47 
cell-0-7-4 628 1239 142 47 
cell-0-7-5 770 1239 142 47 
cell-0-7-6 912 1239 142 47 
cell-0-8-0 60 1286 142 47 
cell-0-8-1 202 1286 142 47 
cell-0-8-2 344 1286 142 47 
cell-0-8-3 486 1286 142 47 
cell-0-8-4 628 1286 142 47 
cell-0-8-5 770 1286 142 47 
cell-0-8-6 912 1286 142 47 
cell-0-9-0 60 1333 142 47 
cell-0-9-1 202 1333 142 47 
cell-0-9-2 344 1333 142 47 
cell-0-9-3 486 1333 142 47 
cell-0-9-4 628 1333 142 47 
cell-0-9-5 770 1333 142 47 
cell-0-9-6 912 1333 142 47 
