table-0 206 984 598 212 
cell-0-1-0 206 984 35 35 
cell-0-1-1 241 984 35 35 
cell-0-1-2 276 984 35 35 
cell-0-1-3 311 984 35 35 
cell-0-1-4 346 984 35 35 
cell-0-1-5 381 984 35 35 
cell-0-1-6 416 984 35 35 
cell-0-1-7 451 984 35 35 
cell-0-1-8 486 984 35 35 
cell-0-1-9 521 984 35 35 
cell-0-1-10 556 984 35 35 
cell-0-1-11 591 984 35 35 
cell-0-1-12 626 984 35 35 
cell-0-1-13 661 984 35 35 
cell-0-1-14 696 984 35 35 
cell-0-1-15 731 984 35 35 
cell-0-1-16 766 984 35 35 
cell-0-2-0 206 1042 35 35 
cell-0-2-1 241 1042 35 35 
cell-0-2-2 276 1042 35 35 
cell-0-2-3 311 1042 35 35 
cell-0-2-4 346 1042 35 35 
cell-0-2-5 381 1042 35 35 
cell-0-2-6 416 1042 35 35 
cell-0-2-7 451 1042 35 35 
cell-0-2-8 486 1042 35 35 
cell-0-2-9 521 1042 35 35 
cell-0-2-10 556 1042 35 35 
cell-0-2-11 591 1042 35 35 
cell-0-2-12 626 1042 35 35 
cell-0-2-13 661 1042 35 35 
cell-0-2-14 696 1042 35 35 
cell-0-2-15 731 1042 35 35 
cell-0-2-16 766 1042 35 35 
cell-0-3-0 206 1100 35 35 
cell-0-3-1 241 1100 35 35 
cell-0-3-2 276 1100 35 35 
cell-0-3-3 311 1100 35 35 
cell-0-3-4 346 1100 35 35 
cell-0-3-5 381 1100 35 35 
cell-0-3-6 416 1100 35 35 
cell-0-3-7 451 1100 35 35 
cell-0-3-8 486 1100 35 35 
cell-0-3-9 521 1100 35 35 
cell-0-3-10 556 1100 35 35 
cell-0-3-11 591 1100 35 35 
cell-0-3-12 626 1100 35 35 
cell-0-3-13 661 1100 35 35 
cell-0-3-14 696 1100 35 35 
cell-0-3-15 731 1100 35 35 
cell-0-3-16 766 1100 35 35 
cell-0-4-0 206 1158 35 35 
cell-0-4-1 241 1158 35 35 
cell-0-4-2 276 1158 35 35 
cell-0-4-3 311 1158 35 35 
cell-0-4-4 346 1158 35 35 
cell-0-4-5 381 1158 35 35 
cell-0-4-6 416 1158 35 35 
cell-0-4-7 451 1158 35 35 
cell-0-4-8 486 1158 35 35 
cell-0-4-9 521 1158 35 35 
cell-0-4-10 556 1158 35 35 
cell-0-4-11 591 1158 35 35 
cell-0-4-12 626 1158 35 35 
cell-0-4-13 661 1158 35 35 
cell-0-4-14 696 1158 35 35 
cell-0-4-15 731 1158 35 35 
cell-0-4-16 766 1158 35 35 
table-1 208 389 595 456 
cell-1-0-0 208 389 43 41 
cell-1-0-1 251 389 43 41 
cell-1-0-2 294 389 43 41 
cell-1-0-3 337 389 43 41 
cell-1-0-4 380 389 43 41 
cell-1-0-5 423 389 379 41 
cell-1-1-0 208 435 43 41 
cell-1-1-1 251 435 43 41 
cell-1-1-2 294 435 43 41 
cell-1-1-3 337 435 43 41 
cell-1-1-4 380 435 43 41 
cell-1-1-5 423 435 379 41 
cell-1-2-0 208 481 43 41 
cell-1-2-1 251 481 43 41 
cell-1-2-2 294 481 43 41 
cell-1-2-3 337 481 43 41 
cell-1-2-4 380 481 43 41 
cell-1-2-5 423 481 379 41 
cell-1-3-0 208 527 43 41 
cell-1-3-1 251 527 43 41 
cell-1-3-2 294 527 43 41 
cell-1-3-3 337 527 43 41 
cell-1-3-4 380 527 43 41 
cell-1-3-5 423 527 379 41 
cell-1-4-0 208 573 43 41 
cell-1-4-1 251 573 43 41 
cell-1-4-2 294 573 43 41 
cell-1-4-3 337 573 43 41 
cell-1-4-4 380 573 43 41 
cell-1-4-5 423 573 379 41 
cell-1-5-0 208 619 43 41 
cell-1-5-1 251 619 43 41 
cell-1-5-2 294 619 43 41 
cell-1-5-3 337 619 43 41 
cell-1-5-4 380 619 43 41 
cell-1-5-5 423 619 379 41 
cell-1-6-0 208 665 43 41 
cell-1-6-1 251 665 43 41 
cell-1-6-2 294 665 43 41 
cell-1-6-3 337 665 43 41 
cell-1-6-4 380 665 43 41 
cell-1-6-5 423 665 379 41 
cell-1-7-0 208 711 43 41 
cell-1-7-1 251 711 43 41 
cell-1-7-2 294 711 43 41 
cell-1-7-3 337 711 43 41 
cell-1-7-4 380 711 43 41 
cell-1-7-5 423 711 379 41 
cell-1-8-0 208 757 43 41 
cell-1-8-1 251 757 43 41 
cell-1-8-2 294 757 43 41 
cell-1-8-3 337 757 43 41 
cell-1-8-4 380 757 43 41 
cell-1-8-5 423 757 379 41 
cell-1-9-0 208 803 43 41 
cell-1-9-1 251 803 43 41 
cell-1-9-2 294 803 43 41 
cell-1-9-3 337 803 43 41 
cell-1-9-4 380 803 43 41 
cell-1-9-5 423 803 379 41 
