table-0 140 383 547 536 
cell-0-0-0 140 383 44 43 
cell-0-0-1 184 383 44 43 
cell-0-0-2 228 383 44 43 
cell-0-0-3 272 383 44 43 
cell-0-0-4 316 383 44 43 
cell-0-0-5 360 383 323 43 
cell-0-1-0 140 432 44 43 
cell-0-1-1 184 432 44 43 
cell-0-1-2 228 432 44 43 
cell-0-1-3 272 432 44 43 
cell-0-1-4 316 432 44 43 
cell-0-1-5 360 432 323 43 
cell-0-2-0 140 481 44 43 
cell-0-2-1 184 481 44 43 
cell-0-2-2 228 481 44 43 
cell-0-2-3 272 481 44 43 
cell-0-2-4 316 481 44 43 
cell-0-2-5 360 481 323 43 
cell-0-3-0 140 530 44 43 
cell-0-3-1 184 530 44 43 
cell-0-3-2 228 530 44 43 
cell-0-3-3 272 530 44 43 
cell-0-3-4 316 530 44 43 
cell-0-3-5 360 530 323 43 
cell-0-4-0 140 579 44 43 
cell-0-4-1 184 579 44 43 
cell-0-4-2 228 579 44 43 
cell-0-4-3 272 579 44 43 
cell-0-4-4 316 579 44 43 
cell-0-4-5 360 579 323 43 
cell-0-5-0 140 628 44 43 
cell-0-5-1 184 628 44 43 
cell-0-5-2 228 628 44 43 
cell-0-5-3 272 628 44 43 
cell-0-5-4 316 628 44 43 
cell-0-5-5 360 628 323 43 
cell-0-6-0 140 677 44 43 
cell-0-6-1 184 677 44 43 
cell-0-6-2 228 677 44 43 
cell-0-6-3 272 677 44 43 
cell-0-6-4 316 677 44 43 
cell-0-6-5 360 677 323 43 
cell-0-7-0 140 726 44 43 
cell-0-7-1 184 726 44 43 
cell-0-7-2 228 726 44 43 
cell-0-7-3 272 726 44 43 
cell-0-7-4 316 726 44 43 
cell-0-7-5 360 726 323 43 
cell-0-8-0 140 775 44 43 
cell-0-8-1 184 775 44 43 
cell-0-8-2 228 775 44 43 
cell-0-8-3 272 775 44 43 
cell-0-8-4 316 775 44 43 
cell-0-8-5 360 775 323 43 
cell-0-9-0 140 824 44 43 
cell-0-9-1 184 824 44 43 
cell-0-9-2 228 824 44 43 
cell-0-9-3 272 824 44 43 
cell-0-9-4 316 824 44 43 
cell-0-9-5 360 824 323 43 
cell-0-10-0 140 873 44 43 
cell-0-10-1 184 873 44 43 
cell-0-10-2 228 873 44 43 
cell-0-10-3 272 873 44 43 
cell-0-10-4 316 873 44 43 
cell-0-10-5 360 873 323 43 
