table-0 141 173 273 398 
cell-0-0-0 141 173 45 35 
cell-0-0-1 186 173 45 35 
cell-0-0-2 231 173 45 35 
cell-0-0-3 276 173 45 35 
cell-0-0-4 321 173 45 35 
cell-0-0-5 366 173 45 35 
cell-0-1-0 141 213 45 35 
cell-0-1-1 186 213 45 35 
cell-0-1-2 231 213 45 35 
cell-0-1-3 276 213 45 35 
cell-0-1-4 321 213 45 35 
cell-0-1-5 366 213 45 35 
cell-0-2-0 141 253 45 35 
cell-0-2-1 186 253 45 35 
cell-0-2-2 231 253 45 35 
cell-0-2-3 276 253 45 35 
cell-0-2-4 321 253 45 35 
cell-0-2-5 366 253 45 35 
cell-0-3-0 141 293 45 35 
cell-0-3-1 186 293 45 35 
cell-0-3-2 231 293 45 35 
cell-0-3-3 276 293 45 35 
cell-0-3-4 321 293 45 35 
cell-0-3-5 366 293 45 35 
cell-0-4-0 141 333 45 35 
cell-0-4-1 186 333 45 35 
cell-0-4-2 231 333 45 35 
cell-0-4-3 276 333 45 35 
cell-0-4-4 321 333 45 35 
cell-0-4-5 366 333 45 35 
cell-0-5-0 141 373 45 35 
cell-0-5-1 186 373 45 35 
cell-0-5-2 231 373 45 35 
cell-0-5-3 276 373 45 35 
cell-0-5-4 321 373 45 35 
cell-0-5-5 366 373 45 35 
cell-0-6-0 141 413 45 35 
cell-0-6-1 186 413 45 35 
cell-0-6-2 231 413 45 35 
cell-0-6-3 276 413 45 35 
cell-0-6-4 321 413 45 35 
cell-0-6-5 366 413 45 35 
cell-0-7-0 141 453 45 35 
cell-0-7-1 186 453 45 35 
cell-0-7-2 231 453 45 35 
cell-0-7-3 276 453 45 35 
cell-0-7-4 321 453 45 35 
cell-0-7-5 366 453 45 35 
cell-0-8-0 141 493 45 35 
cell-0-8-1 186 493 45 35 
cell-0-8-2 231 493 45 35 
cell-0-8-3 276 493 45 35 
cell-0-8-4 321 493 45 35 
cell-0-8-5 366 493 45 35 
cell-0-9-0 141 533 45 35 
cell-0-9-1 186 533 45 35 
cell-0-9-2 231 533 45 35 
cell-0-9-3 276 533 45 35 
cell-0-9-4 321 533 45 35 
cell-0-9-5 366 533 45 35 
