header-0 82 218 922 193 
row-1-1 82 218 349 40 
row-1-2 451 218 349 40 
row-2-1 82 268 415 40 
row-2-2 517 268 481 40 
row-3-1 82 318 481 40 
row-4-1 82 368 481 40 
table-1 127 1146 735 258 
cell-1-1-0 127 1146 38 35 
cell-1-1-1 168 1146 38 35 
cell-1-1-2 209 1146 38 35 
cell-1-1-3 250 1146 38 35 
cell-1-1-4 291 1146 38 35 
cell-1-1-5 332 1146 38 35 
cell-1-1-6 373 1146 38 35 
cell-1-1-7 414 1146 38 35 
cell-1-1-8 455 1146 38 35 
cell-1-1-9 496 1146 38 35 
cell-1-1-10 537 1146 38 35 
cell-1-1-11 578 1146 38 35 
cell-1-1-12 619 1146 38 35 
cell-1-1-13 660 1146 38 35 
cell-1-1-14 701 1146 38 35 
cell-1-1-15 742 1146 38 35 
cell-1-1-16 783 1146 38 35 
cell-1-1-17 824 1146 38 35 
cell-1-2-0 127 1190 38 35 
cell-1-2-1 168 1190 38 35 
cell-1-2-2 209 1190 38 35 
cell-1-2-3 250 1190 38 35 
cell-1-2-4 291 1190 38 35 
cell-1-2-5 332 1190 38 35 
cell-1-2-6 373 1190 38 35 
cell-1-2-7 414 1190 38 35 
cell-1-2-8 455 1190 38 35 
cell-1-2-9 496 1190 38 35 
cell-1-2-10 537 1190 38 35 
cell-1-2-11 578 1190 38 35 
cell-1-2-12 619 1190 38 35 
cell-1-2-13 660 1190 38 35 
cell-1-2-14 701 1190 38 35 
cell-1-2-15 742 1190 38 35 
cell-1-2-16 783 1190 38 35 
cell-1-2-17 824 1190 38 35 
cell-1-3-0 127 1234 38 35 
cell-1-3-1 168 1234 38 35 
cell-1-3-2 209 1234 38 35 
cell-1-3-3 250 1234 38 35 
cell-1-3-4 291 1234 38 35 
cell-1-3-5 332 1234 38 35 
cell-1-3-6 373 1234 38 35 
cell-1-3-7 414 1234 38 35 
cell-1-3-8 455 1234 38 35 
cell-1-3-9 496 1234 38 35 
cell-1-3-10 537 1234 38 35 
cell-1-3-11 578 1234 38 35 
cell-1-3-12 619 1234 38 35 
cell-1-3-13 660 1234 38 35 
cell-1-3-14 701 1234 38 35 
cell-1-3-15 742 1234 38 35 
cell-1-3-16 783 1234 38 35 
cell-1-3-17 824 1234 38 35 
cell-1-4-0 127 1278 38 35 
cell-1-4-1 168 1278 38 35 
cell-1-4-2 209 1278 38 35 
cell-1-4-3 250 1278 38 35 
cell-1-4-4 291 1278 38 35 
cell-1-4-5 332 1278 38 35 
cell-1-4-6 373 1278 38 35 
cell-1-4-7 414 1278 38 35 
cell-1-4-8 455 1278 38 35 
cell-1-4-9 496 1278 38 35 
cell-1-4-10 537 1278 38 35 
cell-1-4-11 578 1278 38 35 
cell-1-4-12 619 1278 38 35 
cell-1-4-13 660 1278 38 35 
cell-1-4-14 701 1278 38 35 
cell-1-4-15 742 1278 38 35 
cell-1-4-16 783 1278 38 35 
cell-1-4-17 824 1278 38 35 
cell-1-5-0 127 1322 38 35 
cell-1-5-1 168 1322 38 35 
cell-1-5-2 209 1322 38 35 
cell-1-5-3 250 1322 38 35 
cell-1-5-4 291 1322 38 35 
cell-1-5-5 332 1322 38 35 
cell-1-5-6 373 1322 38 35 
cell-1-5-7 414 1322 38 35 
cell-1-5-8 455 1322 38 35 
cell-1-5-9 496 1322 38 35 
cell-1-5-10 537 1322 38 35 
cell-1-5-11 578 1322 38 35 
cell-1-5-12 619 1322 38 35 
cell-1-5-13 660 1322 38 35 
cell-1-5-14 701 1322 38 35 
cell-1-5-15 742 1322 38 35 
cell-1-5-16 783 1322 38 35 
cell-1-5-17 824 1322 38 35 
cell-1-6-0 127 1366 38 35 
cell-1-6-1 168 1366 38 35 
cell-1-6-2 209 1366 38 35 
cell-1-6-3 250 1366 38 35 
cell-1-6-4 291 1366 38 35 
cell-1-6-5 332 1366 38 35 
cell-1-6-6 373 1366 38 35 
cell-1-6-7 414 1366 38 35 
cell-1-6-8 455 1366 38 35 
cell-1-6-9 496 1366 38 35 
cell-1-6-10 537 1366 38 35 
cell-1-6-11 578 1366 38 35 
cell-1-6-12 619 1366 38 35 
cell-1-6-13 660 1366 38 35 
cell-1-6-14 701 1366 38 35 
cell-1-6-15 742 1366 38 35 
cell-1-6-16 783 1366 38 35 
cell-1-6-17 824 1366 38 35 
