table-0 159 1073 500 202 
cell-0-0-0 159 1073 62 37 
cell-0-0-1 221 1073 62 37 
cell-0-0-2 283 1073 62 37 
cell-0-0-3 345 1073 62 37 
cell-0-0-4 407 1073 62 37 
cell-0-0-5 469 1073 62 37 
cell-0-0-6 531 1073 62 37 
cell-0-0-7 593 1073 62 37 
cell-0-1-0 159 1114 62 37 
cell-0-1-1 221 1114 62 37 
cell-0-1-2 283 1114 62 37 
cell-0-1-3 345 1114 62 37 
cell-0-1-4 407 1114 62 37 
cell-0-1-5 469 1114 62 37 
cell-0-1-6 531 1114 62 37 
cell-0-1-7 593 1114 62 37 
cell-0-2-0 159 1155 62 37 
cell-0-2-1 221 1155 62 37 
cell-0-2-2 283 1155 62 37 
cell-0-2-3 345 1155 62 37 
cell-0-2-4 407 1155 62 37 
cell-0-2-5 469 1155 62 37 
cell-0-2-6 531 1155 62 37 
cell-0-2-7 593 1155 62 37 
cell-0-3-0 159 1196 62 37 
cell-0-3-1 221 1196 62 37 
cell-0-3-2 283 1196 62 37 
cell-0-3-3 345 1196 62 37 
cell-0-3-4 407 1196 62 37 
cell-0-3-5 469 1196 62 37 
cell-0-3-6 531 1196 62 37 
cell-0-3-7 593 1196 62 37 
cell-0-4-0 159 1237 62 37 
cell-0-4-1 221 1237 62 37 
cell-0-4-2 283 1237 62 37 
cell-0-4-3 345 1237 62 37 
cell-0-4-4 407 1237 62 37 
cell-0-4-5 469 1237 62 37 
cell-0-4-6 531 1237 62 37 
cell-0-4-7 593 1237 62 37 
table-1 403 594 563 263 
cell-1-1-0 403 594 35 35 
cell-1-1-1 438 594 35 35 
cell-1-1-2 473 594 35 35 
cell-1-1-3 508 594 35 35 
cell-1-1-4 543 594 35 35 
cell-1-1-5 578 594 35 35 
cell-1-1-6 613 594 35 35 
cell-1-1-7 648 594 35 35 
cell-1-1-8 683 594 35 35 
cell-1-1-9 718 594 35 35 
cell-1-1-10 753 594 35 35 
cell-1-1-11 788 594 35 35 
cell-1-1-12 823 594 35 35 
cell-1-1-13 858 594 35 35 
cell-1-1-14 893 594 35 35 
cell-1-1-15 928 594 35 35 
cell-1-2-0 403 639 35 35 
cell-1-2-1 438 639 35 35 
cell-1-2-2 473 639 35 35 
cell-1-2-3 508 639 35 35 
cell-1-2-4 543 639 35 35 
cell-1-2-5 578 639 35 35 
cell-1-2-6 613 639 35 35 
cell-1-2-7 648 639 35 35 
cell-1-2-8 683 639 35 35 
cell-1-2-9 718 639 35 35 
cell-1-2-10 753 639 35 35 
cell-1-2-11 788 639 35 35 
cell-1-2-12 823 639 35 35 
cell-1-2-13 858 639 35 35 
cell-1-2-14 893 639 35 35 
cell-1-2-15 928 639 35 35 
cell-1-3-0 403 684 35 35 
cell-1-3-1 438 684 35 35 
cell-1-3-2 473 684 35 35 
cell-1-3-3 508 684 35 35 
cell-1-3-4 543 684 35 35 
cell-1-3-5 578 684 35 35 
cell-1-3-6 613 684 35 35 
cell-1-3-7 648 684 35 35 
cell-1-3-8 683 684 35 35 
cell-1-3-9 718 684 35 35 
cell-1-3-10 753 684 35 35 
cell-1-3-11 788 684 35 35 
cell-1-3-12 823 684 35 35 
cell-1-3-13 858 684 35 35 
cell-1-3-14 893 684 35 35 
cell-1-3-15 928 684 35 35 
cell-1-4-0 403 729 35 35 
cell-1-4-1 438 729 35 35 
cell-1-4-2 473 729 35 35 
cell-1-4-3 508 729 35 35 
cell-1-4-4 543 729 35 35 
cell-1-4-5 578 729 35 35 
cell-1-4-6 613 729 35 35 
cell-1-4-7 648 729 35 35 
cell-1-4-8 683 729 35 35 
cell-1-4-9 718 729 35 35 
cell-1-4-10 753 729 35 35 
cell-1-4-11 788 729 35 35 
cell-1-4-12 823 729 35 35 
cell-1-4-13 858 729 35 35 
cell-1-4-14 893 729 35 35 
cell-1-4-15 928 729 35 35 
cell-1-5-0 403 774 35 35 
cell-1-5-1 438 774 35 35 
cell-1-5-2 473 774 35 35 
cell-1-5-3 508 774 35 35 
cell-1-5-4 543 774 35 35 
cell-1-5-5 578 774 35 35 
cell-1-5-6 613 774 35 35 
cell-1-5-7 648 774 35 35 
cell-1-5-8 683 774 35 35 
cell-1-5-9 718 774 35 35 
cell-1-5-10 753 774 35 35 
cell-1-5-11 788 774 35 35 
cell-1-5-12 823 774 35 35 
cell-1-5-13 858 774 35 35 
cell-1-5-14 893 774 35 35 
cell-1-5-15 928 774 35 35 
cell-1-6-0 403 819 35 35 
cell-1-6-1 438 819 35 35 
cell-1-6-2 473 819 35 35 
cell-1-6-3 508 819 35 35 
cell-1-6-4 543 819 35 35 
cell-1-6-5 578 819 35 35 
cell-1-6-6 613 819 35 35 
cell-1-6-7 648 819 35 35 
cell-1-6-8 683 819 35 35 
cell-1-6-9 718 819 35 35 
cell-1-6-10 753 819 35 35 
cell-1-6-11 788 819 35 35 
cell-1-6-12 823 819 35 35 
cell-1-6-13 858 819 35 35 
cell-1-6-14 893 819 35 35 
cell-1-6-15 928 819 35 35 
