table-0 254 282 216 531 
cell-0-0-0 254 282 43 35 
cell-0-0-1 297 282 43 35 
cell-0-0-2 340 282 43 35 
cell-0-0-3 383 282 43 35 
cell-0-0-4 426 282 43 35 
cell-0-1-0 254 327 43 35 
cell-0-1-1 297 327 43 35 
cell-0-1-2 340 327 43 35 
cell-0-1-3 383 327 43 35 
cell-0-1-4 426 327 43 35 
cell-0-2-0 254 372 43 35 
cell-0-2-1 297 372 43 35 
cell-0-2-2 340 372 43 35 
cell-0-2-3 383 372 43 35 
cell-0-2-4 426 372 43 35 
cell-0-3-0 254 417 43 35 
cell-0-3-1 297 417 43 35 
cell-0-3-2 340 417 43 35 
cell-0-3-3 383 417 43 35 
cell-0-3-4 426 417 43 35 
cell-0-4-0 254 462 43 35 
cell-0-4-1 297 462 43 35 
cell-0-4-2 340 462 43 35 
cell-0-4-3 383 462 43 35 
cell-0-4-4 426 462 43 35 
cell-0-5-0 254 507 43 35 
cell-0-5-1 297 507 43 35 
cell-0-5-2 340 507 43 35 
cell-0-5-3 383 507 43 35 
cell-0-5-4 426 507 43 35 
cell-0-6-0 254 552 43 35 
cell-0-6-1 297 552 43 35 
cell-0-6-2 340 552 43 35 
cell-0-6-3 383 552 43 35 
cell-0-6-4 426 552 43 35 
cell-0-7-0 254 597 43 35 
cell-0-7-1 297 597 43 35 
cell-0-7-2 340 597 43 35 
cell-0-7-3 383 597 43 35 
cell-0-7-4 426 597 43 35 
cell-0-8-0 254 642 43 35 
cell-0-8-1 297 642 43 35 
cell-0-8-2 340 642 43 35 
cell-0-8-3 383 642 43 35 
cell-0-8-4 426 642 43 35 
cell-0-9-0 254 687 43 35 
cell-0-9-1 297 687 43 35 
cell-0-9-2 340 687 43 35 
cell-0-9-3 383 687 43 35 
cell-0-9-4 426 687 43 35 
cell-0-10-0 254 732 43 35 
cell-0-10-1 297 732 43 35 
cell-0-10-2 340 732 43 35 
cell-0-10-3 383 732 43 35 
cell-0-10-4 426 732 43 35 
cell-0-11-0 254 777 43 35 
cell-0-11-1 297 777 43 35 
cell-0-11-2 340 777 43 35 
cell-0-11-3 383 777 43 35 
cell-0-11-4 426 777 43 35 
table-1 682 866 183 371 
cell-1-0-0 682 866 45 35 
cell-1-0-1 727 866 45 35 
cell-1-0-2 772 866 45 35 
cell-1-0-3 817 866 45 35 
cell-1-1-0 682 903 45 35 
cell-1-1-1 727 903 45 35 
cell-1-1-2 772 903 45 35 
cell-1-1-3 817 903 45 35 
cell-1-2-0 682 940 45 35 
cell-1-2-1 727 940 45 35 
cell-1-2-2 772 940 45 35 
cell-1-2-3 817 940 45 35 
cell-1-3-0 682 977 45 35 
cell-1-3-1 727 977 45 35 
cell-1-3-2 772 977 45 35 
cell-1-3-3 817 977 45 35 
cell-1-4-0 682 1014 45 35 
cell-1-4-1 727 1014 45 35 
cell-1-4-2 772 1014 45 35 
cell-1-4-3 817 1014 45 35 
cell-1-5-0 682 1051 45 35 
cell-1-5-1 727 1051 45 35 
cell-1-5-2 772 1051 45 35 
cell-1-5-3 817 1051 45 35 
cell-1-6-0 682 1088 45 35 
cell-1-6-1 727 1088 45 35 
cell-1-6-2 772 1088 45 35 
cell-1-6-3 817 1088 45 35 
cell-1-7-0 682 1125 45 35 
cell-1-7-1 727 1125 45 35 
cell-1-7-2 772 1125 45 35 
cell-1-7-3 817 1125 45 35 
cell-1-8-0 682 1162 45 35 
cell-1-8-1 727 1162 45 35 
cell-1-8-2 772 1162 45 35 
cell-1-8-3 817 1162 45 35 
cell-1-9-0 682 1199 45 35 
cell-1-9-1 727 1199 45 35 
cell-1-9-2 772 1199 45 35 
cell-1-9-3 817 1199 45 35 
