table-0 715 466 273 610 
cell-0-0-0 715 466 45 35 
cell-0-0-1 760 466 45 35 
cell-0-0-2 805 466 45 35 
cell-0-0-3 850 466 45 35 
cell-0-0-4 895 466 45 35 
cell-0-0-5 940 466 45 35 
cell-0-1-0 715 510 45 35 
cell-0-1-1 760 510 45 35 
cell-0-1-2 805 510 45 35 
cell-0-1-3 850 510 45 35 
cell-0-1-4 895 510 45 35 
cell-0-1-5 940 510 45 35 
cell-0-2-0 715 554 45 35 
cell-0-2-1 760 554 45 35 
cell-0-2-2 805 554 45 35 
cell-0-2-3 850 554 45 35 
cell-0-2-4 895 554 45 35 
cell-0-2-5 940 554 45 35 
cell-0-3-0 715 598 45 35 
cell-0-3-1 760 598 45 35 
cell-0-3-2 805 598 45 35 
cell-0-3-3 850 598 45 35 
cell-0-3-4 895 598 45 35 
cell-0-3-5 940 598 45 35 
cell-0-4-0 715 642 45 35 
cell-0-4-1 760 642 45 35 
cell-0-4-2 805 642 45 35 
cell-0-4-3 850 642 45 35 
cell-0-4-4 895 642 45 35 
cell-0-4-5 940 642 45 35 
cell-0-5-0 715 686 45 35 
cell-0-5-1 760 686 45 35 
cell-0-5-2 805 686 45 35 
cell-0-5-3 850 686 45 35 
cell-0-5-4 895 686 45 35 
cell-0-5-5 940 686 45 35 
cell-0-6-0 715 730 45 35 
cell-0-6-1 760 730 45 35 
cell-0-6-2 805 730 45 35 
cell-0-6-3 850 730 45 35 
cell-0-6-4 895 730 45 35 
cell-0-6-5 940 730 45 35 
cell-0-7-0 715 774 45 35 
cell-0-7-1 760 774 45 35 
cell-0-7-2 805 774 45 35 
cell-0-7-3 850 774 45 35 
cell-0-7-4 895 774 45 35 
cell-0-7-5 940 774 45 35 
cell-0-8-0 715 818 45 35 
cell-0-8-1 760 818 45 35 
cell-0-8-2 805 818 45 35 
cell-0-8-3 850 818 45 35 
cell-0-8-4 895 818 45 35 
cell-0-8-5 940 818 45 35 
cell-0-9-0 715 862 45 35 
cell-0-9-1 760 862 45 35 
cell-0-9-2 805 862 45 35 
cell-0-9-3 850 862 45 35 
cell-0-9-4 895 862 45 35 
cell-0-9-5 940 862 45 35 
cell-0-10-0 715 906 45 35 
cell-0-10-1 760 906 45 35 
cell-0-10-2 805 906 45 35 
cell-0-10-3 850 906 45 35 
cell-0-10-4 895 906 45 35 
cell-0-10-5 940 906 45 35 
cell-0-11-0 715 950 45 35 
cell-0-11-1 760 950 45 35 
cell-0-11-2 805 950 45 35 
cell-0-11-3 850 950 45 35 
cell-0-11-4 895 950 45 35 
cell-0-11-5 940 950 45 35 
cell-0-12-0 715 994 45 35 
cell-0-12-1 760 994 45 35 
cell-0-12-2 805 994 45 35 
cell-0-12-3 850 994 45 35 
cell-0-12-4 895 994 45 35 
cell-0-12-5 940 994 45 35 
cell-0-13-0 715 1038 45 35 
cell-0-13-1 760 1038 45 35 
cell-0-13-2 805 1038 45 35 
cell-0-13-3 850 1038 45 35 
cell-0-13-4 895 1038 45 35 
cell-0-13-5 940 1038 45 35 
