table-0 204 807 730 636 
cell-0-0-0 204 807 43 41 
cell-0-0-1 247 807 43 41 
cell-0-0-2 290 807 43 41 
cell-0-0-3 333 807 43 41 
cell-0-0-4 376 807 43 41 
cell-0-0-5 419 807 43 41 
cell-0-0-6 462 807 472 41 
cell-0-1-0 204 861 43 41 
cell-0-1-1 247 861 43 41 
cell-0-1-2 290 861 43 41 
cell-0-1-3 333 861 43 41 
cell-0-1-4 376 861 43 41 
cell-0-1-5 419 861 43 41 
cell-0-1-6 462 861 472 41 
cell-0-2-0 204 915 43 41 
cell-0-2-1 247 915 43 41 
cell-0-2-2 290 915 43 41 
cell-0-2-3 333 915 43 41 
cell-0-2-4 376 915 43 41 
cell-0-2-5 419 915 43 41 
cell-0-2-6 462 915 472 41 
cell-0-3-0 204 969 43 41 
cell-0-3-1 247 969 43 41 
cell-0-3-2 290 969 43 41 
cell-0-3-3 333 969 43 41 
cell-0-3-4 376 969 43 41 
cell-0-3-5 419 969 43 41 
cell-0-3-6 462 969 472 41 
cell-0-4-0 204 1023 43 41 
cell-0-4-1 247 1023 43 41 
cell-0-4-2 290 1023 43 41 
cell-0-4-3 333 1023 43 41 
cell-0-4-4 376 1023 43 41 
cell-0-4-5 419 1023 43 41 
cell-0-4-6 462 1023 472 41 
cell-0-5-0 204 1077 43 41 
cell-0-5-1 247 1077 43 41 
cell-0-5-2 290 1077 43 41 
cell-0-5-3 333 1077 43 41 
cell-0-5-4 376 1077 43 41 
cell-0-5-5 419 1077 43 41 
cell-0-5-6 462 1077 472 41 
cell-0-6-0 204 1131 43 41 
cell-0-6-1 247 1131 43 41 
cell-0-6-2 290 1131 43 41 
cell-0-6-3 333 1131 43 41 
cell-0-6-4 376 1131 43 41 
cell-0-6-5 419 1131 43 41 
cell-0-6-6 462 1131 472 41 
cell-0-7-0 204 1185 43 41 
cell-0-7-1 247 1185 43 41 
cell-0-7-2 290 1185 43 41 
cell-0-7-3 333 1185 43 41 
cell-0-7-4 376 1185 43 41 
cell-0-7-5 419 1185 43 41 
cell-0-7-6 462 1185 472 41 
cell-0-8-0 204 1239 43 41 
cell-0-8-1 247 1239 43 41 
cell-0-8-2 290 1239 43 41 
cell-0-8-3 333 1239 43 41 
cell-0-8-4 376 1239 43 41 
cell-0-8-5 419 1239 43 41 
cell-0-8-6 462 1239 472 41 
cell-0-9-0 204 1293 43 41 
cell-0-9-1 247 1293 43 41 
cell-0-9-2 290 1293 43 41 
cell-0-9-3 333 1293 43 41 
cell-0-9-4 376 1293 43 41 
cell-0-9-5 419 1293 43 41 
cell-0-9-6 462 1293 472 41 
cell-0-10-0 204 1347 43 41 
cell-0-10-1 247 1347 43 41 
cell-0-10-2 290 1347 43 41 
cell-0-10-3 333 1347 43 41 
cell-0-10-4 376 1347 43 41 
cell-0-10-5 419 1347 43 41 
cell-0-10-6 462 1347 472 41 
cell-0-11-0 204 1401 43 41 
cell-0-11-1 247 1401 43 41 
cell-0-11-2 290 1401 43 41 
cell-0-11-3 333 1401 43 41 
cell-0-11-4 376 1401 43 41 
cell-0-11-5 419 1401 43 41 
cell-0-11-6 462 1401 472 41 
