table-0 409 830 500 334 
cell-0-0-0 409 830 125 43 
cell-0-0-1 534 830 125 43 
cell-0-0-2 659 830 125 43 
cell-0-0-3 784 830 125 43 
cell-0-1-0 409 878 125 43 
cell-0-1-1 534 878 125 43 
cell-0-1-2 659 878 125 43 
cell-0-1-3 784 878 125 43 
cell-0-2-0 409 926 125 43 
cell-0-2-1 534 926 125 43 
cell-0-2-2 659 926 125 43 
cell-0-2-3 784 926 125 43 
cell-0-3-0 409 974 125 43 
cell-0-3-1 534 974 125 43 
cell-0-3-2 659 974 125 43 
cell-0-3-3 784 974 125 43 
cell-0-4-0 409 1022 125 43 
cell-0-4-1 534 1022 125 43 
cell-0-4-2 659 1022 125 43 
cell-0-4-3 784 1022 125 43 
cell-0-5-0 409 1070 125 43 
cell-0-5-1 534 1070 125 43 
cell-0-5-2 659 1070 125 43 
cell-0-5-3 784 1070 125 43 
cell-0-6-0 409 1118 125 43 
cell-0-6-1 534 1118 125 43 
cell-0-6-2 659 1118 125 43 
cell-0-6-3 784 1118 125 43 
header-1 186 496 757 193 
row-1-1 186 496 336 40 
row-1-2 542 496 336 40 
row-2-1 186 546 270 40 
row-2-2 476 546 462 40 
row-3-1 186 596 567 40 
row-4-1 186 646 567 40 
