table-0 152 119 900 527 
cell-0-0-0 152 119 128 54 
cell-0-0-1 280 119 128 54 
cell-0-0-2 408 119 128 54 
cell-0-0-3 536 119 128 54 
cell-0-0-4 664 119 128 54 
cell-0-0-5 792 119 128 54 
cell-0-0-6 920 119 128 54 
cell-0-1-0 152 178 128 54 
cell-0-1-1 280 178 128 54 
cell-0-1-2 408 178 128 54 
cell-0-1-3 536 178 128 54 
cell-0-1-4 664 178 128 54 
cell-0-1-5 792 178 128 54 
cell-0-1-6 920 178 128 54 
cell-0-2-0 152 237 128 54 
cell-0-2-1 280 237 128 54 
cell-0-2-2 408 237 128 54 
cell-0-2-3 536 237 128 54 
cell-0-2-4 664 237 128 54 
cell-0-2-5 792 237 128 54 
cell-0-2-6 920 237 128 54 
cell-0-3-0 152 296 128 54 
cell-0-3-1 280 296 128 54 
cell-0-3-2 408 296 128 54 
cell-0-3-3 536 296 128 54 
cell-0-3-4 664 296 128 54 
cell-0-3-5 792 296 128 54 
cell-0-3-6 920 296 128 54 
cell-0-4-0 152 355 128 54 
cell-0-4-1 280 355 128 54 
cell-0-4-2 408 355 128 54 
cell-0-4-3 536 355 128 54 
cell-0-4-4 664 355 128 54 
cell-0-4-5 792 355 128 54 
cell-0-4-6 920 355 128 54 
cell-0-5-0 152 414 128 54 
cell-0-5-1 280 414 128 54 
cell-0-5-2 408 414 128 54 
cell-0-5-3 536 414 128 54 
cell-0-5-4 664 414 128 54 
cell-0-5-5 792 414 128 54 
cell-0-5-6 920 414 128 54 
cell-0-6-0 152 473 128 54 
cell-0-6-1 280 473 128 54 
cell-0-6-2 408 473 128 54 
cell-0-6-3 536 473 128 54 
cell-0-6-4 664 473 128 54 
cell-0-6-5 792 473 128 54 
cell-0-6-6 920 473 128 54 
cell-0-7-0 152 532 128 54 
cell-0-7-1 280 532 128 54 
cell-0-7-2 408 532 128 54 
cell-0-7-3 536 532 128 54 
cell-0-7-4 664 532 128 54 
cell-0-7-5 792 532 128 54 
cell-0-7-6 920 532 128 54 
cell-0-8-0 152 591 128 54 
cell-0-8-1 280 591 128 54 
cell-0-8-2 408 591 128 54 
cell-0-8-3 536 591 128 54 
cell-0-8-4 664 591 128 54 
cell-0-8-5 792 591 128 54 
cell-0-8-6 920 591 128 54 
