header-0 171 179 805 193 
row-1-1 171 179 296 40 
row-1-2 487 179 296 40 
row-2-1 171 229 329 40 
row-2-2 520 229 448 40 
row-3-1 171 279 461 40 
row-4-1 171 329 593 40 
table-1 382 628 610 614 
cell-1-0-0 382 628 43 41 
cell-1-0-1 425 628 43 41 
cell-1-0-2 468 628 43 41 
cell-1-0-3 511 628 43 41 
cell-1-0-4 554 628 43 41 
cell-1-0-5 597 628 43 41 
cell-1-0-6 640 628 352 41 
cell-1-1-0 382 672 43 41 
cell-1-1-1 425 672 43 41 
cell-1-1-2 468 672 43 41 
cell-1-1-3 511 672 43 41 
cell-1-1-4 554 672 43 41 
cell-1-1-5 597 672 43 41 
cell-1-1-6 640 672 352 41 
cell-1-2-0 382 716 43 41 
cell-1-2-1 425 716 43 41 
cell-1-2-2 468 716 43 41 
cell-1-2-3 511 716 43 41 
cell-1-2-4 554 716 43 41 
cell-1-2-5 597 716 43 41 
cell-1-2-6 640 716 352 41 
cell-1-3-0 382 760 43 41 
cell-1-3-1 425 760 43 41 
cell-1-3-2 468 760 43 41 
cell-1-3-3 511 760 43 41 
cell-1-3-4 554 760 43 41 
cell-1-3-5 597 760 43 41 
cell-1-3-6 640 760 352 41 
cell-1-4-0 382 804 43 41 
cell-1-4-1 425 804 43 41 
cell-1-4-2 468 804 43 41 
cell-1-4-3 511 804 43 41 
cell-1-4-4 554 804 43 41 
cell-1-4-5 597 804 43 41 
cell-1-4-6 640 804 352 41 
cell-1-5-0 382 848 43 41 
cell-1-5-1 425 848 43 41 
cell-1-5-2 468 848 43 41 
cell-1-5-3 511 848 43 41 
cell-1-5-4 554 848 43 41 
cell-1-5-5 597 848 43 41 
cell-1-5-6 640 848 352 41 
cell-1-6-0 382 892 43 41 
cell-1-6-1 425 892 43 41 
cell-1-6-2 468 892 43 41 
cell-1-6-3 511 892 43 41 
cell-1-6-4 554 892 43 41 
cell-1-6-5 597 892 43 41 
cell-1-6-6 640 892 352 41 
cell-1-7-0 382 936 43 41 
cell-1-7-1 425 936 43 41 
cell-1-7-2 468 936 43 41 
cell-1-7-3 511 936 43 41 
cell-1-7-4 554 936 43 41 
cell-1-7-5 597 936 43 41 
cell-1-7-6 640 936 352 41 
cell-1-8-0 382 980 43 41 
cell-1-8-1 425 980 43 41 
cell-1-8-2 468 980 43 41 
cell-1-8-3 511 980 43 41 
cell-1-8-4 554 980 43 41 
cell-1-8-5 597 980 43 41 
cell-1-8-6 640 980 352 41 
cell-1-9-0 382 1024 43 41 
cell-1-9-1 425 1024 43 41 
cell-1-9-2 468 1024 43 41 
cell-1-9-3 511 1024 43 41 
cell-1-9-4 554 1024 43 41 
cell-1-9-5 597 1024 43 41 
cell-1-9-6 640 1024 352 41 
cell-1-10-0 382 1068 43 41 
cell-1-10-1 425 1068 43 41 
cell-1-10-2 468 1068 43 41 
cell-1-10-3 511 1068 43 41 
cell-1-10-4 554 1068 43 41 
cell-1-10-5 597 1068 43 41 
cell-1-10-6 640 1068 352 41 
cell-1-11-0 382 1112 43 41 
cell-1-11-1 425 1112 43 41 
cell-1-11-2 468 1112 43 41 
cell-1-11-3 511 1112 43 41 
cell-1-11-4 554 1112 43 41 
cell-1-11-5 597 1112 43 41 
cell-1-11-6 640 1112 352 41 
cell-1-12-0 382 1156 43 41 
cell-1-12-1 425 1156 43 41 
cell-1-12-2 468 1156 43 41 
cell-1-12-3 511 1156 43 41 
cell-1-12-4 554 1156 43 41 
cell-1-12-5 597 1156 43 41 
cell-1-12-6 640 1156 352 41 
cell-1-13-0 382 1200 43 41 
cell-1-13-1 425 1200 43 41 
cell-1-13-2 468 1200 43 41 
cell-1-13-3 511 1200 43 41 
cell-1-13-4 554 1200 43 41 
cell-1-13-5 597 1200 43 41 
cell-1-13-6 640 1200 352 41 
