table-0 120 978 800 410 
cell-0-0-0 120 978 160 40 
cell-0-0-1 280 978 160 40 
cell-0-0-2 440 978 160 40 
cell-0-0-3 600 978 160 40 
cell-0-0-4 760 978 160 40 
cell-0-1-0 120 1019 160 40 
cell-0-1-1 280 1019 160 40 
cell-0-1-2 440 1019 160 40 
cell-0-1-3 600 1019 160 40 
cell-0-1-4 760 1019 160 40 
cell-0-2-0 120 1060 160 40 
cell-0-2-1 280 1060 160 40 
cell-0-2-2 440 1060 160 40 
cell-0-2-3 600 1060 160 40 
cell-0-2-4 760 1060 160 40 
cell-0-3-0 120 1101 160 40 
cell-0-3-1 280 1101 160 40 
cell-0-3-2 440 1101 160 40 
cell-0-3-3 600 1101 160 40 
cell-0-3-4 760 1101 160 40 
cell-0-4-0 120 1142 160 40 
cell-0-4-1 280 1142 160 40 
cell-0-4-2 440 1142 160 40 
cell-0-4-3 600 1142 160 40 
cell-0-4-4 760 1142 160 40 
cell-0-5-0 120 1183 160 40 
cell-0-5-1 280 1183 160 40 
cell-0-5-2 440 1183 160 40 
cell-0-5-3 600 1183 160 40 
cell-0-5-4 760 1183 160 40 
cell-0-6-0 120 1224 160 40 
cell-0-6-1 280 1224 160 40 
cell-0-6-2 440 1224 160 40 
cell-0-6-3 600 1224 160 40 
cell-0-6-4 760 1224 160 40 
cell-0-7-0 120 1265 160 40 
cell-0-7-1 280 1265 160 40 
cell-0-7-2 440 1265 160 40 
cell-0-7-3 600 1265 160 40 
cell-0-7-4 760 1265 160 40 
cell-0-8-0 120 1306 160 40 
cell-0-8-1 280 1306 160 40 
cell-0-8-2 440 1306 160 40 
cell-0-8-3 600 1306 160 40 
cell-0-8-4 760 1306 160 40 
cell-0-9-0 120 1347 160 40 
cell-0-9-1 280 1347 160 40 
cell-0-9-2 440 1347 160 40 
cell-0-9-3 600 1347 160 40 
cell-0-9-4 760 1347 160 40 
table-4 410 199 458 214 
cell-4-1-0 410 199 35 35 
cell-4-1-1 445 199 35 35 
cell-4-1-2 480 199 35 35 
cell-4-1-3 515 199 35 35 
cell-4-1-4 550 199 35 35 
cell-4-1-5 585 199 35 35 
cell-4-1-6 620 199 35 35 
cell-4-1-7 655 199 35 35 
cell-4-1-8 690 199 35 35 
cell-4-1-9 725 199 35 35 
cell-4-1-10 760 199 35 35 
cell-4-1-11 795 199 35 35 
cell-4-1-12 830 199 35 35 
cell-4-2-0 410 243 35 35 
cell-4-2-1 445 243 35 35 
cell-4-2-2 480 243 35 35 
cell-4-2-3 515 243 35 35 
cell-4-2-4 550 243 35 35 
cell-4-2-5 585 243 35 35 
cell-4-2-6 620 243 35 35 
cell-4-2-7 655 243 35 35 
cell-4-2-8 690 243 35 35 
cell-4-2-9 725 243 35 35 
cell-4-2-10 760 243 35 35 
cell-4-2-11 795 243 35 35 
cell-4-2-12 830 243 35 35 
cell-4-3-0 410 287 35 35 
cell-4-3-1 445 287 35 35 
cell-4-3-2 480 287 35 35 
cell-4-3-3 515 287 35 35 
cell-4-3-4 550 287 35 35 
cell-4-3-5 585 287 35 35 
cell-4-3-6 620 287 35 35 
cell-4-3-7 655 287 35 35 
cell-4-3-8 690 287 35 35 
cell-4-3-9 725 287 35 35 
cell-4-3-10 760 287 35 35 
cell-4-3-11 795 287 35 35 
cell-4-3-12 830 287 35 35 
cell-4-4-0 410 331 35 35 
cell-4-4-1 445 331 35 35 
cell-4-4-2 480 331 35 35 
cell-4-4-3 515 331 35 35 
cell-4-4-4 550 331 35 35 
cell-4-4-5 585 331 35 35 
cell-4-4-6 620 331 35 35 
cell-4-4-7 655 331 35 35 
cell-4-4-8 690 331 35 35 
cell-4-4-9 725 331 35 35 
cell-4-4-10 760 331 35 35 
cell-4-4-11 795 331 35 35 
cell-4-4-12 830 331 35 35 
cell-4-5-0 410 375 35 35 
cell-4-5-1 445 375 35 35 
cell-4-5-2 480 375 35 35 
cell-4-5-3 515 375 35 35 
cell-4-5-4 550 375 35 35 
cell-4-5-5 585 375 35 35 
cell-4-5-6 620 375 35 35 
cell-4-5-7 655 375 35 35 
cell-4-5-8 690 375 35 35 
cell-4-5-9 725 375 35 35 
cell-4-5-10 760 375 35 35 
cell-4-5-11 795 375 35 35 
cell-4-5-12 830 375 35 35 
