table-0 381 326 520 537 
cell-0-0-0 381 326 43 41 
cell-0-0-1 424 326 43 41 
cell-0-0-2 467 326 43 41 
cell-0-0-3 510 326 43 41 
cell-0-0-4 553 326 43 41 
cell-0-0-5 596 326 304 41 
cell-0-1-0 381 381 43 41 
cell-0-1-1 424 381 43 41 
cell-0-1-2 467 381 43 41 
cell-0-1-3 510 381 43 41 
cell-0-1-4 553 381 43 41 
cell-0-1-5 596 381 304 41 
cell-0-2-0 381 436 43 41 
cell-0-2-1 424 436 43 41 
cell-0-2-2 467 436 43 41 
cell-0-2-3 510 436 43 41 
cell-0-2-4 553 436 43 41 
cell-0-2-5 596 436 304 41 
cell-0-3-0 381 491 43 41 
cell-0-3-1 424 491 43 41 
cell-0-3-2 467 491 43 41 
cell-0-3-3 510 491 43 41 
cell-0-3-4 553 491 43 41 
cell-0-3-5 596 491 304 41 
cell-0-4-0 381 546 43 41 
cell-0-4-1 424 546 43 41 
cell-0-4-2 467 546 43 41 
cell-0-4-3 510 546 43 41 
cell-0-4-4 553 546 43 41 
cell-0-4-5 596 546 304 41 
cell-0-5-0 381 601 43 41 
cell-0-5-1 424 601 43 41 
cell-0-5-2 467 601 43 41 
cell-0-5-3 510 601 43 41 
cell-0-5-4 553 601 43 41 
cell-0-5-5 596 601 304 41 
cell-0-6-0 381 656 43 41 
cell-0-6-1 424 656 43 41 
cell-0-6-2 467 656 43 41 
cell-0-6-3 510 656 43 41 
cell-0-6-4 553 656 43 41 
cell-0-6-5 596 656 304 41 
cell-0-7-0 381 711 43 41 
cell-0-7-1 424 711 43 41 
cell-0-7-2 467 711 43 41 
cell-0-7-3 510 711 43 41 
cell-0-7-4 553 711 43 41 
cell-0-7-5 596 711 304 41 
cell-0-8-0 381 766 43 41 
cell-0-8-1 424 766 43 41 
cell-0-8-2 467 766 43 41 
cell-0-8-3 510 766 43 41 
cell-0-8-4 553 766 43 41 
cell-0-8-5 596 766 304 41 
cell-0-9-0 381 821 43 41 
cell-0-9-1 424 821 43 41 
cell-0-9-2 467 821 43 41 
cell-0-9-3 510 821 43 41 
cell-0-9-4 553 821 43 41 
cell-0-9-5 596 821 304 41 
