table-0 233 742 800 326 
cell-0-0-0 233 742 200 54 
cell-0-0-1 433 742 200 54 
cell-0-0-2 633 742 200 54 
cell-0-0-3 833 742 200 54 
cell-0-1-0 233 796 200 54 
cell-0-1-1 433 796 200 54 
cell-0-1-2 633 796 200 54 
cell-0-1-3 833 796 200 54 
cell-0-2-0 233 850 200 54 
cell-0-2-1 433 850 200 54 
cell-0-2-2 633 850 200 54 
cell-0-2-3 833 850 200 54 
cell-0-3-0 233 904 200 54 
cell-0-3-1 433 904 200 54 
cell-0-3-2 633 904 200 54 
cell-0-3-3 833 904 200 54 
cell-0-4-0 233 958 200 54 
cell-0-4-1 433 958 200 54 
cell-0-4-2 633 958 200 54 
cell-0-4-3 833 958 200 54 
cell-0-5-0 233 1012 200 54 
cell-0-5-1 433 1012 200 54 
cell-0-5-2 633 1012 200 54 
cell-0-5-3 833 1012 200 54 
