table-0 84 111 800 601 
cell-0-0-0 84 111 88 56 
cell-0-0-1 172 111 88 56 
cell-0-0-2 260 111 88 56 
cell-0-0-3 348 111 88 56 
cell-0-0-4 436 111 88 56 
cell-0-0-5 524 111 88 56 
cell-0-0-6 612 111 88 56 
cell-0-0-7 700 111 88 56 
cell-0-0-8 788 111 88 56 
cell-0-1-0 84 179 88 56 
cell-0-1-1 172 179 88 56 
cell-0-1-2 260 179 88 56 
cell-0-1-3 348 179 88 56 
cell-0-1-4 436 179 88 56 
cell-0-1-5 524 179 88 56 
cell-0-1-6 612 179 88 56 
cell-0-1-7 700 179 88 56 
cell-0-1-8 788 179 88 56 
cell-0-2-0 84 247 88 56 
cell-0-2-1 172 247 88 56 
cell-0-2-2 260 247 88 56 
cell-0-2-3 348 247 88 56 
cell-0-2-4 436 247 88 56 
cell-0-2-5 524 247 88 56 
cell-0-2-6 612 247 88 56 
cell-0-2-7 700 247 88 56 
cell-0-2-8 788 247 88 56 
cell-0-3-0 84 315 88 56 
cell-0-3-1 172 315 88 56 
cell-0-3-2 260 315 88 56 
cell-0-3-3 348 315 88 56 
cell-0-3-4 436 315 88 56 
cell-0-3-5 524 315 88 56 
cell-0-3-6 612 315 88 56 
cell-0-3-7 700 315 88 56 
cell-0-3-8 788 315 88 56 
cell-0-4-0 84 383 88 56 
cell-0-4-1 172 383 88 56 
cell-0-4-2 260 383 88 56 
cell-0-4-3 348 383 88 56 
cell-0-4-4 436 383 88 56 
cell-0-4-5 524 383 88 56 
cell-0-4-6 612 383 88 56 
cell-0-4-7 700 383 88 56 
cell-0-4-8 788 383 88 56 
cell-0-5-0 84 451 88 56 
cell-0-5-1 172 451 88 56 
cell-0-5-2 260 451 88 56 
cell-0-5-3 348 451 88 56 
cell-0-5-4 436 451 88 56 
cell-0-5-5 524 451 88 56 
cell-0-5-6 612 451 88 56 
cell-0-5-7 700 451 88 56 
cell-0-5-8 788 451 88 56 
cell-0-6-0 84 519 88 56 
cell-0-6-1 172 519 88 56 
cell-0-6-2 260 519 88 56 
cell-0-6-3 348 519 88 56 
cell-0-6-4 436 519 88 56 
cell-0-6-5 524 519 88 56 
cell-0-6-6 612 519 88 56 
cell-0-6-7 700 519 88 56 
cell-0-6-8 788 519 88 56 
cell-0-7-0 84 587 88 56 
cell-0-7-1 172 587 88 56 
cell-0-7-2 260 587 88 56 
cell-0-7-3 348 587 88 56 
cell-0-7-4 436 587 88 56 
cell-0-7-5 524 587 88 56 
cell-0-7-6 612 587 88 56 
cell-0-7-7 700 587 88 56 
cell-0-7-8 788 587 88 56 
cell-0-8-0 84 655 88 56 
cell-0-8-1 172 655 88 56 
cell-0-8-2 260 655 88 56 
cell-0-8-3 348 655 88 56 
cell-0-8-4 436 655 88 56 
cell-0-8-5 524 655 88 56 
cell-0-8-6 612 655 88 56 
cell-0-8-7 700 655 88 56 
cell-0-8-8 788 655 88 56 
