table-0 352 679 504 373 
cell-0-1-0 352 679 36 35 
cell-0-1-1 391 679 36 35 
cell-0-1-2 430 679 36 35 
cell-0-1-3 469 679 36 35 
cell-0-1-4 508 679 36 35 
cell-0-1-5 547 679 36 35 
cell-0-1-6 586 679 36 35 
cell-0-1-7 625 679 36 35 
cell-0-1-8 664 679 36 35 
cell-0-1-9 703 679 36 35 
cell-0-1-10 742 679 36 35 
cell-0-1-11 781 679 36 35 
cell-0-1-12 820 679 36 35 
cell-0-2-0 352 727 36 35 
cell-0-2-1 391 727 36 35 
cell-0-2-2 430 727 36 35 
cell-0-2-3 469 727 36 35 
cell-0-2-4 508 727 36 35 
cell-0-2-5 547 727 36 35 
cell-0-2-6 586 727 36 35 
cell-0-2-7 625 727 36 35 
cell-0-2-8 664 727 36 35 
cell-0-2-9 703 727 36 35 
cell-0-2-10 742 727 36 35 
cell-0-2-11 781 727 36 35 
cell-0-2-12 820 727 36 35 
cell-0-3-0 352 775 36 35 
cell-0-3-1 391 775 36 35 
cell-0-3-2 430 775 36 35 
cell-0-3-3 469 775 36 35 
cell-0-3-4 508 775 36 35 
cell-0-3-5 547 775 36 35 
cell-0-3-6 586 775 36 35 
cell-0-3-7 625 775 36 35 
cell-0-3-8 664 775 36 35 
cell-0-3-9 703 775 36 35 
cell-0-3-10 742 775 36 35 
cell-0-3-11 781 775 36 35 
cell-0-3-12 820 775 36 35 
cell-0-4-0 352 823 36 35 
cell-0-4-1 391 823 36 35 
cell-0-4-2 430 823 36 35 
cell-0-4-3 469 823 36 35 
cell-0-4-4 508 823 36 35 
cell-0-4-5 547 823 36 35 
cell-0-4-6 586 823 36 35 
cell-0-4-7 625 823 36 35 
cell-0-4-8 664 823 36 35 
cell-0-4-9 703 823 36 35 
cell-0-4-10 742 823 36 35 
cell-0-4-11 781 823 36 35 
cell-0-4-12 820 823 36 35 
cell-0-5-0 352 871 36 35 
cell-0-5-1 391 871 36 35 
cell-0-5-2 430 871 36 35 
cell-0-5-3 469 871 36 35 
cell-0-5-4 508 871 36 35 
cell-0-5-5 547 871 36 35 
cell-0-5-6 586 871 36 35 
cell-0-5-7 625 871 36 35 
cell-0-5-8 664 871 36 35 
cell-0-5-9 703 871 36 35 
cell-0-5-10 742 871 36 35 
cell-0-5-11 781 871 36 35 
cell-0-5-12 820 871 36 35 
cell-0-6-0 352 919 36 35 
cell-0-6-1 391 919 36 35 
cell-0-6-2 430 919 36 35 
cell-0-6-3 469 919 36 35 
cell-0-6-4 508 919 36 35 
cell-0-6-5 547 919 36 35 
cell-0-6-6 586 919 36 35 
cell-0-6-7 625 919 36 35 
cell-0-6-8 664 919 36 35 
cell-0-6-9 703 919 36 35 
cell-0-6-10 742 919 36 35 
cell-0-6-11 781 919 36 35 
cell-0-6-12 820 919 36 35 
cell-0-7-0 352 967 36 35 
cell-0-7-1 391 967 36 35 
cell-0-7-2 430 967 36 35 
cell-0-7-3 469 967 36 35 
cell-0-7-4 508 967 36 35 
cell-0-7-5 547 967 36 35 
cell-0-7-6 586 967 36 35 
cell-0-7-7 625 967 36 35 
cell-0-7-8 664 967 36 35 
cell-0-7-9 703 967 36 35 
cell-0-7-10 742 967 36 35 
cell-0-7-11 781 967 36 35 
cell-0-7-12 820 967 36 35 
cell-0-8-0 352 1015 36 35 
cell-0-8-1 391 1015 36 35 
cell-0-8-2 430 1015 36 35 
cell-0-8-3 469 1015 36 35 
cell-0-8-4 508 1015 36 35 
cell-0-8-5 547 1015 36 35 
cell-0-8-6 586 1015 36 35 
cell-0-8-7 625 1015 36 35 
cell-0-8-8 664 1015 36 35 
cell-0-8-9 703 1015 36 35 
cell-0-8-10 742 1015 36 35 
cell-0-8-11 781 1015 36 35 
cell-0-8-12 820 1015 36 35 
table-2 247 142 800 258 
cell-2-0-0 247 142 114 31 
cell-2-0-1 361 142 114 31 
cell-2-0-2 475 142 114 31 
cell-2-0-3 589 142 114 31 
cell-2-0-4 703 142 114 31 
cell-2-0-5 817 142 114 31 
cell-2-0-6 931 142 114 31 
cell-2-1-0 247 187 114 31 
cell-2-1-1 361 187 114 31 
cell-2-1-2 475 187 114 31 
cell-2-1-3 589 187 114 31 
cell-2-1-4 703 187 114 31 
cell-2-1-5 817 187 114 31 
cell-2-1-6 931 187 114 31 
cell-2-2-0 247 232 114 31 
cell-2-2-1 361 232 114 31 
cell-2-2-2 475 232 114 31 
cell-2-2-3 589 232 114 31 
cell-2-2-4 703 232 114 31 
cell-2-2-5 817 232 114 31 
cell-2-2-6 931 232 114 31 
cell-2-3-0 247 277 114 31 
cell-2-3-1 361 277 114 31 
cell-2-3-2 475 277 114 31 
cell-2-3-3 589 277 114 31 
cell-2-3-4 703 277 114 31 
cell-2-3-5 817 277 114 31 
cell-2-3-6 931 277 114 31 
cell-2-4-0 247 322 114 31 
cell-2-4-1 361 322 114 31 
cell-2-4-2 475 322 114 31 
cell-2-4-3 589 322 114 31 
cell-2-4-4 703 322 114 31 
cell-2-4-5 817 322 114 31 
cell-2-4-6 931 322 114 31 
cell-2-5-0 247 367 114 31 
cell-2-5-1 361 367 114 31 
cell-2-5-2 475 367 114 31 
cell-2-5-3 589 367 114 31 
cell-2-5-4 703 367 114 31 
cell-2-5-5 817 367 114 31 
cell-2-5-6 931 367 114 31 
