table-0 431 168 353 478 
cell-0-1-0 431 168 35 35 
cell-0-1-1 466 168 35 35 
cell-0-1-2 501 168 35 35 
cell-0-1-3 536 168 35 35 
cell-0-1-4 571 168 35 35 
cell-0-1-5 606 168 35 35 
cell-0-1-6 641 168 35 35 
cell-0-1-7 676 168 35 35 
cell-0-1-8 711 168 35 35 
cell-0-1-9 746 168 35 35 
cell-0-2-0 431 212 35 35 
cell-0-2-1 466 212 35 35 
cell-0-2-2 501 212 35 35 
cell-0-2-3 536 212 35 35 
cell-0-2-4 571 212 35 35 
cell-0-2-5 606 212 35 35 
cell-0-2-6 641 212 35 35 
cell-0-2-7 676 212 35 35 
cell-0-2-8 711 212 35 35 
cell-0-2-9 746 212 35 35 
cell-0-3-0 431 256 35 35 
cell-0-3-1 466 256 35 35 
cell-0-3-2 501 256 35 35 
cell-0-3-3 536 256 35 35 
cell-0-3-4 571 256 35 35 
cell-0-3-5 606 256 35 35 
cell-0-3-6 641 256 35 35 
cell-0-3-7 676 256 35 35 
cell-0-3-8 711 256 35 35 
cell-0-3-9 746 256 35 35 
cell-0-4-0 431 300 35 35 
cell-0-4-1 466 300 35 35 
cell-0-4-2 501 300 35 35 
cell-0-4-3 536 300 35 35 
cell-0-4-4 571 300 35 35 
cell-0-4-5 606 300 35 35 
cell-0-4-6 641 300 35 35 
cell-0-4-7 676 300 35 35 
cell-0-4-8 711 300 35 35 
cell-0-4-9 746 300 35 35 
cell-0-5-0 431 344 35 35 
cell-0-5-1 466 344 35 35 
cell-0-5-2 501 344 35 35 
cell-0-5-3 536 344 35 35 
cell-0-5-4 571 344 35 35 
cell-0-5-5 606 344 35 35 
cell-0-5-6 641 344 35 35 
cell-0-5-7 676 344 35 35 
cell-0-5-8 711 344 35 35 
cell-0-5-9 746 344 35 35 
cell-0-6-0 431 388 35 35 
cell-0-6-1 466 388 35 35 
cell-0-6-2 501 388 35 35 
cell-0-6-3 536 388 35 35 
cell-0-6-4 571 388 35 35 
cell-0-6-5 606 388 35 35 
cell-0-6-6 641 388 35 35 
cell-0-6-7 676 388 35 35 
cell-0-6-8 711 388 35 35 
cell-0-6-9 746 388 35 35 
cell-0-7-0 431 432 35 35 
cell-0-7-1 466 432 35 35 
cell-0-7-2 501 432 35 35 
cell-0-7-3 536 432 35 35 
cell-0-7-4 571 432 35 35 
cell-0-7-5 606 432 35 35 
cell-0-7-6 641 432 35 35 
cell-0-7-7 676 432 35 35 
cell-0-7-8 711 432 35 35 
cell-0-7-9 746 432 35 35 
cell-0-8-0 431 476 35 35 
cell-0-8-1 466 476 35 35 
cell-0-8-2 501 476 35 35 
cell-0-8-3 536 476 35 35 
cell-0-8-4 571 476 35 35 
cell-0-8-5 606 476 35 35 
cell-0-8-6 641 476 35 35 
cell-0-8-7 676 476 35 35 
cell-0-8-8 711 476 35 35 
cell-0-8-9 746 476 35 35 
cell-0-9-0 431 520 35 35 
cell-0-9-1 466 520 35 35 
cell-0-9-2 501 520 35 35 
cell-0-9-3 536 520 35 35 
cell-0-9-4 571 520 35 35 
cell-0-9-5 606 520 35 35 
cell-0-9-6 641 520 35 35 
cell-0-9-7 676 520 35 35 
cell-0-9-8 711 520 35 35 
cell-0-9-9 746 520 35 35 
cell-0-10-0 431 564 35 35 
cell-0-10-1 466 564 35 35 
cell-0-10-2 501 564 35 35 
cell-0-10-3 536 564 35 35 
cell-0-10-4 571 564 35 35 
cell-0-10-5 606 564 35 35 
cell-0-10-6 641 564 35 35 
cell-0-10-7 676 564 35 35 
cell-0-10-8 711 564 35 35 
cell-0-10-9 746 564 35 35 
cell-0-11-0 431 608 35 35 
cell-0-11-1 466 608 35 35 
cell-0-11-2 501 608 35 35 
cell-0-11-3 536 608 35 35 
cell-0-11-4 571 608 35 35 
cell-0-11-5 606 608 35 35 
cell-0-11-6 641 608 35 35 
cell-0-11-7 676 608 35 35 
cell-0-11-8 711 608 35 35 
cell-0-11-9 746 608 35 35 
table-1 596 779 441 436 
cell-1-1-0 596 779 34 35 
cell-1-1-1 633 779 34 35 
cell-1-1-2 670 779 34 35 
cell-1-1-3 707 779 34 35 
cell-1-1-4 744 779 34 35 
cell-1-1-5 781 779 34 35 
cell-1-1-6 818 779 34 35 
cell-1-1-7 855 779 34 35 
cell-1-1-8 892 779 34 35 
cell-1-1-9 929 779 34 35 
cell-1-1-10 966 779 34 35 
cell-1-1-11 1003 779 34 35 
cell-1-2-0 596 829 34 35 
cell-1-2-1 633 829 34 35 
cell-1-2-2 670 829 34 35 
cell-1-2-3 707 829 34 35 
cell-1-2-4 744 829 34 35 
cell-1-2-5 781 829 34 35 
cell-1-2-6 818 829 34 35 
cell-1-2-7 855 829 34 35 
cell-1-2-8 892 829 34 35 
cell-1-2-9 929 829 34 35 
cell-1-2-10 966 829 34 35 
cell-1-2-11 1003 829 34 35 
cell-1-3-0 596 879 34 35 
cell-1-3-1 633 879 34 35 
cell-1-3-2 670 879 34 35 
cell-1-3-3 707 879 34 35 
cell-1-3-4 744 879 34 35 
cell-1-3-5 781 879 34 35 
cell-1-3-6 818 879 34 35 
cell-1-3-7 855 879 34 35 
cell-1-3-8 892 879 34 35 
cell-1-3-9 929 879 34 35 
cell-1-3-10 966 879 34 35 
cell-1-3-11 1003 879 34 35 
cell-1-4-0 596 929 34 35 
cell-1-4-1 633 929 34 35 
cell-1-4-2 670 929 34 35 
cell-1-4-3 707 929 34 35 
cell-1-4-4 744 929 34 35 
cell-1-4-5 781 929 34 35 
cell-1-4-6 818 929 34 35 
cell-1-4-7 855 929 34 35 
cell-1-4-8 892 929 34 35 
cell-1-4-9 929 929 34 35 
cell-1-4-10 966 929 34 35 
cell-1-4-11 1003 929 34 35 
cell-1-5-0 596 979 34 35 
cell-1-5-1 633 979 34 35 
cell-1-5-2 670 979 34 35 
cell-1-5-3 707 979 34 35 
cell-1-5-4 744 979 34 35 
cell-1-5-5 781 979 34 35 
cell-1-5-6 818 979 34 35 
cell-1-5-7 855 979 34 35 
cell-1-5-8 892 979 34 35 
cell-1-5-9 929 979 34 35 
cell-1-5-10 966 979 34 35 
cell-1-5-11 1003 979 34 35 
cell-1-6-0 596 1029 34 35 
cell-1-6-1 633 1029 34 35 
cell-1-6-2 670 1029 34 35 
cell-1-6-3 707 1029 34 35 
cell-1-6-4 744 1029 34 35 
cell-1-6-5 781 1029 34 35 
cell-1-6-6 818 1029 34 35 
cell-1-6-7 855 1029 34 35 
cell-1-6-8 892 1029 34 35 
cell-1-6-9 929 1029 34 35 
cell-1-6-10 966 1029 34 35 
cell-1-6-11 1003 1029 34 35 
cell-1-7-0 596 1079 34 35 
cell-1-7-1 633 1079 34 35 
cell-1-7-2 670 1079 34 35 
cell-1-7-3 707 1079 34 35 
cell-1-7-4 744 1079 34 35 
cell-1-7-5 781 1079 34 35 
cell-1-7-6 818 1079 34 35 
cell-1-7-7 855 1079 34 35 
cell-1-7-8 892 1079 34 35 
cell-1-7-9 929 1079 34 35 
cell-1-7-10 966 1079 34 35 
cell-1-7-11 1003 1079 34 35 
cell-1-8-0 596 1129 34 35 
cell-1-8-1 633 1129 34 35 
cell-1-8-2 670 1129 34 35 
cell-1-8-3 707 1129 34 35 
cell-1-8-4 744 1129 34 35 
cell-1-8-5 781 1129 34 35 
cell-1-8-6 818 1129 34 35 
cell-1-8-7 855 1129 34 35 
cell-1-8-8 892 1129 34 35 
cell-1-8-9 929 1129 34 35 
cell-1-8-10 966 1129 34 35 
cell-1-8-11 1003 1129 34 35 
cell-1-9-0 596 1179 34 35 
cell-1-9-1 633 1179 34 35 
cell-1-9-2 670 1179 34 35 
cell-1-9-3 707 1179 34 35 
cell-1-9-4 744 1179 34 35 
cell-1-9-5 781 1179 34 35 
cell-1-9-6 818 1179 34 35 
cell-1-9-7 855 1179 34 35 
cell-1-9-8 892 1179 34 35 
cell-1-9-9 929 1179 34 35 
cell-1-9-10 966 1179 34 35 
cell-1-9-11 1003 1179 34 35 
