table-0 453 412 500 433 
cell-0-0-0 453 412 125 36 
cell-0-0-1 578 412 125 36 
cell-0-0-2 703 412 125 36 
cell-0-0-3 828 412 125 36 
cell-0-1-0 453 456 125 36 
cell-0-1-1 578 456 125 36 
cell-0-1-2 703 456 125 36 
cell-0-1-3 828 456 125 36 
cell-0-2-0 453 500 125 36 
cell-0-2-1 578 500 125 36 
cell-0-2-2 703 500 125 36 
cell-0-2-3 828 500 125 36 
cell-0-3-0 453 544 125 36 
cell-0-3-1 578 544 125 36 
cell-0-3-2 703 544 125 36 
cell-0-3-3 828 544 125 36 
cell-0-4-0 453 588 125 36 
cell-0-4-1 578 588 125 36 
cell-0-4-2 703 588 125 36 
cell-0-4-3 828 588 125 36 
cell-0-5-0 453 632 125 36 
cell-0-5-1 578 632 125 36 
cell-0-5-2 703 632 125 36 
cell-0-5-3 828 632 125 36 
cell-0-6-0 453 676 125 36 
cell-0-6-1 578 676 125 36 
cell-0-6-2 703 676 125 36 
cell-0-6-3 828 676 125 36 
cell-0-7-0 453 720 125 36 
cell-0-7-1 578 720 125 36 
cell-0-7-2 703 720 125 36 
cell-0-7-3 828 720 125 36 
cell-0-8-0 453 764 125 36 
cell-0-8-1 578 764 125 36 
cell-0-8-2 703 764 125 36 
cell-0-8-3 828 764 125 36 
cell-0-9-0 453 808 125 36 
cell-0-9-1 578 808 125 36 
cell-0-9-2 703 808 125 36 
cell-0-9-3 828 808 125 36 
