table-0 463 796 216 506 
cell-0-0-0 463 796 43 35 
cell-0-0-1 506 796 43 35 
cell-0-0-2 549 796 43 35 
cell-0-0-3 592 796 43 35 
cell-0-0-4 635 796 43 35 
cell-0-1-0 463 843 43 35 
cell-0-1-1 506 843 43 35 
cell-0-1-2 549 843 43 35 
cell-0-1-3 592 843 43 35 
cell-0-1-4 635 843 43 35 
cell-0-2-0 463 890 43 35 
cell-0-2-1 506 890 43 35 
cell-0-2-2 549 890 43 35 
cell-0-2-3 592 890 43 35 
cell-0-2-4 635 890 43 35 
cell-0-3-0 463 937 43 35 
cell-0-3-1 506 937 43 35 
cell-0-3-2 549 937 43 35 
cell-0-3-3 592 937 43 35 
cell-0-3-4 635 937 43 35 
cell-0-4-0 463 984 43 35 
cell-0-4-1 506 984 43 35 
cell-0-4-2 549 984 43 35 
cell-0-4-3 592 984 43 35 
cell-0-4-4 635 984 43 35 
cell-0-5-0 463 1031 43 35 
cell-0-5-1 506 1031 43 35 
cell-0-5-2 549 1031 43 35 
cell-0-5-3 592 1031 43 35 
cell-0-5-4 635 1031 43 35 
cell-0-6-0 463 1078 43 35 
cell-0-6-1 506 1078 43 35 
cell-0-6-2 549 1078 43 35 
cell-0-6-3 592 1078 43 35 
cell-0-6-4 635 1078 43 35 
cell-0-7-0 463 1125 43 35 
cell-0-7-1 506 1125 43 35 
cell-0-7-2 549 1125 43 35 
cell-0-7-3 592 1125 43 35 
cell-0-7-4 635 1125 43 35 
cell-0-8-0 463 1172 43 35 
cell-0-8-1 506 1172 43 35 
cell-0-8-2 549 1172 43 35 
cell-0-8-3 592 1172 43 35 
cell-0-8-4 635 1172 43 35 
cell-0-9-0 463 1219 43 35 
cell-0-9-1 506 1219 43 35 
cell-0-9-2 549 1219 43 35 
cell-0-9-3 592 1219 43 35 
cell-0-9-4 635 1219 43 35 
cell-0-10-0 463 1266 43 35 
cell-0-10-1 506 1266 43 35 
cell-0-10-2 549 1266 43 35 
cell-0-10-3 592 1266 43 35 
cell-0-10-4 635 1266 43 35 
table-2 471 156 173 552 
cell-2-0-0 471 156 43 35 
cell-2-0-1 514 156 43 35 
cell-2-0-2 557 156 43 35 
cell-2-0-3 600 156 43 35 
cell-2-1-0 471 199 43 35 
cell-2-1-1 514 199 43 35 
cell-2-1-2 557 199 43 35 
cell-2-1-3 600 199 43 35 
cell-2-2-0 471 242 43 35 
cell-2-2-1 514 242 43 35 
cell-2-2-2 557 242 43 35 
cell-2-2-3 600 242 43 35 
cell-2-3-0 471 285 43 35 
cell-2-3-1 514 285 43 35 
cell-2-3-2 557 285 43 35 
cell-2-3-3 600 285 43 35 
cell-2-4-0 471 328 43 35 
cell-2-4-1 514 328 43 35 
cell-2-4-2 557 328 43 35 
cell-2-4-3 600 328 43 35 
cell-2-5-0 471 371 43 35 
cell-2-5-1 514 371 43 35 
cell-2-5-2 557 371 43 35 
cell-2-5-3 600 371 43 35 
cell-2-6-0 471 414 43 35 
cell-2-6-1 514 414 43 35 
cell-2-6-2 557 414 43 35 
cell-2-6-3 600 414 43 35 
cell-2-7-0 471 457 43 35 
cell-2-7-1 514 457 43 35 
cell-2-7-2 557 457 43 35 
cell-2-7-3 600 457 43 35 
cell-2-8-0 471 500 43 35 
cell-2-8-1 514 500 43 35 
cell-2-8-2 557 500 43 35 
cell-2-8-3 600 500 43 35 
cell-2-9-0 471 543 43 35 
cell-2-9-1 514 543 43 35 
cell-2-9-2 557 543 43 35 
cell-2-9-3 600 543 43 35 
cell-2-10-0 471 586 43 35 
cell-2-10-1 514 586 43 35 
cell-2-10-2 557 586 43 35 
cell-2-10-3 600 586 43 35 
cell-2-11-0 471 629 43 35 
cell-2-11-1 514 629 43 35 
cell-2-11-2 557 629 43 35 
cell-2-11-3 600 629 43 35 
cell-2-12-0 471 672 43 35 
cell-2-12-1 514 672 43 35 
cell-2-12-2 557 672 43 35 
cell-2-12-3 600 672 43 35 
