table-0 109 130 581 653 
cell-0-0-0 109 130 43 41 
cell-0-0-1 152 130 43 41 
cell-0-0-2 195 130 43 41 
cell-0-0-3 238 130 43 41 
cell-0-0-4 281 130 407 41 
cell-0-1-0 109 177 43 41 
cell-0-1-1 152 177 43 41 
cell-0-1-2 195 177 43 41 
cell-0-1-3 238 177 43 41 
cell-0-1-4 281 177 407 41 
cell-0-2-0 109 224 43 41 
cell-0-2-1 152 224 43 41 
cell-0-2-2 195 224 43 41 
cell-0-2-3 238 224 43 41 
cell-0-2-4 281 224 407 41 
cell-0-3-0 109 271 43 41 
cell-0-3-1 152 271 43 41 
cell-0-3-2 195 271 43 41 
cell-0-3-3 238 271 43 41 
cell-0-3-4 281 271 407 41 
cell-0-4-0 109 318 43 41 
cell-0-4-1 152 318 43 41 
cell-0-4-2 195 318 43 41 
cell-0-4-3 238 318 43 41 
cell-0-4-4 281 318 407 41 
cell-0-5-0 109 365 43 41 
cell-0-5-1 152 365 43 41 
cell-0-5-2 195 365 43 41 
cell-0-5-3 238 365 43 41 
cell-0-5-4 281 365 407 41 
cell-0-6-0 109 412 43 41 
cell-0-6-1 152 412 43 41 
cell-0-6-2 195 412 43 41 
cell-0-6-3 238 412 43 41 
cell-0-6-4 281 412 407 41 
cell-0-7-0 109 459 43 41 
cell-0-7-1 152 459 43 41 
cell-0-7-2 195 459 43 41 
cell-0-7-3 238 459 43 41 
cell-0-7-4 281 459 407 41 
cell-0-8-0 109 506 43 41 
cell-0-8-1 152 506 43 41 
cell-0-8-2 195 506 43 41 
cell-0-8-3 238 506 43 41 
cell-0-8-4 281 506 407 41 
cell-0-9-0 109 553 43 41 
cell-0-9-1 152 553 43 41 
cell-0-9-2 195 553 43 41 
cell-0-9-3 238 553 43 41 
cell-0-9-4 281 553 407 41 
cell-0-10-0 109 600 43 41 
cell-0-10-1 152 600 43 41 
cell-0-10-2 195 600 43 41 
cell-0-10-3 238 600 43 41 
cell-0-10-4 281 600 407 41 
cell-0-11-0 109 647 43 41 
cell-0-11-1 152 647 43 41 
cell-0-11-2 195 647 43 41 
cell-0-11-3 238 647 43 41 
cell-0-11-4 281 647 407 41 
cell-0-12-0 109 694 43 41 
cell-0-12-1 152 694 43 41 
cell-0-12-2 195 694 43 41 
cell-0-12-3 238 694 43 41 
cell-0-12-4 281 694 407 41 
cell-0-13-0 109 741 43 41 
cell-0-13-1 152 741 43 41 
cell-0-13-2 195 741 43 41 
cell-0-13-3 238 741 43 41 
cell-0-13-4 281 741 407 41 
header-1 89 1214 783 195 
row-1-1 89 1214 259 41 
row-1-2 368 1214 391 41 
row-2-1 89 1265 292 41 
row-2-2 401 1265 413 41 
row-3-1 89 1316 787 41 
row-4-1 89 1367 721 41 
