table-0 571 89 173 468 
cell-0-0-0 571 89 43 35 
cell-0-0-1 614 89 43 35 
cell-0-0-2 657 89 43 35 
cell-0-0-3 700 89 43 35 
cell-0-1-0 571 125 43 35 
cell-0-1-1 614 125 43 35 
cell-0-1-2 657 125 43 35 
cell-0-1-3 700 125 43 35 
cell-0-2-0 571 161 43 35 
cell-0-2-1 614 161 43 35 
cell-0-2-2 657 161 43 35 
cell-0-2-3 700 161 43 35 
cell-0-3-0 571 197 43 35 
cell-0-3-1 614 197 43 35 
cell-0-3-2 657 197 43 35 
cell-0-3-3 700 197 43 35 
cell-0-4-0 571 233 43 35 
cell-0-4-1 614 233 43 35 
cell-0-4-2 657 233 43 35 
cell-0-4-3 700 233 43 35 
cell-0-5-0 571 269 43 35 
cell-0-5-1 614 269 43 35 
cell-0-5-2 657 269 43 35 
cell-0-5-3 700 269 43 35 
cell-0-6-0 571 305 43 35 
cell-0-6-1 614 305 43 35 
cell-0-6-2 657 305 43 35 
cell-0-6-3 700 305 43 35 
cell-0-7-0 571 341 43 35 
cell-0-7-1 614 341 43 35 
cell-0-7-2 657 341 43 35 
cell-0-7-3 700 341 43 35 
cell-0-8-0 571 377 43 35 
cell-0-8-1 614 377 43 35 
cell-0-8-2 657 377 43 35 
cell-0-8-3 700 377 43 35 
cell-0-9-0 571 413 43 35 
cell-0-9-1 614 413 43 35 
cell-0-9-2 657 413 43 35 
cell-0-9-3 700 413 43 35 
cell-0-10-0 571 449 43 35 
cell-0-10-1 614 449 43 35 
cell-0-10-2 657 449 43 35 
cell-0-10-3 700 449 43 35 
cell-0-11-0 571 485 43 35 
cell-0-11-1 614 485 43 35 
cell-0-11-2 657 485 43 35 
cell-0-11-3 700 485 43 35 
cell-0-12-0 571 521 43 35 
cell-0-12-1 614 521 43 35 
cell-0-12-2 657 521 43 35 
cell-0-12-3 700 521 43 35 
table-1 106 518 183 438 
cell-1-0-0 106 518 45 35 
cell-1-0-1 151 518 45 35 
cell-1-0-2 196 518 45 35 
cell-1-0-3 241 518 45 35 
cell-1-1-0 106 558 45 35 
cell-1-1-1 151 558 45 35 
cell-1-1-2 196 558 45 35 
cell-1-1-3 241 558 45 35 
cell-1-2-0 106 598 45 35 
cell-1-2-1 151 598 45 35 
cell-1-2-2 196 598 45 35 
cell-1-2-3 241 598 45 35 
cell-1-3-0 106 638 45 35 
cell-1-3-1 151 638 45 35 
cell-1-3-2 196 638 45 35 
cell-1-3-3 241 638 45 35 
cell-1-4-0 106 678 45 35 
cell-1-4-1 151 678 45 35 
cell-1-4-2 196 678 45 35 
cell-1-4-3 241 678 45 35 
cell-1-5-0 106 718 45 35 
cell-1-5-1 151 718 45 35 
cell-1-5-2 196 718 45 35 
cell-1-5-3 241 718 45 35 
cell-1-6-0 106 758 45 35 
cell-1-6-1 151 758 45 35 
cell-1-6-2 196 758 45 35 
cell-1-6-3 241 758 45 35 
cell-1-7-0 106 798 45 35 
cell-1-7-1 151 798 45 35 
cell-1-7-2 196 798 45 35 
cell-1-7-3 241 798 45 35 
cell-1-8-0 106 838 45 35 
cell-1-8-1 151 838 45 35 
cell-1-8-2 196 838 45 35 
cell-1-8-3 241 838 45 35 
cell-1-9-0 106 878 45 35 
cell-1-9-1 151 878 45 35 
cell-1-9-2 196 878 45 35 
cell-1-9-3 241 878 45 35 
cell-1-10-0 106 918 45 35 
cell-1-10-1 151 918 45 35 
cell-1-10-2 196 918 45 35 
cell-1-10-3 241 918 45 35 
table-2 390 954 582 345 
cell-2-1-0 390 954 36 35 
cell-2-1-1 429 954 36 35 
cell-2-1-2 468 954 36 35 
cell-2-1-3 507 954 36 35 
cell-2-1-4 546 954 36 35 
cell-2-1-5 585 954 36 35 
cell-2-1-6 624 954 36 35 
cell-2-1-7 663 954 36 35 
cell-2-1-8 702 954 36 35 
cell-2-1-9 741 954 36 35 
cell-2-1-10 780 954 36 35 
cell-2-1-11 819 954 36 35 
cell-2-1-12 858 954 36 35 
cell-2-1-13 897 954 36 35 
cell-2-1-14 936 954 36 35 
cell-2-2-0 390 998 36 35 
cell-2-2-1 429 998 36 35 
cell-2-2-2 468 998 36 35 
cell-2-2-3 507 998 36 35 
cell-2-2-4 546 998 36 35 
cell-2-2-5 585 998 36 35 
cell-2-2-6 624 998 36 35 
cell-2-2-7 663 998 36 35 
cell-2-2-8 702 998 36 35 
cell-2-2-9 741 998 36 35 
cell-2-2-10 780 998 36 35 
cell-2-2-11 819 998 36 35 
cell-2-2-12 858 998 36 35 
cell-2-2-13 897 998 36 35 
cell-2-2-14 936 998 36 35 
cell-2-3-0 390 1042 36 35 
cell-2-3-1 429 1042 36 35 
cell-2-3-2 468 1042 36 35 
cell-2-3-3 507 1042 36 35 
cell-2-3-4 546 1042 36 35 
cell-2-3-5 585 1042 36 35 
cell-2-3-6 624 1042 36 35 
cell-2-3-7 663 1042 36 35 
cell-2-3-8 702 1042 36 35 
cell-2-3-9 741 1042 36 35 
cell-2-3-10 780 1042 36 35 
cell-2-3-11 819 1042 36 35 
cell-2-3-12 858 1042 36 35 
cell-2-3-13 897 1042 36 35 
cell-2-3-14 936 1042 36 35 
cell-2-4-0 390 1086 36 35 
cell-2-4-1 429 1086 36 35 
cell-2-4-2 468 1086 36 35 
cell-2-4-3 507 1086 36 35 
cell-2-4-4 546 1086 36 35 
cell-2-4-5 585 1086 36 35 
cell-2-4-6 624 1086 36 35 
cell-2-4-7 663 1086 36 35 
cell-2-4-8 702 1086 36 35 
cell-2-4-9 741 1086 36 35 
cell-2-4-10 780 1086 36 35 
cell-2-4-11 819 1086 36 35 
cell-2-4-12 858 1086 36 35 
cell-2-4-13 897 1086 36 35 
cell-2-4-14 936 1086 36 35 
cell-2-5-0 390 1130 36 35 
cell-2-5-1 429 1130 36 35 
cell-2-5-2 468 1130 36 35 
cell-2-5-3 507 1130 36 35 
cell-2-5-4 546 1130 36 35 
cell-2-5-5 585 1130 36 35 
cell-2-5-6 624 1130 36 35 
cell-2-5-7 663 1130 36 35 
cell-2-5-8 702 1130 36 35 
cell-2-5-9 741 1130 36 35 
cell-2-5-10 780 1130 36 35 
cell-2-5-11 819 1130 36 35 
cell-2-5-12 858 1130 36 35 
cell-2-5-13 897 1130 36 35 
cell-2-5-14 936 1130 36 35 
cell-2-6-0 390 1174 36 35 
cell-2-6-1 429 1174 36 35 
cell-2-6-2 468 1174 36 35 
cell-2-6-3 507 1174 36 35 
cell-2-6-4 546 1174 36 35 
cell-2-6-5 585 1174 36 35 
cell-2-6-6 624 1174 36 35 
cell-2-6-7 663 1174 36 35 
cell-2-6-8 702 1174 36 35 
cell-2-6-9 741 1174 36 35 
cell-2-6-10 780 1174 36 35 
cell-2-6-11 819 1174 36 35 
cell-2-6-12 858 1174 36 35 
cell-2-6-13 897 1174 36 35 
cell-2-6-14 936 1174 36 35 
cell-2-7-0 390 1218 36 35 
cell-2-7-1 429 1218 36 35 
cell-2-7-2 468 1218 36 35 
cell-2-7-3 507 1218 36 35 
cell-2-7-4 546 1218 36 35 
cell-2-7-5 585 1218 36 35 
cell-2-7-6 624 1218 36 35 
cell-2-7-7 663 1218 36 35 
cell-2-7-8 702 1218 36 35 
cell-2-7-9 741 1218 36 35 
cell-2-7-10 780 1218 36 35 
cell-2-7-11 819 1218 36 35 
cell-2-7-12 858 1218 36 35 
cell-2-7-13 897 1218 36 35 
cell-2-7-14 936 1218 36 35 
cell-2-8-0 390 1262 36 35 
cell-2-8-1 429 1262 36 35 
cell-2-8-2 468 1262 36 35 
cell-2-8-3 507 1262 36 35 
cell-2-8-4 546 1262 36 35 
cell-2-8-5 585 1262 36 35 
cell-2-8-6 624 1262 36 35 
cell-2-8-7 663 1262 36 35 
cell-2-8-8 702 1262 36 35 
cell-2-8-9 741 1262 36 35 
cell-2-8-10 780 1262 36 35 
cell-2-8-11 819 1262 36 35 
cell-2-8-12 858 1262 36 35 
cell-2-8-13 897 1262 36 35 
cell-2-8-14 936 1262 36 35 
