table-0 106 759 800 363 
cell-0-0-0 106 759 133 32 
cell-0-0-1 239 759 133 32 
cell-0-0-2 372 759 133 32 
cell-0-0-3 505 759 133 32 
cell-0-0-4 638 759 133 32 
cell-0-0-5 771 759 133 32 
cell-0-1-0 106 800 133 32 
cell-0-1-1 239 800 133 32 
cell-0-1-2 372 800 133 32 
cell-0-1-3 505 800 133 32 
cell-0-1-4 638 800 133 32 
cell-0-1-5 771 800 133 32 
cell-0-2-0 106 841 133 32 
cell-0-2-1 239 841 133 32 
cell-0-2-2 372 841 133 32 
cell-0-2-3 505 841 133 32 
cell-0-2-4 638 841 133 32 
cell-0-2-5 771 841 133 32 
cell-0-3-0 106 882 133 32 
cell-0-3-1 239 882 133 32 
cell-0-3-2 372 882 133 32 
cell-0-3-3 505 882 133 32 
cell-0-3-4 638 882 133 32 
cell-0-3-5 771 882 133 32 
cell-0-4-0 106 923 133 32 
cell-0-4-1 239 923 133 32 
cell-0-4-2 372 923 133 32 
cell-0-4-3 505 923 133 32 
cell-0-4-4 638 923 133 32 
cell-0-4-5 771 923 133 32 
cell-0-5-0 106 964 133 32 
cell-0-5-1 239 964 133 32 
cell-0-5-2 372 964 133 32 
cell-0-5-3 505 964 133 32 
cell-0-5-4 638 964 133 32 
cell-0-5-5 771 964 133 32 
cell-0-6-0 106 1005 133 32 
cell-0-6-1 239 1005 133 32 
cell-0-6-2 372 1005 133 32 
cell-0-6-3 505 1005 133 32 
cell-0-6-4 638 1005 133 32 
cell-0-6-5 771 1005 133 32 
cell-0-7-0 106 1046 133 32 
cell-0-7-1 239 1046 133 32 
cell-0-7-2 372 1046 133 32 
cell-0-7-3 505 1046 133 32 
cell-0-7-4 638 1046 133 32 
cell-0-7-5 771 1046 133 32 
cell-0-8-0 106 1087 133 32 
cell-0-8-1 239 1087 133 32 
cell-0-8-2 372 1087 133 32 
cell-0-8-3 505 1087 133 32 
cell-0-8-4 638 1087 133 32 
cell-0-8-5 771 1087 133 32 
