table-0 470 389 397 236 
cell-0-1-0 470 389 33 35 
cell-0-1-1 503 389 33 35 
cell-0-1-2 536 389 33 35 
cell-0-1-3 569 389 33 35 
cell-0-1-4 602 389 33 35 
cell-0-1-5 635 389 33 35 
cell-0-1-6 668 389 33 35 
cell-0-1-7 701 389 33 35 
cell-0-1-8 734 389 33 35 
cell-0-1-9 767 389 33 35 
cell-0-1-10 800 389 33 35 
cell-0-1-11 833 389 33 35 
cell-0-2-0 470 439 33 35 
cell-0-2-1 503 439 33 35 
cell-0-2-2 536 439 33 35 
cell-0-2-3 569 439 33 35 
cell-0-2-4 602 439 33 35 
cell-0-2-5 635 439 33 35 
cell-0-2-6 668 439 33 35 
cell-0-2-7 701 439 33 35 
cell-0-2-8 734 439 33 35 
cell-0-2-9 767 439 33 35 
cell-0-2-10 800 439 33 35 
cell-0-2-11 833 439 33 35 
cell-0-3-0 470 489 33 35 
cell-0-3-1 503 489 33 35 
cell-0-3-2 536 489 33 35 
cell-0-3-3 569 489 33 35 
cell-0-3-4 602 489 33 35 
cell-0-3-5 635 489 33 35 
cell-0-3-6 668 489 33 35 
cell-0-3-7 701 489 33 35 
cell-0-3-8 734 489 33 35 
cell-0-3-9 767 489 33 35 
cell-0-3-10 800 489 33 35 
cell-0-3-11 833 489 33 35 
cell-0-4-0 470 539 33 35 
cell-0-4-1 503 539 33 35 
cell-0-4-2 536 539 33 35 
cell-0-4-3 569 539 33 35 
cell-0-4-4 602 539 33 35 
cell-0-4-5 635 539 33 35 
cell-0-4-6 668 539 33 35 
cell-0-4-7 701 539 33 35 
cell-0-4-8 734 539 33 35 
cell-0-4-9 767 539 33 35 
cell-0-4-10 800 539 33 35 
cell-0-4-11 833 539 33 35 
cell-0-5-0 470 589 33 35 
cell-0-5-1 503 589 33 35 
cell-0-5-2 536 589 33 35 
cell-0-5-3 569 589 33 35 
cell-0-5-4 602 589 33 35 
cell-0-5-5 635 589 33 35 
cell-0-5-6 668 589 33 35 
cell-0-5-7 701 589 33 35 
cell-0-5-8 734 589 33 35 
cell-0-5-9 767 589 33 35 
cell-0-5-10 800 589 33 35 
cell-0-5-11 833 589 33 35 
table-4 87 947 444 269 
cell-4-1-0 87 947 34 35 
cell-4-1-1 121 947 34 35 
cell-4-1-2 155 947 34 35 
cell-4-1-3 189 947 34 35 
cell-4-1-4 223 947 34 35 
cell-4-1-5 257 947 34 35 
cell-4-1-6 291 947 34 35 
cell-4-1-7 325 947 34 35 
cell-4-1-8 359 947 34 35 
cell-4-1-9 393 947 34 35 
cell-4-1-10 427 947 34 35 
cell-4-1-11 461 947 34 35 
cell-4-1-12 495 947 34 35 
cell-4-2-0 87 1005 34 35 
cell-4-2-1 121 1005 34 35 
cell-4-2-2 155 1005 34 35 
cell-4-2-3 189 1005 34 35 
cell-4-2-4 223 1005 34 35 
cell-4-2-5 257 1005 34 35 
cell-4-2-6 291 1005 34 35 
cell-4-2-7 325 1005 34 35 
cell-4-2-8 359 1005 34 35 
cell-4-2-9 393 1005 34 35 
cell-4-2-10 427 1005 34 35 
cell-4-2-11 461 1005 34 35 
cell-4-2-12 495 1005 34 35 
cell-4-3-0 87 1063 34 35 
cell-4-3-1 121 1063 34 35 
cell-4-3-2 155 1063 34 35 
cell-4-3-3 189 1063 34 35 
cell-4-3-4 223 1063 34 35 
cell-4-3-5 257 1063 34 35 
cell-4-3-6 291 1063 34 35 
cell-4-3-7 325 1063 34 35 
cell-4-3-8 359 1063 34 35 
cell-4-3-9 393 1063 34 35 
cell-4-3-10 427 1063 34 35 
cell-4-3-11 461 1063 34 35 
cell-4-3-12 495 1063 34 35 
cell-4-4-0 87 1121 34 35 
cell-4-4-1 121 1121 34 35 
cell-4-4-2 155 1121 34 35 
cell-4-4-3 189 1121 34 35 
cell-4-4-4 223 1121 34 35 
cell-4-4-5 257 1121 34 35 
cell-4-4-6 291 1121 34 35 
cell-4-4-7 325 1121 34 35 
cell-4-4-8 359 1121 34 35 
cell-4-4-9 393 1121 34 35 
cell-4-4-10 427 1121 34 35 
cell-4-4-11 461 1121 34 35 
cell-4-4-12 495 1121 34 35 
cell-4-5-0 87 1179 34 35 
cell-4-5-1 121 1179 34 35 
cell-4-5-2 155 1179 34 35 
cell-4-5-3 189 1179 34 35 
cell-4-5-4 223 1179 34 35 
cell-4-5-5 257 1179 34 35 
cell-4-5-6 291 1179 34 35 
cell-4-5-7 325 1179 34 35 
cell-4-5-8 359 1179 34 35 
cell-4-5-9 393 1179 34 35 
cell-4-5-10 427 1179 34 35 
cell-4-5-11 461 1179 34 35 
cell-4-5-12 495 1179 34 35 
