table-0 156 857 173 520 
cell-0-0-0 156 857 43 35 
cell-0-0-1 199 857 43 35 
cell-0-0-2 242 857 43 35 
cell-0-0-3 285 857 43 35 
cell-0-1-0 156 901 43 35 
cell-0-1-1 199 901 43 35 
cell-0-1-2 242 901 43 35 
cell-0-1-3 285 901 43 35 
cell-0-2-0 156 945 43 35 
cell-0-2-1 199 945 43 35 
cell-0-2-2 242 945 43 35 
cell-0-2-3 285 945 43 35 
cell-0-3-0 156 989 43 35 
cell-0-3-1 199 989 43 35 
cell-0-3-2 242 989 43 35 
cell-0-3-3 285 989 43 35 
cell-0-4-0 156 1033 43 35 
cell-0-4-1 199 1033 43 35 
cell-0-4-2 242 1033 43 35 
cell-0-4-3 285 1033 43 35 
cell-0-5-0 156 1077 43 35 
cell-0-5-1 199 1077 43 35 
cell-0-5-2 242 1077 43 35 
cell-0-5-3 285 1077 43 35 
cell-0-6-0 156 1121 43 35 
cell-0-6-1 199 1121 43 35 
cell-0-6-2 242 1121 43 35 
cell-0-6-3 285 1121 43 35 
cell-0-7-0 156 1165 43 35 
cell-0-7-1 199 1165 43 35 
cell-0-7-2 242 1165 43 35 
cell-0-7-3 285 1165 43 35 
cell-0-8-0 156 1209 43 35 
cell-0-8-1 199 1209 43 35 
cell-0-8-2 242 1209 43 35 
cell-0-8-3 285 1209 43 35 
cell-0-9-0 156 1253 43 35 
cell-0-9-1 199 1253 43 35 
cell-0-9-2 242 1253 43 35 
cell-0-9-3 285 1253 43 35 
cell-0-10-0 156 1297 43 35 
cell-0-10-1 199 1297 43 35 
cell-0-10-2 242 1297 43 35 
cell-0-10-3 285 1297 43 35 
cell-0-11-0 156 1341 43 35 
cell-0-11-1 199 1341 43 35 
cell-0-11-2 242 1341 43 35 
cell-0-11-3 285 1341 43 35 
