table-0 296 746 703 671 
cell-0-0-0 296 746 43 42 
cell-0-0-1 339 746 43 42 
cell-0-0-2 382 746 43 42 
cell-0-0-3 425 746 43 42 
cell-0-0-4 468 746 43 42 
cell-0-0-5 511 746 43 42 
cell-0-0-6 554 746 441 42 
cell-0-1-0 296 803 43 42 
cell-0-1-1 339 803 43 42 
cell-0-1-2 382 803 43 42 
cell-0-1-3 425 803 43 42 
cell-0-1-4 468 803 43 42 
cell-0-1-5 511 803 43 42 
cell-0-1-6 554 803 441 42 
cell-0-2-0 296 860 43 42 
cell-0-2-1 339 860 43 42 
cell-0-2-2 382 860 43 42 
cell-0-2-3 425 860 43 42 
cell-0-2-4 468 860 43 42 
cell-0-2-5 511 860 43 42 
cell-0-2-6 554 860 441 42 
cell-0-3-0 296 917 43 42 
cell-0-3-1 339 917 43 42 
cell-0-3-2 382 917 43 42 
cell-0-3-3 425 917 43 42 
cell-0-3-4 468 917 43 42 
cell-0-3-5 511 917 43 42 
cell-0-3-6 554 917 441 42 
cell-0-4-0 296 974 43 42 
cell-0-4-1 339 974 43 42 
cell-0-4-2 382 974 43 42 
cell-0-4-3 425 974 43 42 
cell-0-4-4 468 974 43 42 
cell-0-4-5 511 974 43 42 
cell-0-4-6 554 974 441 42 
cell-0-5-0 296 1031 43 42 
cell-0-5-1 339 1031 43 42 
cell-0-5-2 382 1031 43 42 
cell-0-5-3 425 1031 43 42 
cell-0-5-4 468 1031 43 42 
cell-0-5-5 511 1031 43 42 
cell-0-5-6 554 1031 441 42 
cell-0-6-0 296 1088 43 42 
cell-0-6-1 339 1088 43 42 
cell-0-6-2 382 1088 43 42 
cell-0-6-3 425 1088 43 42 
cell-0-6-4 468 1088 43 42 
cell-0-6-5 511 1088 43 42 
cell-0-6-6 554 1088 441 42 
cell-0-7-0 296 1145 43 42 
cell-0-7-1 339 1145 43 42 
cell-0-7-2 382 1145 43 42 
cell-0-7-3 425 1145 43 42 
cell-0-7-4 468 1145 43 42 
cell-0-7-5 511 1145 43 42 
cell-0-7-6 554 1145 441 42 
cell-0-8-0 296 1202 43 42 
cell-0-8-1 339 1202 43 42 
cell-0-8-2 382 1202 43 42 
cell-0-8-3 425 1202 43 42 
cell-0-8-4 468 1202 43 42 
cell-0-8-5 511 1202 43 42 
cell-0-8-6 554 1202 441 42 
cell-0-9-0 296 1259 43 42 
cell-0-9-1 339 1259 43 42 
cell-0-9-2 382 1259 43 42 
cell-0-9-3 425 1259 43 42 
cell-0-9-4 468 1259 43 42 
cell-0-9-5 511 1259 43 42 
cell-0-9-6 554 1259 441 42 
cell-0-10-0 296 1316 43 42 
cell-0-10-1 339 1316 43 42 
cell-0-10-2 382 1316 43 42 
cell-0-10-3 425 1316 43 42 
cell-0-10-4 468 1316 43 42 
cell-0-10-5 511 1316 43 42 
cell-0-10-6 554 1316 441 42 
cell-0-11-0 296 1373 43 42 
cell-0-11-1 339 1373 43 42 
cell-0-11-2 382 1373 43 42 
cell-0-11-3 425 1373 43 42 
cell-0-11-4 468 1373 43 42 
cell-0-11-5 511 1373 43 42 
cell-0-11-6 554 1373 441 42 
