table-0 532 868 376 213 
cell-0-1-0 532 868 34 35 
cell-0-1-1 566 868 34 35 
cell-0-1-2 600 868 34 35 
cell-0-1-3 634 868 34 35 
cell-0-1-4 668 868 34 35 
cell-0-1-5 702 868 34 35 
cell-0-1-6 736 868 34 35 
cell-0-1-7 770 868 34 35 
cell-0-1-8 804 868 34 35 
cell-0-1-9 838 868 34 35 
cell-0-1-10 872 868 34 35 
cell-0-2-0 532 912 34 35 
cell-0-2-1 566 912 34 35 
cell-0-2-2 600 912 34 35 
cell-0-2-3 634 912 34 35 
cell-0-2-4 668 912 34 35 
cell-0-2-5 702 912 34 35 
cell-0-2-6 736 912 34 35 
cell-0-2-7 770 912 34 35 
cell-0-2-8 804 912 34 35 
cell-0-2-9 838 912 34 35 
cell-0-2-10 872 912 34 35 
cell-0-3-0 532 956 34 35 
cell-0-3-1 566 956 34 35 
cell-0-3-2 600 956 34 35 
cell-0-3-3 634 956 34 35 
cell-0-3-4 668 956 34 35 
cell-0-3-5 702 956 34 35 
cell-0-3-6 736 956 34 35 
cell-0-3-7 770 956 34 35 
cell-0-3-8 804 956 34 35 
cell-0-3-9 838 956 34 35 
cell-0-3-10 872 956 34 35 
cell-0-4-0 532 1000 34 35 
cell-0-4-1 566 1000 34 35 
cell-0-4-2 600 1000 34 35 
cell-0-4-3 634 1000 34 35 
cell-0-4-4 668 1000 34 35 
cell-0-4-5 702 1000 34 35 
cell-0-4-6 736 1000 34 35 
cell-0-4-7 770 1000 34 35 
cell-0-4-8 804 1000 34 35 
cell-0-4-9 838 1000 34 35 
cell-0-4-10 872 1000 34 35 
cell-0-5-0 532 1044 34 35 
cell-0-5-1 566 1044 34 35 
cell-0-5-2 600 1044 34 35 
cell-0-5-3 634 1044 34 35 
cell-0-5-4 668 1044 34 35 
cell-0-5-5 702 1044 34 35 
cell-0-5-6 736 1044 34 35 
cell-0-5-7 770 1044 34 35 
cell-0-5-8 804 1044 34 35 
cell-0-5-9 838 1044 34 35 
cell-0-5-10 872 1044 34 35 
table-1 75 142 700 490 
cell-1-0-0 75 142 87 55 
cell-1-0-1 162 142 87 55 
cell-1-0-2 249 142 87 55 
cell-1-0-3 336 142 87 55 
cell-1-0-4 423 142 87 55 
cell-1-0-5 510 142 87 55 
cell-1-0-6 597 142 87 55 
cell-1-0-7 684 142 87 55 
cell-1-1-0 75 204 87 55 
cell-1-1-1 162 204 87 55 
cell-1-1-2 249 204 87 55 
cell-1-1-3 336 204 87 55 
cell-1-1-4 423 204 87 55 
cell-1-1-5 510 204 87 55 
cell-1-1-6 597 204 87 55 
cell-1-1-7 684 204 87 55 
cell-1-2-0 75 266 87 55 
cell-1-2-1 162 266 87 55 
cell-1-2-2 249 266 87 55 
cell-1-2-3 336 266 87 55 
cell-1-2-4 423 266 87 55 
cell-1-2-5 510 266 87 55 
cell-1-2-6 597 266 87 55 
cell-1-2-7 684 266 87 55 
cell-1-3-0 75 328 87 55 
cell-1-3-1 162 328 87 55 
cell-1-3-2 249 328 87 55 
cell-1-3-3 336 328 87 55 
cell-1-3-4 423 328 87 55 
cell-1-3-5 510 328 87 55 
cell-1-3-6 597 328 87 55 
cell-1-3-7 684 328 87 55 
cell-1-4-0 75 390 87 55 
cell-1-4-1 162 390 87 55 
cell-1-4-2 249 390 87 55 
cell-1-4-3 336 390 87 55 
cell-1-4-4 423 390 87 55 
cell-1-4-5 510 390 87 55 
cell-1-4-6 597 390 87 55 
cell-1-4-7 684 390 87 55 
cell-1-5-0 75 452 87 55 
cell-1-5-1 162 452 87 55 
cell-1-5-2 249 452 87 55 
cell-1-5-3 336 452 87 55 
cell-1-5-4 423 452 87 55 
cell-1-5-5 510 452 87 55 
cell-1-5-6 597 452 87 55 
cell-1-5-7 684 452 87 55 
cell-1-6-0 75 514 87 55 
cell-1-6-1 162 514 87 55 
cell-1-6-2 249 514 87 55 
cell-1-6-3 336 514 87 55 
cell-1-6-4 423 514 87 55 
cell-1-6-5 510 514 87 55 
cell-1-6-6 597 514 87 55 
cell-1-6-7 684 514 87 55 
cell-1-7-0 75 576 87 55 
cell-1-7-1 162 576 87 55 
cell-1-7-2 249 576 87 55 
cell-1-7-3 336 576 87 55 
cell-1-7-4 423 576 87 55 
cell-1-7-5 510 576 87 55 
cell-1-7-6 597 576 87 55 
cell-1-7-7 684 576 87 55 
table-3 127 770 222 517 
cell-3-0-0 127 770 44 35 
cell-3-0-1 171 770 44 35 
cell-3-0-2 215 770 44 35 
cell-3-0-3 259 770 44 35 
cell-3-0-4 303 770 44 35 
cell-3-1-0 127 810 44 35 
cell-3-1-1 171 810 44 35 
cell-3-1-2 215 810 44 35 
cell-3-1-3 259 810 44 35 
cell-3-1-4 303 810 44 35 
cell-3-2-0 127 850 44 35 
cell-3-2-1 171 850 44 35 
cell-3-2-2 215 850 44 35 
cell-3-2-3 259 850 44 35 
cell-3-2-4 303 850 44 35 
cell-3-3-0 127 890 44 35 
cell-3-3-1 171 890 44 35 
cell-3-3-2 215 890 44 35 
cell-3-3-3 259 890 44 35 
cell-3-3-4 303 890 44 35 
cell-3-4-0 127 930 44 35 
cell-3-4-1 171 930 44 35 
cell-3-4-2 215 930 44 35 
cell-3-4-3 259 930 44 35 
cell-3-4-4 303 930 44 35 
cell-3-5-0 127 970 44 35 
cell-3-5-1 171 970 44 35 
cell-3-5-2 215 970 44 35 
cell-3-5-3 259 970 44 35 
cell-3-5-4 303 970 44 35 
cell-3-6-0 127 1010 44 35 
cell-3-6-1 171 1010 44 35 
cell-3-6-2 215 1010 44 35 
cell-3-6-3 259 1010 44 35 
cell-3-6-4 303 1010 44 35 
cell-3-7-0 127 1050 44 35 
cell-3-7-1 171 1050 44 35 
cell-3-7-2 215 1050 44 35 
cell-3-7-3 259 1050 44 35 
cell-3-7-4 303 1050 44 35 
cell-3-8-0 127 1090 44 35 
cell-3-8-1 171 1090 44 35 
cell-3-8-2 215 1090 44 35 
cell-3-8-3 259 1090 44 35 
cell-3-8-4 303 1090 44 35 
cell-3-9-0 127 1130 44 35 
cell-3-9-1 171 1130 44 35 
cell-3-9-2 215 1130 44 35 
cell-3-9-3 259 1130 44 35 
cell-3-9-4 303 1130 44 35 
cell-3-10-0 127 1170 44 35 
cell-3-10-1 171 1170 44 35 
cell-3-10-2 215 1170 44 35 
cell-3-10-3 259 1170 44 35 
cell-3-10-4 303 1170 44 35 
cell-3-11-0 127 1210 44 35 
cell-3-11-1 171 1210 44 35 
cell-3-11-2 215 1210 44 35 
cell-3-11-3 259 1210 44 35 
cell-3-11-4 303 1210 44 35 
cell-3-12-0 127 1250 44 35 
cell-3-12-1 171 1250 44 35 
cell-3-12-2 215 1250 44 35 
cell-3-12-3 259 1250 44 35 
cell-3-12-4 303 1250 44 35 
