table-0 82 1041 700 266 
cell-0-0-0 82 1041 175 45 
cell-0-0-1 257 1041 175 45 
cell-0-0-2 432 1041 175 45 
cell-0-0-3 607 1041 175 45 
cell-0-1-0 82 1096 175 45 
cell-0-1-1 257 1096 175 45 
cell-0-1-2 432 1096 175 45 
cell-0-1-3 607 1096 175 45 
cell-0-2-0 82 1151 175 45 
cell-0-2-1 257 1151 175 45 
cell-0-2-2 432 1151 175 45 
cell-0-2-3 607 1151 175 45 
cell-0-3-0 82 1206 175 45 
cell-0-3-1 257 1206 175 45 
cell-0-3-2 432 1206 175 45 
cell-0-3-3 607 1206 175 45 
cell-0-4-0 82 1261 175 45 
cell-0-4-1 257 1261 175 45 
cell-0-4-2 432 1261 175 45 
cell-0-4-3 607 1261 175 45 
