table-0 146 324 700 408 
cell-0-1-0 146 324 34 35 
cell-0-1-1 183 324 34 35 
cell-0-1-2 220 324 34 35 
cell-0-1-3 257 324 34 35 
cell-0-1-4 294 324 34 35 
cell-0-1-5 331 324 34 35 
cell-0-1-6 368 324 34 35 
cell-0-1-7 405 324 34 35 
cell-0-1-8 442 324 34 35 
cell-0-1-9 479 324 34 35 
cell-0-1-10 516 324 34 35 
cell-0-1-11 553 324 34 35 
cell-0-1-12 590 324 34 35 
cell-0-1-13 627 324 34 35 
cell-0-1-14 664 324 34 35 
cell-0-1-15 701 324 34 35 
cell-0-1-16 738 324 34 35 
cell-0-1-17 775 324 34 35 
cell-0-1-18 812 324 34 35 
cell-0-2-0 146 386 34 35 
cell-0-2-1 183 386 34 35 
cell-0-2-2 220 386 34 35 
cell-0-2-3 257 386 34 35 
cell-0-2-4 294 386 34 35 
cell-0-2-5 331 386 34 35 
cell-0-2-6 368 386 34 35 
cell-0-2-7 405 386 34 35 
cell-0-2-8 442 386 34 35 
cell-0-2-9 479 386 34 35 
cell-0-2-10 516 386 34 35 
cell-0-2-11 553 386 34 35 
cell-0-2-12 590 386 34 35 
cell-0-2-13 627 386 34 35 
cell-0-2-14 664 386 34 35 
cell-0-2-15 701 386 34 35 
cell-0-2-16 738 386 34 35 
cell-0-2-17 775 386 34 35 
cell-0-2-18 812 386 34 35 
cell-0-3-0 146 448 34 35 
cell-0-3-1 183 448 34 35 
cell-0-3-2 220 448 34 35 
cell-0-3-3 257 448 34 35 
cell-0-3-4 294 448 34 35 
cell-0-3-5 331 448 34 35 
cell-0-3-6 368 448 34 35 
cell-0-3-7 405 448 34 35 
cell-0-3-8 442 448 34 35 
cell-0-3-9 479 448 34 35 
cell-0-3-10 516 448 34 35 
cell-0-3-11 553 448 34 35 
cell-0-3-12 590 448 34 35 
cell-0-3-13 627 448 34 35 
cell-0-3-14 664 448 34 35 
cell-0-3-15 701 448 34 35 
cell-0-3-16 738 448 34 35 
cell-0-3-17 775 448 34 35 
cell-0-3-18 812 448 34 35 
cell-0-4-0 146 510 34 35 
cell-0-4-1 183 510 34 35 
cell-0-4-2 220 510 34 35 
cell-0-4-3 257 510 34 35 
cell-0-4-4 294 510 34 35 
cell-0-4-5 331 510 34 35 
cell-0-4-6 368 510 34 35 
cell-0-4-7 405 510 34 35 
cell-0-4-8 442 510 34 35 
cell-0-4-9 479 510 34 35 
cell-0-4-10 516 510 34 35 
cell-0-4-11 553 510 34 35 
cell-0-4-12 590 510 34 35 
cell-0-4-13 627 510 34 35 
cell-0-4-14 664 510 34 35 
cell-0-4-15 701 510 34 35 
cell-0-4-16 738 510 34 35 
cell-0-4-17 775 510 34 35 
cell-0-4-18 812 510 34 35 
cell-0-5-0 146 572 34 35 
cell-0-5-1 183 572 34 35 
cell-0-5-2 220 572 34 35 
cell-0-5-3 257 572 34 35 
cell-0-5-4 294 572 34 35 
cell-0-5-5 331 572 34 35 
cell-0-5-6 368 572 34 35 
cell-0-5-7 405 572 34 35 
cell-0-5-8 442 572 34 35 
cell-0-5-9 479 572 34 35 
cell-0-5-10 516 572 34 35 
cell-0-5-11 553 572 34 35 
cell-0-5-12 590 572 34 35 
cell-0-5-13 627 572 34 35 
cell-0-5-14 664 572 34 35 
cell-0-5-15 701 572 34 35 
cell-0-5-16 738 572 34 35 
cell-0-5-17 775 572 34 35 
cell-0-5-18 812 572 34 35 
cell-0-6-0 146 634 34 35 
cell-0-6-1 183 634 34 35 
cell-0-6-2 220 634 34 35 
cell-0-6-3 257 634 34 35 
cell-0-6-4 294 634 34 35 
cell-0-6-5 331 634 34 35 
cell-0-6-6 368 634 34 35 
cell-0-6-7 405 634 34 35 
cell-0-6-8 442 634 34 35 
cell-0-6-9 479 634 34 35 
cell-0-6-10 516 634 34 35 
cell-0-6-11 553 634 34 35 
cell-0-6-12 590 634 34 35 
cell-0-6-13 627 634 34 35 
cell-0-6-14 664 634 34 35 
cell-0-6-15 701 634 34 35 
cell-0-6-16 738 634 34 35 
cell-0-6-17 775 634 34 35 
cell-0-6-18 812 634 34 35 
cell-0-7-0 146 696 34 35 
cell-0-7-1 183 696 34 35 
cell-0-7-2 220 696 34 35 
cell-0-7-3 257 696 34 35 
cell-0-7-4 294 696 34 35 
cell-0-7-5 331 696 34 35 
cell-0-7-6 368 696 34 35 
cell-0-7-7 405 696 34 35 
cell-0-7-8 442 696 34 35 
cell-0-7-9 479 696 34 35 
cell-0-7-10 516 696 34 35 
cell-0-7-11 553 696 34 35 
cell-0-7-12 590 696 34 35 
cell-0-7-13 627 696 34 35 
cell-0-7-14 664 696 34 35 
cell-0-7-15 701 696 34 35 
cell-0-7-16 738 696 34 35 
cell-0-7-17 775 696 34 35 
cell-0-7-18 812 696 34 35 
