table-0 361 564 571 221 
cell-0-1-0 361 564 38 35 
cell-0-1-1 402 564 38 35 
cell-0-1-2 443 564 38 35 
cell-0-1-3 484 564 38 35 
cell-0-1-4 525 564 38 35 
cell-0-1-5 566 564 38 35 
cell-0-1-6 607 564 38 35 
cell-0-1-7 648 564 38 35 
cell-0-1-8 689 564 38 35 
cell-0-1-9 730 564 38 35 
cell-0-1-10 771 564 38 35 
cell-0-1-11 812 564 38 35 
cell-0-1-12 853 564 38 35 
cell-0-1-13 894 564 38 35 
cell-0-2-0 361 625 38 35 
cell-0-2-1 402 625 38 35 
cell-0-2-2 443 625 38 35 
cell-0-2-3 484 625 38 35 
cell-0-2-4 525 625 38 35 
cell-0-2-5 566 625 38 35 
cell-0-2-6 607 625 38 35 
cell-0-2-7 648 625 38 35 
cell-0-2-8 689 625 38 35 
cell-0-2-9 730 625 38 35 
cell-0-2-10 771 625 38 35 
cell-0-2-11 812 625 38 35 
cell-0-2-12 853 625 38 35 
cell-0-2-13 894 625 38 35 
cell-0-3-0 361 686 38 35 
cell-0-3-1 402 686 38 35 
cell-0-3-2 443 686 38 35 
cell-0-3-3 484 686 38 35 
cell-0-3-4 525 686 38 35 
cell-0-3-5 566 686 38 35 
cell-0-3-6 607 686 38 35 
cell-0-3-7 648 686 38 35 
cell-0-3-8 689 686 38 35 
cell-0-3-9 730 686 38 35 
cell-0-3-10 771 686 38 35 
cell-0-3-11 812 686 38 35 
cell-0-3-12 853 686 38 35 
cell-0-3-13 894 686 38 35 
cell-0-4-0 361 747 38 35 
cell-0-4-1 402 747 38 35 
cell-0-4-2 443 747 38 35 
cell-0-4-3 484 747 38 35 
cell-0-4-4 525 747 38 35 
cell-0-4-5 566 747 38 35 
cell-0-4-6 607 747 38 35 
cell-0-4-7 648 747 38 35 
cell-0-4-8 689 747 38 35 
cell-0-4-9 730 747 38 35 
cell-0-4-10 771 747 38 35 
cell-0-4-11 812 747 38 35 
cell-0-4-12 853 747 38 35 
cell-0-4-13 894 747 38 35 
table-3 148 962 500 365 
cell-3-0-0 148 962 100 57 
cell-3-0-1 248 962 100 57 
cell-3-0-2 348 962 100 57 
cell-3-0-3 448 962 100 57 
cell-3-0-4 548 962 100 57 
cell-3-1-0 148 1023 100 57 
cell-3-1-1 248 1023 100 57 
cell-3-1-2 348 1023 100 57 
cell-3-1-3 448 1023 100 57 
cell-3-1-4 548 1023 100 57 
cell-3-2-0 148 1084 100 57 
cell-3-2-1 248 1084 100 57 
cell-3-2-2 348 1084 100 57 
cell-3-2-3 448 1084 100 57 
cell-3-2-4 548 1084 100 57 
cell-3-3-0 148 1145 100 57 
cell-3-3-1 248 1145 100 57 
cell-3-3-2 348 1145 100 57 
cell-3-3-3 448 1145 100 57 
cell-3-3-4 548 1145 100 57 
cell-3-4-0 148 1206 100 57 
cell-3-4-1 248 1206 100 57 
cell-3-4-2 348 1206 100 57 
cell-3-4-3 448 1206 100 57 
cell-3-4-4 548 1206 100 57 
cell-3-5-0 148 1267 100 57 
cell-3-5-1 248 1267 100 57 
cell-3-5-2 348 1267 100 57 
cell-3-5-3 448 1267 100 57 
cell-3-5-4 548 1267 100 57 
