table-0 60 114 1000 423 
cell-0-0-0 60 114 142 46 
cell-0-0-1 202 114 142 46 
cell-0-0-2 344 114 142 46 
cell-0-0-3 486 114 142 46 
cell-0-0-4 628 114 142 46 
cell-0-0-5 770 114 142 46 
cell-0-0-6 912 114 142 46 
cell-0-1-0 60 161 142 46 
cell-0-1-1 202 161 142 46 
cell-0-1-2 344 161 142 46 
cell-0-1-3 486 161 142 46 
cell-0-1-4 628 161 142 46 
cell-0-1-5 770 161 142 46 
cell-0-1-6 912 161 142 46 
cell-0-2-0 60 208 142 46 
cell-0-2-1 202 208 142 46 
cell-0-2-2 344 208 142 46 
cell-0-2-3 486 208 142 46 
cell-0-2-4 628 208 142 46 
cell-0-2-5 770 208 142 46 
cell-0-2-6 912 208 142 46 
cell-0-3-0 60 255 142 46 
cell-0-3-1 202 255 142 46 
cell-0-3-2 344 255 142 46 
cell-0-3-3 486 255 142 46 
cell-0-3-4 628 255 142 46 
cell-0-3-5 770 255 142 46 
cell-0-3-6 912 255 142 46 
cell-0-4-0 60 302 142 46 
cell-0-4-1 202 302 142 46 
cell-0-4-2 344 302 142 46 
cell-0-4-3 486 302 142 46 
cell-0-4-4 628 302 142 46 
cell-0-4-5 770 302 142 46 
cell-0-4-6 912 302 142 46 
cell-0-5-0 60 349 142 46 
cell-0-5-1 202 349 142 46 
cell-0-5-2 344 349 142 46 
cell-0-5-3 486 349 142 46 
cell-0-5-4 628 349 142 46 
cell-0-5-5 770 349 142 46 
cell-0-5-6 912 349 142 46 
cell-0-6-0 60 396 142 46 
cell-0-6-1 202 396 142 46 
cell-0-6-2 344 396 142 46 
cell-0-6-3 486 396 142 46 
cell-0-6-4 628 396 142 46 
cell-0-6-5 770 396 142 46 
cell-0-6-6 912 396 142 46 
cell-0-7-0 60 443 142 46 
cell-0-7-1 202 443 142 46 
cell-0-7-2 344 443 142 46 
cell-0-7-3 486 443 142 46 
cell-0-7-4 628 443 142 46 
cell-0-7-5 770 443 142 46 
cell-0-7-6 912 443 142 46 
cell-0-8-0 60 490 142 46 
cell-0-8-1 202 490 142 46 
cell-0-8-2 344 490 142 46 
cell-0-8-3 486 490 142 46 
cell-0-8-4 628 490 142 46 
cell-0-8-5 770 490 142 46 
cell-0-8-6 912 490 142 46 
