table-0 224 622 657 720 
cell-0-0-0 224 622 44 42 
cell-0-0-1 268 622 44 42 
cell-0-0-2 312 622 44 42 
cell-0-0-3 356 622 44 42 
cell-0-0-4 400 622 479 42 
cell-0-1-0 224 674 44 42 
cell-0-1-1 268 674 44 42 
cell-0-1-2 312 674 44 42 
cell-0-1-3 356 674 44 42 
cell-0-1-4 400 674 479 42 
cell-0-2-0 224 726 44 42 
cell-0-2-1 268 726 44 42 
cell-0-2-2 312 726 44 42 
cell-0-2-3 356 726 44 42 
cell-0-2-4 400 726 479 42 
cell-0-3-0 224 778 44 42 
cell-0-3-1 268 778 44 42 
cell-0-3-2 312 778 44 42 
cell-0-3-3 356 778 44 42 
cell-0-3-4 400 778 479 42 
cell-0-4-0 224 830 44 42 
cell-0-4-1 268 830 44 42 
cell-0-4-2 312 830 44 42 
cell-0-4-3 356 830 44 42 
cell-0-4-4 400 830 479 42 
cell-0-5-0 224 882 44 42 
cell-0-5-1 268 882 44 42 
cell-0-5-2 312 882 44 42 
cell-0-5-3 356 882 44 42 
cell-0-5-4 400 882 479 42 
cell-0-6-0 224 934 44 42 
cell-0-6-1 268 934 44 42 
cell-0-6-2 312 934 44 42 
cell-0-6-3 356 934 44 42 
cell-0-6-4 400 934 479 42 
cell-0-7-0 224 986 44 42 
cell-0-7-1 268 986 44 42 
cell-0-7-2 312 986 44 42 
cell-0-7-3 356 986 44 42 
cell-0-7-4 400 986 479 42 
cell-0-8-0 224 1038 44 42 
cell-0-8-1 268 1038 44 42 
cell-0-8-2 312 1038 44 42 
cell-0-8-3 356 1038 44 42 
cell-0-8-4 400 1038 479 42 
cell-0-9-0 224 1090 44 42 
cell-0-9-1 268 1090 44 42 
cell-0-9-2 312 1090 44 42 
cell-0-9-3 356 1090 44 42 
cell-0-9-4 400 1090 479 42 
cell-0-10-0 224 1142 44 42 
cell-0-10-1 268 1142 44 42 
cell-0-10-2 312 1142 44 42 
cell-0-10-3 356 1142 44 42 
cell-0-10-4 400 1142 479 42 
cell-0-11-0 224 1194 44 42 
cell-0-11-1 268 1194 44 42 
cell-0-11-2 312 1194 44 42 
cell-0-11-3 356 1194 44 42 
cell-0-11-4 400 1194 479 42 
cell-0-12-0 224 1246 44 42 
cell-0-12-1 268 1246 44 42 
cell-0-12-2 312 1246 44 42 
cell-0-12-3 356 1246 44 42 
cell-0-12-4 400 1246 479 42 
cell-0-13-0 224 1298 44 42 
cell-0-13-1 268 1298 44 42 
cell-0-13-2 312 1298 44 42 
cell-0-13-3 356 1298 44 42 
cell-0-13-4 400 1298 479 42 
table-2 60 114 1000 295 
cell-2-0-0 60 114 111 54 
cell-2-0-1 171 114 111 54 
cell-2-0-2 282 114 111 54 
cell-2-0-3 393 114 111 54 
cell-2-0-4 504 114 111 54 
cell-2-0-5 615 114 111 54 
cell-2-0-6 726 114 111 54 
cell-2-0-7 837 114 111 54 
cell-2-0-8 948 114 111 54 
cell-2-1-0 60 174 111 54 
cell-2-1-1 171 174 111 54 
cell-2-1-2 282 174 111 54 
cell-2-1-3 393 174 111 54 
cell-2-1-4 504 174 111 54 
cell-2-1-5 615 174 111 54 
cell-2-1-6 726 174 111 54 
cell-2-1-7 837 174 111 54 
cell-2-1-8 948 174 111 54 
cell-2-2-0 60 234 111 54 
cell-2-2-1 171 234 111 54 
cell-2-2-2 282 234 111 54 
cell-2-2-3 393 234 111 54 
cell-2-2-4 504 234 111 54 
cell-2-2-5 615 234 111 54 
cell-2-2-6 726 234 111 54 
cell-2-2-7 837 234 111 54 
cell-2-2-8 948 234 111 54 
cell-2-3-0 60 294 111 54 
cell-2-3-1 171 294 111 54 
cell-2-3-2 282 294 111 54 
cell-2-3-3 393 294 111 54 
cell-2-3-4 504 294 111 54 
cell-2-3-5 615 294 111 54 
cell-2-3-6 726 294 111 54 
cell-2-3-7 837 294 111 54 
cell-2-3-8 948 294 111 54 
cell-2-4-0 60 354 111 54 
cell-2-4-1 171 354 111 54 
cell-2-4-2 282 354 111 54 
cell-2-4-3 393 354 111 54 
cell-2-4-4 504 354 111 54 
cell-2-4-5 615 354 111 54 
cell-2-4-6 726 354 111 54 
cell-2-4-7 837 354 111 54 
cell-2-4-8 948 354 111 54 
