table-0 91 1255 571 146 
cell-0-1-0 91 1255 38 35 
cell-0-1-1 132 1255 38 35 
cell-0-1-2 173 1255 38 35 
cell-0-1-3 214 1255 38 35 
cell-0-1-4 255 1255 38 35 
cell-0-1-5 296 1255 38 35 
cell-0-1-6 337 1255 38 35 
cell-0-1-7 378 1255 38 35 
cell-0-1-8 419 1255 38 35 
cell-0-1-9 460 1255 38 35 
cell-0-1-10 501 1255 38 35 
cell-0-1-11 542 1255 38 35 
cell-0-1-12 583 1255 38 35 
cell-0-1-13 624 1255 38 35 
cell-0-2-0 91 1291 38 35 
cell-0-2-1 132 1291 38 35 
cell-0-2-2 173 1291 38 35 
cell-0-2-3 214 1291 38 35 
cell-0-2-4 255 1291 38 35 
cell-0-2-5 296 1291 38 35 
cell-0-2-6 337 1291 38 35 
cell-0-2-7 378 1291 38 35 
cell-0-2-8 419 1291 38 35 
cell-0-2-9 460 1291 38 35 
cell-0-2-10 501 1291 38 35 
cell-0-2-11 542 1291 38 35 
cell-0-2-12 583 1291 38 35 
cell-0-2-13 624 1291 38 35 
cell-0-3-0 91 1327 38 35 
cell-0-3-1 132 1327 38 35 
cell-0-3-2 173 1327 38 35 
cell-0-3-3 214 1327 38 35 
cell-0-3-4 255 1327 38 35 
cell-0-3-5 296 1327 38 35 
cell-0-3-6 337 1327 38 35 
cell-0-3-7 378 1327 38 35 
cell-0-3-8 419 1327 38 35 
cell-0-3-9 460 1327 38 35 
cell-0-3-10 501 1327 38 35 
cell-0-3-11 542 1327 38 35 
cell-0-3-12 583 1327 38 35 
cell-0-3-13 624 1327 38 35 
cell-0-4-0 91 1363 38 35 
cell-0-4-1 132 1363 38 35 
cell-0-4-2 173 1363 38 35 
cell-0-4-3 214 1363 38 35 
cell-0-4-4 255 1363 38 35 
cell-0-4-5 296 1363 38 35 
cell-0-4-6 337 1363 38 35 
cell-0-4-7 378 1363 38 35 
cell-0-4-8 419 1363 38 35 
cell-0-4-9 460 1363 38 35 
cell-0-4-10 501 1363 38 35 
cell-0-4-11 542 1363 38 35 
cell-0-4-12 583 1363 38 35 
cell-0-4-13 624 1363 38 35 
header-1 82 737 934 193 
row-1-1 82 737 344 40 
row-1-2 446 737 377 40 
row-2-1 82 787 410 40 
row-2-2 512 787 496 40 
row-3-1 82 837 542 40 
row-4-1 82 887 509 40 
table-2 475 204 387 357 
cell-2-1-0 475 204 36 35 
cell-2-1-1 514 204 36 35 
cell-2-1-2 553 204 36 35 
cell-2-1-3 592 204 36 35 
cell-2-1-4 631 204 36 35 
cell-2-1-5 670 204 36 35 
cell-2-1-6 709 204 36 35 
cell-2-1-7 748 204 36 35 
cell-2-1-8 787 204 36 35 
cell-2-1-9 826 204 36 35 
cell-2-2-0 475 268 36 35 
cell-2-2-1 514 268 36 35 
cell-2-2-2 553 268 36 35 
cell-2-2-3 592 268 36 35 
cell-2-2-4 631 268 36 35 
cell-2-2-5 670 268 36 35 
cell-2-2-6 709 268 36 35 
cell-2-2-7 748 268 36 35 
cell-2-2-8 787 268 36 35 
cell-2-2-9 826 268 36 35 
cell-2-3-0 475 332 36 35 
cell-2-3-1 514 332 36 35 
cell-2-3-2 553 332 36 35 
cell-2-3-3 592 332 36 35 
cell-2-3-4 631 332 36 35 
cell-2-3-5 670 332 36 35 
cell-2-3-6 709 332 36 35 
cell-2-3-7 748 332 36 35 
cell-2-3-8 787 332 36 35 
cell-2-3-9 826 332 36 35 
cell-2-4-0 475 396 36 35 
cell-2-4-1 514 396 36 35 
cell-2-4-2 553 396 36 35 
cell-2-4-3 592 396 36 35 
cell-2-4-4 631 396 36 35 
cell-2-4-5 670 396 36 35 
cell-2-4-6 709 396 36 35 
cell-2-4-7 748 396 36 35 
cell-2-4-8 787 396 36 35 
cell-2-4-9 826 396 36 35 
cell-2-5-0 475 460 36 35 
cell-2-5-1 514 460 36 35 
cell-2-5-2 553 460 36 35 
cell-2-5-3 592 460 36 35 
cell-2-5-4 631 460 36 35 
cell-2-5-5 670 460 36 35 
cell-2-5-6 709 460 36 35 
cell-2-5-7 748 460 36 35 
cell-2-5-8 787 460 36 35 
cell-2-5-9 826 460 36 35 
cell-2-6-0 475 524 36 35 
cell-2-6-1 514 524 36 35 
cell-2-6-2 553 524 36 35 
cell-2-6-3 592 524 36 35 
cell-2-6-4 631 524 36 35 
cell-2-6-5 670 524 36 35 
cell-2-6-6 709 524 36 35 
cell-2-6-7 748 524 36 35 
cell-2-6-8 787 524 36 35 
cell-2-6-9 826 524 36 35 
