header-0 177 239 819 193 
row-1-1 177 239 373 40 
row-1-2 570 239 373 40 
row-2-1 177 289 373 40 
row-2-2 570 289 423 40 
row-3-1 177 339 505 40 
row-4-1 177 389 703 40 
table-2 103 860 698 546 
cell-2-0-0 103 860 44 43 
cell-2-0-1 147 860 44 43 
cell-2-0-2 191 860 44 43 
cell-2-0-3 235 860 44 43 
cell-2-0-4 279 860 44 43 
cell-2-0-5 323 860 44 43 
cell-2-0-6 367 860 432 43 
cell-2-1-0 103 910 44 43 
cell-2-1-1 147 910 44 43 
cell-2-1-2 191 910 44 43 
cell-2-1-3 235 910 44 43 
cell-2-1-4 279 910 44 43 
cell-2-1-5 323 910 44 43 
cell-2-1-6 367 910 432 43 
cell-2-2-0 103 960 44 43 
cell-2-2-1 147 960 44 43 
cell-2-2-2 191 960 44 43 
cell-2-2-3 235 960 44 43 
cell-2-2-4 279 960 44 43 
cell-2-2-5 323 960 44 43 
cell-2-2-6 367 960 432 43 
cell-2-3-0 103 1010 44 43 
cell-2-3-1 147 1010 44 43 
cell-2-3-2 191 1010 44 43 
cell-2-3-3 235 1010 44 43 
cell-2-3-4 279 1010 44 43 
cell-2-3-5 323 1010 44 43 
cell-2-3-6 367 1010 432 43 
cell-2-4-0 103 1060 44 43 
cell-2-4-1 147 1060 44 43 
cell-2-4-2 191 1060 44 43 
cell-2-4-3 235 1060 44 43 
cell-2-4-4 279 1060 44 43 
cell-2-4-5 323 1060 44 43 
cell-2-4-6 367 1060 432 43 
cell-2-5-0 103 1110 44 43 
cell-2-5-1 147 1110 44 43 
cell-2-5-2 191 1110 44 43 
cell-2-5-3 235 1110 44 43 
cell-2-5-4 279 1110 44 43 
cell-2-5-5 323 1110 44 43 
cell-2-5-6 367 1110 432 43 
cell-2-6-0 103 1160 44 43 
cell-2-6-1 147 1160 44 43 
cell-2-6-2 191 1160 44 43 
cell-2-6-3 235 1160 44 43 
cell-2-6-4 279 1160 44 43 
cell-2-6-5 323 1160 44 43 
cell-2-6-6 367 1160 432 43 
cell-2-7-0 103 1210 44 43 
cell-2-7-1 147 1210 44 43 
cell-2-7-2 191 1210 44 43 
cell-2-7-3 235 1210 44 43 
cell-2-7-4 279 1210 44 43 
cell-2-7-5 323 1210 44 43 
cell-2-7-6 367 1210 432 43 
cell-2-8-0 103 1260 44 43 
cell-2-8-1 147 1260 44 43 
cell-2-8-2 191 1260 44 43 
cell-2-8-3 235 1260 44 43 
cell-2-8-4 279 1260 44 43 
cell-2-8-5 323 1260 44 43 
cell-2-8-6 367 1260 432 43 
cell-2-9-0 103 1310 44 43 
cell-2-9-1 147 1310 44 43 
cell-2-9-2 191 1310 44 43 
cell-2-9-3 235 1310 44 43 
cell-2-9-4 279 1310 44 43 
cell-2-9-5 323 1310 44 43 
cell-2-9-6 367 1310 432 43 
cell-2-10-0 103 1360 44 43 
cell-2-10-1 147 1360 44 43 
cell-2-10-2 191 1360 44 43 
cell-2-10-3 235 1360 44 43 
cell-2-10-4 279 1360 44 43 
cell-2-10-5 323 1360 44 43 
cell-2-10-6 367 1360 432 43 
