table-0 92 488 533 622 
cell-0-0-0 92 488 45 43 
cell-0-0-1 137 488 45 43 
cell-0-0-2 182 488 45 43 
cell-0-0-3 227 488 45 43 
cell-0-0-4 272 488 351 43 
cell-0-1-0 92 536 45 43 
cell-0-1-1 137 536 45 43 
cell-0-1-2 182 536 45 43 
cell-0-1-3 227 536 45 43 
cell-0-1-4 272 536 351 43 
cell-0-2-0 92 584 45 43 
cell-0-2-1 137 584 45 43 
cell-0-2-2 182 584 45 43 
cell-0-2-3 227 584 45 43 
cell-0-2-4 272 584 351 43 
cell-0-3-0 92 632 45 43 
cell-0-3-1 137 632 45 43 
cell-0-3-2 182 632 45 43 
cell-0-3-3 227 632 45 43 
cell-0-3-4 272 632 351 43 
cell-0-4-0 92 680 45 43 
cell-0-4-1 137 680 45 43 
cell-0-4-2 182 680 45 43 
cell-0-4-3 227 680 45 43 
cell-0-4-4 272 680 351 43 
cell-0-5-0 92 728 45 43 
cell-0-5-1 137 728 45 43 
cell-0-5-2 182 728 45 43 
cell-0-5-3 227 728 45 43 
cell-0-5-4 272 728 351 43 
cell-0-6-0 92 776 45 43 
cell-0-6-1 137 776 45 43 
cell-0-6-2 182 776 45 43 
cell-0-6-3 227 776 45 43 
cell-0-6-4 272 776 351 43 
cell-0-7-0 92 824 45 43 
cell-0-7-1 137 824 45 43 
cell-0-7-2 182 824 45 43 
cell-0-7-3 227 824 45 43 
cell-0-7-4 272 824 351 43 
cell-0-8-0 92 872 45 43 
cell-0-8-1 137 872 45 43 
cell-0-8-2 182 872 45 43 
cell-0-8-3 227 872 45 43 
cell-0-8-4 272 872 351 43 
cell-0-9-0 92 920 45 43 
cell-0-9-1 137 920 45 43 
cell-0-9-2 182 920 45 43 
cell-0-9-3 227 920 45 43 
cell-0-9-4 272 920 351 43 
cell-0-10-0 92 968 45 43 
cell-0-10-1 137 968 45 43 
cell-0-10-2 182 968 45 43 
cell-0-10-3 227 968 45 43 
cell-0-10-4 272 968 351 43 
cell-0-11-0 92 1016 45 43 
cell-0-11-1 137 1016 45 43 
cell-0-11-2 182 1016 45 43 
cell-0-11-3 227 1016 45 43 
cell-0-11-4 272 1016 351 43 
cell-0-12-0 92 1064 45 43 
cell-0-12-1 137 1064 45 43 
cell-0-12-2 182 1064 45 43 
cell-0-12-3 227 1064 45 43 
cell-0-12-4 272 1064 351 43 
