table-0 209 400 663 548 
cell-0-1-0 209 400 34 35 
cell-0-1-1 246 400 34 35 
cell-0-1-2 283 400 34 35 
cell-0-1-3 320 400 34 35 
cell-0-1-4 357 400 34 35 
cell-0-1-5 394 400 34 35 
cell-0-1-6 431 400 34 35 
cell-0-1-7 468 400 34 35 
cell-0-1-8 505 400 34 35 
cell-0-1-9 542 400 34 35 
cell-0-1-10 579 400 34 35 
cell-0-1-11 616 400 34 35 
cell-0-1-12 653 400 34 35 
cell-0-1-13 690 400 34 35 
cell-0-1-14 727 400 34 35 
cell-0-1-15 764 400 34 35 
cell-0-1-16 801 400 34 35 
cell-0-1-17 838 400 34 35 
cell-0-2-0 209 464 34 35 
cell-0-2-1 246 464 34 35 
cell-0-2-2 283 464 34 35 
cell-0-2-3 320 464 34 35 
cell-0-2-4 357 464 34 35 
cell-0-2-5 394 464 34 35 
cell-0-2-6 431 464 34 35 
cell-0-2-7 468 464 34 35 
cell-0-2-8 505 464 34 35 
cell-0-2-9 542 464 34 35 
cell-0-2-10 579 464 34 35 
cell-0-2-11 616 464 34 35 
cell-0-2-12 653 464 34 35 
cell-0-2-13 690 464 34 35 
cell-0-2-14 727 464 34 35 
cell-0-2-15 764 464 34 35 
cell-0-2-16 801 464 34 35 
cell-0-2-17 838 464 34 35 
cell-0-3-0 209 528 34 35 
cell-0-3-1 246 528 34 35 
cell-0-3-2 283 528 34 35 
cell-0-3-3 320 528 34 35 
cell-0-3-4 357 528 34 35 
cell-0-3-5 394 528 34 35 
cell-0-3-6 431 528 34 35 
cell-0-3-7 468 528 34 35 
cell-0-3-8 505 528 34 35 
cell-0-3-9 542 528 34 35 
cell-0-3-10 579 528 34 35 
cell-0-3-11 616 528 34 35 
cell-0-3-12 653 528 34 35 
cell-0-3-13 690 528 34 35 
cell-0-3-14 727 528 34 35 
cell-0-3-15 764 528 34 35 
cell-0-3-16 801 528 34 35 
cell-0-3-17 838 528 34 35 
cell-0-4-0 209 592 34 35 
cell-0-4-1 246 592 34 35 
cell-0-4-2 283 592 34 35 
cell-0-4-3 320 592 34 35 
cell-0-4-4 357 592 34 35 
cell-0-4-5 394 592 34 35 
cell-0-4-6 431 592 34 35 
cell-0-4-7 468 592 34 35 
cell-0-4-8 505 592 34 35 
cell-0-4-9 542 592 34 35 
cell-0-4-10 579 592 34 35 
cell-0-4-11 616 592 34 35 
cell-0-4-12 653 592 34 35 
cell-0-4-13 690 592 34 35 
cell-0-4-14 727 592 34 35 
cell-0-4-15 764 592 34 35 
cell-0-4-16 801 592 34 35 
cell-0-4-17 838 592 34 35 
cell-0-5-0 209 656 34 35 
cell-0-5-1 246 656 34 35 
cell-0-5-2 283 656 34 35 
cell-0-5-3 320 656 34 35 
cell-0-5-4 357 656 34 35 
cell-0-5-5 394 656 34 35 
cell-0-5-6 431 656 34 35 
cell-0-5-7 468 656 34 35 
cell-0-5-8 505 656 34 35 
cell-0-5-9 542 656 34 35 
cell-0-5-10 579 656 34 35 
cell-0-5-11 616 656 34 35 
cell-0-5-12 653 656 34 35 
cell-0-5-13 690 656 34 35 
cell-0-5-14 727 656 34 35 
cell-0-5-15 764 656 34 35 
cell-0-5-16 801 656 34 35 
cell-0-5-17 838 656 34 35 
cell-0-6-0 209 720 34 35 
cell-0-6-1 246 720 34 35 
cell-0-6-2 283 720 34 35 
cell-0-6-3 320 720 34 35 
cell-0-6-4 357 720 34 35 
cell-0-6-5 394 720 34 35 
cell-0-6-6 431 720 34 35 
cell-0-6-7 468 720 34 35 
cell-0-6-8 505 720 34 35 
cell-0-6-9 542 720 34 35 
cell-0-6-10 579 720 34 35 
cell-0-6-11 616 720 34 35 
cell-0-6-12 653 720 34 35 
cell-0-6-13 690 720 34 35 
cell-0-6-14 727 720 34 35 
cell-0-6-15 764 720 34 35 
cell-0-6-16 801 720 34 35 
cell-0-6-17 838 720 34 35 
cell-0-7-0 209 784 34 35 
cell-0-7-1 246 784 34 35 
cell-0-7-2 283 784 34 35 
cell-0-7-3 320 784 34 35 
cell-0-7-4 357 784 34 35 
cell-0-7-5 394 784 34 35 
cell-0-7-6 431 784 34 35 
cell-0-7-7 468 784 34 35 
cell-0-7-8 505 784 34 35 
cell-0-7-9 542 784 34 35 
cell-0-7-10 579 784 34 35 
cell-0-7-11 616 784 34 35 
cell-0-7-12 653 784 34 35 
cell-0-7-13 690 784 34 35 
cell-0-7-14 727 784 34 35 
cell-0-7-15 764 784 34 35 
cell-0-7-16 801 784 34 35 
cell-0-7-17 838 784 34 35 
cell-0-8-0 209 848 34 35 
cell-0-8-1 246 848 34 35 
cell-0-8-2 283 848 34 35 
cell-0-8-3 320 848 34 35 
cell-0-8-4 357 848 34 35 
cell-0-8-5 394 848 34 35 
cell-0-8-6 431 848 34 35 
cell-0-8-7 468 848 34 35 
cell-0-8-8 505 848 34 35 
cell-0-8-9 542 848 34 35 
cell-0-8-10 579 848 34 35 
cell-0-8-11 616 848 34 35 
cell-0-8-12 653 848 34 35 
cell-0-8-13 690 848 34 35 
cell-0-8-14 727 848 34 35 
cell-0-8-15 764 848 34 35 
cell-0-8-16 801 848 34 35 
cell-0-8-17 838 848 34 35 
cell-0-9-0 209 912 34 35 
cell-0-9-1 246 912 34 35 
cell-0-9-2 283 912 34 35 
cell-0-9-3 320 912 34 35 
cell-0-9-4 357 912 34 35 
cell-0-9-5 394 912 34 35 
cell-0-9-6 431 912 34 35 
cell-0-9-7 468 912 34 35 
cell-0-9-8 505 912 34 35 
cell-0-9-9 542 912 34 35 
cell-0-9-10 579 912 34 35 
cell-0-9-11 616 912 34 35 
cell-0-9-12 653 912 34 35 
cell-0-9-13 690 912 34 35 
cell-0-9-14 727 912 34 35 
cell-0-9-15 764 912 34 35 
cell-0-9-16 801 912 34 35 
cell-0-9-17 838 912 34 35 
header-1 263 1068 768 193 
row-1-1 263 1068 310 40 
row-1-2 593 1068 277 40 
row-2-1 263 1118 277 40 
row-2-2 560 1118 439 40 
row-3-1 263 1168 772 40 
row-4-1 263 1218 739 40 
