table-0 152 76 800 272 
cell-0-0-0 152 76 160 33 
cell-0-0-1 312 76 160 33 
cell-0-0-2 472 76 160 33 
cell-0-0-3 632 76 160 33 
cell-0-0-4 792 76 160 33 
cell-0-1-0 152 110 160 33 
cell-0-1-1 312 110 160 33 
cell-0-1-2 472 110 160 33 
cell-0-1-3 632 110 160 33 
cell-0-1-4 792 110 160 33 
cell-0-2-0 152 144 160 33 
cell-0-2-1 312 144 160 33 
cell-0-2-2 472 144 160 33 
cell-0-2-3 632 144 160 33 
cell-0-2-4 792 144 160 33 
cell-0-3-0 152 178 160 33 
cell-0-3-1 312 178 160 33 
cell-0-3-2 472 178 160 33 
cell-0-3-3 632 178 160 33 
cell-0-3-4 792 178 160 33 
cell-0-4-0 152 212 160 33 
cell-0-4-1 312 212 160 33 
cell-0-4-2 472 212 160 33 
cell-0-4-3 632 212 160 33 
cell-0-4-4 792 212 160 33 
cell-0-5-0 152 246 160 33 
cell-0-5-1 312 246 160 33 
cell-0-5-2 472 246 160 33 
cell-0-5-3 632 246 160 33 
cell-0-5-4 792 246 160 33 
cell-0-6-0 152 280 160 33 
cell-0-6-1 312 280 160 33 
cell-0-6-2 472 280 160 33 
cell-0-6-3 632 280 160 33 
cell-0-6-4 792 280 160 33 
cell-0-7-0 152 314 160 33 
cell-0-7-1 312 314 160 33 
cell-0-7-2 472 314 160 33 
cell-0-7-3 632 314 160 33 
cell-0-7-4 792 314 160 33 
