table-0 366 215 662 674 
cell-0-0-0 366 215 44 42 
cell-0-0-1 410 215 44 42 
cell-0-0-2 454 215 44 42 
cell-0-0-3 498 215 44 42 
cell-0-0-4 542 215 44 42 
cell-0-0-5 586 215 442 42 
cell-0-1-0 366 260 44 42 
cell-0-1-1 410 260 44 42 
cell-0-1-2 454 260 44 42 
cell-0-1-3 498 260 44 42 
cell-0-1-4 542 260 44 42 
cell-0-1-5 586 260 442 42 
cell-0-2-0 366 305 44 42 
cell-0-2-1 410 305 44 42 
cell-0-2-2 454 305 44 42 
cell-0-2-3 498 305 44 42 
cell-0-2-4 542 305 44 42 
cell-0-2-5 586 305 442 42 
cell-0-3-0 366 350 44 42 
cell-0-3-1 410 350 44 42 
cell-0-3-2 454 350 44 42 
cell-0-3-3 498 350 44 42 
cell-0-3-4 542 350 44 42 
cell-0-3-5 586 350 442 42 
cell-0-4-0 366 395 44 42 
cell-0-4-1 410 395 44 42 
cell-0-4-2 454 395 44 42 
cell-0-4-3 498 395 44 42 
cell-0-4-4 542 395 44 42 
cell-0-4-5 586 395 442 42 
cell-0-5-0 366 440 44 42 
cell-0-5-1 410 440 44 42 
cell-0-5-2 454 440 44 42 
cell-0-5-3 498 440 44 42 
cell-0-5-4 542 440 44 42 
cell-0-5-5 586 440 442 42 
cell-0-6-0 366 485 44 42 
cell-0-6-1 410 485 44 42 
cell-0-6-2 454 485 44 42 
cell-0-6-3 498 485 44 42 
cell-0-6-4 542 485 44 42 
cell-0-6-5 586 485 442 42 
cell-0-7-0 366 530 44 42 
cell-0-7-1 410 530 44 42 
cell-0-7-2 454 530 44 42 
cell-0-7-3 498 530 44 42 
cell-0-7-4 542 530 44 42 
cell-0-7-5 586 530 442 42 
cell-0-8-0 366 575 44 42 
cell-0-8-1 410 575 44 42 
cell-0-8-2 454 575 44 42 
cell-0-8-3 498 575 44 42 
cell-0-8-4 542 575 44 42 
cell-0-8-5 586 575 442 42 
cell-0-9-0 366 620 44 42 
cell-0-9-1 410 620 44 42 
cell-0-9-2 454 620 44 42 
cell-0-9-3 498 620 44 42 
cell-0-9-4 542 620 44 42 
cell-0-9-5 586 620 442 42 
cell-0-10-0 366 665 44 42 
cell-0-10-1 410 665 44 42 
cell-0-10-2 454 665 44 42 
cell-0-10-3 498 665 44 42 
cell-0-10-4 542 665 44 42 
cell-0-10-5 586 665 442 42 
cell-0-11-0 366 710 44 42 
cell-0-11-1 410 710 44 42 
cell-0-11-2 454 710 44 42 
cell-0-11-3 498 710 44 42 
cell-0-11-4 542 710 44 42 
cell-0-11-5 586 710 442 42 
cell-0-12-0 366 755 44 42 
cell-0-12-1 410 755 44 42 
cell-0-12-2 454 755 44 42 
cell-0-12-3 498 755 44 42 
cell-0-12-4 542 755 44 42 
cell-0-12-5 586 755 442 42 
cell-0-13-0 366 800 44 42 
cell-0-13-1 410 800 44 42 
cell-0-13-2 454 800 44 42 
cell-0-13-3 498 800 44 42 
cell-0-13-4 542 800 44 42 
cell-0-13-5 586 800 442 42 
cell-0-14-0 366 845 44 42 
cell-0-14-1 410 845 44 42 
cell-0-14-2 454 845 44 42 
cell-0-14-3 498 845 44 42 
cell-0-14-4 542 845 44 42 
cell-0-14-5 586 845 442 42 
header-5 169 1114 849 193 
row-1-1 169 1114 362 40 
row-1-2 551 1114 395 40 
row-2-1 169 1164 362 40 
row-2-2 551 1164 459 40 
row-3-1 169 1214 560 40 
row-4-1 169 1264 791 40 
