table-0 174 807 800 358 
cell-0-0-0 174 807 88 52 
cell-0-0-1 262 807 88 52 
cell-0-0-2 350 807 88 52 
cell-0-0-3 438 807 88 52 
cell-0-0-4 526 807 88 52 
cell-0-0-5 614 807 88 52 
cell-0-0-6 702 807 88 52 
cell-0-0-7 790 807 88 52 
cell-0-0-8 878 807 88 52 
cell-0-1-0 174 868 88 52 
cell-0-1-1 262 868 88 52 
cell-0-1-2 350 868 88 52 
cell-0-1-3 438 868 88 52 
cell-0-1-4 526 868 88 52 
cell-0-1-5 614 868 88 52 
cell-0-1-6 702 868 88 52 
cell-0-1-7 790 868 88 52 
cell-0-1-8 878 868 88 52 
cell-0-2-0 174 929 88 52 
cell-0-2-1 262 929 88 52 
cell-0-2-2 350 929 88 52 
cell-0-2-3 438 929 88 52 
cell-0-2-4 526 929 88 52 
cell-0-2-5 614 929 88 52 
cell-0-2-6 702 929 88 52 
cell-0-2-7 790 929 88 52 
cell-0-2-8 878 929 88 52 
cell-0-3-0 174 990 88 52 
cell-0-3-1 262 990 88 52 
cell-0-3-2 350 990 88 52 
cell-0-3-3 438 990 88 52 
cell-0-3-4 526 990 88 52 
cell-0-3-5 614 990 88 52 
cell-0-3-6 702 990 88 52 
cell-0-3-7 790 990 88 52 
cell-0-3-8 878 990 88 52 
cell-0-4-0 174 1051 88 52 
cell-0-4-1 262 1051 88 52 
cell-0-4-2 350 1051 88 52 
cell-0-4-3 438 1051 88 52 
cell-0-4-4 526 1051 88 52 
cell-0-4-5 614 1051 88 52 
cell-0-4-6 702 1051 88 52 
cell-0-4-7 790 1051 88 52 
cell-0-4-8 878 1051 88 52 
cell-0-5-0 174 1112 88 52 
cell-0-5-1 262 1112 88 52 
cell-0-5-2 350 1112 88 52 
cell-0-5-3 438 1112 88 52 
cell-0-5-4 526 1112 88 52 
cell-0-5-5 614 1112 88 52 
cell-0-5-6 702 1112 88 52 
cell-0-5-7 790 1112 88 52 
cell-0-5-8 878 1112 88 52 
table-1 161 102 578 539 
cell-1-0-0 161 102 44 42 
cell-1-0-1 205 102 44 42 
cell-1-0-2 249 102 44 42 
cell-1-0-3 293 102 44 42 
cell-1-0-4 337 102 400 42 
cell-1-1-0 161 157 44 42 
cell-1-1-1 205 157 44 42 
cell-1-1-2 249 157 44 42 
cell-1-1-3 293 157 44 42 
cell-1-1-4 337 157 400 42 
cell-1-2-0 161 212 44 42 
cell-1-2-1 205 212 44 42 
cell-1-2-2 249 212 44 42 
cell-1-2-3 293 212 44 42 
cell-1-2-4 337 212 400 42 
cell-1-3-0 161 267 44 42 
cell-1-3-1 205 267 44 42 
cell-1-3-2 249 267 44 42 
cell-1-3-3 293 267 44 42 
cell-1-3-4 337 267 400 42 
cell-1-4-0 161 322 44 42 
cell-1-4-1 205 322 44 42 
cell-1-4-2 249 322 44 42 
cell-1-4-3 293 322 44 42 
cell-1-4-4 337 322 400 42 
cell-1-5-0 161 377 44 42 
cell-1-5-1 205 377 44 42 
cell-1-5-2 249 377 44 42 
cell-1-5-3 293 377 44 42 
cell-1-5-4 337 377 400 42 
cell-1-6-0 161 432 44 42 
cell-1-6-1 205 432 44 42 
cell-1-6-2 249 432 44 42 
cell-1-6-3 293 432 44 42 
cell-1-6-4 337 432 400 42 
cell-1-7-0 161 487 44 42 
cell-1-7-1 205 487 44 42 
cell-1-7-2 249 487 44 42 
cell-1-7-3 293 487 44 42 
cell-1-7-4 337 487 400 42 
cell-1-8-0 161 542 44 42 
cell-1-8-1 205 542 44 42 
cell-1-8-2 249 542 44 42 
cell-1-8-3 293 542 44 42 
cell-1-8-4 337 542 400 42 
cell-1-9-0 161 597 44 42 
cell-1-9-1 205 597 44 42 
cell-1-9-2 249 597 44 42 
cell-1-9-3 293 597 44 42 
cell-1-9-4 337 597 400 42 
