table-0 117 459 900 263 
cell-0-0-0 117 459 225 34 
cell-0-0-1 342 459 225 34 
cell-0-0-2 567 459 225 34 
cell-0-0-3 792 459 225 34 
cell-0-1-0 117 497 225 34 
cell-0-1-1 342 497 225 34 
cell-0-1-2 567 497 225 34 
cell-0-1-3 792 497 225 34 
cell-0-2-0 117 535 225 34 
cell-0-2-1 342 535 225 34 
cell-0-2-2 567 535 225 34 
cell-0-2-3 792 535 225 34 
cell-0-3-0 117 573 225 34 
cell-0-3-1 342 573 225 34 
cell-0-3-2 567 573 225 34 
cell-0-3-3 792 573 225 34 
cell-0-4-0 117 611 225 34 
cell-0-4-1 342 611 225 34 
cell-0-4-2 567 611 225 34 
cell-0-4-3 792 611 225 34 
cell-0-5-0 117 649 225 34 
cell-0-5-1 342 649 225 34 
cell-0-5-2 567 649 225 34 
cell-0-5-3 792 649 225 34 
cell-0-6-0 117 687 225 34 
cell-0-6-1 342 687 225 34 
cell-0-6-2 567 687 225 34 
cell-0-6-3 792 687 225 34 
table-4 115 862 266 487 
cell-4-0-0 115 862 44 35 
cell-4-0-1 159 862 44 35 
cell-4-0-2 203 862 44 35 
cell-4-0-3 247 862 44 35 
cell-4-0-4 291 862 44 35 
cell-4-0-5 335 862 44 35 
cell-4-1-0 115 907 44 35 
cell-4-1-1 159 907 44 35 
cell-4-1-2 203 907 44 35 
cell-4-1-3 247 907 44 35 
cell-4-1-4 291 907 44 35 
cell-4-1-5 335 907 44 35 
cell-4-2-0 115 952 44 35 
cell-4-2-1 159 952 44 35 
cell-4-2-2 203 952 44 35 
cell-4-2-3 247 952 44 35 
cell-4-2-4 291 952 44 35 
cell-4-2-5 335 952 44 35 
cell-4-3-0 115 997 44 35 
cell-4-3-1 159 997 44 35 
cell-4-3-2 203 997 44 35 
cell-4-3-3 247 997 44 35 
cell-4-3-4 291 997 44 35 
cell-4-3-5 335 997 44 35 
cell-4-4-0 115 1042 44 35 
cell-4-4-1 159 1042 44 35 
cell-4-4-2 203 1042 44 35 
cell-4-4-3 247 1042 44 35 
cell-4-4-4 291 1042 44 35 
cell-4-4-5 335 1042 44 35 
cell-4-5-0 115 1087 44 35 
cell-4-5-1 159 1087 44 35 
cell-4-5-2 203 1087 44 35 
cell-4-5-3 247 1087 44 35 
cell-4-5-4 291 1087 44 35 
cell-4-5-5 335 1087 44 35 
cell-4-6-0 115 1132 44 35 
cell-4-6-1 159 1132 44 35 
cell-4-6-2 203 1132 44 35 
cell-4-6-3 247 1132 44 35 
cell-4-6-4 291 1132 44 35 
cell-4-6-5 335 1132 44 35 
cell-4-7-0 115 1177 44 35 
cell-4-7-1 159 1177 44 35 
cell-4-7-2 203 1177 44 35 
cell-4-7-3 247 1177 44 35 
cell-4-7-4 291 1177 44 35 
cell-4-7-5 335 1177 44 35 
cell-4-8-0 115 1222 44 35 
cell-4-8-1 159 1222 44 35 
cell-4-8-2 203 1222 44 35 
cell-4-8-3 247 1222 44 35 
cell-4-8-4 291 1222 44 35 
cell-4-8-5 335 1222 44 35 
cell-4-9-0 115 1267 44 35 
cell-4-9-1 159 1267 44 35 
cell-4-9-2 203 1267 44 35 
cell-4-9-3 247 1267 44 35 
cell-4-9-4 291 1267 44 35 
cell-4-9-5 335 1267 44 35 
cell-4-10-0 115 1312 44 35 
cell-4-10-1 159 1312 44 35 
cell-4-10-2 203 1312 44 35 
cell-4-10-3 247 1312 44 35 
cell-4-10-4 291 1312 44 35 
cell-4-10-5 335 1312 44 35 
