table-0 242 822 600 345 
cell-0-0-0 242 822 100 44 
cell-0-0-1 342 822 100 44 
cell-0-0-2 442 822 100 44 
cell-0-0-3 542 822 100 44 
cell-0-0-4 642 822 100 44 
cell-0-0-5 742 822 100 44 
cell-0-1-0 242 872 100 44 
cell-0-1-1 342 872 100 44 
cell-0-1-2 442 872 100 44 
cell-0-1-3 542 872 100 44 
cell-0-1-4 642 872 100 44 
cell-0-1-5 742 872 100 44 
cell-0-2-0 242 922 100 44 
cell-0-2-1 342 922 100 44 
cell-0-2-2 442 922 100 44 
cell-0-2-3 542 922 100 44 
cell-0-2-4 642 922 100 44 
cell-0-2-5 742 922 100 44 
cell-0-3-0 242 972 100 44 
cell-0-3-1 342 972 100 44 
cell-0-3-2 442 972 100 44 
cell-0-3-3 542 972 100 44 
cell-0-3-4 642 972 100 44 
cell-0-3-5 742 972 100 44 
cell-0-4-0 242 1022 100 44 
cell-0-4-1 342 1022 100 44 
cell-0-4-2 442 1022 100 44 
cell-0-4-3 542 1022 100 44 
cell-0-4-4 642 1022 100 44 
cell-0-4-5 742 1022 100 44 
cell-0-5-0 242 1072 100 44 
cell-0-5-1 342 1072 100 44 
cell-0-5-2 442 1072 100 44 
cell-0-5-3 542 1072 100 44 
cell-0-5-4 642 1072 100 44 
cell-0-5-5 742 1072 100 44 
cell-0-6-0 242 1122 100 44 
cell-0-6-1 342 1122 100 44 
cell-0-6-2 442 1122 100 44 
cell-0-6-3 542 1122 100 44 
cell-0-6-4 642 1122 100 44 
cell-0-6-5 742 1122 100 44 
