table-0 577 1194 423 238 
cell-0-1-0 577 1194 35 35 
cell-0-1-1 612 1194 35 35 
cell-0-1-2 647 1194 35 35 
cell-0-1-3 682 1194 35 35 
cell-0-1-4 717 1194 35 35 
cell-0-1-5 752 1194 35 35 
cell-0-1-6 787 1194 35 35 
cell-0-1-7 822 1194 35 35 
cell-0-1-8 857 1194 35 35 
cell-0-1-9 892 1194 35 35 
cell-0-1-10 927 1194 35 35 
cell-0-1-11 962 1194 35 35 
cell-0-2-0 577 1244 35 35 
cell-0-2-1 612 1244 35 35 
cell-0-2-2 647 1244 35 35 
cell-0-2-3 682 1244 35 35 
cell-0-2-4 717 1244 35 35 
cell-0-2-5 752 1244 35 35 
cell-0-2-6 787 1244 35 35 
cell-0-2-7 822 1244 35 35 
cell-0-2-8 857 1244 35 35 
cell-0-2-9 892 1244 35 35 
cell-0-2-10 927 1244 35 35 
cell-0-2-11 962 1244 35 35 
cell-0-3-0 577 1294 35 35 
cell-0-3-1 612 1294 35 35 
cell-0-3-2 647 1294 35 35 
cell-0-3-3 682 1294 35 35 
cell-0-3-4 717 1294 35 35 
cell-0-3-5 752 1294 35 35 
cell-0-3-6 787 1294 35 35 
cell-0-3-7 822 1294 35 35 
cell-0-3-8 857 1294 35 35 
cell-0-3-9 892 1294 35 35 
cell-0-3-10 927 1294 35 35 
cell-0-3-11 962 1294 35 35 
cell-0-4-0 577 1344 35 35 
cell-0-4-1 612 1344 35 35 
cell-0-4-2 647 1344 35 35 
cell-0-4-3 682 1344 35 35 
cell-0-4-4 717 1344 35 35 
cell-0-4-5 752 1344 35 35 
cell-0-4-6 787 1344 35 35 
cell-0-4-7 822 1344 35 35 
cell-0-4-8 857 1344 35 35 
cell-0-4-9 892 1344 35 35 
cell-0-4-10 927 1344 35 35 
cell-0-4-11 962 1344 35 35 
cell-0-5-0 577 1394 35 35 
cell-0-5-1 612 1394 35 35 
cell-0-5-2 647 1394 35 35 
cell-0-5-3 682 1394 35 35 
cell-0-5-4 717 1394 35 35 
cell-0-5-5 752 1394 35 35 
cell-0-5-6 787 1394 35 35 
cell-0-5-7 822 1394 35 35 
cell-0-5-8 857 1394 35 35 
cell-0-5-9 892 1394 35 35 
cell-0-5-10 927 1394 35 35 
cell-0-5-11 962 1394 35 35 
