header-0 119 461 794 193 
row-1-1 119 461 344 40 
row-1-2 483 461 377 40 
row-2-1 119 511 278 40 
row-2-2 417 511 488 40 
row-3-1 119 561 674 40 
row-4-1 119 611 674 40 
table-1 325 916 183 498 
cell-1-0-0 325 916 45 35 
cell-1-0-1 370 916 45 35 
cell-1-0-2 415 916 45 35 
cell-1-0-3 460 916 45 35 
cell-1-1-0 325 962 45 35 
cell-1-1-1 370 962 45 35 
cell-1-1-2 415 962 45 35 
cell-1-1-3 460 962 45 35 
cell-1-2-0 325 1008 45 35 
cell-1-2-1 370 1008 45 35 
cell-1-2-2 415 1008 45 35 
cell-1-2-3 460 1008 45 35 
cell-1-3-0 325 1054 45 35 
cell-1-3-1 370 1054 45 35 
cell-1-3-2 415 1054 45 35 
cell-1-3-3 460 1054 45 35 
cell-1-4-0 325 1100 45 35 
cell-1-4-1 370 1100 45 35 
cell-1-4-2 415 1100 45 35 
cell-1-4-3 460 1100 45 35 
cell-1-5-0 325 1146 45 35 
cell-1-5-1 370 1146 45 35 
cell-1-5-2 415 1146 45 35 
cell-1-5-3 460 1146 45 35 
cell-1-6-0 325 1192 45 35 
cell-1-6-1 370 1192 45 35 
cell-1-6-2 415 1192 45 35 
cell-1-6-3 460 1192 45 35 
cell-1-7-0 325 1238 45 35 
cell-1-7-1 370 1238 45 35 
cell-1-7-2 415 1238 45 35 
cell-1-7-3 460 1238 45 35 
cell-1-8-0 325 1284 45 35 
cell-1-8-1 370 1284 45 35 
cell-1-8-2 415 1284 45 35 
cell-1-8-3 460 1284 45 35 
cell-1-9-0 325 1330 45 35 
cell-1-9-1 370 1330 45 35 
cell-1-9-2 415 1330 45 35 
cell-1-9-3 460 1330 45 35 
cell-1-10-0 325 1376 45 35 
cell-1-10-1 370 1376 45 35 
cell-1-10-2 415 1376 45 35 
cell-1-10-3 460 1376 45 35 
header-2 209 63 807 193 
row-1-1 209 63 386 40 
row-1-2 615 63 353 40 
row-2-1 209 113 287 40 
row-2-2 516 113 496 40 
row-3-1 209 163 782 40 
row-4-1 209 213 650 40 
