table-0 233 746 600 526 
cell-0-0-0 233 746 120 51 
cell-0-0-1 353 746 120 51 
cell-0-0-2 473 746 120 51 
cell-0-0-3 593 746 120 51 
cell-0-0-4 713 746 120 51 
cell-0-1-0 233 805 120 51 
cell-0-1-1 353 805 120 51 
cell-0-1-2 473 805 120 51 
cell-0-1-3 593 805 120 51 
cell-0-1-4 713 805 120 51 
cell-0-2-0 233 864 120 51 
cell-0-2-1 353 864 120 51 
cell-0-2-2 473 864 120 51 
cell-0-2-3 593 864 120 51 
cell-0-2-4 713 864 120 51 
cell-0-3-0 233 923 120 51 
cell-0-3-1 353 923 120 51 
cell-0-3-2 473 923 120 51 
cell-0-3-3 593 923 120 51 
cell-0-3-4 713 923 120 51 
cell-0-4-0 233 982 120 51 
cell-0-4-1 353 982 120 51 
cell-0-4-2 473 982 120 51 
cell-0-4-3 593 982 120 51 
cell-0-4-4 713 982 120 51 
cell-0-5-0 233 1041 120 51 
cell-0-5-1 353 1041 120 51 
cell-0-5-2 473 1041 120 51 
cell-0-5-3 593 1041 120 51 
cell-0-5-4 713 1041 120 51 
cell-0-6-0 233 1100 120 51 
cell-0-6-1 353 1100 120 51 
cell-0-6-2 473 1100 120 51 
cell-0-6-3 593 1100 120 51 
cell-0-6-4 713 1100 120 51 
cell-0-7-0 233 1159 120 51 
cell-0-7-1 353 1159 120 51 
cell-0-7-2 473 1159 120 51 
cell-0-7-3 593 1159 120 51 
cell-0-7-4 713 1159 120 51 
cell-0-8-0 233 1218 120 51 
cell-0-8-1 353 1218 120 51 
cell-0-8-2 473 1218 120 51 
cell-0-8-3 593 1218 120 51 
cell-0-8-4 713 1218 120 51 
table-5 321 157 700 454 
cell-5-0-0 321 157 87 54 
cell-5-0-1 408 157 87 54 
cell-5-0-2 495 157 87 54 
cell-5-0-3 582 157 87 54 
cell-5-0-4 669 157 87 54 
cell-5-0-5 756 157 87 54 
cell-5-0-6 843 157 87 54 
cell-5-0-7 930 157 87 54 
cell-5-1-0 321 214 87 54 
cell-5-1-1 408 214 87 54 
cell-5-1-2 495 214 87 54 
cell-5-1-3 582 214 87 54 
cell-5-1-4 669 214 87 54 
cell-5-1-5 756 214 87 54 
cell-5-1-6 843 214 87 54 
cell-5-1-7 930 214 87 54 
cell-5-2-0 321 271 87 54 
cell-5-2-1 408 271 87 54 
cell-5-2-2 495 271 87 54 
cell-5-2-3 582 271 87 54 
cell-5-2-4 669 271 87 54 
cell-5-2-5 756 271 87 54 
cell-5-2-6 843 271 87 54 
cell-5-2-7 930 271 87 54 
cell-5-3-0 321 328 87 54 
cell-5-3-1 408 328 87 54 
cell-5-3-2 495 328 87 54 
cell-5-3-3 582 328 87 54 
cell-5-3-4 669 328 87 54 
cell-5-3-5 756 328 87 54 
cell-5-3-6 843 328 87 54 
cell-5-3-7 930 328 87 54 
cell-5-4-0 321 385 87 54 
cell-5-4-1 408 385 87 54 
cell-5-4-2 495 385 87 54 
cell-5-4-3 582 385 87 54 
cell-5-4-4 669 385 87 54 
cell-5-4-5 756 385 87 54 
cell-5-4-6 843 385 87 54 
cell-5-4-7 930 385 87 54 
cell-5-5-0 321 442 87 54 
cell-5-5-1 408 442 87 54 
cell-5-5-2 495 442 87 54 
cell-5-5-3 582 442 87 54 
cell-5-5-4 669 442 87 54 
cell-5-5-5 756 442 87 54 
cell-5-5-6 843 442 87 54 
cell-5-5-7 930 442 87 54 
cell-5-6-0 321 499 87 54 
cell-5-6-1 408 499 87 54 
cell-5-6-2 495 499 87 54 
cell-5-6-3 582 499 87 54 
cell-5-6-4 669 499 87 54 
cell-5-6-5 756 499 87 54 
cell-5-6-6 843 499 87 54 
cell-5-6-7 930 499 87 54 
cell-5-7-0 321 556 87 54 
cell-5-7-1 408 556 87 54 
cell-5-7-2 495 556 87 54 
cell-5-7-3 582 556 87 54 
cell-5-7-4 669 556 87 54 
cell-5-7-5 756 556 87 54 
cell-5-7-6 843 556 87 54 
cell-5-7-7 930 556 87 54 
