table-0 96 166 800 243 
cell-0-0-0 96 166 160 32 
cell-0-0-1 256 166 160 32 
cell-0-0-2 416 166 160 32 
cell-0-0-3 576 166 160 32 
cell-0-0-4 736 166 160 32 
cell-0-1-0 96 201 160 32 
cell-0-1-1 256 201 160 32 
cell-0-1-2 416 201 160 32 
cell-0-1-3 576 201 160 32 
cell-0-1-4 736 201 160 32 
cell-0-2-0 96 236 160 32 
cell-0-2-1 256 236 160 32 
cell-0-2-2 416 236 160 32 
cell-0-2-3 576 236 160 32 
cell-0-2-4 736 236 160 32 
cell-0-3-0 96 271 160 32 
cell-0-3-1 256 271 160 32 
cell-0-3-2 416 271 160 32 
cell-0-3-3 576 271 160 32 
cell-0-3-4 736 271 160 32 
cell-0-4-0 96 306 160 32 
cell-0-4-1 256 306 160 32 
cell-0-4-2 416 306 160 32 
cell-0-4-3 576 306 160 32 
cell-0-4-4 736 306 160 32 
cell-0-5-0 96 341 160 32 
cell-0-5-1 256 341 160 32 
cell-0-5-2 416 341 160 32 
cell-0-5-3 576 341 160 32 
cell-0-5-4 736 341 160 32 
cell-0-6-0 96 376 160 32 
cell-0-6-1 256 376 160 32 
cell-0-6-2 416 376 160 32 
cell-0-6-3 576 376 160 32 
cell-0-6-4 736 376 160 32 
table-2 191 660 499 561 
cell-2-0-0 191 660 44 42 
cell-2-0-1 235 660 44 42 
cell-2-0-2 279 660 44 42 
cell-2-0-3 323 660 44 42 
cell-2-0-4 367 660 321 42 
cell-2-1-0 191 707 44 42 
cell-2-1-1 235 707 44 42 
cell-2-1-2 279 707 44 42 
cell-2-1-3 323 707 44 42 
cell-2-1-4 367 707 321 42 
cell-2-2-0 191 754 44 42 
cell-2-2-1 235 754 44 42 
cell-2-2-2 279 754 44 42 
cell-2-2-3 323 754 44 42 
cell-2-2-4 367 754 321 42 
cell-2-3-0 191 801 44 42 
cell-2-3-1 235 801 44 42 
cell-2-3-2 279 801 44 42 
cell-2-3-3 323 801 44 42 
cell-2-3-4 367 801 321 42 
cell-2-4-0 191 848 44 42 
cell-2-4-1 235 848 44 42 
cell-2-4-2 279 848 44 42 
cell-2-4-3 323 848 44 42 
cell-2-4-4 367 848 321 42 
cell-2-5-0 191 895 44 42 
cell-2-5-1 235 895 44 42 
cell-2-5-2 279 895 44 42 
cell-2-5-3 323 895 44 42 
cell-2-5-4 367 895 321 42 
cell-2-6-0 191 942 44 42 
cell-2-6-1 235 942 44 42 
cell-2-6-2 279 942 44 42 
cell-2-6-3 323 942 44 42 
cell-2-6-4 367 942 321 42 
cell-2-7-0 191 989 44 42 
cell-2-7-1 235 989 44 42 
cell-2-7-2 279 989 44 42 
cell-2-7-3 323 989 44 42 
cell-2-7-4 367 989 321 42 
cell-2-8-0 191 1036 44 42 
cell-2-8-1 235 1036 44 42 
cell-2-8-2 279 1036 44 42 
cell-2-8-3 323 1036 44 42 
cell-2-8-4 367 1036 321 42 
cell-2-9-0 191 1083 44 42 
cell-2-9-1 235 1083 44 42 
cell-2-9-2 279 1083 44 42 
cell-2-9-3 323 1083 44 42 
cell-2-9-4 367 1083 321 42 
cell-2-10-0 191 1130 44 42 
cell-2-10-1 235 1130 44 42 
cell-2-10-2 279 1130 44 42 
cell-2-10-3 323 1130 44 42 
cell-2-10-4 367 1130 321 42 
cell-2-11-0 191 1177 44 42 
cell-2-11-1 235 1177 44 42 
cell-2-11-2 279 1177 44 42 
cell-2-11-3 323 1177 44 42 
cell-2-11-4 367 1177 321 42 
