table-0 369 779 648 642 
cell-0-0-0 369 779 43 41 
cell-0-0-1 412 779 43 41 
cell-0-0-2 455 779 43 41 
cell-0-0-3 498 779 43 41 
cell-0-0-4 541 779 43 41 
cell-0-0-5 584 779 432 41 
cell-0-1-0 369 829 43 41 
cell-0-1-1 412 829 43 41 
cell-0-1-2 455 829 43 41 
cell-0-1-3 498 829 43 41 
cell-0-1-4 541 829 43 41 
cell-0-1-5 584 829 432 41 
cell-0-2-0 369 879 43 41 
cell-0-2-1 412 879 43 41 
cell-0-2-2 455 879 43 41 
cell-0-2-3 498 879 43 41 
cell-0-2-4 541 879 43 41 
cell-0-2-5 584 879 432 41 
cell-0-3-0 369 929 43 41 
cell-0-3-1 412 929 43 41 
cell-0-3-2 455 929 43 41 
cell-0-3-3 498 929 43 41 
cell-0-3-4 541 929 43 41 
cell-0-3-5 584 929 432 41 
cell-0-4-0 369 979 43 41 
cell-0-4-1 412 979 43 41 
cell-0-4-2 455 979 43 41 
cell-0-4-3 498 979 43 41 
cell-0-4-4 541 979 43 41 
cell-0-4-5 584 979 432 41 
cell-0-5-0 369 1029 43 41 
cell-0-5-1 412 1029 43 41 
cell-0-5-2 455 1029 43 41 
cell-0-5-3 498 1029 43 41 
cell-0-5-4 541 1029 43 41 
cell-0-5-5 584 1029 432 41 
cell-0-6-0 369 1079 43 41 
cell-0-6-1 412 1079 43 41 
cell-0-6-2 455 1079 43 41 
cell-0-6-3 498 1079 43 41 
cell-0-6-4 541 1079 43 41 
cell-0-6-5 584 1079 432 41 
cell-0-7-0 369 1129 43 41 
cell-0-7-1 412 1129 43 41 
cell-0-7-2 455 1129 43 41 
cell-0-7-3 498 1129 43 41 
cell-0-7-4 541 1129 43 41 
cell-0-7-5 584 1129 432 41 
cell-0-8-0 369 1179 43 41 
cell-0-8-1 412 1179 43 41 
cell-0-8-2 455 1179 43 41 
cell-0-8-3 498 1179 43 41 
cell-0-8-4 541 1179 43 41 
cell-0-8-5 584 1179 432 41 
cell-0-9-0 369 1229 43 41 
cell-0-9-1 412 1229 43 41 
cell-0-9-2 455 1229 43 41 
cell-0-9-3 498 1229 43 41 
cell-0-9-4 541 1229 43 41 
cell-0-9-5 584 1229 432 41 
cell-0-10-0 369 1279 43 41 
cell-0-10-1 412 1279 43 41 
cell-0-10-2 455 1279 43 41 
cell-0-10-3 498 1279 43 41 
cell-0-10-4 541 1279 43 41 
cell-0-10-5 584 1279 432 41 
cell-0-11-0 369 1329 43 41 
cell-0-11-1 412 1329 43 41 
cell-0-11-2 455 1329 43 41 
cell-0-11-3 498 1329 43 41 
cell-0-11-4 541 1329 43 41 
cell-0-11-5 584 1329 432 41 
cell-0-12-0 369 1379 43 41 
cell-0-12-1 412 1379 43 41 
cell-0-12-2 455 1379 43 41 
cell-0-12-3 498 1379 43 41 
cell-0-12-4 541 1379 43 41 
cell-0-12-5 584 1379 432 41 
table-1 123 103 571 458 
cell-1-1-0 123 103 38 35 
cell-1-1-1 164 103 38 35 
cell-1-1-2 205 103 38 35 
cell-1-1-3 246 103 38 35 
cell-1-1-4 287 103 38 35 
cell-1-1-5 328 103 38 35 
cell-1-1-6 369 103 38 35 
cell-1-1-7 410 103 38 35 
cell-1-1-8 451 103 38 35 
cell-1-1-9 492 103 38 35 
cell-1-1-10 533 103 38 35 
cell-1-1-11 574 103 38 35 
cell-1-1-12 615 103 38 35 
cell-1-1-13 656 103 38 35 
cell-1-2-0 123 145 38 35 
cell-1-2-1 164 145 38 35 
cell-1-2-2 205 145 38 35 
cell-1-2-3 246 145 38 35 
cell-1-2-4 287 145 38 35 
cell-1-2-5 328 145 38 35 
cell-1-2-6 369 145 38 35 
cell-1-2-7 410 145 38 35 
cell-1-2-8 451 145 38 35 
cell-1-2-9 492 145 38 35 
cell-1-2-10 533 145 38 35 
cell-1-2-11 574 145 38 35 
cell-1-2-12 615 145 38 35 
cell-1-2-13 656 145 38 35 
cell-1-3-0 123 187 38 35 
cell-1-3-1 164 187 38 35 
cell-1-3-2 205 187 38 35 
cell-1-3-3 246 187 38 35 
cell-1-3-4 287 187 38 35 
cell-1-3-5 328 187 38 35 
cell-1-3-6 369 187 38 35 
cell-1-3-7 410 187 38 35 
cell-1-3-8 451 187 38 35 
cell-1-3-9 492 187 38 35 
cell-1-3-10 533 187 38 35 
cell-1-3-11 574 187 38 35 
cell-1-3-12 615 187 38 35 
cell-1-3-13 656 187 38 35 
cell-1-4-0 123 229 38 35 
cell-1-4-1 164 229 38 35 
cell-1-4-2 205 229 38 35 
cell-1-4-3 246 229 38 35 
cell-1-4-4 287 229 38 35 
cell-1-4-5 328 229 38 35 
cell-1-4-6 369 229 38 35 
cell-1-4-7 410 229 38 35 
cell-1-4-8 451 229 38 35 
cell-1-4-9 492 229 38 35 
cell-1-4-10 533 229 38 35 
cell-1-4-11 574 229 38 35 
cell-1-4-12 615 229 38 35 
cell-1-4-13 656 229 38 35 
cell-1-5-0 123 271 38 35 
cell-1-5-1 164 271 38 35 
cell-1-5-2 205 271 38 35 
cell-1-5-3 246 271 38 35 
cell-1-5-4 287 271 38 35 
cell-1-5-5 328 271 38 35 
cell-1-5-6 369 271 38 35 
cell-1-5-7 410 271 38 35 
cell-1-5-8 451 271 38 35 
cell-1-5-9 492 271 38 35 
cell-1-5-10 533 271 38 35 
cell-1-5-11 574 271 38 35 
cell-1-5-12 615 271 38 35 
cell-1-5-13 656 271 38 35 
cell-1-6-0 123 313 38 35 
cell-1-6-1 164 313 38 35 
cell-1-6-2 205 313 38 35 
cell-1-6-3 246 313 38 35 
cell-1-6-4 287 313 38 35 
cell-1-6-5 328 313 38 35 
cell-1-6-6 369 313 38 35 
cell-1-6-7 410 313 38 35 
cell-1-6-8 451 313 38 35 
cell-1-6-9 492 313 38 35 
cell-1-6-10 533 313 38 35 
cell-1-6-11 574 313 38 35 
cell-1-6-12 615 313 38 35 
cell-1-6-13 656 313 38 35 
cell-1-7-0 123 355 38 35 
cell-1-7-1 164 355 38 35 
cell-1-7-2 205 355 38 35 
cell-1-7-3 246 355 38 35 
cell-1-7-4 287 355 38 35 
cell-1-7-5 328 355 38 35 
cell-1-7-6 369 355 38 35 
cell-1-7-7 410 355 38 35 
cell-1-7-8 451 355 38 35 
cell-1-7-9 492 355 38 35 
cell-1-7-10 533 355 38 35 
cell-1-7-11 574 355 38 35 
cell-1-7-12 615 355 38 35 
cell-1-7-13 656 355 38 35 
cell-1-8-0 123 397 38 35 
cell-1-8-1 164 397 38 35 
cell-1-8-2 205 397 38 35 
cell-1-8-3 246 397 38 35 
cell-1-8-4 287 397 38 35 
cell-1-8-5 328 397 38 35 
cell-1-8-6 369 397 38 35 
cell-1-8-7 410 397 38 35 
cell-1-8-8 451 397 38 35 
cell-1-8-9 492 397 38 35 
cell-1-8-10 533 397 38 35 
cell-1-8-11 574 397 38 35 
cell-1-8-12 615 397 38 35 
cell-1-8-13 656 397 38 35 
cell-1-9-0 123 439 38 35 
cell-1-9-1 164 439 38 35 
cell-1-9-2 205 439 38 35 
cell-1-9-3 246 439 38 35 
cell-1-9-4 287 439 38 35 
cell-1-9-5 328 439 38 35 
cell-1-9-6 369 439 38 35 
cell-1-9-7 410 439 38 35 
cell-1-9-8 451 439 38 35 
cell-1-9-9 492 439 38 35 
cell-1-9-10 533 439 38 35 
cell-1-9-11 574 439 38 35 
cell-1-9-12 615 439 38 35 
cell-1-9-13 656 439 38 35 
cell-1-10-0 123 481 38 35 
cell-1-10-1 164 481 38 35 
cell-1-10-2 205 481 38 35 
cell-1-10-3 246 481 38 35 
cell-1-10-4 287 481 38 35 
cell-1-10-5 328 481 38 35 
cell-1-10-6 369 481 38 35 
cell-1-10-7 410 481 38 35 
cell-1-10-8 451 481 38 35 
cell-1-10-9 492 481 38 35 
cell-1-10-10 533 481 38 35 
cell-1-10-11 574 481 38 35 
cell-1-10-12 615 481 38 35 
cell-1-10-13 656 481 38 35 
cell-1-11-0 123 523 38 35 
cell-1-11-1 164 523 38 35 
cell-1-11-2 205 523 38 35 
cell-1-11-3 246 523 38 35 
cell-1-11-4 287 523 38 35 
cell-1-11-5 328 523 38 35 
cell-1-11-6 369 523 38 35 
cell-1-11-7 410 523 38 35 
cell-1-11-8 451 523 38 35 
cell-1-11-9 492 523 38 35 
cell-1-11-10 533 523 38 35 
cell-1-11-11 574 523 38 35 
cell-1-11-12 615 523 38 35 
cell-1-11-13 656 523 38 35 
