table-0 201 846 590 530 
cell-0-0-0 201 846 45 43 
cell-0-0-1 246 846 45 43 
cell-0-0-2 291 846 45 43 
cell-0-0-3 336 846 45 43 
cell-0-0-4 381 846 408 43 
cell-0-1-0 201 890 45 43 
cell-0-1-1 246 890 45 43 
cell-0-1-2 291 890 45 43 
cell-0-1-3 336 890 45 43 
cell-0-1-4 381 890 408 43 
cell-0-2-0 201 934 45 43 
cell-0-2-1 246 934 45 43 
cell-0-2-2 291 934 45 43 
cell-0-2-3 336 934 45 43 
cell-0-2-4 381 934 408 43 
cell-0-3-0 201 978 45 43 
cell-0-3-1 246 978 45 43 
cell-0-3-2 291 978 45 43 
cell-0-3-3 336 978 45 43 
cell-0-3-4 381 978 408 43 
cell-0-4-0 201 1022 45 43 
cell-0-4-1 246 1022 45 43 
cell-0-4-2 291 1022 45 43 
cell-0-4-3 336 1022 45 43 
cell-0-4-4 381 1022 408 43 
cell-0-5-0 201 1066 45 43 
cell-0-5-1 246 1066 45 43 
cell-0-5-2 291 1066 45 43 
cell-0-5-3 336 1066 45 43 
cell-0-5-4 381 1066 408 43 
cell-0-6-0 201 1110 45 43 
cell-0-6-1 246 1110 45 43 
cell-0-6-2 291 1110 45 43 
cell-0-6-3 336 1110 45 43 
cell-0-6-4 381 1110 408 43 
cell-0-7-0 201 1154 45 43 
cell-0-7-1 246 1154 45 43 
cell-0-7-2 291 1154 45 43 
cell-0-7-3 336 1154 45 43 
cell-0-7-4 381 1154 408 43 
cell-0-8-0 201 1198 45 43 
cell-0-8-1 246 1198 45 43 
cell-0-8-2 291 1198 45 43 
cell-0-8-3 336 1198 45 43 
cell-0-8-4 381 1198 408 43 
cell-0-9-0 201 1242 45 43 
cell-0-9-1 246 1242 45 43 
cell-0-9-2 291 1242 45 43 
cell-0-9-3 336 1242 45 43 
cell-0-9-4 381 1242 408 43 
cell-0-10-0 201 1286 45 43 
cell-0-10-1 246 1286 45 43 
cell-0-10-2 291 1286 45 43 
cell-0-10-3 336 1286 45 43 
cell-0-10-4 381 1286 408 43 
cell-0-11-0 201 1330 45 43 
cell-0-11-1 246 1330 45 43 
cell-0-11-2 291 1330 45 43 
cell-0-11-3 336 1330 45 43 
cell-0-11-4 381 1330 408 43 
