table-0 135 491 228 532 
cell-0-0-0 135 491 45 35 
cell-0-0-1 180 491 45 35 
cell-0-0-2 225 491 45 35 
cell-0-0-3 270 491 45 35 
cell-0-0-4 315 491 45 35 
cell-0-1-0 135 529 45 35 
cell-0-1-1 180 529 45 35 
cell-0-1-2 225 529 45 35 
cell-0-1-3 270 529 45 35 
cell-0-1-4 315 529 45 35 
cell-0-2-0 135 567 45 35 
cell-0-2-1 180 567 45 35 
cell-0-2-2 225 567 45 35 
cell-0-2-3 270 567 45 35 
cell-0-2-4 315 567 45 35 
cell-0-3-0 135 605 45 35 
cell-0-3-1 180 605 45 35 
cell-0-3-2 225 605 45 35 
cell-0-3-3 270 605 45 35 
cell-0-3-4 315 605 45 35 
cell-0-4-0 135 643 45 35 
cell-0-4-1 180 643 45 35 
cell-0-4-2 225 643 45 35 
cell-0-4-3 270 643 45 35 
cell-0-4-4 315 643 45 35 
cell-0-5-0 135 681 45 35 
cell-0-5-1 180 681 45 35 
cell-0-5-2 225 681 45 35 
cell-0-5-3 270 681 45 35 
cell-0-5-4 315 681 45 35 
cell-0-6-0 135 719 45 35 
cell-0-6-1 180 719 45 35 
cell-0-6-2 225 719 45 35 
cell-0-6-3 270 719 45 35 
cell-0-6-4 315 719 45 35 
cell-0-7-0 135 757 45 35 
cell-0-7-1 180 757 45 35 
cell-0-7-2 225 757 45 35 
cell-0-7-3 270 757 45 35 
cell-0-7-4 315 757 45 35 
cell-0-8-0 135 795 45 35 
cell-0-8-1 180 795 45 35 
cell-0-8-2 225 795 45 35 
cell-0-8-3 270 795 45 35 
cell-0-8-4 315 795 45 35 
cell-0-9-0 135 833 45 35 
cell-0-9-1 180 833 45 35 
cell-0-9-2 225 833 45 35 
cell-0-9-3 270 833 45 35 
cell-0-9-4 315 833 45 35 
cell-0-10-0 135 871 45 35 
cell-0-10-1 180 871 45 35 
cell-0-10-2 225 871 45 35 
cell-0-10-3 270 871 45 35 
cell-0-10-4 315 871 45 35 
cell-0-11-0 135 909 45 35 
cell-0-11-1 180 909 45 35 
cell-0-11-2 225 909 45 35 
cell-0-11-3 270 909 45 35 
cell-0-11-4 315 909 45 35 
cell-0-12-0 135 947 45 35 
cell-0-12-1 180 947 45 35 
cell-0-12-2 225 947 45 35 
cell-0-12-3 270 947 45 35 
cell-0-12-4 315 947 45 35 
cell-0-13-0 135 985 45 35 
cell-0-13-1 180 985 45 35 
cell-0-13-2 225 985 45 35 
cell-0-13-3 270 985 45 35 
cell-0-13-4 315 985 45 35 
table-5 741 688 173 636 
cell-5-0-0 741 688 43 35 
cell-5-0-1 784 688 43 35 
cell-5-0-2 827 688 43 35 
cell-5-0-3 870 688 43 35 
cell-5-1-0 741 738 43 35 
cell-5-1-1 784 738 43 35 
cell-5-1-2 827 738 43 35 
cell-5-1-3 870 738 43 35 
cell-5-2-0 741 788 43 35 
cell-5-2-1 784 788 43 35 
cell-5-2-2 827 788 43 35 
cell-5-2-3 870 788 43 35 
cell-5-3-0 741 838 43 35 
cell-5-3-1 784 838 43 35 
cell-5-3-2 827 838 43 35 
cell-5-3-3 870 838 43 35 
cell-5-4-0 741 888 43 35 
cell-5-4-1 784 888 43 35 
cell-5-4-2 827 888 43 35 
cell-5-4-3 870 888 43 35 
cell-5-5-0 741 938 43 35 
cell-5-5-1 784 938 43 35 
cell-5-5-2 827 938 43 35 
cell-5-5-3 870 938 43 35 
cell-5-6-0 741 988 43 35 
cell-5-6-1 784 988 43 35 
cell-5-6-2 827 988 43 35 
cell-5-6-3 870 988 43 35 
cell-5-7-0 741 1038 43 35 
cell-5-7-1 784 1038 43 35 
cell-5-7-2 827 1038 43 35 
cell-5-7-3 870 1038 43 35 
cell-5-8-0 741 1088 43 35 
cell-5-8-1 784 1088 43 35 
cell-5-8-2 827 1088 43 35 
cell-5-8-3 870 1088 43 35 
cell-5-9-0 741 1138 43 35 
cell-5-9-1 784 1138 43 35 
cell-5-9-2 827 1138 43 35 
cell-5-9-3 870 1138 43 35 
cell-5-10-0 741 1188 43 35 
cell-5-10-1 784 1188 43 35 
cell-5-10-2 827 1188 43 35 
cell-5-10-3 870 1188 43 35 
cell-5-11-0 741 1238 43 35 
cell-5-11-1 784 1238 43 35 
cell-5-11-2 827 1238 43 35 
cell-5-11-3 870 1238 43 35 
cell-5-12-0 741 1288 43 35 
cell-5-12-1 784 1288 43 35 
cell-5-12-2 827 1288 43 35 
cell-5-12-3 870 1288 43 35 
