table-0 136 767 564 607 
cell-0-0-0 136 767 44 43 
cell-0-0-1 180 767 44 43 
cell-0-0-2 224 767 44 43 
cell-0-0-3 268 767 44 43 
cell-0-0-4 312 767 44 43 
cell-0-0-5 356 767 340 43 
cell-0-1-0 136 818 44 43 
cell-0-1-1 180 818 44 43 
cell-0-1-2 224 818 44 43 
cell-0-1-3 268 818 44 43 
cell-0-1-4 312 818 44 43 
cell-0-1-5 356 818 340 43 
cell-0-2-0 136 869 44 43 
cell-0-2-1 180 869 44 43 
cell-0-2-2 224 869 44 43 
cell-0-2-3 268 869 44 43 
cell-0-2-4 312 869 44 43 
cell-0-2-5 356 869 340 43 
cell-0-3-0 136 920 44 43 
cell-0-3-1 180 920 44 43 
cell-0-3-2 224 920 44 43 
cell-0-3-3 268 920 44 43 
cell-0-3-4 312 920 44 43 
cell-0-3-5 356 920 340 43 
cell-0-4-0 136 971 44 43 
cell-0-4-1 180 971 44 43 
cell-0-4-2 224 971 44 43 
cell-0-4-3 268 971 44 43 
cell-0-4-4 312 971 44 43 
cell-0-4-5 356 971 340 43 
cell-0-5-0 136 1022 44 43 
cell-0-5-1 180 1022 44 43 
cell-0-5-2 224 1022 44 43 
cell-0-5-3 268 1022 44 43 
cell-0-5-4 312 1022 44 43 
cell-0-5-5 356 1022 340 43 
cell-0-6-0 136 1073 44 43 
cell-0-6-1 180 1073 44 43 
cell-0-6-2 224 1073 44 43 
cell-0-6-3 268 1073 44 43 
cell-0-6-4 312 1073 44 43 
cell-0-6-5 356 1073 340 43 
cell-0-7-0 136 1124 44 43 
cell-0-7-1 180 1124 44 43 
cell-0-7-2 224 1124 44 43 
cell-0-7-3 268 1124 44 43 
cell-0-7-4 312 1124 44 43 
cell-0-7-5 356 1124 340 43 
cell-0-8-0 136 1175 44 43 
cell-0-8-1 180 1175 44 43 
cell-0-8-2 224 1175 44 43 
cell-0-8-3 268 1175 44 43 
cell-0-8-4 312 1175 44 43 
cell-0-8-5 356 1175 340 43 
cell-0-9-0 136 1226 44 43 
cell-0-9-1 180 1226 44 43 
cell-0-9-2 224 1226 44 43 
cell-0-9-3 268 1226 44 43 
cell-0-9-4 312 1226 44 43 
cell-0-9-5 356 1226 340 43 
cell-0-10-0 136 1277 44 43 
cell-0-10-1 180 1277 44 43 
cell-0-10-2 224 1277 44 43 
cell-0-10-3 268 1277 44 43 
cell-0-10-4 312 1277 44 43 
cell-0-10-5 356 1277 340 43 
cell-0-11-0 136 1328 44 43 
cell-0-11-1 180 1328 44 43 
cell-0-11-2 224 1328 44 43 
cell-0-11-3 268 1328 44 43 
cell-0-11-4 312 1328 44 43 
cell-0-11-5 356 1328 340 43 
table-1 290 168 600 290 
cell-1-0-0 290 168 120 44 
cell-1-0-1 410 168 120 44 
cell-1-0-2 530 168 120 44 
cell-1-0-3 650 168 120 44 
cell-1-0-4 770 168 120 44 
cell-1-1-0 290 217 120 44 
cell-1-1-1 410 217 120 44 
cell-1-1-2 530 217 120 44 
cell-1-1-3 650 217 120 44 
cell-1-1-4 770 217 120 44 
cell-1-2-0 290 266 120 44 
cell-1-2-1 410 266 120 44 
cell-1-2-2 530 266 120 44 
cell-1-2-3 650 266 120 44 
cell-1-2-4 770 266 120 44 
cell-1-3-0 290 315 120 44 
cell-1-3-1 410 315 120 44 
cell-1-3-2 530 315 120 44 
cell-1-3-3 650 315 120 44 
cell-1-3-4 770 315 120 44 
cell-1-4-0 290 364 120 44 
cell-1-4-1 410 364 120 44 
cell-1-4-2 530 364 120 44 
cell-1-4-3 650 364 120 44 
cell-1-4-4 770 364 120 44 
cell-1-5-0 290 413 120 44 
cell-1-5-1 410 413 120 44 
cell-1-5-2 530 413 120 44 
cell-1-5-3 650 413 120 44 
cell-1-5-4 770 413 120 44 
