table-0 164 295 655 559 
cell-0-0-0 164 295 44 43 
cell-0-0-1 208 295 44 43 
cell-0-0-2 252 295 44 43 
cell-0-0-3 296 295 44 43 
cell-0-0-4 340 295 44 43 
cell-0-0-5 384 295 431 43 
cell-0-1-0 164 352 44 43 
cell-0-1-1 208 352 44 43 
cell-0-1-2 252 352 44 43 
cell-0-1-3 296 352 44 43 
cell-0-1-4 340 352 44 43 
cell-0-1-5 384 352 431 43 
cell-0-2-0 164 409 44 43 
cell-0-2-1 208 409 44 43 
cell-0-2-2 252 409 44 43 
cell-0-2-3 296 409 44 43 
cell-0-2-4 340 409 44 43 
cell-0-2-5 384 409 431 43 
cell-0-3-0 164 466 44 43 
cell-0-3-1 208 466 44 43 
cell-0-3-2 252 466 44 43 
cell-0-3-3 296 466 44 43 
cell-0-3-4 340 466 44 43 
cell-0-3-5 384 466 431 43 
cell-0-4-0 164 523 44 43 
cell-0-4-1 208 523 44 43 
cell-0-4-2 252 523 44 43 
cell-0-4-3 296 523 44 43 
cell-0-4-4 340 523 44 43 
cell-0-4-5 384 523 431 43 
cell-0-5-0 164 580 44 43 
cell-0-5-1 208 580 44 43 
cell-0-5-2 252 580 44 43 
cell-0-5-3 296 580 44 43 
cell-0-5-4 340 580 44 43 
cell-0-5-5 384 580 431 43 
cell-0-6-0 164 637 44 43 
cell-0-6-1 208 637 44 43 
cell-0-6-2 252 637 44 43 
cell-0-6-3 296 637 44 43 
cell-0-6-4 340 637 44 43 
cell-0-6-5 384 637 431 43 
cell-0-7-0 164 694 44 43 
cell-0-7-1 208 694 44 43 
cell-0-7-2 252 694 44 43 
cell-0-7-3 296 694 44 43 
cell-0-7-4 340 694 44 43 
cell-0-7-5 384 694 431 43 
cell-0-8-0 164 751 44 43 
cell-0-8-1 208 751 44 43 
cell-0-8-2 252 751 44 43 
cell-0-8-3 296 751 44 43 
cell-0-8-4 340 751 44 43 
cell-0-8-5 384 751 431 43 
cell-0-9-0 164 808 44 43 
cell-0-9-1 208 808 44 43 
cell-0-9-2 252 808 44 43 
cell-0-9-3 296 808 44 43 
cell-0-9-4 340 808 44 43 
cell-0-9-5 384 808 431 43 
header-5 100 1110 830 193 
row-1-1 100 1110 376 40 
row-1-2 496 1110 277 40 
row-2-1 100 1160 376 40 
row-2-2 496 1160 433 40 
row-3-1 100 1210 541 40 
row-4-1 100 1260 508 40 
