table-0 422 322 594 646 
cell-0-0-0 422 322 44 42 
cell-0-0-1 466 322 44 42 
cell-0-0-2 510 322 44 42 
cell-0-0-3 554 322 44 42 
cell-0-0-4 598 322 44 42 
cell-0-0-5 642 322 374 42 
cell-0-1-0 422 365 44 42 
cell-0-1-1 466 365 44 42 
cell-0-1-2 510 365 44 42 
cell-0-1-3 554 365 44 42 
cell-0-1-4 598 365 44 42 
cell-0-1-5 642 365 374 42 
cell-0-2-0 422 408 44 42 
cell-0-2-1 466 408 44 42 
cell-0-2-2 510 408 44 42 
cell-0-2-3 554 408 44 42 
cell-0-2-4 598 408 44 42 
cell-0-2-5 642 408 374 42 
cell-0-3-0 422 451 44 42 
cell-0-3-1 466 451 44 42 
cell-0-3-2 510 451 44 42 
cell-0-3-3 554 451 44 42 
cell-0-3-4 598 451 44 42 
cell-0-3-5 642 451 374 42 
cell-0-4-0 422 494 44 42 
cell-0-4-1 466 494 44 42 
cell-0-4-2 510 494 44 42 
cell-0-4-3 554 494 44 42 
cell-0-4-4 598 494 44 42 
cell-0-4-5 642 494 374 42 
cell-0-5-0 422 537 44 42 
cell-0-5-1 466 537 44 42 
cell-0-5-2 510 537 44 42 
cell-0-5-3 554 537 44 42 
cell-0-5-4 598 537 44 42 
cell-0-5-5 642 537 374 42 
cell-0-6-0 422 580 44 42 
cell-0-6-1 466 580 44 42 
cell-0-6-2 510 580 44 42 
cell-0-6-3 554 580 44 42 
cell-0-6-4 598 580 44 42 
cell-0-6-5 642 580 374 42 
cell-0-7-0 422 623 44 42 
cell-0-7-1 466 623 44 42 
cell-0-7-2 510 623 44 42 
cell-0-7-3 554 623 44 42 
cell-0-7-4 598 623 44 42 
cell-0-7-5 642 623 374 42 
cell-0-8-0 422 666 44 42 
cell-0-8-1 466 666 44 42 
cell-0-8-2 510 666 44 42 
cell-0-8-3 554 666 44 42 
cell-0-8-4 598 666 44 42 
cell-0-8-5 642 666 374 42 
cell-0-9-0 422 709 44 42 
cell-0-9-1 466 709 44 42 
cell-0-9-2 510 709 44 42 
cell-0-9-3 554 709 44 42 
cell-0-9-4 598 709 44 42 
cell-0-9-5 642 709 374 42 
cell-0-10-0 422 752 44 42 
cell-0-10-1 466 752 44 42 
cell-0-10-2 510 752 44 42 
cell-0-10-3 554 752 44 42 
cell-0-10-4 598 752 44 42 
cell-0-10-5 642 752 374 42 
cell-0-11-0 422 795 44 42 
cell-0-11-1 466 795 44 42 
cell-0-11-2 510 795 44 42 
cell-0-11-3 554 795 44 42 
cell-0-11-4 598 795 44 42 
cell-0-11-5 642 795 374 42 
cell-0-12-0 422 838 44 42 
cell-0-12-1 466 838 44 42 
cell-0-12-2 510 838 44 42 
cell-0-12-3 554 838 44 42 
cell-0-12-4 598 838 44 42 
cell-0-12-5 642 838 374 42 
cell-0-13-0 422 881 44 42 
cell-0-13-1 466 881 44 42 
cell-0-13-2 510 881 44 42 
cell-0-13-3 554 881 44 42 
cell-0-13-4 598 881 44 42 
cell-0-13-5 642 881 374 42 
cell-0-14-0 422 924 44 42 
cell-0-14-1 466 924 44 42 
cell-0-14-2 510 924 44 42 
cell-0-14-3 554 924 44 42 
cell-0-14-4 598 924 44 42 
cell-0-14-5 642 924 374 42 
