table-0 177 550 552 351 
cell-0-1-0 177 550 34 35 
cell-0-1-1 214 550 34 35 
cell-0-1-2 251 550 34 35 
cell-0-1-3 288 550 34 35 
cell-0-1-4 325 550 34 35 
cell-0-1-5 362 550 34 35 
cell-0-1-6 399 550 34 35 
cell-0-1-7 436 550 34 35 
cell-0-1-8 473 550 34 35 
cell-0-1-9 510 550 34 35 
cell-0-1-10 547 550 34 35 
cell-0-1-11 584 550 34 35 
cell-0-1-12 621 550 34 35 
cell-0-1-13 658 550 34 35 
cell-0-1-14 695 550 34 35 
cell-0-2-0 177 595 34 35 
cell-0-2-1 214 595 34 35 
cell-0-2-2 251 595 34 35 
cell-0-2-3 288 595 34 35 
cell-0-2-4 325 595 34 35 
cell-0-2-5 362 595 34 35 
cell-0-2-6 399 595 34 35 
cell-0-2-7 436 595 34 35 
cell-0-2-8 473 595 34 35 
cell-0-2-9 510 595 34 35 
cell-0-2-10 547 595 34 35 
cell-0-2-11 584 595 34 35 
cell-0-2-12 621 595 34 35 
cell-0-2-13 658 595 34 35 
cell-0-2-14 695 595 34 35 
cell-0-3-0 177 640 34 35 
cell-0-3-1 214 640 34 35 
cell-0-3-2 251 640 34 35 
cell-0-3-3 288 640 34 35 
cell-0-3-4 325 640 34 35 
cell-0-3-5 362 640 34 35 
cell-0-3-6 399 640 34 35 
cell-0-3-7 436 640 34 35 
cell-0-3-8 473 640 34 35 
cell-0-3-9 510 640 34 35 
cell-0-3-10 547 640 34 35 
cell-0-3-11 584 640 34 35 
cell-0-3-12 621 640 34 35 
cell-0-3-13 658 640 34 35 
cell-0-3-14 695 640 34 35 
cell-0-4-0 177 685 34 35 
cell-0-4-1 214 685 34 35 
cell-0-4-2 251 685 34 35 
cell-0-4-3 288 685 34 35 
cell-0-4-4 325 685 34 35 
cell-0-4-5 362 685 34 35 
cell-0-4-6 399 685 34 35 
cell-0-4-7 436 685 34 35 
cell-0-4-8 473 685 34 35 
cell-0-4-9 510 685 34 35 
cell-0-4-10 547 685 34 35 
cell-0-4-11 584 685 34 35 
cell-0-4-12 621 685 34 35 
cell-0-4-13 658 685 34 35 
cell-0-4-14 695 685 34 35 
cell-0-5-0 177 730 34 35 
cell-0-5-1 214 730 34 35 
cell-0-5-2 251 730 34 35 
cell-0-5-3 288 730 34 35 
cell-0-5-4 325 730 34 35 
cell-0-5-5 362 730 34 35 
cell-0-5-6 399 730 34 35 
cell-0-5-7 436 730 34 35 
cell-0-5-8 473 730 34 35 
cell-0-5-9 510 730 34 35 
cell-0-5-10 547 730 34 35 
cell-0-5-11 584 730 34 35 
cell-0-5-12 621 730 34 35 
cell-0-5-13 658 730 34 35 
cell-0-5-14 695 730 34 35 
cell-0-6-0 177 775 34 35 
cell-0-6-1 214 775 34 35 
cell-0-6-2 251 775 34 35 
cell-0-6-3 288 775 34 35 
cell-0-6-4 325 775 34 35 
cell-0-6-5 362 775 34 35 
cell-0-6-6 399 775 34 35 
cell-0-6-7 436 775 34 35 
cell-0-6-8 473 775 34 35 
cell-0-6-9 510 775 34 35 
cell-0-6-10 547 775 34 35 
cell-0-6-11 584 775 34 35 
cell-0-6-12 621 775 34 35 
cell-0-6-13 658 775 34 35 
cell-0-6-14 695 775 34 35 
cell-0-7-0 177 820 34 35 
cell-0-7-1 214 820 34 35 
cell-0-7-2 251 820 34 35 
cell-0-7-3 288 820 34 35 
cell-0-7-4 325 820 34 35 
cell-0-7-5 362 820 34 35 
cell-0-7-6 399 820 34 35 
cell-0-7-7 436 820 34 35 
cell-0-7-8 473 820 34 35 
cell-0-7-9 510 820 34 35 
cell-0-7-10 547 820 34 35 
cell-0-7-11 584 820 34 35 
cell-0-7-12 621 820 34 35 
cell-0-7-13 658 820 34 35 
cell-0-7-14 695 820 34 35 
cell-0-8-0 177 865 34 35 
cell-0-8-1 214 865 34 35 
cell-0-8-2 251 865 34 35 
cell-0-8-3 288 865 34 35 
cell-0-8-4 325 865 34 35 
cell-0-8-5 362 865 34 35 
cell-0-8-6 399 865 34 35 
cell-0-8-7 436 865 34 35 
cell-0-8-8 473 865 34 35 
cell-0-8-9 510 865 34 35 
cell-0-8-10 547 865 34 35 
cell-0-8-11 584 865 34 35 
cell-0-8-12 621 865 34 35 
cell-0-8-13 658 865 34 35 
cell-0-8-14 695 865 34 35 
