table-0 392 685 364 594 
cell-0-1-0 392 685 33 35 
cell-0-1-1 425 685 33 35 
cell-0-1-2 458 685 33 35 
cell-0-1-3 491 685 33 35 
cell-0-1-4 524 685 33 35 
cell-0-1-5 557 685 33 35 
cell-0-1-6 590 685 33 35 
cell-0-1-7 623 685 33 35 
cell-0-1-8 656 685 33 35 
cell-0-1-9 689 685 33 35 
cell-0-1-10 722 685 33 35 
cell-0-2-0 392 747 33 35 
cell-0-2-1 425 747 33 35 
cell-0-2-2 458 747 33 35 
cell-0-2-3 491 747 33 35 
cell-0-2-4 524 747 33 35 
cell-0-2-5 557 747 33 35 
cell-0-2-6 590 747 33 35 
cell-0-2-7 623 747 33 35 
cell-0-2-8 656 747 33 35 
cell-0-2-9 689 747 33 35 
cell-0-2-10 722 747 33 35 
cell-0-3-0 392 809 33 35 
cell-0-3-1 425 809 33 35 
cell-0-3-2 458 809 33 35 
cell-0-3-3 491 809 33 35 
cell-0-3-4 524 809 33 35 
cell-0-3-5 557 809 33 35 
cell-0-3-6 590 809 33 35 
cell-0-3-7 623 809 33 35 
cell-0-3-8 656 809 33 35 
cell-0-3-9 689 809 33 35 
cell-0-3-10 722 809 33 35 
cell-0-4-0 392 871 33 35 
cell-0-4-1 425 871 33 35 
cell-0-4-2 458 871 33 35 
cell-0-4-3 491 871 33 35 
cell-0-4-4 524 871 33 35 
cell-0-4-5 557 871 33 35 
cell-0-4-6 590 871 33 35 
cell-0-4-7 623 871 33 35 
cell-0-4-8 656 871 33 35 
cell-0-4-9 689 871 33 35 
cell-0-4-10 722 871 33 35 
cell-0-5-0 392 933 33 35 
cell-0-5-1 425 933 33 35 
cell-0-5-2 458 933 33 35 
cell-0-5-3 491 933 33 35 
cell-0-5-4 524 933 33 35 
cell-0-5-5 557 933 33 35 
cell-0-5-6 590 933 33 35 
cell-0-5-7 623 933 33 35 
cell-0-5-8 656 933 33 35 
cell-0-5-9 689 933 33 35 
cell-0-5-10 722 933 33 35 
cell-0-6-0 392 995 33 35 
cell-0-6-1 425 995 33 35 
cell-0-6-2 458 995 33 35 
cell-0-6-3 491 995 33 35 
cell-0-6-4 524 995 33 35 
cell-0-6-5 557 995 33 35 
cell-0-6-6 590 995 33 35 
cell-0-6-7 623 995 33 35 
cell-0-6-8 656 995 33 35 
cell-0-6-9 689 995 33 35 
cell-0-6-10 722 995 33 35 
cell-0-7-0 392 1057 33 35 
cell-0-7-1 425 1057 33 35 
cell-0-7-2 458 1057 33 35 
cell-0-7-3 491 1057 33 35 
cell-0-7-4 524 1057 33 35 
cell-0-7-5 557 1057 33 35 
cell-0-7-6 590 1057 33 35 
cell-0-7-7 623 1057 33 35 
cell-0-7-8 656 1057 33 35 
cell-0-7-9 689 1057 33 35 
cell-0-7-10 722 1057 33 35 
cell-0-8-0 392 1119 33 35 
cell-0-8-1 425 1119 33 35 
cell-0-8-2 458 1119 33 35 
cell-0-8-3 491 1119 33 35 
cell-0-8-4 524 1119 33 35 
cell-0-8-5 557 1119 33 35 
cell-0-8-6 590 1119 33 35 
cell-0-8-7 623 1119 33 35 
cell-0-8-8 656 1119 33 35 
cell-0-8-9 689 1119 33 35 
cell-0-8-10 722 1119 33 35 
cell-0-9-0 392 1181 33 35 
cell-0-9-1 425 1181 33 35 
cell-0-9-2 458 1181 33 35 
cell-0-9-3 491 1181 33 35 
cell-0-9-4 524 1181 33 35 
cell-0-9-5 557 1181 33 35 
cell-0-9-6 590 1181 33 35 
cell-0-9-7 623 1181 33 35 
cell-0-9-8 656 1181 33 35 
cell-0-9-9 689 1181 33 35 
cell-0-9-10 722 1181 33 35 
cell-0-10-0 392 1243 33 35 
cell-0-10-1 425 1243 33 35 
cell-0-10-2 458 1243 33 35 
cell-0-10-3 491 1243 33 35 
cell-0-10-4 524 1243 33 35 
cell-0-10-5 557 1243 33 35 
cell-0-10-6 590 1243 33 35 
cell-0-10-7 623 1243 33 35 
cell-0-10-8 656 1243 33 35 
cell-0-10-9 689 1243 33 35 
cell-0-10-10 722 1243 33 35 
