table-0 447 1198 500 237 
cell-0-0-0 447 1198 71 39 
cell-0-0-1 518 1198 71 39 
cell-0-0-2 589 1198 71 39 
cell-0-0-3 660 1198 71 39 
cell-0-0-4 731 1198 71 39 
cell-0-0-5 802 1198 71 39 
cell-0-0-6 873 1198 71 39 
cell-0-1-0 447 1237 71 39 
cell-0-1-1 518 1237 71 39 
cell-0-1-2 589 1237 71 39 
cell-0-1-3 660 1237 71 39 
cell-0-1-4 731 1237 71 39 
cell-0-1-5 802 1237 71 39 
cell-0-1-6 873 1237 71 39 
cell-0-2-0 447 1276 71 39 
cell-0-2-1 518 1276 71 39 
cell-0-2-2 589 1276 71 39 
cell-0-2-3 660 1276 71 39 
cell-0-2-4 731 1276 71 39 
cell-0-2-5 802 1276 71 39 
cell-0-2-6 873 1276 71 39 
cell-0-3-0 447 1315 71 39 
cell-0-3-1 518 1315 71 39 
cell-0-3-2 589 1315 71 39 
cell-0-3-3 660 1315 71 39 
cell-0-3-4 731 1315 71 39 
cell-0-3-5 802 1315 71 39 
cell-0-3-6 873 1315 71 39 
cell-0-4-0 447 1354 71 39 
cell-0-4-1 518 1354 71 39 
cell-0-4-2 589 1354 71 39 
cell-0-4-3 660 1354 71 39 
cell-0-4-4 731 1354 71 39 
cell-0-4-5 802 1354 71 39 
cell-0-4-6 873 1354 71 39 
cell-0-5-0 447 1393 71 39 
cell-0-5-1 518 1393 71 39 
cell-0-5-2 589 1393 71 39 
cell-0-5-3 660 1393 71 39 
cell-0-5-4 731 1393 71 39 
cell-0-5-5 802 1393 71 39 
cell-0-5-6 873 1393 71 39 
