table-0 104 73 639 798 
cell-0-0-0 104 73 43 41 
cell-0-0-1 147 73 43 41 
cell-0-0-2 190 73 43 41 
cell-0-0-3 233 73 43 41 
cell-0-0-4 276 73 43 41 
cell-0-0-5 319 73 43 41 
cell-0-0-6 362 73 381 41 
cell-0-1-0 104 127 43 41 
cell-0-1-1 147 127 43 41 
cell-0-1-2 190 127 43 41 
cell-0-1-3 233 127 43 41 
cell-0-1-4 276 127 43 41 
cell-0-1-5 319 127 43 41 
cell-0-1-6 362 127 381 41 
cell-0-2-0 104 181 43 41 
cell-0-2-1 147 181 43 41 
cell-0-2-2 190 181 43 41 
cell-0-2-3 233 181 43 41 
cell-0-2-4 276 181 43 41 
cell-0-2-5 319 181 43 41 
cell-0-2-6 362 181 381 41 
cell-0-3-0 104 235 43 41 
cell-0-3-1 147 235 43 41 
cell-0-3-2 190 235 43 41 
cell-0-3-3 233 235 43 41 
cell-0-3-4 276 235 43 41 
cell-0-3-5 319 235 43 41 
cell-0-3-6 362 235 381 41 
cell-0-4-0 104 289 43 41 
cell-0-4-1 147 289 43 41 
cell-0-4-2 190 289 43 41 
cell-0-4-3 233 289 43 41 
cell-0-4-4 276 289 43 41 
cell-0-4-5 319 289 43 41 
cell-0-4-6 362 289 381 41 
cell-0-5-0 104 343 43 41 
cell-0-5-1 147 343 43 41 
cell-0-5-2 190 343 43 41 
cell-0-5-3 233 343 43 41 
cell-0-5-4 276 343 43 41 
cell-0-5-5 319 343 43 41 
cell-0-5-6 362 343 381 41 
cell-0-6-0 104 397 43 41 
cell-0-6-1 147 397 43 41 
cell-0-6-2 190 397 43 41 
cell-0-6-3 233 397 43 41 
cell-0-6-4 276 397 43 41 
cell-0-6-5 319 397 43 41 
cell-0-6-6 362 397 381 41 
cell-0-7-0 104 451 43 41 
cell-0-7-1 147 451 43 41 
cell-0-7-2 190 451 43 41 
cell-0-7-3 233 451 43 41 
cell-0-7-4 276 451 43 41 
cell-0-7-5 319 451 43 41 
cell-0-7-6 362 451 381 41 
cell-0-8-0 104 505 43 41 
cell-0-8-1 147 505 43 41 
cell-0-8-2 190 505 43 41 
cell-0-8-3 233 505 43 41 
cell-0-8-4 276 505 43 41 
cell-0-8-5 319 505 43 41 
cell-0-8-6 362 505 381 41 
cell-0-9-0 104 559 43 41 
cell-0-9-1 147 559 43 41 
cell-0-9-2 190 559 43 41 
cell-0-9-3 233 559 43 41 
cell-0-9-4 276 559 43 41 
cell-0-9-5 319 559 43 41 
cell-0-9-6 362 559 381 41 
cell-0-10-0 104 613 43 41 
cell-0-10-1 147 613 43 41 
cell-0-10-2 190 613 43 41 
cell-0-10-3 233 613 43 41 
cell-0-10-4 276 613 43 41 
cell-0-10-5 319 613 43 41 
cell-0-10-6 362 613 381 41 
cell-0-11-0 104 667 43 41 
cell-0-11-1 147 667 43 41 
cell-0-11-2 190 667 43 41 
cell-0-11-3 233 667 43 41 
cell-0-11-4 276 667 43 41 
cell-0-11-5 319 667 43 41 
cell-0-11-6 362 667 381 41 
cell-0-12-0 104 721 43 41 
cell-0-12-1 147 721 43 41 
cell-0-12-2 190 721 43 41 
cell-0-12-3 233 721 43 41 
cell-0-12-4 276 721 43 41 
cell-0-12-5 319 721 43 41 
cell-0-12-6 362 721 381 41 
cell-0-13-0 104 775 43 41 
cell-0-13-1 147 775 43 41 
cell-0-13-2 190 775 43 41 
cell-0-13-3 233 775 43 41 
cell-0-13-4 276 775 43 41 
cell-0-13-5 319 775 43 41 
cell-0-13-6 362 775 381 41 
cell-0-14-0 104 829 43 41 
cell-0-14-1 147 829 43 41 
cell-0-14-2 190 829 43 41 
cell-0-14-3 233 829 43 41 
cell-0-14-4 276 829 43 41 
cell-0-14-5 319 829 43 41 
cell-0-14-6 362 829 381 41 
table-3 828 855 228 458 
cell-3-0-0 828 855 45 35 
cell-3-0-1 873 855 45 35 
cell-3-0-2 918 855 45 35 
cell-3-0-3 963 855 45 35 
cell-3-0-4 1008 855 45 35 
cell-3-1-0 828 890 45 35 
cell-3-1-1 873 890 45 35 
cell-3-1-2 918 890 45 35 
cell-3-1-3 963 890 45 35 
cell-3-1-4 1008 890 45 35 
cell-3-2-0 828 925 45 35 
cell-3-2-1 873 925 45 35 
cell-3-2-2 918 925 45 35 
cell-3-2-3 963 925 45 35 
cell-3-2-4 1008 925 45 35 
cell-3-3-0 828 960 45 35 
cell-3-3-1 873 960 45 35 
cell-3-3-2 918 960 45 35 
cell-3-3-3 963 960 45 35 
cell-3-3-4 1008 960 45 35 
cell-3-4-0 828 995 45 35 
cell-3-4-1 873 995 45 35 
cell-3-4-2 918 995 45 35 
cell-3-4-3 963 995 45 35 
cell-3-4-4 1008 995 45 35 
cell-3-5-0 828 1030 45 35 
cell-3-5-1 873 1030 45 35 
cell-3-5-2 918 1030 45 35 
cell-3-5-3 963 1030 45 35 
cell-3-5-4 1008 1030 45 35 
cell-3-6-0 828 1065 45 35 
cell-3-6-1 873 1065 45 35 
cell-3-6-2 918 1065 45 35 
cell-3-6-3 963 1065 45 35 
cell-3-6-4 1008 1065 45 35 
cell-3-7-0 828 1100 45 35 
cell-3-7-1 873 1100 45 35 
cell-3-7-2 918 1100 45 35 
cell-3-7-3 963 1100 45 35 
cell-3-7-4 1008 1100 45 35 
cell-3-8-0 828 1135 45 35 
cell-3-8-1 873 1135 45 35 
cell-3-8-2 918 1135 45 35 
cell-3-8-3 963 1135 45 35 
cell-3-8-4 1008 1135 45 35 
cell-3-9-0 828 1170 45 35 
cell-3-9-1 873 1170 45 35 
cell-3-9-2 918 1170 45 35 
cell-3-9-3 963 1170 45 35 
cell-3-9-4 1008 1170 45 35 
cell-3-10-0 828 1205 45 35 
cell-3-10-1 873 1205 45 35 
cell-3-10-2 918 1205 45 35 
cell-3-10-3 963 1205 45 35 
cell-3-10-4 1008 1205 45 35 
cell-3-11-0 828 1240 45 35 
cell-3-11-1 873 1240 45 35 
cell-3-11-2 918 1240 45 35 
cell-3-11-3 963 1240 45 35 
cell-3-11-4 1008 1240 45 35 
cell-3-12-0 828 1275 45 35 
cell-3-12-1 873 1275 45 35 
cell-3-12-2 918 1275 45 35 
cell-3-12-3 963 1275 45 35 
cell-3-12-4 1008 1275 45 35 
