table-0 221 141 800 238 
cell-0-0-0 221 141 160 37 
cell-0-0-1 381 141 160 37 
cell-0-0-2 541 141 160 37 
cell-0-0-3 701 141 160 37 
cell-0-0-4 861 141 160 37 
cell-0-1-0 221 191 160 37 
cell-0-1-1 381 191 160 37 
cell-0-1-2 541 191 160 37 
cell-0-1-3 701 191 160 37 
cell-0-1-4 861 191 160 37 
cell-0-2-0 221 241 160 37 
cell-0-2-1 381 241 160 37 
cell-0-2-2 541 241 160 37 
cell-0-2-3 701 241 160 37 
cell-0-2-4 861 241 160 37 
cell-0-3-0 221 291 160 37 
cell-0-3-1 381 291 160 37 
cell-0-3-2 541 291 160 37 
cell-0-3-3 701 291 160 37 
cell-0-3-4 861 291 160 37 
cell-0-4-0 221 341 160 37 
cell-0-4-1 381 341 160 37 
cell-0-4-2 541 341 160 37 
cell-0-4-3 701 341 160 37 
cell-0-4-4 861 341 160 37 
