table-0 775 570 266 583 
cell-0-0-0 775 570 44 35 
cell-0-0-1 819 570 44 35 
cell-0-0-2 863 570 44 35 
cell-0-0-3 907 570 44 35 
cell-0-0-4 951 570 44 35 
cell-0-0-5 995 570 44 35 
cell-0-1-0 775 612 44 35 
cell-0-1-1 819 612 44 35 
cell-0-1-2 863 612 44 35 
cell-0-1-3 907 612 44 35 
cell-0-1-4 951 612 44 35 
cell-0-1-5 995 612 44 35 
cell-0-2-0 775 654 44 35 
cell-0-2-1 819 654 44 35 
cell-0-2-2 863 654 44 35 
cell-0-2-3 907 654 44 35 
cell-0-2-4 951 654 44 35 
cell-0-2-5 995 654 44 35 
cell-0-3-0 775 696 44 35 
cell-0-3-1 819 696 44 35 
cell-0-3-2 863 696 44 35 
cell-0-3-3 907 696 44 35 
cell-0-3-4 951 696 44 35 
cell-0-3-5 995 696 44 35 
cell-0-4-0 775 738 44 35 
cell-0-4-1 819 738 44 35 
cell-0-4-2 863 738 44 35 
cell-0-4-3 907 738 44 35 
cell-0-4-4 951 738 44 35 
cell-0-4-5 995 738 44 35 
cell-0-5-0 775 780 44 35 
cell-0-5-1 819 780 44 35 
cell-0-5-2 863 780 44 35 
cell-0-5-3 907 780 44 35 
cell-0-5-4 951 780 44 35 
cell-0-5-5 995 780 44 35 
cell-0-6-0 775 822 44 35 
cell-0-6-1 819 822 44 35 
cell-0-6-2 863 822 44 35 
cell-0-6-3 907 822 44 35 
cell-0-6-4 951 822 44 35 
cell-0-6-5 995 822 44 35 
cell-0-7-0 775 864 44 35 
cell-0-7-1 819 864 44 35 
cell-0-7-2 863 864 44 35 
cell-0-7-3 907 864 44 35 
cell-0-7-4 951 864 44 35 
cell-0-7-5 995 864 44 35 
cell-0-8-0 775 906 44 35 
cell-0-8-1 819 906 44 35 
cell-0-8-2 863 906 44 35 
cell-0-8-3 907 906 44 35 
cell-0-8-4 951 906 44 35 
cell-0-8-5 995 906 44 35 
cell-0-9-0 775 948 44 35 
cell-0-9-1 819 948 44 35 
cell-0-9-2 863 948 44 35 
cell-0-9-3 907 948 44 35 
cell-0-9-4 951 948 44 35 
cell-0-9-5 995 948 44 35 
cell-0-10-0 775 990 44 35 
cell-0-10-1 819 990 44 35 
cell-0-10-2 863 990 44 35 
cell-0-10-3 907 990 44 35 
cell-0-10-4 951 990 44 35 
cell-0-10-5 995 990 44 35 
cell-0-11-0 775 1032 44 35 
cell-0-11-1 819 1032 44 35 
cell-0-11-2 863 1032 44 35 
cell-0-11-3 907 1032 44 35 
cell-0-11-4 951 1032 44 35 
cell-0-11-5 995 1032 44 35 
cell-0-12-0 775 1074 44 35 
cell-0-12-1 819 1074 44 35 
cell-0-12-2 863 1074 44 35 
cell-0-12-3 907 1074 44 35 
cell-0-12-4 951 1074 44 35 
cell-0-12-5 995 1074 44 35 
cell-0-13-0 775 1116 44 35 
cell-0-13-1 819 1116 44 35 
cell-0-13-2 863 1116 44 35 
cell-0-13-3 907 1116 44 35 
cell-0-13-4 951 1116 44 35 
cell-0-13-5 995 1116 44 35 
table-3 120 176 552 204 
cell-3-1-0 120 176 34 35 
cell-3-1-1 157 176 34 35 
cell-3-1-2 194 176 34 35 
cell-3-1-3 231 176 34 35 
cell-3-1-4 268 176 34 35 
cell-3-1-5 305 176 34 35 
cell-3-1-6 342 176 34 35 
cell-3-1-7 379 176 34 35 
cell-3-1-8 416 176 34 35 
cell-3-1-9 453 176 34 35 
cell-3-1-10 490 176 34 35 
cell-3-1-11 527 176 34 35 
cell-3-1-12 564 176 34 35 
cell-3-1-13 601 176 34 35 
cell-3-1-14 638 176 34 35 
cell-3-2-0 120 218 34 35 
cell-3-2-1 157 218 34 35 
cell-3-2-2 194 218 34 35 
cell-3-2-3 231 218 34 35 
cell-3-2-4 268 218 34 35 
cell-3-2-5 305 218 34 35 
cell-3-2-6 342 218 34 35 
cell-3-2-7 379 218 34 35 
cell-3-2-8 416 218 34 35 
cell-3-2-9 453 218 34 35 
cell-3-2-10 490 218 34 35 
cell-3-2-11 527 218 34 35 
cell-3-2-12 564 218 34 35 
cell-3-2-13 601 218 34 35 
cell-3-2-14 638 218 34 35 
cell-3-3-0 120 260 34 35 
cell-3-3-1 157 260 34 35 
cell-3-3-2 194 260 34 35 
cell-3-3-3 231 260 34 35 
cell-3-3-4 268 260 34 35 
cell-3-3-5 305 260 34 35 
cell-3-3-6 342 260 34 35 
cell-3-3-7 379 260 34 35 
cell-3-3-8 416 260 34 35 
cell-3-3-9 453 260 34 35 
cell-3-3-10 490 260 34 35 
cell-3-3-11 527 260 34 35 
cell-3-3-12 564 260 34 35 
cell-3-3-13 601 260 34 35 
cell-3-3-14 638 260 34 35 
cell-3-4-0 120 302 34 35 
cell-3-4-1 157 302 34 35 
cell-3-4-2 194 302 34 35 
cell-3-4-3 231 302 34 35 
cell-3-4-4 268 302 34 35 
cell-3-4-5 305 302 34 35 
cell-3-4-6 342 302 34 35 
cell-3-4-7 379 302 34 35 
cell-3-4-8 416 302 34 35 
cell-3-4-9 453 302 34 35 
cell-3-4-10 490 302 34 35 
cell-3-4-11 527 302 34 35 
cell-3-4-12 564 302 34 35 
cell-3-4-13 601 302 34 35 
cell-3-4-14 638 302 34 35 
cell-3-5-0 120 344 34 35 
cell-3-5-1 157 344 34 35 
cell-3-5-2 194 344 34 35 
cell-3-5-3 231 344 34 35 
cell-3-5-4 268 344 34 35 
cell-3-5-5 305 344 34 35 
cell-3-5-6 342 344 34 35 
cell-3-5-7 379 344 34 35 
cell-3-5-8 416 344 34 35 
cell-3-5-9 453 344 34 35 
cell-3-5-10 490 344 34 35 
cell-3-5-11 527 344 34 35 
cell-3-5-12 564 344 34 35 
cell-3-5-13 601 344 34 35 
cell-3-5-14 638 344 34 35 
