table-0 137 372 800 369 
cell-0-0-0 137 372 88 51 
cell-0-0-1 225 372 88 51 
cell-0-0-2 313 372 88 51 
cell-0-0-3 401 372 88 51 
cell-0-0-4 489 372 88 51 
cell-0-0-5 577 372 88 51 
cell-0-0-6 665 372 88 51 
cell-0-0-7 753 372 88 51 
cell-0-0-8 841 372 88 51 
cell-0-1-0 137 435 88 51 
cell-0-1-1 225 435 88 51 
cell-0-1-2 313 435 88 51 
cell-0-1-3 401 435 88 51 
cell-0-1-4 489 435 88 51 
cell-0-1-5 577 435 88 51 
cell-0-1-6 665 435 88 51 
cell-0-1-7 753 435 88 51 
cell-0-1-8 841 435 88 51 
cell-0-2-0 137 498 88 51 
cell-0-2-1 225 498 88 51 
cell-0-2-2 313 498 88 51 
cell-0-2-3 401 498 88 51 
cell-0-2-4 489 498 88 51 
cell-0-2-5 577 498 88 51 
cell-0-2-6 665 498 88 51 
cell-0-2-7 753 498 88 51 
cell-0-2-8 841 498 88 51 
cell-0-3-0 137 561 88 51 
cell-0-3-1 225 561 88 51 
cell-0-3-2 313 561 88 51 
cell-0-3-3 401 561 88 51 
cell-0-3-4 489 561 88 51 
cell-0-3-5 577 561 88 51 
cell-0-3-6 665 561 88 51 
cell-0-3-7 753 561 88 51 
cell-0-3-8 841 561 88 51 
cell-0-4-0 137 624 88 51 
cell-0-4-1 225 624 88 51 
cell-0-4-2 313 624 88 51 
cell-0-4-3 401 624 88 51 
cell-0-4-4 489 624 88 51 
cell-0-4-5 577 624 88 51 
cell-0-4-6 665 624 88 51 
cell-0-4-7 753 624 88 51 
cell-0-4-8 841 624 88 51 
cell-0-5-0 137 687 88 51 
cell-0-5-1 225 687 88 51 
cell-0-5-2 313 687 88 51 
cell-0-5-3 401 687 88 51 
cell-0-5-4 489 687 88 51 
cell-0-5-5 577 687 88 51 
cell-0-5-6 665 687 88 51 
cell-0-5-7 753 687 88 51 
cell-0-5-8 841 687 88 51 
