table-0 60 680 1000 353 
cell-0-0-0 60 680 166 44 
cell-0-0-1 226 680 166 44 
cell-0-0-2 392 680 166 44 
cell-0-0-3 558 680 166 44 
cell-0-0-4 724 680 166 44 
cell-0-0-5 890 680 166 44 
cell-0-1-0 60 724 166 44 
cell-0-1-1 226 724 166 44 
cell-0-1-2 392 724 166 44 
cell-0-1-3 558 724 166 44 
cell-0-1-4 724 724 166 44 
cell-0-1-5 890 724 166 44 
cell-0-2-0 60 768 166 44 
cell-0-2-1 226 768 166 44 
cell-0-2-2 392 768 166 44 
cell-0-2-3 558 768 166 44 
cell-0-2-4 724 768 166 44 
cell-0-2-5 890 768 166 44 
cell-0-3-0 60 812 166 44 
cell-0-3-1 226 812 166 44 
cell-0-3-2 392 812 166 44 
cell-0-3-3 558 812 166 44 
cell-0-3-4 724 812 166 44 
cell-0-3-5 890 812 166 44 
cell-0-4-0 60 856 166 44 
cell-0-4-1 226 856 166 44 
cell-0-4-2 392 856 166 44 
cell-0-4-3 558 856 166 44 
cell-0-4-4 724 856 166 44 
cell-0-4-5 890 856 166 44 
cell-0-5-0 60 900 166 44 
cell-0-5-1 226 900 166 44 
cell-0-5-2 392 900 166 44 
cell-0-5-3 558 900 166 44 
cell-0-5-4 724 900 166 44 
cell-0-5-5 890 900 166 44 
cell-0-6-0 60 944 166 44 
cell-0-6-1 226 944 166 44 
cell-0-6-2 392 944 166 44 
cell-0-6-3 558 944 166 44 
cell-0-6-4 724 944 166 44 
cell-0-6-5 890 944 166 44 
cell-0-7-0 60 988 166 44 
cell-0-7-1 226 988 166 44 
cell-0-7-2 392 988 166 44 
cell-0-7-3 558 988 166 44 
cell-0-7-4 724 988 166 44 
cell-0-7-5 890 988 166 44 
