header-0 130 591 847 193 
row-1-1 130 591 410 40 
row-1-2 560 591 410 40 
row-2-1 130 641 344 40 
row-2-2 494 641 475 40 
row-3-1 130 691 674 40 
row-4-1 130 741 476 40 
header-1 256 108 746 195 
row-1-1 256 108 327 41 
row-1-2 603 108 393 41 
row-2-1 256 159 261 41 
row-2-2 537 159 453 41 
row-3-1 256 210 558 41 
row-4-1 256 261 492 41 
table-5 249 1128 682 202 
cell-5-1-0 249 1128 34 35 
cell-5-1-1 283 1128 34 35 
cell-5-1-2 317 1128 34 35 
cell-5-1-3 351 1128 34 35 
cell-5-1-4 385 1128 34 35 
cell-5-1-5 419 1128 34 35 
cell-5-1-6 453 1128 34 35 
cell-5-1-7 487 1128 34 35 
cell-5-1-8 521 1128 34 35 
cell-5-1-9 555 1128 34 35 
cell-5-1-10 589 1128 34 35 
cell-5-1-11 623 1128 34 35 
cell-5-1-12 657 1128 34 35 
cell-5-1-13 691 1128 34 35 
cell-5-1-14 725 1128 34 35 
cell-5-1-15 759 1128 34 35 
cell-5-1-16 793 1128 34 35 
cell-5-1-17 827 1128 34 35 
cell-5-1-18 861 1128 34 35 
cell-5-1-19 895 1128 34 35 
cell-5-2-0 249 1183 34 35 
cell-5-2-1 283 1183 34 35 
cell-5-2-2 317 1183 34 35 
cell-5-2-3 351 1183 34 35 
cell-5-2-4 385 1183 34 35 
cell-5-2-5 419 1183 34 35 
cell-5-2-6 453 1183 34 35 
cell-5-2-7 487 1183 34 35 
cell-5-2-8 521 1183 34 35 
cell-5-2-9 555 1183 34 35 
cell-5-2-10 589 1183 34 35 
cell-5-2-11 623 1183 34 35 
cell-5-2-12 657 1183 34 35 
cell-5-2-13 691 1183 34 35 
cell-5-2-14 725 1183 34 35 
cell-5-2-15 759 1183 34 35 
cell-5-2-16 793 1183 34 35 
cell-5-2-17 827 1183 34 35 
cell-5-2-18 861 1183 34 35 
cell-5-2-19 895 1183 34 35 
cell-5-3-0 249 1238 34 35 
cell-5-3-1 283 1238 34 35 
cell-5-3-2 317 1238 34 35 
cell-5-3-3 351 1238 34 35 
cell-5-3-4 385 1238 34 35 
cell-5-3-5 419 1238 34 35 
cell-5-3-6 453 1238 34 35 
cell-5-3-7 487 1238 34 35 
cell-5-3-8 521 1238 34 35 
cell-5-3-9 555 1238 34 35 
cell-5-3-10 589 1238 34 35 
cell-5-3-11 623 1238 34 35 
cell-5-3-12 657 1238 34 35 
cell-5-3-13 691 1238 34 35 
cell-5-3-14 725 1238 34 35 
cell-5-3-15 759 1238 34 35 
cell-5-3-16 793 1238 34 35 
cell-5-3-17 827 1238 34 35 
cell-5-3-18 861 1238 34 35 
cell-5-3-19 895 1238 34 35 
cell-5-4-0 249 1293 34 35 
cell-5-4-1 283 1293 34 35 
cell-5-4-2 317 1293 34 35 
cell-5-4-3 351 1293 34 35 
cell-5-4-4 385 1293 34 35 
cell-5-4-5 419 1293 34 35 
cell-5-4-6 453 1293 34 35 
cell-5-4-7 487 1293 34 35 
cell-5-4-8 521 1293 34 35 
cell-5-4-9 555 1293 34 35 
cell-5-4-10 589 1293 34 35 
cell-5-4-11 623 1293 34 35 
cell-5-4-12 657 1293 34 35 
cell-5-4-13 691 1293 34 35 
cell-5-4-14 725 1293 34 35 
cell-5-4-15 759 1293 34 35 
cell-5-4-16 793 1293 34 35 
cell-5-4-17 827 1293 34 35 
cell-5-4-18 861 1293 34 35 
cell-5-4-19 895 1293 34 35 
