table-0 135 478 746 673 
cell-0-0-0 135 478 44 43 
cell-0-0-1 179 478 44 43 
cell-0-0-2 223 478 44 43 
cell-0-0-3 267 478 44 43 
cell-0-0-4 311 478 44 43 
cell-0-0-5 355 478 44 43 
cell-0-0-6 399 478 480 43 
cell-0-1-0 135 535 44 43 
cell-0-1-1 179 535 44 43 
cell-0-1-2 223 535 44 43 
cell-0-1-3 267 535 44 43 
cell-0-1-4 311 535 44 43 
cell-0-1-5 355 535 44 43 
cell-0-1-6 399 535 480 43 
cell-0-2-0 135 592 44 43 
cell-0-2-1 179 592 44 43 
cell-0-2-2 223 592 44 43 
cell-0-2-3 267 592 44 43 
cell-0-2-4 311 592 44 43 
cell-0-2-5 355 592 44 43 
cell-0-2-6 399 592 480 43 
cell-0-3-0 135 649 44 43 
cell-0-3-1 179 649 44 43 
cell-0-3-2 223 649 44 43 
cell-0-3-3 267 649 44 43 
cell-0-3-4 311 649 44 43 
cell-0-3-5 355 649 44 43 
cell-0-3-6 399 649 480 43 
cell-0-4-0 135 706 44 43 
cell-0-4-1 179 706 44 43 
cell-0-4-2 223 706 44 43 
cell-0-4-3 267 706 44 43 
cell-0-4-4 311 706 44 43 
cell-0-4-5 355 706 44 43 
cell-0-4-6 399 706 480 43 
cell-0-5-0 135 763 44 43 
cell-0-5-1 179 763 44 43 
cell-0-5-2 223 763 44 43 
cell-0-5-3 267 763 44 43 
cell-0-5-4 311 763 44 43 
cell-0-5-5 355 763 44 43 
cell-0-5-6 399 763 480 43 
cell-0-6-0 135 820 44 43 
cell-0-6-1 179 820 44 43 
cell-0-6-2 223 820 44 43 
cell-0-6-3 267 820 44 43 
cell-0-6-4 311 820 44 43 
cell-0-6-5 355 820 44 43 
cell-0-6-6 399 820 480 43 
cell-0-7-0 135 877 44 43 
cell-0-7-1 179 877 44 43 
cell-0-7-2 223 877 44 43 
cell-0-7-3 267 877 44 43 
cell-0-7-4 311 877 44 43 
cell-0-7-5 355 877 44 43 
cell-0-7-6 399 877 480 43 
cell-0-8-0 135 934 44 43 
cell-0-8-1 179 934 44 43 
cell-0-8-2 223 934 44 43 
cell-0-8-3 267 934 44 43 
cell-0-8-4 311 934 44 43 
cell-0-8-5 355 934 44 43 
cell-0-8-6 399 934 480 43 
cell-0-9-0 135 991 44 43 
cell-0-9-1 179 991 44 43 
cell-0-9-2 223 991 44 43 
cell-0-9-3 267 991 44 43 
cell-0-9-4 311 991 44 43 
cell-0-9-5 355 991 44 43 
cell-0-9-6 399 991 480 43 
cell-0-10-0 135 1048 44 43 
cell-0-10-1 179 1048 44 43 
cell-0-10-2 223 1048 44 43 
cell-0-10-3 267 1048 44 43 
cell-0-10-4 311 1048 44 43 
cell-0-10-5 355 1048 44 43 
cell-0-10-6 399 1048 480 43 
cell-0-11-0 135 1105 44 43 
cell-0-11-1 179 1105 44 43 
cell-0-11-2 223 1105 44 43 
cell-0-11-3 267 1105 44 43 
cell-0-11-4 311 1105 44 43 
cell-0-11-5 355 1105 44 43 
cell-0-11-6 399 1105 480 43 
