table-0 551 715 478 142 
cell-0-1-0 551 715 34 35 
cell-0-1-1 585 715 34 35 
cell-0-1-2 619 715 34 35 
cell-0-1-3 653 715 34 35 
cell-0-1-4 687 715 34 35 
cell-0-1-5 721 715 34 35 
cell-0-1-6 755 715 34 35 
cell-0-1-7 789 715 34 35 
cell-0-1-8 823 715 34 35 
cell-0-1-9 857 715 34 35 
cell-0-1-10 891 715 34 35 
cell-0-1-11 925 715 34 35 
cell-0-1-12 959 715 34 35 
cell-0-1-13 993 715 34 35 
cell-0-2-0 551 750 34 35 
cell-0-2-1 585 750 34 35 
cell-0-2-2 619 750 34 35 
cell-0-2-3 653 750 34 35 
cell-0-2-4 687 750 34 35 
cell-0-2-5 721 750 34 35 
cell-0-2-6 755 750 34 35 
cell-0-2-7 789 750 34 35 
cell-0-2-8 823 750 34 35 
cell-0-2-9 857 750 34 35 
cell-0-2-10 891 750 34 35 
cell-0-2-11 925 750 34 35 
cell-0-2-12 959 750 34 35 
cell-0-2-13 993 750 34 35 
cell-0-3-0 551 785 34 35 
cell-0-3-1 585 785 34 35 
cell-0-3-2 619 785 34 35 
cell-0-3-3 653 785 34 35 
cell-0-3-4 687 785 34 35 
cell-0-3-5 721 785 34 35 
cell-0-3-6 755 785 34 35 
cell-0-3-7 789 785 34 35 
cell-0-3-8 823 785 34 35 
cell-0-3-9 857 785 34 35 
cell-0-3-10 891 785 34 35 
cell-0-3-11 925 785 34 35 
cell-0-3-12 959 785 34 35 
cell-0-3-13 993 785 34 35 
cell-0-4-0 551 820 34 35 
cell-0-4-1 585 820 34 35 
cell-0-4-2 619 820 34 35 
cell-0-4-3 653 820 34 35 
cell-0-4-4 687 820 34 35 
cell-0-4-5 721 820 34 35 
cell-0-4-6 755 820 34 35 
cell-0-4-7 789 820 34 35 
cell-0-4-8 823 820 34 35 
cell-0-4-9 857 820 34 35 
cell-0-4-10 891 820 34 35 
cell-0-4-11 925 820 34 35 
cell-0-4-12 959 820 34 35 
cell-0-4-13 993 820 34 35 
