table-0 430 466 273 738 
cell-0-0-0 430 466 45 35 
cell-0-0-1 475 466 45 35 
cell-0-0-2 520 466 45 35 
cell-0-0-3 565 466 45 35 
cell-0-0-4 610 466 45 35 
cell-0-0-5 655 466 45 35 
cell-0-1-0 430 516 45 35 
cell-0-1-1 475 516 45 35 
cell-0-1-2 520 516 45 35 
cell-0-1-3 565 516 45 35 
cell-0-1-4 610 516 45 35 
cell-0-1-5 655 516 45 35 
cell-0-2-0 430 566 45 35 
cell-0-2-1 475 566 45 35 
cell-0-2-2 520 566 45 35 
cell-0-2-3 565 566 45 35 
cell-0-2-4 610 566 45 35 
cell-0-2-5 655 566 45 35 
cell-0-3-0 430 616 45 35 
cell-0-3-1 475 616 45 35 
cell-0-3-2 520 616 45 35 
cell-0-3-3 565 616 45 35 
cell-0-3-4 610 616 45 35 
cell-0-3-5 655 616 45 35 
cell-0-4-0 430 666 45 35 
cell-0-4-1 475 666 45 35 
cell-0-4-2 520 666 45 35 
cell-0-4-3 565 666 45 35 
cell-0-4-4 610 666 45 35 
cell-0-4-5 655 666 45 35 
cell-0-5-0 430 716 45 35 
cell-0-5-1 475 716 45 35 
cell-0-5-2 520 716 45 35 
cell-0-5-3 565 716 45 35 
cell-0-5-4 610 716 45 35 
cell-0-5-5 655 716 45 35 
cell-0-6-0 430 766 45 35 
cell-0-6-1 475 766 45 35 
cell-0-6-2 520 766 45 35 
cell-0-6-3 565 766 45 35 
cell-0-6-4 610 766 45 35 
cell-0-6-5 655 766 45 35 
cell-0-7-0 430 816 45 35 
cell-0-7-1 475 816 45 35 
cell-0-7-2 520 816 45 35 
cell-0-7-3 565 816 45 35 
cell-0-7-4 610 816 45 35 
cell-0-7-5 655 816 45 35 
cell-0-8-0 430 866 45 35 
cell-0-8-1 475 866 45 35 
cell-0-8-2 520 866 45 35 
cell-0-8-3 565 866 45 35 
cell-0-8-4 610 866 45 35 
cell-0-8-5 655 866 45 35 
cell-0-9-0 430 916 45 35 
cell-0-9-1 475 916 45 35 
cell-0-9-2 520 916 45 35 
cell-0-9-3 565 916 45 35 
cell-0-9-4 610 916 45 35 
cell-0-9-5 655 916 45 35 
cell-0-10-0 430 966 45 35 
cell-0-10-1 475 966 45 35 
cell-0-10-2 520 966 45 35 
cell-0-10-3 565 966 45 35 
cell-0-10-4 610 966 45 35 
cell-0-10-5 655 966 45 35 
cell-0-11-0 430 1016 45 35 
cell-0-11-1 475 1016 45 35 
cell-0-11-2 520 1016 45 35 
cell-0-11-3 565 1016 45 35 
cell-0-11-4 610 1016 45 35 
cell-0-11-5 655 1016 45 35 
cell-0-12-0 430 1066 45 35 
cell-0-12-1 475 1066 45 35 
cell-0-12-2 520 1066 45 35 
cell-0-12-3 565 1066 45 35 
cell-0-12-4 610 1066 45 35 
cell-0-12-5 655 1066 45 35 
cell-0-13-0 430 1116 45 35 
cell-0-13-1 475 1116 45 35 
cell-0-13-2 520 1116 45 35 
cell-0-13-3 565 1116 45 35 
cell-0-13-4 610 1116 45 35 
cell-0-13-5 655 1116 45 35 
cell-0-14-0 430 1166 45 35 
cell-0-14-1 475 1166 45 35 
cell-0-14-2 520 1166 45 35 
cell-0-14-3 565 1166 45 35 
cell-0-14-4 610 1166 45 35 
cell-0-14-5 655 1166 45 35 
