table-0 146 926 458 254 
cell-0-1-0 146 926 35 35 
cell-0-1-1 181 926 35 35 
cell-0-1-2 216 926 35 35 
cell-0-1-3 251 926 35 35 
cell-0-1-4 286 926 35 35 
cell-0-1-5 321 926 35 35 
cell-0-1-6 356 926 35 35 
cell-0-1-7 391 926 35 35 
cell-0-1-8 426 926 35 35 
cell-0-1-9 461 926 35 35 
cell-0-1-10 496 926 35 35 
cell-0-1-11 531 926 35 35 
cell-0-1-12 566 926 35 35 
cell-0-2-0 146 962 35 35 
cell-0-2-1 181 962 35 35 
cell-0-2-2 216 962 35 35 
cell-0-2-3 251 962 35 35 
cell-0-2-4 286 962 35 35 
cell-0-2-5 321 962 35 35 
cell-0-2-6 356 962 35 35 
cell-0-2-7 391 962 35 35 
cell-0-2-8 426 962 35 35 
cell-0-2-9 461 962 35 35 
cell-0-2-10 496 962 35 35 
cell-0-2-11 531 962 35 35 
cell-0-2-12 566 962 35 35 
cell-0-3-0 146 998 35 35 
cell-0-3-1 181 998 35 35 
cell-0-3-2 216 998 35 35 
cell-0-3-3 251 998 35 35 
cell-0-3-4 286 998 35 35 
cell-0-3-5 321 998 35 35 
cell-0-3-6 356 998 35 35 
cell-0-3-7 391 998 35 35 
cell-0-3-8 426 998 35 35 
cell-0-3-9 461 998 35 35 
cell-0-3-10 496 998 35 35 
cell-0-3-11 531 998 35 35 
cell-0-3-12 566 998 35 35 
cell-0-4-0 146 1034 35 35 
cell-0-4-1 181 1034 35 35 
cell-0-4-2 216 1034 35 35 
cell-0-4-3 251 1034 35 35 
cell-0-4-4 286 1034 35 35 
cell-0-4-5 321 1034 35 35 
cell-0-4-6 356 1034 35 35 
cell-0-4-7 391 1034 35 35 
cell-0-4-8 426 1034 35 35 
cell-0-4-9 461 1034 35 35 
cell-0-4-10 496 1034 35 35 
cell-0-4-11 531 1034 35 35 
cell-0-4-12 566 1034 35 35 
cell-0-5-0 146 1070 35 35 
cell-0-5-1 181 1070 35 35 
cell-0-5-2 216 1070 35 35 
cell-0-5-3 251 1070 35 35 
cell-0-5-4 286 1070 35 35 
cell-0-5-5 321 1070 35 35 
cell-0-5-6 356 1070 35 35 
cell-0-5-7 391 1070 35 35 
cell-0-5-8 426 1070 35 35 
cell-0-5-9 461 1070 35 35 
cell-0-5-10 496 1070 35 35 
cell-0-5-11 531 1070 35 35 
cell-0-5-12 566 1070 35 35 
cell-0-6-0 146 1106 35 35 
cell-0-6-1 181 1106 35 35 
cell-0-6-2 216 1106 35 35 
cell-0-6-3 251 1106 35 35 
cell-0-6-4 286 1106 35 35 
cell-0-6-5 321 1106 35 35 
cell-0-6-6 356 1106 35 35 
cell-0-6-7 391 1106 35 35 
cell-0-6-8 426 1106 35 35 
cell-0-6-9 461 1106 35 35 
cell-0-6-10 496 1106 35 35 
cell-0-6-11 531 1106 35 35 
cell-0-6-12 566 1106 35 35 
cell-0-7-0 146 1142 35 35 
cell-0-7-1 181 1142 35 35 
cell-0-7-2 216 1142 35 35 
cell-0-7-3 251 1142 35 35 
cell-0-7-4 286 1142 35 35 
cell-0-7-5 321 1142 35 35 
cell-0-7-6 356 1142 35 35 
cell-0-7-7 391 1142 35 35 
cell-0-7-8 426 1142 35 35 
cell-0-7-9 461 1142 35 35 
cell-0-7-10 496 1142 35 35 
cell-0-7-11 531 1142 35 35 
cell-0-7-12 566 1142 35 35 
table-1 116 286 228 434 
cell-1-0-0 116 286 45 35 
cell-1-0-1 161 286 45 35 
cell-1-0-2 206 286 45 35 
cell-1-0-3 251 286 45 35 
cell-1-0-4 296 286 45 35 
cell-1-1-0 116 322 45 35 
cell-1-1-1 161 322 45 35 
cell-1-1-2 206 322 45 35 
cell-1-1-3 251 322 45 35 
cell-1-1-4 296 322 45 35 
cell-1-2-0 116 358 45 35 
cell-1-2-1 161 358 45 35 
cell-1-2-2 206 358 45 35 
cell-1-2-3 251 358 45 35 
cell-1-2-4 296 358 45 35 
cell-1-3-0 116 394 45 35 
cell-1-3-1 161 394 45 35 
cell-1-3-2 206 394 45 35 
cell-1-3-3 251 394 45 35 
cell-1-3-4 296 394 45 35 
cell-1-4-0 116 430 45 35 
cell-1-4-1 161 430 45 35 
cell-1-4-2 206 430 45 35 
cell-1-4-3 251 430 45 35 
cell-1-4-4 296 430 45 35 
cell-1-5-0 116 466 45 35 
cell-1-5-1 161 466 45 35 
cell-1-5-2 206 466 45 35 
cell-1-5-3 251 466 45 35 
cell-1-5-4 296 466 45 35 
cell-1-6-0 116 502 45 35 
cell-1-6-1 161 502 45 35 
cell-1-6-2 206 502 45 35 
cell-1-6-3 251 502 45 35 
cell-1-6-4 296 502 45 35 
cell-1-7-0 116 538 45 35 
cell-1-7-1 161 538 45 35 
cell-1-7-2 206 538 45 35 
cell-1-7-3 251 538 45 35 
cell-1-7-4 296 538 45 35 
cell-1-8-0 116 574 45 35 
cell-1-8-1 161 574 45 35 
cell-1-8-2 206 574 45 35 
cell-1-8-3 251 574 45 35 
cell-1-8-4 296 574 45 35 
cell-1-9-0 116 610 45 35 
cell-1-9-1 161 610 45 35 
cell-1-9-2 206 610 45 35 
cell-1-9-3 251 610 45 35 
cell-1-9-4 296 610 45 35 
cell-1-10-0 116 646 45 35 
cell-1-10-1 161 646 45 35 
cell-1-10-2 206 646 45 35 
cell-1-10-3 251 646 45 35 
cell-1-10-4 296 646 45 35 
cell-1-11-0 116 682 45 35 
cell-1-11-1 161 682 45 35 
cell-1-11-2 206 682 45 35 
cell-1-11-3 251 682 45 35 
cell-1-11-4 296 682 45 35 
table-4 738 832 228 558 
cell-4-0-0 738 832 45 35 
cell-4-0-1 783 832 45 35 
cell-4-0-2 828 832 45 35 
cell-4-0-3 873 832 45 35 
cell-4-0-4 918 832 45 35 
cell-4-1-0 738 872 45 35 
cell-4-1-1 783 872 45 35 
cell-4-1-2 828 872 45 35 
cell-4-1-3 873 872 45 35 
cell-4-1-4 918 872 45 35 
cell-4-2-0 738 912 45 35 
cell-4-2-1 783 912 45 35 
cell-4-2-2 828 912 45 35 
cell-4-2-3 873 912 45 35 
cell-4-2-4 918 912 45 35 
cell-4-3-0 738 952 45 35 
cell-4-3-1 783 952 45 35 
cell-4-3-2 828 952 45 35 
cell-4-3-3 873 952 45 35 
cell-4-3-4 918 952 45 35 
cell-4-4-0 738 992 45 35 
cell-4-4-1 783 992 45 35 
cell-4-4-2 828 992 45 35 
cell-4-4-3 873 992 45 35 
cell-4-4-4 918 992 45 35 
cell-4-5-0 738 1032 45 35 
cell-4-5-1 783 1032 45 35 
cell-4-5-2 828 1032 45 35 
cell-4-5-3 873 1032 45 35 
cell-4-5-4 918 1032 45 35 
cell-4-6-0 738 1072 45 35 
cell-4-6-1 783 1072 45 35 
cell-4-6-2 828 1072 45 35 
cell-4-6-3 873 1072 45 35 
cell-4-6-4 918 1072 45 35 
cell-4-7-0 738 1112 45 35 
cell-4-7-1 783 1112 45 35 
cell-4-7-2 828 1112 45 35 
cell-4-7-3 873 1112 45 35 
cell-4-7-4 918 1112 45 35 
cell-4-8-0 738 1152 45 35 
cell-4-8-1 783 1152 45 35 
cell-4-8-2 828 1152 45 35 
cell-4-8-3 873 1152 45 35 
cell-4-8-4 918 1152 45 35 
cell-4-9-0 738 1192 45 35 
cell-4-9-1 783 1192 45 35 
cell-4-9-2 828 1192 45 35 
cell-4-9-3 873 1192 45 35 
cell-4-9-4 918 1192 45 35 
cell-4-10-0 738 1232 45 35 
cell-4-10-1 783 1232 45 35 
cell-4-10-2 828 1232 45 35 
cell-4-10-3 873 1232 45 35 
cell-4-10-4 918 1232 45 35 
cell-4-11-0 738 1272 45 35 
cell-4-11-1 783 1272 45 35 
cell-4-11-2 828 1272 45 35 
cell-4-11-3 873 1272 45 35 
cell-4-11-4 918 1272 45 35 
cell-4-12-0 738 1312 45 35 
cell-4-12-1 783 1312 45 35 
cell-4-12-2 828 1312 45 35 
cell-4-12-3 873 1312 45 35 
cell-4-12-4 918 1312 45 35 
cell-4-13-0 738 1352 45 35 
cell-4-13-1 783 1352 45 35 
cell-4-13-2 828 1352 45 35 
cell-4-13-3 873 1352 45 35 
cell-4-13-4 918 1352 45 35 
