header-0 100 340 766 195 
row-1-1 100 340 357 41 
row-1-2 477 340 390 41 
row-2-1 100 391 258 41 
row-2-2 378 391 459 41 
row-3-1 100 442 489 41 
row-4-1 100 493 588 41 
table-1 238 830 183 416 
cell-1-0-0 238 830 45 35 
cell-1-0-1 283 830 45 35 
cell-1-0-2 328 830 45 35 
cell-1-0-3 373 830 45 35 
cell-1-1-0 238 872 45 35 
cell-1-1-1 283 872 45 35 
cell-1-1-2 328 872 45 35 
cell-1-1-3 373 872 45 35 
cell-1-2-0 238 914 45 35 
cell-1-2-1 283 914 45 35 
cell-1-2-2 328 914 45 35 
cell-1-2-3 373 914 45 35 
cell-1-3-0 238 956 45 35 
cell-1-3-1 283 956 45 35 
cell-1-3-2 328 956 45 35 
cell-1-3-3 373 956 45 35 
cell-1-4-0 238 998 45 35 
cell-1-4-1 283 998 45 35 
cell-1-4-2 328 998 45 35 
cell-1-4-3 373 998 45 35 
cell-1-5-0 238 1040 45 35 
cell-1-5-1 283 1040 45 35 
cell-1-5-2 328 1040 45 35 
cell-1-5-3 373 1040 45 35 
cell-1-6-0 238 1082 45 35 
cell-1-6-1 283 1082 45 35 
cell-1-6-2 328 1082 45 35 
cell-1-6-3 373 1082 45 35 
cell-1-7-0 238 1124 45 35 
cell-1-7-1 283 1124 45 35 
cell-1-7-2 328 1124 45 35 
cell-1-7-3 373 1124 45 35 
cell-1-8-0 238 1166 45 35 
cell-1-8-1 283 1166 45 35 
cell-1-8-2 328 1166 45 35 
cell-1-8-3 373 1166 45 35 
cell-1-9-0 238 1208 45 35 
cell-1-9-1 283 1208 45 35 
cell-1-9-2 328 1208 45 35 
cell-1-9-3 373 1208 45 35 
