table-0 436 462 515 336 
cell-0-1-0 436 462 34 35 
cell-0-1-1 473 462 34 35 
cell-0-1-2 510 462 34 35 
cell-0-1-3 547 462 34 35 
cell-0-1-4 584 462 34 35 
cell-0-1-5 621 462 34 35 
cell-0-1-6 658 462 34 35 
cell-0-1-7 695 462 34 35 
cell-0-1-8 732 462 34 35 
cell-0-1-9 769 462 34 35 
cell-0-1-10 806 462 34 35 
cell-0-1-11 843 462 34 35 
cell-0-1-12 880 462 34 35 
cell-0-1-13 917 462 34 35 
cell-0-2-0 436 522 34 35 
cell-0-2-1 473 522 34 35 
cell-0-2-2 510 522 34 35 
cell-0-2-3 547 522 34 35 
cell-0-2-4 584 522 34 35 
cell-0-2-5 621 522 34 35 
cell-0-2-6 658 522 34 35 
cell-0-2-7 695 522 34 35 
cell-0-2-8 732 522 34 35 
cell-0-2-9 769 522 34 35 
cell-0-2-10 806 522 34 35 
cell-0-2-11 843 522 34 35 
cell-0-2-12 880 522 34 35 
cell-0-2-13 917 522 34 35 
cell-0-3-0 436 582 34 35 
cell-0-3-1 473 582 34 35 
cell-0-3-2 510 582 34 35 
cell-0-3-3 547 582 34 35 
cell-0-3-4 584 582 34 35 
cell-0-3-5 621 582 34 35 
cell-0-3-6 658 582 34 35 
cell-0-3-7 695 582 34 35 
cell-0-3-8 732 582 34 35 
cell-0-3-9 769 582 34 35 
cell-0-3-10 806 582 34 35 
cell-0-3-11 843 582 34 35 
cell-0-3-12 880 582 34 35 
cell-0-3-13 917 582 34 35 
cell-0-4-0 436 642 34 35 
cell-0-4-1 473 642 34 35 
cell-0-4-2 510 642 34 35 
cell-0-4-3 547 642 34 35 
cell-0-4-4 584 642 34 35 
cell-0-4-5 621 642 34 35 
cell-0-4-6 658 642 34 35 
cell-0-4-7 695 642 34 35 
cell-0-4-8 732 642 34 35 
cell-0-4-9 769 642 34 35 
cell-0-4-10 806 642 34 35 
cell-0-4-11 843 642 34 35 
cell-0-4-12 880 642 34 35 
cell-0-4-13 917 642 34 35 
cell-0-5-0 436 702 34 35 
cell-0-5-1 473 702 34 35 
cell-0-5-2 510 702 34 35 
cell-0-5-3 547 702 34 35 
cell-0-5-4 584 702 34 35 
cell-0-5-5 621 702 34 35 
cell-0-5-6 658 702 34 35 
cell-0-5-7 695 702 34 35 
cell-0-5-8 732 702 34 35 
cell-0-5-9 769 702 34 35 
cell-0-5-10 806 702 34 35 
cell-0-5-11 843 702 34 35 
cell-0-5-12 880 702 34 35 
cell-0-5-13 917 702 34 35 
cell-0-6-0 436 762 34 35 
cell-0-6-1 473 762 34 35 
cell-0-6-2 510 762 34 35 
cell-0-6-3 547 762 34 35 
cell-0-6-4 584 762 34 35 
cell-0-6-5 621 762 34 35 
cell-0-6-6 658 762 34 35 
cell-0-6-7 695 762 34 35 
cell-0-6-8 732 762 34 35 
cell-0-6-9 769 762 34 35 
cell-0-6-10 806 762 34 35 
cell-0-6-11 843 762 34 35 
cell-0-6-12 880 762 34 35 
cell-0-6-13 917 762 34 35 
header-4 166 987 857 195 
row-1-1 166 987 262 41 
row-1-2 448 987 328 41 
row-2-1 166 1038 394 41 
row-2-2 580 1038 434 41 
row-3-1 166 1089 658 41 
row-4-1 166 1140 460 41 
