table-0 242 210 500 504 
cell-0-0-0 242 210 100 53 
cell-0-0-1 342 210 100 53 
cell-0-0-2 442 210 100 53 
cell-0-0-3 542 210 100 53 
cell-0-0-4 642 210 100 53 
cell-0-1-0 242 266 100 53 
cell-0-1-1 342 266 100 53 
cell-0-1-2 442 266 100 53 
cell-0-1-3 542 266 100 53 
cell-0-1-4 642 266 100 53 
cell-0-2-0 242 322 100 53 
cell-0-2-1 342 322 100 53 
cell-0-2-2 442 322 100 53 
cell-0-2-3 542 322 100 53 
cell-0-2-4 642 322 100 53 
cell-0-3-0 242 378 100 53 
cell-0-3-1 342 378 100 53 
cell-0-3-2 442 378 100 53 
cell-0-3-3 542 378 100 53 
cell-0-3-4 642 378 100 53 
cell-0-4-0 242 434 100 53 
cell-0-4-1 342 434 100 53 
cell-0-4-2 442 434 100 53 
cell-0-4-3 542 434 100 53 
cell-0-4-4 642 434 100 53 
cell-0-5-0 242 490 100 53 
cell-0-5-1 342 490 100 53 
cell-0-5-2 442 490 100 53 
cell-0-5-3 542 490 100 53 
cell-0-5-4 642 490 100 53 
cell-0-6-0 242 546 100 53 
cell-0-6-1 342 546 100 53 
cell-0-6-2 442 546 100 53 
cell-0-6-3 542 546 100 53 
cell-0-6-4 642 546 100 53 
cell-0-7-0 242 602 100 53 
cell-0-7-1 342 602 100 53 
cell-0-7-2 442 602 100 53 
cell-0-7-3 542 602 100 53 
cell-0-7-4 642 602 100 53 
cell-0-8-0 242 658 100 53 
cell-0-8-1 342 658 100 53 
cell-0-8-2 442 658 100 53 
cell-0-8-3 542 658 100 53 
cell-0-8-4 642 658 100 53 
