table-0 671 1000 266 457 
cell-0-0-0 671 1000 44 35 
cell-0-0-1 715 1000 44 35 
cell-0-0-2 759 1000 44 35 
cell-0-0-3 803 1000 44 35 
cell-0-0-4 847 1000 44 35 
cell-0-0-5 891 1000 44 35 
cell-0-1-0 671 1042 44 35 
cell-0-1-1 715 1042 44 35 
cell-0-1-2 759 1042 44 35 
cell-0-1-3 803 1042 44 35 
cell-0-1-4 847 1042 44 35 
cell-0-1-5 891 1042 44 35 
cell-0-2-0 671 1084 44 35 
cell-0-2-1 715 1084 44 35 
cell-0-2-2 759 1084 44 35 
cell-0-2-3 803 1084 44 35 
cell-0-2-4 847 1084 44 35 
cell-0-2-5 891 1084 44 35 
cell-0-3-0 671 1126 44 35 
cell-0-3-1 715 1126 44 35 
cell-0-3-2 759 1126 44 35 
cell-0-3-3 803 1126 44 35 
cell-0-3-4 847 1126 44 35 
cell-0-3-5 891 1126 44 35 
cell-0-4-0 671 1168 44 35 
cell-0-4-1 715 1168 44 35 
cell-0-4-2 759 1168 44 35 
cell-0-4-3 803 1168 44 35 
cell-0-4-4 847 1168 44 35 
cell-0-4-5 891 1168 44 35 
cell-0-5-0 671 1210 44 35 
cell-0-5-1 715 1210 44 35 
cell-0-5-2 759 1210 44 35 
cell-0-5-3 803 1210 44 35 
cell-0-5-4 847 1210 44 35 
cell-0-5-5 891 1210 44 35 
cell-0-6-0 671 1252 44 35 
cell-0-6-1 715 1252 44 35 
cell-0-6-2 759 1252 44 35 
cell-0-6-3 803 1252 44 35 
cell-0-6-4 847 1252 44 35 
cell-0-6-5 891 1252 44 35 
cell-0-7-0 671 1294 44 35 
cell-0-7-1 715 1294 44 35 
cell-0-7-2 759 1294 44 35 
cell-0-7-3 803 1294 44 35 
cell-0-7-4 847 1294 44 35 
cell-0-7-5 891 1294 44 35 
cell-0-8-0 671 1336 44 35 
cell-0-8-1 715 1336 44 35 
cell-0-8-2 759 1336 44 35 
cell-0-8-3 803 1336 44 35 
cell-0-8-4 847 1336 44 35 
cell-0-8-5 891 1336 44 35 
cell-0-9-0 671 1378 44 35 
cell-0-9-1 715 1378 44 35 
cell-0-9-2 759 1378 44 35 
cell-0-9-3 803 1378 44 35 
cell-0-9-4 847 1378 44 35 
cell-0-9-5 891 1378 44 35 
cell-0-10-0 671 1420 44 35 
cell-0-10-1 715 1420 44 35 
cell-0-10-2 759 1420 44 35 
cell-0-10-3 803 1420 44 35 
cell-0-10-4 847 1420 44 35 
cell-0-10-5 891 1420 44 35 
table-3 61 322 776 253 
cell-3-1-0 61 322 38 35 
cell-3-1-1 102 322 38 35 
cell-3-1-2 143 322 38 35 
cell-3-1-3 184 322 38 35 
cell-3-1-4 225 322 38 35 
cell-3-1-5 266 322 38 35 
cell-3-1-6 307 322 38 35 
cell-3-1-7 348 322 38 35 
cell-3-1-8 389 322 38 35 
cell-3-1-9 430 322 38 35 
cell-3-1-10 471 322 38 35 
cell-3-1-11 512 322 38 35 
cell-3-1-12 553 322 38 35 
cell-3-1-13 594 322 38 35 
cell-3-1-14 635 322 38 35 
cell-3-1-15 676 322 38 35 
cell-3-1-16 717 322 38 35 
cell-3-1-17 758 322 38 35 
cell-3-1-18 799 322 38 35 
cell-3-2-0 61 365 38 35 
cell-3-2-1 102 365 38 35 
cell-3-2-2 143 365 38 35 
cell-3-2-3 184 365 38 35 
cell-3-2-4 225 365 38 35 
cell-3-2-5 266 365 38 35 
cell-3-2-6 307 365 38 35 
cell-3-2-7 348 365 38 35 
cell-3-2-8 389 365 38 35 
cell-3-2-9 430 365 38 35 
cell-3-2-10 471 365 38 35 
cell-3-2-11 512 365 38 35 
cell-3-2-12 553 365 38 35 
cell-3-2-13 594 365 38 35 
cell-3-2-14 635 365 38 35 
cell-3-2-15 676 365 38 35 
cell-3-2-16 717 365 38 35 
cell-3-2-17 758 365 38 35 
cell-3-2-18 799 365 38 35 
cell-3-3-0 61 408 38 35 
cell-3-3-1 102 408 38 35 
cell-3-3-2 143 408 38 35 
cell-3-3-3 184 408 38 35 
cell-3-3-4 225 408 38 35 
cell-3-3-5 266 408 38 35 
cell-3-3-6 307 408 38 35 
cell-3-3-7 348 408 38 35 
cell-3-3-8 389 408 38 35 
cell-3-3-9 430 408 38 35 
cell-3-3-10 471 408 38 35 
cell-3-3-11 512 408 38 35 
cell-3-3-12 553 408 38 35 
cell-3-3-13 594 408 38 35 
cell-3-3-14 635 408 38 35 
cell-3-3-15 676 408 38 35 
cell-3-3-16 717 408 38 35 
cell-3-3-17 758 408 38 35 
cell-3-3-18 799 408 38 35 
cell-3-4-0 61 451 38 35 
cell-3-4-1 102 451 38 35 
cell-3-4-2 143 451 38 35 
cell-3-4-3 184 451 38 35 
cell-3-4-4 225 451 38 35 
cell-3-4-5 266 451 38 35 
cell-3-4-6 307 451 38 35 
cell-3-4-7 348 451 38 35 
cell-3-4-8 389 451 38 35 
cell-3-4-9 430 451 38 35 
cell-3-4-10 471 451 38 35 
cell-3-4-11 512 451 38 35 
cell-3-4-12 553 451 38 35 
cell-3-4-13 594 451 38 35 
cell-3-4-14 635 451 38 35 
cell-3-4-15 676 451 38 35 
cell-3-4-16 717 451 38 35 
cell-3-4-17 758 451 38 35 
cell-3-4-18 799 451 38 35 
cell-3-5-0 61 494 38 35 
cell-3-5-1 102 494 38 35 
cell-3-5-2 143 494 38 35 
cell-3-5-3 184 494 38 35 
cell-3-5-4 225 494 38 35 
cell-3-5-5 266 494 38 35 
cell-3-5-6 307 494 38 35 
cell-3-5-7 348 494 38 35 
cell-3-5-8 389 494 38 35 
cell-3-5-9 430 494 38 35 
cell-3-5-10 471 494 38 35 
cell-3-5-11 512 494 38 35 
cell-3-5-12 553 494 38 35 
cell-3-5-13 594 494 38 35 
cell-3-5-14 635 494 38 35 
cell-3-5-15 676 494 38 35 
cell-3-5-16 717 494 38 35 
cell-3-5-17 758 494 38 35 
cell-3-5-18 799 494 38 35 
cell-3-6-0 61 537 38 35 
cell-3-6-1 102 537 38 35 
cell-3-6-2 143 537 38 35 
cell-3-6-3 184 537 38 35 
cell-3-6-4 225 537 38 35 
cell-3-6-5 266 537 38 35 
cell-3-6-6 307 537 38 35 
cell-3-6-7 348 537 38 35 
cell-3-6-8 389 537 38 35 
cell-3-6-9 430 537 38 35 
cell-3-6-10 471 537 38 35 
cell-3-6-11 512 537 38 35 
cell-3-6-12 553 537 38 35 
cell-3-6-13 594 537 38 35 
cell-3-6-14 635 537 38 35 
cell-3-6-15 676 537 38 35 
cell-3-6-16 717 537 38 35 
cell-3-6-17 758 537 38 35 
cell-3-6-18 799 537 38 35 
