table-0 153 931 817 303 
cell-0-1-0 153 931 38 35 
cell-0-1-1 194 931 38 35 
cell-0-1-2 235 931 38 35 
cell-0-1-3 276 931 38 35 
cell-0-1-4 317 931 38 35 
cell-0-1-5 358 931 38 35 
cell-0-1-6 399 931 38 35 
cell-0-1-7 440 931 38 35 
cell-0-1-8 481 931 38 35 
cell-0-1-9 522 931 38 35 
cell-0-1-10 563 931 38 35 
cell-0-1-11 604 931 38 35 
cell-0-1-12 645 931 38 35 
cell-0-1-13 686 931 38 35 
cell-0-1-14 727 931 38 35 
cell-0-1-15 768 931 38 35 
cell-0-1-16 809 931 38 35 
cell-0-1-17 850 931 38 35 
cell-0-1-18 891 931 38 35 
cell-0-1-19 932 931 38 35 
cell-0-2-0 153 984 38 35 
cell-0-2-1 194 984 38 35 
cell-0-2-2 235 984 38 35 
cell-0-2-3 276 984 38 35 
cell-0-2-4 317 984 38 35 
cell-0-2-5 358 984 38 35 
cell-0-2-6 399 984 38 35 
cell-0-2-7 440 984 38 35 
cell-0-2-8 481 984 38 35 
cell-0-2-9 522 984 38 35 
cell-0-2-10 563 984 38 35 
cell-0-2-11 604 984 38 35 
cell-0-2-12 645 984 38 35 
cell-0-2-13 686 984 38 35 
cell-0-2-14 727 984 38 35 
cell-0-2-15 768 984 38 35 
cell-0-2-16 809 984 38 35 
cell-0-2-17 850 984 38 35 
cell-0-2-18 891 984 38 35 
cell-0-2-19 932 984 38 35 
cell-0-3-0 153 1037 38 35 
cell-0-3-1 194 1037 38 35 
cell-0-3-2 235 1037 38 35 
cell-0-3-3 276 1037 38 35 
cell-0-3-4 317 1037 38 35 
cell-0-3-5 358 1037 38 35 
cell-0-3-6 399 1037 38 35 
cell-0-3-7 440 1037 38 35 
cell-0-3-8 481 1037 38 35 
cell-0-3-9 522 1037 38 35 
cell-0-3-10 563 1037 38 35 
cell-0-3-11 604 1037 38 35 
cell-0-3-12 645 1037 38 35 
cell-0-3-13 686 1037 38 35 
cell-0-3-14 727 1037 38 35 
cell-0-3-15 768 1037 38 35 
cell-0-3-16 809 1037 38 35 
cell-0-3-17 850 1037 38 35 
cell-0-3-18 891 1037 38 35 
cell-0-3-19 932 1037 38 35 
cell-0-4-0 153 1090 38 35 
cell-0-4-1 194 1090 38 35 
cell-0-4-2 235 1090 38 35 
cell-0-4-3 276 1090 38 35 
cell-0-4-4 317 1090 38 35 
cell-0-4-5 358 1090 38 35 
cell-0-4-6 399 1090 38 35 
cell-0-4-7 440 1090 38 35 
cell-0-4-8 481 1090 38 35 
cell-0-4-9 522 1090 38 35 
cell-0-4-10 563 1090 38 35 
cell-0-4-11 604 1090 38 35 
cell-0-4-12 645 1090 38 35 
cell-0-4-13 686 1090 38 35 
cell-0-4-14 727 1090 38 35 
cell-0-4-15 768 1090 38 35 
cell-0-4-16 809 1090 38 35 
cell-0-4-17 850 1090 38 35 
cell-0-4-18 891 1090 38 35 
cell-0-4-19 932 1090 38 35 
cell-0-5-0 153 1143 38 35 
cell-0-5-1 194 1143 38 35 
cell-0-5-2 235 1143 38 35 
cell-0-5-3 276 1143 38 35 
cell-0-5-4 317 1143 38 35 
cell-0-5-5 358 1143 38 35 
cell-0-5-6 399 1143 38 35 
cell-0-5-7 440 1143 38 35 
cell-0-5-8 481 1143 38 35 
cell-0-5-9 522 1143 38 35 
cell-0-5-10 563 1143 38 35 
cell-0-5-11 604 1143 38 35 
cell-0-5-12 645 1143 38 35 
cell-0-5-13 686 1143 38 35 
cell-0-5-14 727 1143 38 35 
cell-0-5-15 768 1143 38 35 
cell-0-5-16 809 1143 38 35 
cell-0-5-17 850 1143 38 35 
cell-0-5-18 891 1143 38 35 
cell-0-5-19 932 1143 38 35 
cell-0-6-0 153 1196 38 35 
cell-0-6-1 194 1196 38 35 
cell-0-6-2 235 1196 38 35 
cell-0-6-3 276 1196 38 35 
cell-0-6-4 317 1196 38 35 
cell-0-6-5 358 1196 38 35 
cell-0-6-6 399 1196 38 35 
cell-0-6-7 440 1196 38 35 
cell-0-6-8 481 1196 38 35 
cell-0-6-9 522 1196 38 35 
cell-0-6-10 563 1196 38 35 
cell-0-6-11 604 1196 38 35 
cell-0-6-12 645 1196 38 35 
cell-0-6-13 686 1196 38 35 
cell-0-6-14 727 1196 38 35 
cell-0-6-15 768 1196 38 35 
cell-0-6-16 809 1196 38 35 
cell-0-6-17 850 1196 38 35 
cell-0-6-18 891 1196 38 35 
cell-0-6-19 932 1196 38 35 
table-1 95 99 800 659 
cell-1-0-0 95 99 200 55 
cell-1-0-1 295 99 200 55 
cell-1-0-2 495 99 200 55 
cell-1-0-3 695 99 200 55 
cell-1-1-0 95 166 200 55 
cell-1-1-1 295 166 200 55 
cell-1-1-2 495 166 200 55 
cell-1-1-3 695 166 200 55 
cell-1-2-0 95 233 200 55 
cell-1-2-1 295 233 200 55 
cell-1-2-2 495 233 200 55 
cell-1-2-3 695 233 200 55 
cell-1-3-0 95 300 200 55 
cell-1-3-1 295 300 200 55 
cell-1-3-2 495 300 200 55 
cell-1-3-3 695 300 200 55 
cell-1-4-0 95 367 200 55 
cell-1-4-1 295 367 200 55 
cell-1-4-2 495 367 200 55 
cell-1-4-3 695 367 200 55 
cell-1-5-0 95 434 200 55 
cell-1-5-1 295 434 200 55 
cell-1-5-2 495 434 200 55 
cell-1-5-3 695 434 200 55 
cell-1-6-0 95 501 200 55 
cell-1-6-1 295 501 200 55 
cell-1-6-2 495 501 200 55 
cell-1-6-3 695 501 200 55 
cell-1-7-0 95 568 200 55 
cell-1-7-1 295 568 200 55 
cell-1-7-2 495 568 200 55 
cell-1-7-3 695 568 200 55 
cell-1-8-0 95 635 200 55 
cell-1-8-1 295 635 200 55 
cell-1-8-2 495 635 200 55 
cell-1-8-3 695 635 200 55 
cell-1-9-0 95 702 200 55 
cell-1-9-1 295 702 200 55 
cell-1-9-2 495 702 200 55 
cell-1-9-3 695 702 200 55 
