table-0 497 413 489 170 
cell-0-1-0 497 413 38 35 
cell-0-1-1 538 413 38 35 
cell-0-1-2 579 413 38 35 
cell-0-1-3 620 413 38 35 
cell-0-1-4 661 413 38 35 
cell-0-1-5 702 413 38 35 
cell-0-1-6 743 413 38 35 
cell-0-1-7 784 413 38 35 
cell-0-1-8 825 413 38 35 
cell-0-1-9 866 413 38 35 
cell-0-1-10 907 413 38 35 
cell-0-1-11 948 413 38 35 
cell-0-2-0 497 457 38 35 
cell-0-2-1 538 457 38 35 
cell-0-2-2 579 457 38 35 
cell-0-2-3 620 457 38 35 
cell-0-2-4 661 457 38 35 
cell-0-2-5 702 457 38 35 
cell-0-2-6 743 457 38 35 
cell-0-2-7 784 457 38 35 
cell-0-2-8 825 457 38 35 
cell-0-2-9 866 457 38 35 
cell-0-2-10 907 457 38 35 
cell-0-2-11 948 457 38 35 
cell-0-3-0 497 501 38 35 
cell-0-3-1 538 501 38 35 
cell-0-3-2 579 501 38 35 
cell-0-3-3 620 501 38 35 
cell-0-3-4 661 501 38 35 
cell-0-3-5 702 501 38 35 
cell-0-3-6 743 501 38 35 
cell-0-3-7 784 501 38 35 
cell-0-3-8 825 501 38 35 
cell-0-3-9 866 501 38 35 
cell-0-3-10 907 501 38 35 
cell-0-3-11 948 501 38 35 
cell-0-4-0 497 545 38 35 
cell-0-4-1 538 545 38 35 
cell-0-4-2 579 545 38 35 
cell-0-4-3 620 545 38 35 
cell-0-4-4 661 545 38 35 
cell-0-4-5 702 545 38 35 
cell-0-4-6 743 545 38 35 
cell-0-4-7 784 545 38 35 
cell-0-4-8 825 545 38 35 
cell-0-4-9 866 545 38 35 
cell-0-4-10 907 545 38 35 
cell-0-4-11 948 545 38 35 
