table-0 98 373 711 649 
cell-0-0-0 98 373 44 42 
cell-0-0-1 142 373 44 42 
cell-0-0-2 186 373 44 42 
cell-0-0-3 230 373 44 42 
cell-0-0-4 274 373 44 42 
cell-0-0-5 318 373 491 42 
cell-0-1-0 98 428 44 42 
cell-0-1-1 142 428 44 42 
cell-0-1-2 186 428 44 42 
cell-0-1-3 230 428 44 42 
cell-0-1-4 274 428 44 42 
cell-0-1-5 318 428 491 42 
cell-0-2-0 98 483 44 42 
cell-0-2-1 142 483 44 42 
cell-0-2-2 186 483 44 42 
cell-0-2-3 230 483 44 42 
cell-0-2-4 274 483 44 42 
cell-0-2-5 318 483 491 42 
cell-0-3-0 98 538 44 42 
cell-0-3-1 142 538 44 42 
cell-0-3-2 186 538 44 42 
cell-0-3-3 230 538 44 42 
cell-0-3-4 274 538 44 42 
cell-0-3-5 318 538 491 42 
cell-0-4-0 98 593 44 42 
cell-0-4-1 142 593 44 42 
cell-0-4-2 186 593 44 42 
cell-0-4-3 230 593 44 42 
cell-0-4-4 274 593 44 42 
cell-0-4-5 318 593 491 42 
cell-0-5-0 98 648 44 42 
cell-0-5-1 142 648 44 42 
cell-0-5-2 186 648 44 42 
cell-0-5-3 230 648 44 42 
cell-0-5-4 274 648 44 42 
cell-0-5-5 318 648 491 42 
cell-0-6-0 98 703 44 42 
cell-0-6-1 142 703 44 42 
cell-0-6-2 186 703 44 42 
cell-0-6-3 230 703 44 42 
cell-0-6-4 274 703 44 42 
cell-0-6-5 318 703 491 42 
cell-0-7-0 98 758 44 42 
cell-0-7-1 142 758 44 42 
cell-0-7-2 186 758 44 42 
cell-0-7-3 230 758 44 42 
cell-0-7-4 274 758 44 42 
cell-0-7-5 318 758 491 42 
cell-0-8-0 98 813 44 42 
cell-0-8-1 142 813 44 42 
cell-0-8-2 186 813 44 42 
cell-0-8-3 230 813 44 42 
cell-0-8-4 274 813 44 42 
cell-0-8-5 318 813 491 42 
cell-0-9-0 98 868 44 42 
cell-0-9-1 142 868 44 42 
cell-0-9-2 186 868 44 42 
cell-0-9-3 230 868 44 42 
cell-0-9-4 274 868 44 42 
cell-0-9-5 318 868 491 42 
cell-0-10-0 98 923 44 42 
cell-0-10-1 142 923 44 42 
cell-0-10-2 186 923 44 42 
cell-0-10-3 230 923 44 42 
cell-0-10-4 274 923 44 42 
cell-0-10-5 318 923 491 42 
cell-0-11-0 98 978 44 42 
cell-0-11-1 142 978 44 42 
cell-0-11-2 186 978 44 42 
cell-0-11-3 230 978 44 42 
cell-0-11-4 274 978 44 42 
cell-0-11-5 318 978 491 42 
