table-0 646 510 266 625 
cell-0-0-0 646 510 44 35 
cell-0-0-1 690 510 44 35 
cell-0-0-2 734 510 44 35 
cell-0-0-3 778 510 44 35 
cell-0-0-4 822 510 44 35 
cell-0-0-5 866 510 44 35 
cell-0-1-0 646 559 44 35 
cell-0-1-1 690 559 44 35 
cell-0-1-2 734 559 44 35 
cell-0-1-3 778 559 44 35 
cell-0-1-4 822 559 44 35 
cell-0-1-5 866 559 44 35 
cell-0-2-0 646 608 44 35 
cell-0-2-1 690 608 44 35 
cell-0-2-2 734 608 44 35 
cell-0-2-3 778 608 44 35 
cell-0-2-4 822 608 44 35 
cell-0-2-5 866 608 44 35 
cell-0-3-0 646 657 44 35 
cell-0-3-1 690 657 44 35 
cell-0-3-2 734 657 44 35 
cell-0-3-3 778 657 44 35 
cell-0-3-4 822 657 44 35 
cell-0-3-5 866 657 44 35 
cell-0-4-0 646 706 44 35 
cell-0-4-1 690 706 44 35 
cell-0-4-2 734 706 44 35 
cell-0-4-3 778 706 44 35 
cell-0-4-4 822 706 44 35 
cell-0-4-5 866 706 44 35 
cell-0-5-0 646 755 44 35 
cell-0-5-1 690 755 44 35 
cell-0-5-2 734 755 44 35 
cell-0-5-3 778 755 44 35 
cell-0-5-4 822 755 44 35 
cell-0-5-5 866 755 44 35 
cell-0-6-0 646 804 44 35 
cell-0-6-1 690 804 44 35 
cell-0-6-2 734 804 44 35 
cell-0-6-3 778 804 44 35 
cell-0-6-4 822 804 44 35 
cell-0-6-5 866 804 44 35 
cell-0-7-0 646 853 44 35 
cell-0-7-1 690 853 44 35 
cell-0-7-2 734 853 44 35 
cell-0-7-3 778 853 44 35 
cell-0-7-4 822 853 44 35 
cell-0-7-5 866 853 44 35 
cell-0-8-0 646 902 44 35 
cell-0-8-1 690 902 44 35 
cell-0-8-2 734 902 44 35 
cell-0-8-3 778 902 44 35 
cell-0-8-4 822 902 44 35 
cell-0-8-5 866 902 44 35 
cell-0-9-0 646 951 44 35 
cell-0-9-1 690 951 44 35 
cell-0-9-2 734 951 44 35 
cell-0-9-3 778 951 44 35 
cell-0-9-4 822 951 44 35 
cell-0-9-5 866 951 44 35 
cell-0-10-0 646 1000 44 35 
cell-0-10-1 690 1000 44 35 
cell-0-10-2 734 1000 44 35 
cell-0-10-3 778 1000 44 35 
cell-0-10-4 822 1000 44 35 
cell-0-10-5 866 1000 44 35 
cell-0-11-0 646 1049 44 35 
cell-0-11-1 690 1049 44 35 
cell-0-11-2 734 1049 44 35 
cell-0-11-3 778 1049 44 35 
cell-0-11-4 822 1049 44 35 
cell-0-11-5 866 1049 44 35 
cell-0-12-0 646 1098 44 35 
cell-0-12-1 690 1098 44 35 
cell-0-12-2 734 1098 44 35 
cell-0-12-3 778 1098 44 35 
cell-0-12-4 822 1098 44 35 
cell-0-12-5 866 1098 44 35 
