table-0 211 88 553 537 
cell-0-0-0 211 88 43 41 
cell-0-0-1 254 88 43 41 
cell-0-0-2 297 88 43 41 
cell-0-0-3 340 88 43 41 
cell-0-0-4 383 88 43 41 
cell-0-0-5 426 88 337 41 
cell-0-1-0 211 133 43 41 
cell-0-1-1 254 133 43 41 
cell-0-1-2 297 133 43 41 
cell-0-1-3 340 133 43 41 
cell-0-1-4 383 133 43 41 
cell-0-1-5 426 133 337 41 
cell-0-2-0 211 178 43 41 
cell-0-2-1 254 178 43 41 
cell-0-2-2 297 178 43 41 
cell-0-2-3 340 178 43 41 
cell-0-2-4 383 178 43 41 
cell-0-2-5 426 178 337 41 
cell-0-3-0 211 223 43 41 
cell-0-3-1 254 223 43 41 
cell-0-3-2 297 223 43 41 
cell-0-3-3 340 223 43 41 
cell-0-3-4 383 223 43 41 
cell-0-3-5 426 223 337 41 
cell-0-4-0 211 268 43 41 
cell-0-4-1 254 268 43 41 
cell-0-4-2 297 268 43 41 
cell-0-4-3 340 268 43 41 
cell-0-4-4 383 268 43 41 
cell-0-4-5 426 268 337 41 
cell-0-5-0 211 313 43 41 
cell-0-5-1 254 313 43 41 
cell-0-5-2 297 313 43 41 
cell-0-5-3 340 313 43 41 
cell-0-5-4 383 313 43 41 
cell-0-5-5 426 313 337 41 
cell-0-6-0 211 358 43 41 
cell-0-6-1 254 358 43 41 
cell-0-6-2 297 358 43 41 
cell-0-6-3 340 358 43 41 
cell-0-6-4 383 358 43 41 
cell-0-6-5 426 358 337 41 
cell-0-7-0 211 403 43 41 
cell-0-7-1 254 403 43 41 
cell-0-7-2 297 403 43 41 
cell-0-7-3 340 403 43 41 
cell-0-7-4 383 403 43 41 
cell-0-7-5 426 403 337 41 
cell-0-8-0 211 448 43 41 
cell-0-8-1 254 448 43 41 
cell-0-8-2 297 448 43 41 
cell-0-8-3 340 448 43 41 
cell-0-8-4 383 448 43 41 
cell-0-8-5 426 448 337 41 
cell-0-9-0 211 493 43 41 
cell-0-9-1 254 493 43 41 
cell-0-9-2 297 493 43 41 
cell-0-9-3 340 493 43 41 
cell-0-9-4 383 493 43 41 
cell-0-9-5 426 493 337 41 
cell-0-10-0 211 538 43 41 
cell-0-10-1 254 538 43 41 
cell-0-10-2 297 538 43 41 
cell-0-10-3 340 538 43 41 
cell-0-10-4 383 538 43 41 
cell-0-10-5 426 538 337 41 
cell-0-11-0 211 583 43 41 
cell-0-11-1 254 583 43 41 
cell-0-11-2 297 583 43 41 
cell-0-11-3 340 583 43 41 
cell-0-11-4 383 583 43 41 
cell-0-11-5 426 583 337 41 
header-2 231 832 801 193 
row-1-1 231 832 299 40 
row-1-2 550 832 365 40 
row-2-1 231 882 299 40 
row-2-2 550 882 475 40 
row-3-1 231 932 794 40 
row-4-1 231 982 596 40 
header-5 70 1190 813 195 
row-1-1 70 1190 257 41 
row-1-2 347 1190 290 41 
row-2-1 70 1241 356 41 
row-2-2 446 1241 435 41 
row-3-1 70 1292 785 41 
row-4-1 70 1343 785 41 
