table-0 397 821 589 574 
cell-0-0-0 397 821 44 43 
cell-0-0-1 441 821 44 43 
cell-0-0-2 485 821 44 43 
cell-0-0-3 529 821 44 43 
cell-0-0-4 573 821 44 43 
cell-0-0-5 617 821 44 43 
cell-0-0-6 661 821 323 43 
cell-0-1-0 397 869 44 43 
cell-0-1-1 441 869 44 43 
cell-0-1-2 485 869 44 43 
cell-0-1-3 529 869 44 43 
cell-0-1-4 573 869 44 43 
cell-0-1-5 617 869 44 43 
cell-0-1-6 661 869 323 43 
cell-0-2-0 397 917 44 43 
cell-0-2-1 441 917 44 43 
cell-0-2-2 485 917 44 43 
cell-0-2-3 529 917 44 43 
cell-0-2-4 573 917 44 43 
cell-0-2-5 617 917 44 43 
cell-0-2-6 661 917 323 43 
cell-0-3-0 397 965 44 43 
cell-0-3-1 441 965 44 43 
cell-0-3-2 485 965 44 43 
cell-0-3-3 529 965 44 43 
cell-0-3-4 573 965 44 43 
cell-0-3-5 617 965 44 43 
cell-0-3-6 661 965 323 43 
cell-0-4-0 397 1013 44 43 
cell-0-4-1 441 1013 44 43 
cell-0-4-2 485 1013 44 43 
cell-0-4-3 529 1013 44 43 
cell-0-4-4 573 1013 44 43 
cell-0-4-5 617 1013 44 43 
cell-0-4-6 661 1013 323 43 
cell-0-5-0 397 1061 44 43 
cell-0-5-1 441 1061 44 43 
cell-0-5-2 485 1061 44 43 
cell-0-5-3 529 1061 44 43 
cell-0-5-4 573 1061 44 43 
cell-0-5-5 617 1061 44 43 
cell-0-5-6 661 1061 323 43 
cell-0-6-0 397 1109 44 43 
cell-0-6-1 441 1109 44 43 
cell-0-6-2 485 1109 44 43 
cell-0-6-3 529 1109 44 43 
cell-0-6-4 573 1109 44 43 
cell-0-6-5 617 1109 44 43 
cell-0-6-6 661 1109 323 43 
cell-0-7-0 397 1157 44 43 
cell-0-7-1 441 1157 44 43 
cell-0-7-2 485 1157 44 43 
cell-0-7-3 529 1157 44 43 
cell-0-7-4 573 1157 44 43 
cell-0-7-5 617 1157 44 43 
cell-0-7-6 661 1157 323 43 
cell-0-8-0 397 1205 44 43 
cell-0-8-1 441 1205 44 43 
cell-0-8-2 485 1205 44 43 
cell-0-8-3 529 1205 44 43 
cell-0-8-4 573 1205 44 43 
cell-0-8-5 617 1205 44 43 
cell-0-8-6 661 1205 323 43 
cell-0-9-0 397 1253 44 43 
cell-0-9-1 441 1253 44 43 
cell-0-9-2 485 1253 44 43 
cell-0-9-3 529 1253 44 43 
cell-0-9-4 573 1253 44 43 
cell-0-9-5 617 1253 44 43 
cell-0-9-6 661 1253 323 43 
cell-0-10-0 397 1301 44 43 
cell-0-10-1 441 1301 44 43 
cell-0-10-2 485 1301 44 43 
cell-0-10-3 529 1301 44 43 
cell-0-10-4 573 1301 44 43 
cell-0-10-5 617 1301 44 43 
cell-0-10-6 661 1301 323 43 
cell-0-11-0 397 1349 44 43 
cell-0-11-1 441 1349 44 43 
cell-0-11-2 485 1349 44 43 
cell-0-11-3 529 1349 44 43 
cell-0-11-4 573 1349 44 43 
cell-0-11-5 617 1349 44 43 
cell-0-11-6 661 1349 323 43 
header-5 177 378 780 195 
row-1-1 177 378 360 41 
row-1-2 557 378 327 41 
row-2-1 177 429 294 41 
row-2-2 491 429 457 41 
row-3-1 177 480 591 41 
row-4-1 177 531 624 41 
