table-0 471 871 259 536 
cell-0-0-0 471 871 43 35 
cell-0-0-1 514 871 43 35 
cell-0-0-2 557 871 43 35 
cell-0-0-3 600 871 43 35 
cell-0-0-4 643 871 43 35 
cell-0-0-5 686 871 43 35 
cell-0-1-0 471 921 43 35 
cell-0-1-1 514 921 43 35 
cell-0-1-2 557 921 43 35 
cell-0-1-3 600 921 43 35 
cell-0-1-4 643 921 43 35 
cell-0-1-5 686 921 43 35 
cell-0-2-0 471 971 43 35 
cell-0-2-1 514 971 43 35 
cell-0-2-2 557 971 43 35 
cell-0-2-3 600 971 43 35 
cell-0-2-4 643 971 43 35 
cell-0-2-5 686 971 43 35 
cell-0-3-0 471 1021 43 35 
cell-0-3-1 514 1021 43 35 
cell-0-3-2 557 1021 43 35 
cell-0-3-3 600 1021 43 35 
cell-0-3-4 643 1021 43 35 
cell-0-3-5 686 1021 43 35 
cell-0-4-0 471 1071 43 35 
cell-0-4-1 514 1071 43 35 
cell-0-4-2 557 1071 43 35 
cell-0-4-3 600 1071 43 35 
cell-0-4-4 643 1071 43 35 
cell-0-4-5 686 1071 43 35 
cell-0-5-0 471 1121 43 35 
cell-0-5-1 514 1121 43 35 
cell-0-5-2 557 1121 43 35 
cell-0-5-3 600 1121 43 35 
cell-0-5-4 643 1121 43 35 
cell-0-5-5 686 1121 43 35 
cell-0-6-0 471 1171 43 35 
cell-0-6-1 514 1171 43 35 
cell-0-6-2 557 1171 43 35 
cell-0-6-3 600 1171 43 35 
cell-0-6-4 643 1171 43 35 
cell-0-6-5 686 1171 43 35 
cell-0-7-0 471 1221 43 35 
cell-0-7-1 514 1221 43 35 
cell-0-7-2 557 1221 43 35 
cell-0-7-3 600 1221 43 35 
cell-0-7-4 643 1221 43 35 
cell-0-7-5 686 1221 43 35 
cell-0-8-0 471 1271 43 35 
cell-0-8-1 514 1271 43 35 
cell-0-8-2 557 1271 43 35 
cell-0-8-3 600 1271 43 35 
cell-0-8-4 643 1271 43 35 
cell-0-8-5 686 1271 43 35 
cell-0-9-0 471 1321 43 35 
cell-0-9-1 514 1321 43 35 
cell-0-9-2 557 1321 43 35 
cell-0-9-3 600 1321 43 35 
cell-0-9-4 643 1321 43 35 
cell-0-9-5 686 1321 43 35 
cell-0-10-0 471 1371 43 35 
cell-0-10-1 514 1371 43 35 
cell-0-10-2 557 1371 43 35 
cell-0-10-3 600 1371 43 35 
cell-0-10-4 643 1371 43 35 
cell-0-10-5 686 1371 43 35 
table-1 443 75 537 660 
cell-1-0-0 443 75 44 42 
cell-1-0-1 487 75 44 42 
cell-1-0-2 531 75 44 42 
cell-1-0-3 575 75 44 42 
cell-1-0-4 619 75 44 42 
cell-1-0-5 663 75 317 42 
cell-1-1-0 443 131 44 42 
cell-1-1-1 487 131 44 42 
cell-1-1-2 531 131 44 42 
cell-1-1-3 575 131 44 42 
cell-1-1-4 619 131 44 42 
cell-1-1-5 663 131 317 42 
cell-1-2-0 443 187 44 42 
cell-1-2-1 487 187 44 42 
cell-1-2-2 531 187 44 42 
cell-1-2-3 575 187 44 42 
cell-1-2-4 619 187 44 42 
cell-1-2-5 663 187 317 42 
cell-1-3-0 443 243 44 42 
cell-1-3-1 487 243 44 42 
cell-1-3-2 531 243 44 42 
cell-1-3-3 575 243 44 42 
cell-1-3-4 619 243 44 42 
cell-1-3-5 663 243 317 42 
cell-1-4-0 443 299 44 42 
cell-1-4-1 487 299 44 42 
cell-1-4-2 531 299 44 42 
cell-1-4-3 575 299 44 42 
cell-1-4-4 619 299 44 42 
cell-1-4-5 663 299 317 42 
cell-1-5-0 443 355 44 42 
cell-1-5-1 487 355 44 42 
cell-1-5-2 531 355 44 42 
cell-1-5-3 575 355 44 42 
cell-1-5-4 619 355 44 42 
cell-1-5-5 663 355 317 42 
cell-1-6-0 443 411 44 42 
cell-1-6-1 487 411 44 42 
cell-1-6-2 531 411 44 42 
cell-1-6-3 575 411 44 42 
cell-1-6-4 619 411 44 42 
cell-1-6-5 663 411 317 42 
cell-1-7-0 443 467 44 42 
cell-1-7-1 487 467 44 42 
cell-1-7-2 531 467 44 42 
cell-1-7-3 575 467 44 42 
cell-1-7-4 619 467 44 42 
cell-1-7-5 663 467 317 42 
cell-1-8-0 443 523 44 42 
cell-1-8-1 487 523 44 42 
cell-1-8-2 531 523 44 42 
cell-1-8-3 575 523 44 42 
cell-1-8-4 619 523 44 42 
cell-1-8-5 663 523 317 42 
cell-1-9-0 443 579 44 42 
cell-1-9-1 487 579 44 42 
cell-1-9-2 531 579 44 42 
cell-1-9-3 575 579 44 42 
cell-1-9-4 619 579 44 42 
cell-1-9-5 663 579 317 42 
cell-1-10-0 443 635 44 42 
cell-1-10-1 487 635 44 42 
cell-1-10-2 531 635 44 42 
cell-1-10-3 575 635 44 42 
cell-1-10-4 619 635 44 42 
cell-1-10-5 663 635 317 42 
cell-1-11-0 443 691 44 42 
cell-1-11-1 487 691 44 42 
cell-1-11-2 531 691 44 42 
cell-1-11-3 575 691 44 42 
cell-1-11-4 619 691 44 42 
cell-1-11-5 663 691 317 42 
