table-0 222 169 800 520 
cell-0-0-0 222 169 88 51 
cell-0-0-1 310 169 88 51 
cell-0-0-2 398 169 88 51 
cell-0-0-3 486 169 88 51 
cell-0-0-4 574 169 88 51 
cell-0-0-5 662 169 88 51 
cell-0-0-6 750 169 88 51 
cell-0-0-7 838 169 88 51 
cell-0-0-8 926 169 88 51 
cell-0-1-0 222 221 88 51 
cell-0-1-1 310 221 88 51 
cell-0-1-2 398 221 88 51 
cell-0-1-3 486 221 88 51 
cell-0-1-4 574 221 88 51 
cell-0-1-5 662 221 88 51 
cell-0-1-6 750 221 88 51 
cell-0-1-7 838 221 88 51 
cell-0-1-8 926 221 88 51 
cell-0-2-0 222 273 88 51 
cell-0-2-1 310 273 88 51 
cell-0-2-2 398 273 88 51 
cell-0-2-3 486 273 88 51 
cell-0-2-4 574 273 88 51 
cell-0-2-5 662 273 88 51 
cell-0-2-6 750 273 88 51 
cell-0-2-7 838 273 88 51 
cell-0-2-8 926 273 88 51 
cell-0-3-0 222 325 88 51 
cell-0-3-1 310 325 88 51 
cell-0-3-2 398 325 88 51 
cell-0-3-3 486 325 88 51 
cell-0-3-4 574 325 88 51 
cell-0-3-5 662 325 88 51 
cell-0-3-6 750 325 88 51 
cell-0-3-7 838 325 88 51 
cell-0-3-8 926 325 88 51 
cell-0-4-0 222 377 88 51 
cell-0-4-1 310 377 88 51 
cell-0-4-2 398 377 88 51 
cell-0-4-3 486 377 88 51 
cell-0-4-4 574 377 88 51 
cell-0-4-5 662 377 88 51 
cell-0-4-6 750 377 88 51 
cell-0-4-7 838 377 88 51 
cell-0-4-8 926 377 88 51 
cell-0-5-0 222 429 88 51 
cell-0-5-1 310 429 88 51 
cell-0-5-2 398 429 88 51 
cell-0-5-3 486 429 88 51 
cell-0-5-4 574 429 88 51 
cell-0-5-5 662 429 88 51 
cell-0-5-6 750 429 88 51 
cell-0-5-7 838 429 88 51 
cell-0-5-8 926 429 88 51 
cell-0-6-0 222 481 88 51 
cell-0-6-1 310 481 88 51 
cell-0-6-2 398 481 88 51 
cell-0-6-3 486 481 88 51 
cell-0-6-4 574 481 88 51 
cell-0-6-5 662 481 88 51 
cell-0-6-6 750 481 88 51 
cell-0-6-7 838 481 88 51 
cell-0-6-8 926 481 88 51 
cell-0-7-0 222 533 88 51 
cell-0-7-1 310 533 88 51 
cell-0-7-2 398 533 88 51 
cell-0-7-3 486 533 88 51 
cell-0-7-4 574 533 88 51 
cell-0-7-5 662 533 88 51 
cell-0-7-6 750 533 88 51 
cell-0-7-7 838 533 88 51 
cell-0-7-8 926 533 88 51 
cell-0-8-0 222 585 88 51 
cell-0-8-1 310 585 88 51 
cell-0-8-2 398 585 88 51 
cell-0-8-3 486 585 88 51 
cell-0-8-4 574 585 88 51 
cell-0-8-5 662 585 88 51 
cell-0-8-6 750 585 88 51 
cell-0-8-7 838 585 88 51 
cell-0-8-8 926 585 88 51 
cell-0-9-0 222 637 88 51 
cell-0-9-1 310 637 88 51 
cell-0-9-2 398 637 88 51 
cell-0-9-3 486 637 88 51 
cell-0-9-4 574 637 88 51 
cell-0-9-5 662 637 88 51 
cell-0-9-6 750 637 88 51 
cell-0-9-7 838 637 88 51 
cell-0-9-8 926 637 88 51 
table-2 537 847 273 602 
cell-2-0-0 537 847 45 35 
cell-2-0-1 582 847 45 35 
cell-2-0-2 627 847 45 35 
cell-2-0-3 672 847 45 35 
cell-2-0-4 717 847 45 35 
cell-2-0-5 762 847 45 35 
cell-2-1-0 537 894 45 35 
cell-2-1-1 582 894 45 35 
cell-2-1-2 627 894 45 35 
cell-2-1-3 672 894 45 35 
cell-2-1-4 717 894 45 35 
cell-2-1-5 762 894 45 35 
cell-2-2-0 537 941 45 35 
cell-2-2-1 582 941 45 35 
cell-2-2-2 627 941 45 35 
cell-2-2-3 672 941 45 35 
cell-2-2-4 717 941 45 35 
cell-2-2-5 762 941 45 35 
cell-2-3-0 537 988 45 35 
cell-2-3-1 582 988 45 35 
cell-2-3-2 627 988 45 35 
cell-2-3-3 672 988 45 35 
cell-2-3-4 717 988 45 35 
cell-2-3-5 762 988 45 35 
cell-2-4-0 537 1035 45 35 
cell-2-4-1 582 1035 45 35 
cell-2-4-2 627 1035 45 35 
cell-2-4-3 672 1035 45 35 
cell-2-4-4 717 1035 45 35 
cell-2-4-5 762 1035 45 35 
cell-2-5-0 537 1082 45 35 
cell-2-5-1 582 1082 45 35 
cell-2-5-2 627 1082 45 35 
cell-2-5-3 672 1082 45 35 
cell-2-5-4 717 1082 45 35 
cell-2-5-5 762 1082 45 35 
cell-2-6-0 537 1129 45 35 
cell-2-6-1 582 1129 45 35 
cell-2-6-2 627 1129 45 35 
cell-2-6-3 672 1129 45 35 
cell-2-6-4 717 1129 45 35 
cell-2-6-5 762 1129 45 35 
cell-2-7-0 537 1176 45 35 
cell-2-7-1 582 1176 45 35 
cell-2-7-2 627 1176 45 35 
cell-2-7-3 672 1176 45 35 
cell-2-7-4 717 1176 45 35 
cell-2-7-5 762 1176 45 35 
cell-2-8-0 537 1223 45 35 
cell-2-8-1 582 1223 45 35 
cell-2-8-2 627 1223 45 35 
cell-2-8-3 672 1223 45 35 
cell-2-8-4 717 1223 45 35 
cell-2-8-5 762 1223 45 35 
cell-2-9-0 537 1270 45 35 
cell-2-9-1 582 1270 45 35 
cell-2-9-2 627 1270 45 35 
cell-2-9-3 672 1270 45 35 
cell-2-9-4 717 1270 45 35 
cell-2-9-5 762 1270 45 35 
cell-2-10-0 537 1317 45 35 
cell-2-10-1 582 1317 45 35 
cell-2-10-2 627 1317 45 35 
cell-2-10-3 672 1317 45 35 
cell-2-10-4 717 1317 45 35 
cell-2-10-5 762 1317 45 35 
cell-2-11-0 537 1364 45 35 
cell-2-11-1 582 1364 45 35 
cell-2-11-2 627 1364 45 35 
cell-2-11-3 672 1364 45 35 
cell-2-11-4 717 1364 45 35 
cell-2-11-5 762 1364 45 35 
cell-2-12-0 537 1411 45 35 
cell-2-12-1 582 1411 45 35 
cell-2-12-2 627 1411 45 35 
cell-2-12-3 672 1411 45 35 
cell-2-12-4 717 1411 45 35 
cell-2-12-5 762 1411 45 35 
