table-0 121 568 183 398 
cell-0-0-0 121 568 45 35 
cell-0-0-1 166 568 45 35 
cell-0-0-2 211 568 45 35 
cell-0-0-3 256 568 45 35 
cell-0-1-0 121 608 45 35 
cell-0-1-1 166 608 45 35 
cell-0-1-2 211 608 45 35 
cell-0-1-3 256 608 45 35 
cell-0-2-0 121 648 45 35 
cell-0-2-1 166 648 45 35 
cell-0-2-2 211 648 45 35 
cell-0-2-3 256 648 45 35 
cell-0-3-0 121 688 45 35 
cell-0-3-1 166 688 45 35 
cell-0-3-2 211 688 45 35 
cell-0-3-3 256 688 45 35 
cell-0-4-0 121 728 45 35 
cell-0-4-1 166 728 45 35 
cell-0-4-2 211 728 45 35 
cell-0-4-3 256 728 45 35 
cell-0-5-0 121 768 45 35 
cell-0-5-1 166 768 45 35 
cell-0-5-2 211 768 45 35 
cell-0-5-3 256 768 45 35 
cell-0-6-0 121 808 45 35 
cell-0-6-1 166 808 45 35 
cell-0-6-2 211 808 45 35 
cell-0-6-3 256 808 45 35 
cell-0-7-0 121 848 45 35 
cell-0-7-1 166 848 45 35 
cell-0-7-2 211 848 45 35 
cell-0-7-3 256 848 45 35 
cell-0-8-0 121 888 45 35 
cell-0-8-1 166 888 45 35 
cell-0-8-2 211 888 45 35 
cell-0-8-3 256 888 45 35 
cell-0-9-0 121 928 45 35 
cell-0-9-1 166 928 45 35 
cell-0-9-2 211 928 45 35 
cell-0-9-3 256 928 45 35 
