table-0 105 209 696 718 
cell-0-0-0 105 209 43 41 
cell-0-0-1 148 209 43 41 
cell-0-0-2 191 209 43 41 
cell-0-0-3 234 209 43 41 
cell-0-0-4 277 209 43 41 
cell-0-0-5 320 209 480 41 
cell-0-1-0 105 261 43 41 
cell-0-1-1 148 261 43 41 
cell-0-1-2 191 261 43 41 
cell-0-1-3 234 261 43 41 
cell-0-1-4 277 261 43 41 
cell-0-1-5 320 261 480 41 
cell-0-2-0 105 313 43 41 
cell-0-2-1 148 313 43 41 
cell-0-2-2 191 313 43 41 
cell-0-2-3 234 313 43 41 
cell-0-2-4 277 313 43 41 
cell-0-2-5 320 313 480 41 
cell-0-3-0 105 365 43 41 
cell-0-3-1 148 365 43 41 
cell-0-3-2 191 365 43 41 
cell-0-3-3 234 365 43 41 
cell-0-3-4 277 365 43 41 
cell-0-3-5 320 365 480 41 
cell-0-4-0 105 417 43 41 
cell-0-4-1 148 417 43 41 
cell-0-4-2 191 417 43 41 
cell-0-4-3 234 417 43 41 
cell-0-4-4 277 417 43 41 
cell-0-4-5 320 417 480 41 
cell-0-5-0 105 469 43 41 
cell-0-5-1 148 469 43 41 
cell-0-5-2 191 469 43 41 
cell-0-5-3 234 469 43 41 
cell-0-5-4 277 469 43 41 
cell-0-5-5 320 469 480 41 
cell-0-6-0 105 521 43 41 
cell-0-6-1 148 521 43 41 
cell-0-6-2 191 521 43 41 
cell-0-6-3 234 521 43 41 
cell-0-6-4 277 521 43 41 
cell-0-6-5 320 521 480 41 
cell-0-7-0 105 573 43 41 
cell-0-7-1 148 573 43 41 
cell-0-7-2 191 573 43 41 
cell-0-7-3 234 573 43 41 
cell-0-7-4 277 573 43 41 
cell-0-7-5 320 573 480 41 
cell-0-8-0 105 625 43 41 
cell-0-8-1 148 625 43 41 
cell-0-8-2 191 625 43 41 
cell-0-8-3 234 625 43 41 
cell-0-8-4 277 625 43 41 
cell-0-8-5 320 625 480 41 
cell-0-9-0 105 677 43 41 
cell-0-9-1 148 677 43 41 
cell-0-9-2 191 677 43 41 
cell-0-9-3 234 677 43 41 
cell-0-9-4 277 677 43 41 
cell-0-9-5 320 677 480 41 
cell-0-10-0 105 729 43 41 
cell-0-10-1 148 729 43 41 
cell-0-10-2 191 729 43 41 
cell-0-10-3 234 729 43 41 
cell-0-10-4 277 729 43 41 
cell-0-10-5 320 729 480 41 
cell-0-11-0 105 781 43 41 
cell-0-11-1 148 781 43 41 
cell-0-11-2 191 781 43 41 
cell-0-11-3 234 781 43 41 
cell-0-11-4 277 781 43 41 
cell-0-11-5 320 781 480 41 
cell-0-12-0 105 833 43 41 
cell-0-12-1 148 833 43 41 
cell-0-12-2 191 833 43 41 
cell-0-12-3 234 833 43 41 
cell-0-12-4 277 833 43 41 
cell-0-12-5 320 833 480 41 
cell-0-13-0 105 885 43 41 
cell-0-13-1 148 885 43 41 
cell-0-13-2 191 885 43 41 
cell-0-13-3 234 885 43 41 
cell-0-13-4 277 885 43 41 
cell-0-13-5 320 885 480 41 
