table-0 65 924 900 286 
cell-0-0-0 65 924 150 31 
cell-0-0-1 215 924 150 31 
cell-0-0-2 365 924 150 31 
cell-0-0-3 515 924 150 31 
cell-0-0-4 665 924 150 31 
cell-0-0-5 815 924 150 31 
cell-0-1-0 65 960 150 31 
cell-0-1-1 215 960 150 31 
cell-0-1-2 365 960 150 31 
cell-0-1-3 515 960 150 31 
cell-0-1-4 665 960 150 31 
cell-0-1-5 815 960 150 31 
cell-0-2-0 65 996 150 31 
cell-0-2-1 215 996 150 31 
cell-0-2-2 365 996 150 31 
cell-0-2-3 515 996 150 31 
cell-0-2-4 665 996 150 31 
cell-0-2-5 815 996 150 31 
cell-0-3-0 65 1032 150 31 
cell-0-3-1 215 1032 150 31 
cell-0-3-2 365 1032 150 31 
cell-0-3-3 515 1032 150 31 
cell-0-3-4 665 1032 150 31 
cell-0-3-5 815 1032 150 31 
cell-0-4-0 65 1068 150 31 
cell-0-4-1 215 1068 150 31 
cell-0-4-2 365 1068 150 31 
cell-0-4-3 515 1068 150 31 
cell-0-4-4 665 1068 150 31 
cell-0-4-5 815 1068 150 31 
cell-0-5-0 65 1104 150 31 
cell-0-5-1 215 1104 150 31 
cell-0-5-2 365 1104 150 31 
cell-0-5-3 515 1104 150 31 
cell-0-5-4 665 1104 150 31 
cell-0-5-5 815 1104 150 31 
cell-0-6-0 65 1140 150 31 
cell-0-6-1 215 1140 150 31 
cell-0-6-2 365 1140 150 31 
cell-0-6-3 515 1140 150 31 
cell-0-6-4 665 1140 150 31 
cell-0-6-5 815 1140 150 31 
cell-0-7-0 65 1176 150 31 
cell-0-7-1 215 1176 150 31 
cell-0-7-2 365 1176 150 31 
cell-0-7-3 515 1176 150 31 
cell-0-7-4 665 1176 150 31 
cell-0-7-5 815 1176 150 31 
