table-0 327 647 714 452 
cell-0-0-0 327 647 43 41 
cell-0-0-1 370 647 43 41 
cell-0-0-2 413 647 43 41 
cell-0-0-3 456 647 43 41 
cell-0-0-4 499 647 43 41 
cell-0-0-5 542 647 498 41 
cell-0-1-0 327 688 43 41 
cell-0-1-1 370 688 43 41 
cell-0-1-2 413 688 43 41 
cell-0-1-3 456 688 43 41 
cell-0-1-4 499 688 43 41 
cell-0-1-5 542 688 498 41 
cell-0-2-0 327 729 43 41 
cell-0-2-1 370 729 43 41 
cell-0-2-2 413 729 43 41 
cell-0-2-3 456 729 43 41 
cell-0-2-4 499 729 43 41 
cell-0-2-5 542 729 498 41 
cell-0-3-0 327 770 43 41 
cell-0-3-1 370 770 43 41 
cell-0-3-2 413 770 43 41 
cell-0-3-3 456 770 43 41 
cell-0-3-4 499 770 43 41 
cell-0-3-5 542 770 498 41 
cell-0-4-0 327 811 43 41 
cell-0-4-1 370 811 43 41 
cell-0-4-2 413 811 43 41 
cell-0-4-3 456 811 43 41 
cell-0-4-4 499 811 43 41 
cell-0-4-5 542 811 498 41 
cell-0-5-0 327 852 43 41 
cell-0-5-1 370 852 43 41 
cell-0-5-2 413 852 43 41 
cell-0-5-3 456 852 43 41 
cell-0-5-4 499 852 43 41 
cell-0-5-5 542 852 498 41 
cell-0-6-0 327 893 43 41 
cell-0-6-1 370 893 43 41 
cell-0-6-2 413 893 43 41 
cell-0-6-3 456 893 43 41 
cell-0-6-4 499 893 43 41 
cell-0-6-5 542 893 498 41 
cell-0-7-0 327 934 43 41 
cell-0-7-1 370 934 43 41 
cell-0-7-2 413 934 43 41 
cell-0-7-3 456 934 43 41 
cell-0-7-4 499 934 43 41 
cell-0-7-5 542 934 498 41 
cell-0-8-0 327 975 43 41 
cell-0-8-1 370 975 43 41 
cell-0-8-2 413 975 43 41 
cell-0-8-3 456 975 43 41 
cell-0-8-4 499 975 43 41 
cell-0-8-5 542 975 498 41 
cell-0-9-0 327 1016 43 41 
cell-0-9-1 370 1016 43 41 
cell-0-9-2 413 1016 43 41 
cell-0-9-3 456 1016 43 41 
cell-0-9-4 499 1016 43 41 
cell-0-9-5 542 1016 498 41 
cell-0-10-0 327 1057 43 41 
cell-0-10-1 370 1057 43 41 
cell-0-10-2 413 1057 43 41 
cell-0-10-3 456 1057 43 41 
cell-0-10-4 499 1057 43 41 
cell-0-10-5 542 1057 498 41 
