table-0 142 532 700 577 
cell-0-0-0 142 532 175 55 
cell-0-0-1 317 532 175 55 
cell-0-0-2 492 532 175 55 
cell-0-0-3 667 532 175 55 
cell-0-1-0 142 597 175 55 
cell-0-1-1 317 597 175 55 
cell-0-1-2 492 597 175 55 
cell-0-1-3 667 597 175 55 
cell-0-2-0 142 662 175 55 
cell-0-2-1 317 662 175 55 
cell-0-2-2 492 662 175 55 
cell-0-2-3 667 662 175 55 
cell-0-3-0 142 727 175 55 
cell-0-3-1 317 727 175 55 
cell-0-3-2 492 727 175 55 
cell-0-3-3 667 727 175 55 
cell-0-4-0 142 792 175 55 
cell-0-4-1 317 792 175 55 
cell-0-4-2 492 792 175 55 
cell-0-4-3 667 792 175 55 
cell-0-5-0 142 857 175 55 
cell-0-5-1 317 857 175 55 
cell-0-5-2 492 857 175 55 
cell-0-5-3 667 857 175 55 
cell-0-6-0 142 922 175 55 
cell-0-6-1 317 922 175 55 
cell-0-6-2 492 922 175 55 
cell-0-6-3 667 922 175 55 
cell-0-7-0 142 987 175 55 
cell-0-7-1 317 987 175 55 
cell-0-7-2 492 987 175 55 
cell-0-7-3 667 987 175 55 
cell-0-8-0 142 1052 175 55 
cell-0-8-1 317 1052 175 55 
cell-0-8-2 492 1052 175 55 
cell-0-8-3 667 1052 175 55 
