table-0 305 1134 364 318 
cell-0-1-0 305 1134 33 35 
cell-0-1-1 338 1134 33 35 
cell-0-1-2 371 1134 33 35 
cell-0-1-3 404 1134 33 35 
cell-0-1-4 437 1134 33 35 
cell-0-1-5 470 1134 33 35 
cell-0-1-6 503 1134 33 35 
cell-0-1-7 536 1134 33 35 
cell-0-1-8 569 1134 33 35 
cell-0-1-9 602 1134 33 35 
cell-0-1-10 635 1134 33 35 
cell-0-2-0 305 1181 33 35 
cell-0-2-1 338 1181 33 35 
cell-0-2-2 371 1181 33 35 
cell-0-2-3 404 1181 33 35 
cell-0-2-4 437 1181 33 35 
cell-0-2-5 470 1181 33 35 
cell-0-2-6 503 1181 33 35 
cell-0-2-7 536 1181 33 35 
cell-0-2-8 569 1181 33 35 
cell-0-2-9 602 1181 33 35 
cell-0-2-10 635 1181 33 35 
cell-0-3-0 305 1228 33 35 
cell-0-3-1 338 1228 33 35 
cell-0-3-2 371 1228 33 35 
cell-0-3-3 404 1228 33 35 
cell-0-3-4 437 1228 33 35 
cell-0-3-5 470 1228 33 35 
cell-0-3-6 503 1228 33 35 
cell-0-3-7 536 1228 33 35 
cell-0-3-8 569 1228 33 35 
cell-0-3-9 602 1228 33 35 
cell-0-3-10 635 1228 33 35 
cell-0-4-0 305 1275 33 35 
cell-0-4-1 338 1275 33 35 
cell-0-4-2 371 1275 33 35 
cell-0-4-3 404 1275 33 35 
cell-0-4-4 437 1275 33 35 
cell-0-4-5 470 1275 33 35 
cell-0-4-6 503 1275 33 35 
cell-0-4-7 536 1275 33 35 
cell-0-4-8 569 1275 33 35 
cell-0-4-9 602 1275 33 35 
cell-0-4-10 635 1275 33 35 
cell-0-5-0 305 1322 33 35 
cell-0-5-1 338 1322 33 35 
cell-0-5-2 371 1322 33 35 
cell-0-5-3 404 1322 33 35 
cell-0-5-4 437 1322 33 35 
cell-0-5-5 470 1322 33 35 
cell-0-5-6 503 1322 33 35 
cell-0-5-7 536 1322 33 35 
cell-0-5-8 569 1322 33 35 
cell-0-5-9 602 1322 33 35 
cell-0-5-10 635 1322 33 35 
cell-0-6-0 305 1369 33 35 
cell-0-6-1 338 1369 33 35 
cell-0-6-2 371 1369 33 35 
cell-0-6-3 404 1369 33 35 
cell-0-6-4 437 1369 33 35 
cell-0-6-5 470 1369 33 35 
cell-0-6-6 503 1369 33 35 
cell-0-6-7 536 1369 33 35 
cell-0-6-8 569 1369 33 35 
cell-0-6-9 602 1369 33 35 
cell-0-6-10 635 1369 33 35 
cell-0-7-0 305 1416 33 35 
cell-0-7-1 338 1416 33 35 
cell-0-7-2 371 1416 33 35 
cell-0-7-3 404 1416 33 35 
cell-0-7-4 437 1416 33 35 
cell-0-7-5 470 1416 33 35 
cell-0-7-6 503 1416 33 35 
cell-0-7-7 536 1416 33 35 
cell-0-7-8 569 1416 33 35 
cell-0-7-9 602 1416 33 35 
cell-0-7-10 635 1416 33 35 
