table-0 170 911 448 218 
cell-0-1-0 170 911 38 35 
cell-0-1-1 211 911 38 35 
cell-0-1-2 252 911 38 35 
cell-0-1-3 293 911 38 35 
cell-0-1-4 334 911 38 35 
cell-0-1-5 375 911 38 35 
cell-0-1-6 416 911 38 35 
cell-0-1-7 457 911 38 35 
cell-0-1-8 498 911 38 35 
cell-0-1-9 539 911 38 35 
cell-0-1-10 580 911 38 35 
cell-0-2-0 170 947 38 35 
cell-0-2-1 211 947 38 35 
cell-0-2-2 252 947 38 35 
cell-0-2-3 293 947 38 35 
cell-0-2-4 334 947 38 35 
cell-0-2-5 375 947 38 35 
cell-0-2-6 416 947 38 35 
cell-0-2-7 457 947 38 35 
cell-0-2-8 498 947 38 35 
cell-0-2-9 539 947 38 35 
cell-0-2-10 580 947 38 35 
cell-0-3-0 170 983 38 35 
cell-0-3-1 211 983 38 35 
cell-0-3-2 252 983 38 35 
cell-0-3-3 293 983 38 35 
cell-0-3-4 334 983 38 35 
cell-0-3-5 375 983 38 35 
cell-0-3-6 416 983 38 35 
cell-0-3-7 457 983 38 35 
cell-0-3-8 498 983 38 35 
cell-0-3-9 539 983 38 35 
cell-0-3-10 580 983 38 35 
cell-0-4-0 170 1019 38 35 
cell-0-4-1 211 1019 38 35 
cell-0-4-2 252 1019 38 35 
cell-0-4-3 293 1019 38 35 
cell-0-4-4 334 1019 38 35 
cell-0-4-5 375 1019 38 35 
cell-0-4-6 416 1019 38 35 
cell-0-4-7 457 1019 38 35 
cell-0-4-8 498 1019 38 35 
cell-0-4-9 539 1019 38 35 
cell-0-4-10 580 1019 38 35 
cell-0-5-0 170 1055 38 35 
cell-0-5-1 211 1055 38 35 
cell-0-5-2 252 1055 38 35 
cell-0-5-3 293 1055 38 35 
cell-0-5-4 334 1055 38 35 
cell-0-5-5 375 1055 38 35 
cell-0-5-6 416 1055 38 35 
cell-0-5-7 457 1055 38 35 
cell-0-5-8 498 1055 38 35 
cell-0-5-9 539 1055 38 35 
cell-0-5-10 580 1055 38 35 
cell-0-6-0 170 1091 38 35 
cell-0-6-1 211 1091 38 35 
cell-0-6-2 252 1091 38 35 
cell-0-6-3 293 1091 38 35 
cell-0-6-4 334 1091 38 35 
cell-0-6-5 375 1091 38 35 
cell-0-6-6 416 1091 38 35 
cell-0-6-7 457 1091 38 35 
cell-0-6-8 498 1091 38 35 
cell-0-6-9 539 1091 38 35 
cell-0-6-10 580 1091 38 35 
table-1 110 74 485 694 
cell-1-0-0 110 74 45 43 
cell-1-0-1 155 74 45 43 
cell-1-0-2 200 74 45 43 
cell-1-0-3 245 74 45 43 
cell-1-0-4 290 74 303 43 
cell-1-1-0 110 128 45 43 
cell-1-1-1 155 128 45 43 
cell-1-1-2 200 128 45 43 
cell-1-1-3 245 128 45 43 
cell-1-1-4 290 128 303 43 
cell-1-2-0 110 182 45 43 
cell-1-2-1 155 182 45 43 
cell-1-2-2 200 182 45 43 
cell-1-2-3 245 182 45 43 
cell-1-2-4 290 182 303 43 
cell-1-3-0 110 236 45 43 
cell-1-3-1 155 236 45 43 
cell-1-3-2 200 236 45 43 
cell-1-3-3 245 236 45 43 
cell-1-3-4 290 236 303 43 
cell-1-4-0 110 290 45 43 
cell-1-4-1 155 290 45 43 
cell-1-4-2 200 290 45 43 
cell-1-4-3 245 290 45 43 
cell-1-4-4 290 290 303 43 
cell-1-5-0 110 344 45 43 
cell-1-5-1 155 344 45 43 
cell-1-5-2 200 344 45 43 
cell-1-5-3 245 344 45 43 
cell-1-5-4 290 344 303 43 
cell-1-6-0 110 398 45 43 
cell-1-6-1 155 398 45 43 
cell-1-6-2 200 398 45 43 
cell-1-6-3 245 398 45 43 
cell-1-6-4 290 398 303 43 
cell-1-7-0 110 452 45 43 
cell-1-7-1 155 452 45 43 
cell-1-7-2 200 452 45 43 
cell-1-7-3 245 452 45 43 
cell-1-7-4 290 452 303 43 
cell-1-8-0 110 506 45 43 
cell-1-8-1 155 506 45 43 
cell-1-8-2 200 506 45 43 
cell-1-8-3 245 506 45 43 
cell-1-8-4 290 506 303 43 
cell-1-9-0 110 560 45 43 
cell-1-9-1 155 560 45 43 
cell-1-9-2 200 560 45 43 
cell-1-9-3 245 560 45 43 
cell-1-9-4 290 560 303 43 
cell-1-10-0 110 614 45 43 
cell-1-10-1 155 614 45 43 
cell-1-10-2 200 614 45 43 
cell-1-10-3 245 614 45 43 
cell-1-10-4 290 614 303 43 
cell-1-11-0 110 668 45 43 
cell-1-11-1 155 668 45 43 
cell-1-11-2 200 668 45 43 
cell-1-11-3 245 668 45 43 
cell-1-11-4 290 668 303 43 
cell-1-12-0 110 722 45 43 
cell-1-12-1 155 722 45 43 
cell-1-12-2 200 722 45 43 
cell-1-12-3 245 722 45 43 
cell-1-12-4 290 722 303 43 
