table-0 306 383 588 514 
cell-0-0-0 306 383 44 43 
cell-0-0-1 350 383 44 43 
cell-0-0-2 394 383 44 43 
cell-0-0-3 438 383 44 43 
cell-0-0-4 482 383 44 43 
cell-0-0-5 526 383 364 43 
cell-0-1-0 306 435 44 43 
cell-0-1-1 350 435 44 43 
cell-0-1-2 394 435 44 43 
cell-0-1-3 438 435 44 43 
cell-0-1-4 482 435 44 43 
cell-0-1-5 526 435 364 43 
cell-0-2-0 306 487 44 43 
cell-0-2-1 350 487 44 43 
cell-0-2-2 394 487 44 43 
cell-0-2-3 438 487 44 43 
cell-0-2-4 482 487 44 43 
cell-0-2-5 526 487 364 43 
cell-0-3-0 306 539 44 43 
cell-0-3-1 350 539 44 43 
cell-0-3-2 394 539 44 43 
cell-0-3-3 438 539 44 43 
cell-0-3-4 482 539 44 43 
cell-0-3-5 526 539 364 43 
cell-0-4-0 306 591 44 43 
cell-0-4-1 350 591 44 43 
cell-0-4-2 394 591 44 43 
cell-0-4-3 438 591 44 43 
cell-0-4-4 482 591 44 43 
cell-0-4-5 526 591 364 43 
cell-0-5-0 306 643 44 43 
cell-0-5-1 350 643 44 43 
cell-0-5-2 394 643 44 43 
cell-0-5-3 438 643 44 43 
cell-0-5-4 482 643 44 43 
cell-0-5-5 526 643 364 43 
cell-0-6-0 306 695 44 43 
cell-0-6-1 350 695 44 43 
cell-0-6-2 394 695 44 43 
cell-0-6-3 438 695 44 43 
cell-0-6-4 482 695 44 43 
cell-0-6-5 526 695 364 43 
cell-0-7-0 306 747 44 43 
cell-0-7-1 350 747 44 43 
cell-0-7-2 394 747 44 43 
cell-0-7-3 438 747 44 43 
cell-0-7-4 482 747 44 43 
cell-0-7-5 526 747 364 43 
cell-0-8-0 306 799 44 43 
cell-0-8-1 350 799 44 43 
cell-0-8-2 394 799 44 43 
cell-0-8-3 438 799 44 43 
cell-0-8-4 482 799 44 43 
cell-0-8-5 526 799 364 43 
cell-0-9-0 306 851 44 43 
cell-0-9-1 350 851 44 43 
cell-0-9-2 394 851 44 43 
cell-0-9-3 438 851 44 43 
cell-0-9-4 482 851 44 43 
cell-0-9-5 526 851 364 43 
