table-0 646 87 266 505 
cell-0-0-0 646 87 44 35 
cell-0-0-1 690 87 44 35 
cell-0-0-2 734 87 44 35 
cell-0-0-3 778 87 44 35 
cell-0-0-4 822 87 44 35 
cell-0-0-5 866 87 44 35 
cell-0-1-0 646 123 44 35 
cell-0-1-1 690 123 44 35 
cell-0-1-2 734 123 44 35 
cell-0-1-3 778 123 44 35 
cell-0-1-4 822 123 44 35 
cell-0-1-5 866 123 44 35 
cell-0-2-0 646 159 44 35 
cell-0-2-1 690 159 44 35 
cell-0-2-2 734 159 44 35 
cell-0-2-3 778 159 44 35 
cell-0-2-4 822 159 44 35 
cell-0-2-5 866 159 44 35 
cell-0-3-0 646 195 44 35 
cell-0-3-1 690 195 44 35 
cell-0-3-2 734 195 44 35 
cell-0-3-3 778 195 44 35 
cell-0-3-4 822 195 44 35 
cell-0-3-5 866 195 44 35 
cell-0-4-0 646 231 44 35 
cell-0-4-1 690 231 44 35 
cell-0-4-2 734 231 44 35 
cell-0-4-3 778 231 44 35 
cell-0-4-4 822 231 44 35 
cell-0-4-5 866 231 44 35 
cell-0-5-0 646 267 44 35 
cell-0-5-1 690 267 44 35 
cell-0-5-2 734 267 44 35 
cell-0-5-3 778 267 44 35 
cell-0-5-4 822 267 44 35 
cell-0-5-5 866 267 44 35 
cell-0-6-0 646 303 44 35 
cell-0-6-1 690 303 44 35 
cell-0-6-2 734 303 44 35 
cell-0-6-3 778 303 44 35 
cell-0-6-4 822 303 44 35 
cell-0-6-5 866 303 44 35 
cell-0-7-0 646 339 44 35 
cell-0-7-1 690 339 44 35 
cell-0-7-2 734 339 44 35 
cell-0-7-3 778 339 44 35 
cell-0-7-4 822 339 44 35 
cell-0-7-5 866 339 44 35 
cell-0-8-0 646 375 44 35 
cell-0-8-1 690 375 44 35 
cell-0-8-2 734 375 44 35 
cell-0-8-3 778 375 44 35 
cell-0-8-4 822 375 44 35 
cell-0-8-5 866 375 44 35 
cell-0-9-0 646 411 44 35 
cell-0-9-1 690 411 44 35 
cell-0-9-2 734 411 44 35 
cell-0-9-3 778 411 44 35 
cell-0-9-4 822 411 44 35 
cell-0-9-5 866 411 44 35 
cell-0-10-0 646 447 44 35 
cell-0-10-1 690 447 44 35 
cell-0-10-2 734 447 44 35 
cell-0-10-3 778 447 44 35 
cell-0-10-4 822 447 44 35 
cell-0-10-5 866 447 44 35 
cell-0-11-0 646 483 44 35 
cell-0-11-1 690 483 44 35 
cell-0-11-2 734 483 44 35 
cell-0-11-3 778 483 44 35 
cell-0-11-4 822 483 44 35 
cell-0-11-5 866 483 44 35 
cell-0-12-0 646 519 44 35 
cell-0-12-1 690 519 44 35 
cell-0-12-2 734 519 44 35 
cell-0-12-3 778 519 44 35 
cell-0-12-4 822 519 44 35 
cell-0-12-5 866 519 44 35 
cell-0-13-0 646 555 44 35 
cell-0-13-1 690 555 44 35 
cell-0-13-2 734 555 44 35 
cell-0-13-3 778 555 44 35 
cell-0-13-4 822 555 44 35 
cell-0-13-5 866 555 44 35 
table-2 291 836 737 582 
cell-2-0-0 291 836 43 41 
cell-2-0-1 334 836 43 41 
cell-2-0-2 377 836 43 41 
cell-2-0-3 420 836 43 41 
cell-2-0-4 463 836 43 41 
cell-2-0-5 506 836 43 41 
cell-2-0-6 549 836 479 41 
cell-2-1-0 291 881 43 41 
cell-2-1-1 334 881 43 41 
cell-2-1-2 377 881 43 41 
cell-2-1-3 420 881 43 41 
cell-2-1-4 463 881 43 41 
cell-2-1-5 506 881 43 41 
cell-2-1-6 549 881 479 41 
cell-2-2-0 291 926 43 41 
cell-2-2-1 334 926 43 41 
cell-2-2-2 377 926 43 41 
cell-2-2-3 420 926 43 41 
cell-2-2-4 463 926 43 41 
cell-2-2-5 506 926 43 41 
cell-2-2-6 549 926 479 41 
cell-2-3-0 291 971 43 41 
cell-2-3-1 334 971 43 41 
cell-2-3-2 377 971 43 41 
cell-2-3-3 420 971 43 41 
cell-2-3-4 463 971 43 41 
cell-2-3-5 506 971 43 41 
cell-2-3-6 549 971 479 41 
cell-2-4-0 291 1016 43 41 
cell-2-4-1 334 1016 43 41 
cell-2-4-2 377 1016 43 41 
cell-2-4-3 420 1016 43 41 
cell-2-4-4 463 1016 43 41 
cell-2-4-5 506 1016 43 41 
cell-2-4-6 549 1016 479 41 
cell-2-5-0 291 1061 43 41 
cell-2-5-1 334 1061 43 41 
cell-2-5-2 377 1061 43 41 
cell-2-5-3 420 1061 43 41 
cell-2-5-4 463 1061 43 41 
cell-2-5-5 506 1061 43 41 
cell-2-5-6 549 1061 479 41 
cell-2-6-0 291 1106 43 41 
cell-2-6-1 334 1106 43 41 
cell-2-6-2 377 1106 43 41 
cell-2-6-3 420 1106 43 41 
cell-2-6-4 463 1106 43 41 
cell-2-6-5 506 1106 43 41 
cell-2-6-6 549 1106 479 41 
cell-2-7-0 291 1151 43 41 
cell-2-7-1 334 1151 43 41 
cell-2-7-2 377 1151 43 41 
cell-2-7-3 420 1151 43 41 
cell-2-7-4 463 1151 43 41 
cell-2-7-5 506 1151 43 41 
cell-2-7-6 549 1151 479 41 
cell-2-8-0 291 1196 43 41 
cell-2-8-1 334 1196 43 41 
cell-2-8-2 377 1196 43 41 
cell-2-8-3 420 1196 43 41 
cell-2-8-4 463 1196 43 41 
cell-2-8-5 506 1196 43 41 
cell-2-8-6 549 1196 479 41 
cell-2-9-0 291 1241 43 41 
cell-2-9-1 334 1241 43 41 
cell-2-9-2 377 1241 43 41 
cell-2-9-3 420 1241 43 41 
cell-2-9-4 463 1241 43 41 
cell-2-9-5 506 1241 43 41 
cell-2-9-6 549 1241 479 41 
cell-2-10-0 291 1286 43 41 
cell-2-10-1 334 1286 43 41 
cell-2-10-2 377 1286 43 41 
cell-2-10-3 420 1286 43 41 
cell-2-10-4 463 1286 43 41 
cell-2-10-5 506 1286 43 41 
cell-2-10-6 549 1286 479 41 
cell-2-11-0 291 1331 43 41 
cell-2-11-1 334 1331 43 41 
cell-2-11-2 377 1331 43 41 
cell-2-11-3 420 1331 43 41 
cell-2-11-4 463 1331 43 41 
cell-2-11-5 506 1331 43 41 
cell-2-11-6 549 1331 479 41 
cell-2-12-0 291 1376 43 41 
cell-2-12-1 334 1376 43 41 
cell-2-12-2 377 1376 43 41 
cell-2-12-3 420 1376 43 41 
cell-2-12-4 463 1376 43 41 
cell-2-12-5 506 1376 43 41 
cell-2-12-6 549 1376 479 41 
