table-0 312 837 661 312 
cell-0-1-0 312 837 33 35 
cell-0-1-1 345 837 33 35 
cell-0-1-2 378 837 33 35 
cell-0-1-3 411 837 33 35 
cell-0-1-4 444 837 33 35 
cell-0-1-5 477 837 33 35 
cell-0-1-6 510 837 33 35 
cell-0-1-7 543 837 33 35 
cell-0-1-8 576 837 33 35 
cell-0-1-9 609 837 33 35 
cell-0-1-10 642 837 33 35 
cell-0-1-11 675 837 33 35 
cell-0-1-12 708 837 33 35 
cell-0-1-13 741 837 33 35 
cell-0-1-14 774 837 33 35 
cell-0-1-15 807 837 33 35 
cell-0-1-16 840 837 33 35 
cell-0-1-17 873 837 33 35 
cell-0-1-18 906 837 33 35 
cell-0-1-19 939 837 33 35 
cell-0-2-0 312 883 33 35 
cell-0-2-1 345 883 33 35 
cell-0-2-2 378 883 33 35 
cell-0-2-3 411 883 33 35 
cell-0-2-4 444 883 33 35 
cell-0-2-5 477 883 33 35 
cell-0-2-6 510 883 33 35 
cell-0-2-7 543 883 33 35 
cell-0-2-8 576 883 33 35 
cell-0-2-9 609 883 33 35 
cell-0-2-10 642 883 33 35 
cell-0-2-11 675 883 33 35 
cell-0-2-12 708 883 33 35 
cell-0-2-13 741 883 33 35 
cell-0-2-14 774 883 33 35 
cell-0-2-15 807 883 33 35 
cell-0-2-16 840 883 33 35 
cell-0-2-17 873 883 33 35 
cell-0-2-18 906 883 33 35 
cell-0-2-19 939 883 33 35 
cell-0-3-0 312 929 33 35 
cell-0-3-1 345 929 33 35 
cell-0-3-2 378 929 33 35 
cell-0-3-3 411 929 33 35 
cell-0-3-4 444 929 33 35 
cell-0-3-5 477 929 33 35 
cell-0-3-6 510 929 33 35 
cell-0-3-7 543 929 33 35 
cell-0-3-8 576 929 33 35 
cell-0-3-9 609 929 33 35 
cell-0-3-10 642 929 33 35 
cell-0-3-11 675 929 33 35 
cell-0-3-12 708 929 33 35 
cell-0-3-13 741 929 33 35 
cell-0-3-14 774 929 33 35 
cell-0-3-15 807 929 33 35 
cell-0-3-16 840 929 33 35 
cell-0-3-17 873 929 33 35 
cell-0-3-18 906 929 33 35 
cell-0-3-19 939 929 33 35 
cell-0-4-0 312 975 33 35 
cell-0-4-1 345 975 33 35 
cell-0-4-2 378 975 33 35 
cell-0-4-3 411 975 33 35 
cell-0-4-4 444 975 33 35 
cell-0-4-5 477 975 33 35 
cell-0-4-6 510 975 33 35 
cell-0-4-7 543 975 33 35 
cell-0-4-8 576 975 33 35 
cell-0-4-9 609 975 33 35 
cell-0-4-10 642 975 33 35 
cell-0-4-11 675 975 33 35 
cell-0-4-12 708 975 33 35 
cell-0-4-13 741 975 33 35 
cell-0-4-14 774 975 33 35 
cell-0-4-15 807 975 33 35 
cell-0-4-16 840 975 33 35 
cell-0-4-17 873 975 33 35 
cell-0-4-18 906 975 33 35 
cell-0-4-19 939 975 33 35 
cell-0-5-0 312 1021 33 35 
cell-0-5-1 345 1021 33 35 
cell-0-5-2 378 1021 33 35 
cell-0-5-3 411 1021 33 35 
cell-0-5-4 444 1021 33 35 
cell-0-5-5 477 1021 33 35 
cell-0-5-6 510 1021 33 35 
cell-0-5-7 543 1021 33 35 
cell-0-5-8 576 1021 33 35 
cell-0-5-9 609 1021 33 35 
cell-0-5-10 642 1021 33 35 
cell-0-5-11 675 1021 33 35 
cell-0-5-12 708 1021 33 35 
cell-0-5-13 741 1021 33 35 
cell-0-5-14 774 1021 33 35 
cell-0-5-15 807 1021 33 35 
cell-0-5-16 840 1021 33 35 
cell-0-5-17 873 1021 33 35 
cell-0-5-18 906 1021 33 35 
cell-0-5-19 939 1021 33 35 
cell-0-6-0 312 1067 33 35 
cell-0-6-1 345 1067 33 35 
cell-0-6-2 378 1067 33 35 
cell-0-6-3 411 1067 33 35 
cell-0-6-4 444 1067 33 35 
cell-0-6-5 477 1067 33 35 
cell-0-6-6 510 1067 33 35 
cell-0-6-7 543 1067 33 35 
cell-0-6-8 576 1067 33 35 
cell-0-6-9 609 1067 33 35 
cell-0-6-10 642 1067 33 35 
cell-0-6-11 675 1067 33 35 
cell-0-6-12 708 1067 33 35 
cell-0-6-13 741 1067 33 35 
cell-0-6-14 774 1067 33 35 
cell-0-6-15 807 1067 33 35 
cell-0-6-16 840 1067 33 35 
cell-0-6-17 873 1067 33 35 
cell-0-6-18 906 1067 33 35 
cell-0-6-19 939 1067 33 35 
cell-0-7-0 312 1113 33 35 
cell-0-7-1 345 1113 33 35 
cell-0-7-2 378 1113 33 35 
cell-0-7-3 411 1113 33 35 
cell-0-7-4 444 1113 33 35 
cell-0-7-5 477 1113 33 35 
cell-0-7-6 510 1113 33 35 
cell-0-7-7 543 1113 33 35 
cell-0-7-8 576 1113 33 35 
cell-0-7-9 609 1113 33 35 
cell-0-7-10 642 1113 33 35 
cell-0-7-11 675 1113 33 35 
cell-0-7-12 708 1113 33 35 
cell-0-7-13 741 1113 33 35 
cell-0-7-14 774 1113 33 35 
cell-0-7-15 807 1113 33 35 
cell-0-7-16 840 1113 33 35 
cell-0-7-17 873 1113 33 35 
cell-0-7-18 906 1113 33 35 
cell-0-7-19 939 1113 33 35 
