table-0 256 974 800 472 
cell-0-0-0 256 974 160 45 
cell-0-0-1 416 974 160 45 
cell-0-0-2 576 974 160 45 
cell-0-0-3 736 974 160 45 
cell-0-0-4 896 974 160 45 
cell-0-1-0 256 1027 160 45 
cell-0-1-1 416 1027 160 45 
cell-0-1-2 576 1027 160 45 
cell-0-1-3 736 1027 160 45 
cell-0-1-4 896 1027 160 45 
cell-0-2-0 256 1080 160 45 
cell-0-2-1 416 1080 160 45 
cell-0-2-2 576 1080 160 45 
cell-0-2-3 736 1080 160 45 
cell-0-2-4 896 1080 160 45 
cell-0-3-0 256 1133 160 45 
cell-0-3-1 416 1133 160 45 
cell-0-3-2 576 1133 160 45 
cell-0-3-3 736 1133 160 45 
cell-0-3-4 896 1133 160 45 
cell-0-4-0 256 1186 160 45 
cell-0-4-1 416 1186 160 45 
cell-0-4-2 576 1186 160 45 
cell-0-4-3 736 1186 160 45 
cell-0-4-4 896 1186 160 45 
cell-0-5-0 256 1239 160 45 
cell-0-5-1 416 1239 160 45 
cell-0-5-2 576 1239 160 45 
cell-0-5-3 736 1239 160 45 
cell-0-5-4 896 1239 160 45 
cell-0-6-0 256 1292 160 45 
cell-0-6-1 416 1292 160 45 
cell-0-6-2 576 1292 160 45 
cell-0-6-3 736 1292 160 45 
cell-0-6-4 896 1292 160 45 
cell-0-7-0 256 1345 160 45 
cell-0-7-1 416 1345 160 45 
cell-0-7-2 576 1345 160 45 
cell-0-7-3 736 1345 160 45 
cell-0-7-4 896 1345 160 45 
cell-0-8-0 256 1398 160 45 
cell-0-8-1 416 1398 160 45 
cell-0-8-2 576 1398 160 45 
cell-0-8-3 736 1398 160 45 
cell-0-8-4 896 1398 160 45 
table-1 505 218 489 197 
cell-1-1-0 505 218 38 35 
cell-1-1-1 546 218 38 35 
cell-1-1-2 587 218 38 35 
cell-1-1-3 628 218 38 35 
cell-1-1-4 669 218 38 35 
cell-1-1-5 710 218 38 35 
cell-1-1-6 751 218 38 35 
cell-1-1-7 792 218 38 35 
cell-1-1-8 833 218 38 35 
cell-1-1-9 874 218 38 35 
cell-1-1-10 915 218 38 35 
cell-1-1-11 956 218 38 35 
cell-1-2-0 505 271 38 35 
cell-1-2-1 546 271 38 35 
cell-1-2-2 587 271 38 35 
cell-1-2-3 628 271 38 35 
cell-1-2-4 669 271 38 35 
cell-1-2-5 710 271 38 35 
cell-1-2-6 751 271 38 35 
cell-1-2-7 792 271 38 35 
cell-1-2-8 833 271 38 35 
cell-1-2-9 874 271 38 35 
cell-1-2-10 915 271 38 35 
cell-1-2-11 956 271 38 35 
cell-1-3-0 505 324 38 35 
cell-1-3-1 546 324 38 35 
cell-1-3-2 587 324 38 35 
cell-1-3-3 628 324 38 35 
cell-1-3-4 669 324 38 35 
cell-1-3-5 710 324 38 35 
cell-1-3-6 751 324 38 35 
cell-1-3-7 792 324 38 35 
cell-1-3-8 833 324 38 35 
cell-1-3-9 874 324 38 35 
cell-1-3-10 915 324 38 35 
cell-1-3-11 956 324 38 35 
cell-1-4-0 505 377 38 35 
cell-1-4-1 546 377 38 35 
cell-1-4-2 587 377 38 35 
cell-1-4-3 628 377 38 35 
cell-1-4-4 669 377 38 35 
cell-1-4-5 710 377 38 35 
cell-1-4-6 751 377 38 35 
cell-1-4-7 792 377 38 35 
cell-1-4-8 833 377 38 35 
cell-1-4-9 874 377 38 35 
cell-1-4-10 915 377 38 35 
cell-1-4-11 956 377 38 35 
table-4 184 100 178 653 
cell-4-0-0 184 100 44 35 
cell-4-0-1 228 100 44 35 
cell-4-0-2 272 100 44 35 
cell-4-0-3 316 100 44 35 
cell-4-1-0 184 144 44 35 
cell-4-1-1 228 144 44 35 
cell-4-1-2 272 144 44 35 
cell-4-1-3 316 144 44 35 
cell-4-2-0 184 188 44 35 
cell-4-2-1 228 188 44 35 
cell-4-2-2 272 188 44 35 
cell-4-2-3 316 188 44 35 
cell-4-3-0 184 232 44 35 
cell-4-3-1 228 232 44 35 
cell-4-3-2 272 232 44 35 
cell-4-3-3 316 232 44 35 
cell-4-4-0 184 276 44 35 
cell-4-4-1 228 276 44 35 
cell-4-4-2 272 276 44 35 
cell-4-4-3 316 276 44 35 
cell-4-5-0 184 320 44 35 
cell-4-5-1 228 320 44 35 
cell-4-5-2 272 320 44 35 
cell-4-5-3 316 320 44 35 
cell-4-6-0 184 364 44 35 
cell-4-6-1 228 364 44 35 
cell-4-6-2 272 364 44 35 
cell-4-6-3 316 364 44 35 
cell-4-7-0 184 408 44 35 
cell-4-7-1 228 408 44 35 
cell-4-7-2 272 408 44 35 
cell-4-7-3 316 408 44 35 
cell-4-8-0 184 452 44 35 
cell-4-8-1 228 452 44 35 
cell-4-8-2 272 452 44 35 
cell-4-8-3 316 452 44 35 
cell-4-9-0 184 496 44 35 
cell-4-9-1 228 496 44 35 
cell-4-9-2 272 496 44 35 
cell-4-9-3 316 496 44 35 
cell-4-10-0 184 540 44 35 
cell-4-10-1 228 540 44 35 
cell-4-10-2 272 540 44 35 
cell-4-10-3 316 540 44 35 
cell-4-11-0 184 584 44 35 
cell-4-11-1 228 584 44 35 
cell-4-11-2 272 584 44 35 
cell-4-11-3 316 584 44 35 
cell-4-12-0 184 628 44 35 
cell-4-12-1 228 628 44 35 
cell-4-12-2 272 628 44 35 
cell-4-12-3 316 628 44 35 
cell-4-13-0 184 672 44 35 
cell-4-13-1 228 672 44 35 
cell-4-13-2 272 672 44 35 
cell-4-13-3 316 672 44 35 
cell-4-14-0 184 716 44 35 
cell-4-14-1 228 716 44 35 
cell-4-14-2 272 716 44 35 
cell-4-14-3 316 716 44 35 
