table-0 332 437 500 449 
cell-0-0-0 332 437 71 39 
cell-0-0-1 403 437 71 39 
cell-0-0-2 474 437 71 39 
cell-0-0-3 545 437 71 39 
cell-0-0-4 616 437 71 39 
cell-0-0-5 687 437 71 39 
cell-0-0-6 758 437 71 39 
cell-0-1-0 332 488 71 39 
cell-0-1-1 403 488 71 39 
cell-0-1-2 474 488 71 39 
cell-0-1-3 545 488 71 39 
cell-0-1-4 616 488 71 39 
cell-0-1-5 687 488 71 39 
cell-0-1-6 758 488 71 39 
cell-0-2-0 332 539 71 39 
cell-0-2-1 403 539 71 39 
cell-0-2-2 474 539 71 39 
cell-0-2-3 545 539 71 39 
cell-0-2-4 616 539 71 39 
cell-0-2-5 687 539 71 39 
cell-0-2-6 758 539 71 39 
cell-0-3-0 332 590 71 39 
cell-0-3-1 403 590 71 39 
cell-0-3-2 474 590 71 39 
cell-0-3-3 545 590 71 39 
cell-0-3-4 616 590 71 39 
cell-0-3-5 687 590 71 39 
cell-0-3-6 758 590 71 39 
cell-0-4-0 332 641 71 39 
cell-0-4-1 403 641 71 39 
cell-0-4-2 474 641 71 39 
cell-0-4-3 545 641 71 39 
cell-0-4-4 616 641 71 39 
cell-0-4-5 687 641 71 39 
cell-0-4-6 758 641 71 39 
cell-0-5-0 332 692 71 39 
cell-0-5-1 403 692 71 39 
cell-0-5-2 474 692 71 39 
cell-0-5-3 545 692 71 39 
cell-0-5-4 616 692 71 39 
cell-0-5-5 687 692 71 39 
cell-0-5-6 758 692 71 39 
cell-0-6-0 332 743 71 39 
cell-0-6-1 403 743 71 39 
cell-0-6-2 474 743 71 39 
cell-0-6-3 545 743 71 39 
cell-0-6-4 616 743 71 39 
cell-0-6-5 687 743 71 39 
cell-0-6-6 758 743 71 39 
cell-0-7-0 332 794 71 39 
cell-0-7-1 403 794 71 39 
cell-0-7-2 474 794 71 39 
cell-0-7-3 545 794 71 39 
cell-0-7-4 616 794 71 39 
cell-0-7-5 687 794 71 39 
cell-0-7-6 758 794 71 39 
cell-0-8-0 332 845 71 39 
cell-0-8-1 403 845 71 39 
cell-0-8-2 474 845 71 39 
cell-0-8-3 545 845 71 39 
cell-0-8-4 616 845 71 39 
cell-0-8-5 687 845 71 39 
cell-0-8-6 758 845 71 39 
