header-0 100 1156 850 193 
row-1-1 100 1156 404 40 
row-1-2 524 1156 338 40 
row-2-1 100 1206 338 40 
row-2-2 458 1206 488 40 
row-3-1 100 1256 635 40 
row-4-1 100 1306 800 40 
table-3 259 506 703 422 
cell-3-1-0 259 506 35 35 
cell-3-1-1 294 506 35 35 
cell-3-1-2 329 506 35 35 
cell-3-1-3 364 506 35 35 
cell-3-1-4 399 506 35 35 
cell-3-1-5 434 506 35 35 
cell-3-1-6 469 506 35 35 
cell-3-1-7 504 506 35 35 
cell-3-1-8 539 506 35 35 
cell-3-1-9 574 506 35 35 
cell-3-1-10 609 506 35 35 
cell-3-1-11 644 506 35 35 
cell-3-1-12 679 506 35 35 
cell-3-1-13 714 506 35 35 
cell-3-1-14 749 506 35 35 
cell-3-1-15 784 506 35 35 
cell-3-1-16 819 506 35 35 
cell-3-1-17 854 506 35 35 
cell-3-1-18 889 506 35 35 
cell-3-1-19 924 506 35 35 
cell-3-2-0 259 570 35 35 
cell-3-2-1 294 570 35 35 
cell-3-2-2 329 570 35 35 
cell-3-2-3 364 570 35 35 
cell-3-2-4 399 570 35 35 
cell-3-2-5 434 570 35 35 
cell-3-2-6 469 570 35 35 
cell-3-2-7 504 570 35 35 
cell-3-2-8 539 570 35 35 
cell-3-2-9 574 570 35 35 
cell-3-2-10 609 570 35 35 
cell-3-2-11 644 570 35 35 
cell-3-2-12 679 570 35 35 
cell-3-2-13 714 570 35 35 
cell-3-2-14 749 570 35 35 
cell-3-2-15 784 570 35 35 
cell-3-2-16 819 570 35 35 
cell-3-2-17 854 570 35 35 
cell-3-2-18 889 570 35 35 
cell-3-2-19 924 570 35 35 
cell-3-3-0 259 634 35 35 
cell-3-3-1 294 634 35 35 
cell-3-3-2 329 634 35 35 
cell-3-3-3 364 634 35 35 
cell-3-3-4 399 634 35 35 
cell-3-3-5 434 634 35 35 
cell-3-3-6 469 634 35 35 
cell-3-3-7 504 634 35 35 
cell-3-3-8 539 634 35 35 
cell-3-3-9 574 634 35 35 
cell-3-3-10 609 634 35 35 
cell-3-3-11 644 634 35 35 
cell-3-3-12 679 634 35 35 
cell-3-3-13 714 634 35 35 
cell-3-3-14 749 634 35 35 
cell-3-3-15 784 634 35 35 
cell-3-3-16 819 634 35 35 
cell-3-3-17 854 634 35 35 
cell-3-3-18 889 634 35 35 
cell-3-3-19 924 634 35 35 
cell-3-4-0 259 698 35 35 
cell-3-4-1 294 698 35 35 
cell-3-4-2 329 698 35 35 
cell-3-4-3 364 698 35 35 
cell-3-4-4 399 698 35 35 
cell-3-4-5 434 698 35 35 
cell-3-4-6 469 698 35 35 
cell-3-4-7 504 698 35 35 
cell-3-4-8 539 698 35 35 
cell-3-4-9 574 698 35 35 
cell-3-4-10 609 698 35 35 
cell-3-4-11 644 698 35 35 
cell-3-4-12 679 698 35 35 
cell-3-4-13 714 698 35 35 
cell-3-4-14 749 698 35 35 
cell-3-4-15 784 698 35 35 
cell-3-4-16 819 698 35 35 
cell-3-4-17 854 698 35 35 
cell-3-4-18 889 698 35 35 
cell-3-4-19 924 698 35 35 
cell-3-5-0 259 762 35 35 
cell-3-5-1 294 762 35 35 
cell-3-5-2 329 762 35 35 
cell-3-5-3 364 762 35 35 
cell-3-5-4 399 762 35 35 
cell-3-5-5 434 762 35 35 
cell-3-5-6 469 762 35 35 
cell-3-5-7 504 762 35 35 
cell-3-5-8 539 762 35 35 
cell-3-5-9 574 762 35 35 
cell-3-5-10 609 762 35 35 
cell-3-5-11 644 762 35 35 
cell-3-5-12 679 762 35 35 
cell-3-5-13 714 762 35 35 
cell-3-5-14 749 762 35 35 
cell-3-5-15 784 762 35 35 
cell-3-5-16 819 762 35 35 
cell-3-5-17 854 762 35 35 
cell-3-5-18 889 762 35 35 
cell-3-5-19 924 762 35 35 
cell-3-6-0 259 826 35 35 
cell-3-6-1 294 826 35 35 
cell-3-6-2 329 826 35 35 
cell-3-6-3 364 826 35 35 
cell-3-6-4 399 826 35 35 
cell-3-6-5 434 826 35 35 
cell-3-6-6 469 826 35 35 
cell-3-6-7 504 826 35 35 
cell-3-6-8 539 826 35 35 
cell-3-6-9 574 826 35 35 
cell-3-6-10 609 826 35 35 
cell-3-6-11 644 826 35 35 
cell-3-6-12 679 826 35 35 
cell-3-6-13 714 826 35 35 
cell-3-6-14 749 826 35 35 
cell-3-6-15 784 826 35 35 
cell-3-6-16 819 826 35 35 
cell-3-6-17 854 826 35 35 
cell-3-6-18 889 826 35 35 
cell-3-6-19 924 826 35 35 
cell-3-7-0 259 890 35 35 
cell-3-7-1 294 890 35 35 
cell-3-7-2 329 890 35 35 
cell-3-7-3 364 890 35 35 
cell-3-7-4 399 890 35 35 
cell-3-7-5 434 890 35 35 
cell-3-7-6 469 890 35 35 
cell-3-7-7 504 890 35 35 
cell-3-7-8 539 890 35 35 
cell-3-7-9 574 890 35 35 
cell-3-7-10 609 890 35 35 
cell-3-7-11 644 890 35 35 
cell-3-7-12 679 890 35 35 
cell-3-7-13 714 890 35 35 
cell-3-7-14 749 890 35 35 
cell-3-7-15 784 890 35 35 
cell-3-7-16 819 890 35 35 
cell-3-7-17 854 890 35 35 
cell-3-7-18 889 890 35 35 
cell-3-7-19 924 890 35 35 
