table-0 212 1021 600 252 
cell-0-0-0 212 1021 120 46 
cell-0-0-1 332 1021 120 46 
cell-0-0-2 452 1021 120 46 
cell-0-0-3 572 1021 120 46 
cell-0-0-4 692 1021 120 46 
cell-0-1-0 212 1072 120 46 
cell-0-1-1 332 1072 120 46 
cell-0-1-2 452 1072 120 46 
cell-0-1-3 572 1072 120 46 
cell-0-1-4 692 1072 120 46 
cell-0-2-0 212 1123 120 46 
cell-0-2-1 332 1123 120 46 
cell-0-2-2 452 1123 120 46 
cell-0-2-3 572 1123 120 46 
cell-0-2-4 692 1123 120 46 
cell-0-3-0 212 1174 120 46 
cell-0-3-1 332 1174 120 46 
cell-0-3-2 452 1174 120 46 
cell-0-3-3 572 1174 120 46 
cell-0-3-4 692 1174 120 46 
cell-0-4-0 212 1225 120 46 
cell-0-4-1 332 1225 120 46 
cell-0-4-2 452 1225 120 46 
cell-0-4-3 572 1225 120 46 
cell-0-4-4 692 1225 120 46 
table-2 250 184 222 544 
cell-2-0-0 250 184 44 35 
cell-2-0-1 294 184 44 35 
cell-2-0-2 338 184 44 35 
cell-2-0-3 382 184 44 35 
cell-2-0-4 426 184 44 35 
cell-2-1-0 250 223 44 35 
cell-2-1-1 294 223 44 35 
cell-2-1-2 338 223 44 35 
cell-2-1-3 382 223 44 35 
cell-2-1-4 426 223 44 35 
cell-2-2-0 250 262 44 35 
cell-2-2-1 294 262 44 35 
cell-2-2-2 338 262 44 35 
cell-2-2-3 382 262 44 35 
cell-2-2-4 426 262 44 35 
cell-2-3-0 250 301 44 35 
cell-2-3-1 294 301 44 35 
cell-2-3-2 338 301 44 35 
cell-2-3-3 382 301 44 35 
cell-2-3-4 426 301 44 35 
cell-2-4-0 250 340 44 35 
cell-2-4-1 294 340 44 35 
cell-2-4-2 338 340 44 35 
cell-2-4-3 382 340 44 35 
cell-2-4-4 426 340 44 35 
cell-2-5-0 250 379 44 35 
cell-2-5-1 294 379 44 35 
cell-2-5-2 338 379 44 35 
cell-2-5-3 382 379 44 35 
cell-2-5-4 426 379 44 35 
cell-2-6-0 250 418 44 35 
cell-2-6-1 294 418 44 35 
cell-2-6-2 338 418 44 35 
cell-2-6-3 382 418 44 35 
cell-2-6-4 426 418 44 35 
cell-2-7-0 250 457 44 35 
cell-2-7-1 294 457 44 35 
cell-2-7-2 338 457 44 35 
cell-2-7-3 382 457 44 35 
cell-2-7-4 426 457 44 35 
cell-2-8-0 250 496 44 35 
cell-2-8-1 294 496 44 35 
cell-2-8-2 338 496 44 35 
cell-2-8-3 382 496 44 35 
cell-2-8-4 426 496 44 35 
cell-2-9-0 250 535 44 35 
cell-2-9-1 294 535 44 35 
cell-2-9-2 338 535 44 35 
cell-2-9-3 382 535 44 35 
cell-2-9-4 426 535 44 35 
cell-2-10-0 250 574 44 35 
cell-2-10-1 294 574 44 35 
cell-2-10-2 338 574 44 35 
cell-2-10-3 382 574 44 35 
cell-2-10-4 426 574 44 35 
cell-2-11-0 250 613 44 35 
cell-2-11-1 294 613 44 35 
cell-2-11-2 338 613 44 35 
cell-2-11-3 382 613 44 35 
cell-2-11-4 426 613 44 35 
cell-2-12-0 250 652 44 35 
cell-2-12-1 294 652 44 35 
cell-2-12-2 338 652 44 35 
cell-2-12-3 382 652 44 35 
cell-2-12-4 426 652 44 35 
cell-2-13-0 250 691 44 35 
cell-2-13-1 294 691 44 35 
cell-2-13-2 338 691 44 35 
cell-2-13-3 382 691 44 35 
cell-2-13-4 426 691 44 35 
