table-0 750 349 266 695 
cell-0-0-0 750 349 44 35 
cell-0-0-1 794 349 44 35 
cell-0-0-2 838 349 44 35 
cell-0-0-3 882 349 44 35 
cell-0-0-4 926 349 44 35 
cell-0-0-5 970 349 44 35 
cell-0-1-0 750 396 44 35 
cell-0-1-1 794 396 44 35 
cell-0-1-2 838 396 44 35 
cell-0-1-3 882 396 44 35 
cell-0-1-4 926 396 44 35 
cell-0-1-5 970 396 44 35 
cell-0-2-0 750 443 44 35 
cell-0-2-1 794 443 44 35 
cell-0-2-2 838 443 44 35 
cell-0-2-3 882 443 44 35 
cell-0-2-4 926 443 44 35 
cell-0-2-5 970 443 44 35 
cell-0-3-0 750 490 44 35 
cell-0-3-1 794 490 44 35 
cell-0-3-2 838 490 44 35 
cell-0-3-3 882 490 44 35 
cell-0-3-4 926 490 44 35 
cell-0-3-5 970 490 44 35 
cell-0-4-0 750 537 44 35 
cell-0-4-1 794 537 44 35 
cell-0-4-2 838 537 44 35 
cell-0-4-3 882 537 44 35 
cell-0-4-4 926 537 44 35 
cell-0-4-5 970 537 44 35 
cell-0-5-0 750 584 44 35 
cell-0-5-1 794 584 44 35 
cell-0-5-2 838 584 44 35 
cell-0-5-3 882 584 44 35 
cell-0-5-4 926 584 44 35 
cell-0-5-5 970 584 44 35 
cell-0-6-0 750 631 44 35 
cell-0-6-1 794 631 44 35 
cell-0-6-2 838 631 44 35 
cell-0-6-3 882 631 44 35 
cell-0-6-4 926 631 44 35 
cell-0-6-5 970 631 44 35 
cell-0-7-0 750 678 44 35 
cell-0-7-1 794 678 44 35 
cell-0-7-2 838 678 44 35 
cell-0-7-3 882 678 44 35 
cell-0-7-4 926 678 44 35 
cell-0-7-5 970 678 44 35 
cell-0-8-0 750 725 44 35 
cell-0-8-1 794 725 44 35 
cell-0-8-2 838 725 44 35 
cell-0-8-3 882 725 44 35 
cell-0-8-4 926 725 44 35 
cell-0-8-5 970 725 44 35 
cell-0-9-0 750 772 44 35 
cell-0-9-1 794 772 44 35 
cell-0-9-2 838 772 44 35 
cell-0-9-3 882 772 44 35 
cell-0-9-4 926 772 44 35 
cell-0-9-5 970 772 44 35 
cell-0-10-0 750 819 44 35 
cell-0-10-1 794 819 44 35 
cell-0-10-2 838 819 44 35 
cell-0-10-3 882 819 44 35 
cell-0-10-4 926 819 44 35 
cell-0-10-5 970 819 44 35 
cell-0-11-0 750 866 44 35 
cell-0-11-1 794 866 44 35 
cell-0-11-2 838 866 44 35 
cell-0-11-3 882 866 44 35 
cell-0-11-4 926 866 44 35 
cell-0-11-5 970 866 44 35 
cell-0-12-0 750 913 44 35 
cell-0-12-1 794 913 44 35 
cell-0-12-2 838 913 44 35 
cell-0-12-3 882 913 44 35 
cell-0-12-4 926 913 44 35 
cell-0-12-5 970 913 44 35 
cell-0-13-0 750 960 44 35 
cell-0-13-1 794 960 44 35 
cell-0-13-2 838 960 44 35 
cell-0-13-3 882 960 44 35 
cell-0-13-4 926 960 44 35 
cell-0-13-5 970 960 44 35 
cell-0-14-0 750 1007 44 35 
cell-0-14-1 794 1007 44 35 
cell-0-14-2 838 1007 44 35 
cell-0-14-3 882 1007 44 35 
cell-0-14-4 926 1007 44 35 
cell-0-14-5 970 1007 44 35 
