table-0 153 159 700 279 
cell-0-0-0 153 159 140 42 
cell-0-0-1 293 159 140 42 
cell-0-0-2 433 159 140 42 
cell-0-0-3 573 159 140 42 
cell-0-0-4 713 159 140 42 
cell-0-1-0 153 206 140 42 
cell-0-1-1 293 206 140 42 
cell-0-1-2 433 206 140 42 
cell-0-1-3 573 206 140 42 
cell-0-1-4 713 206 140 42 
cell-0-2-0 153 253 140 42 
cell-0-2-1 293 253 140 42 
cell-0-2-2 433 253 140 42 
cell-0-2-3 573 253 140 42 
cell-0-2-4 713 253 140 42 
cell-0-3-0 153 300 140 42 
cell-0-3-1 293 300 140 42 
cell-0-3-2 433 300 140 42 
cell-0-3-3 573 300 140 42 
cell-0-3-4 713 300 140 42 
cell-0-4-0 153 347 140 42 
cell-0-4-1 293 347 140 42 
cell-0-4-2 433 347 140 42 
cell-0-4-3 573 347 140 42 
cell-0-4-4 713 347 140 42 
cell-0-5-0 153 394 140 42 
cell-0-5-1 293 394 140 42 
cell-0-5-2 433 394 140 42 
cell-0-5-3 573 394 140 42 
cell-0-5-4 713 394 140 42 
table-1 257 1050 626 198 
cell-1-1-0 257 1050 34 35 
cell-1-1-1 294 1050 34 35 
cell-1-1-2 331 1050 34 35 
cell-1-1-3 368 1050 34 35 
cell-1-1-4 405 1050 34 35 
cell-1-1-5 442 1050 34 35 
cell-1-1-6 479 1050 34 35 
cell-1-1-7 516 1050 34 35 
cell-1-1-8 553 1050 34 35 
cell-1-1-9 590 1050 34 35 
cell-1-1-10 627 1050 34 35 
cell-1-1-11 664 1050 34 35 
cell-1-1-12 701 1050 34 35 
cell-1-1-13 738 1050 34 35 
cell-1-1-14 775 1050 34 35 
cell-1-1-15 812 1050 34 35 
cell-1-1-16 849 1050 34 35 
cell-1-2-0 257 1104 34 35 
cell-1-2-1 294 1104 34 35 
cell-1-2-2 331 1104 34 35 
cell-1-2-3 368 1104 34 35 
cell-1-2-4 405 1104 34 35 
cell-1-2-5 442 1104 34 35 
cell-1-2-6 479 1104 34 35 
cell-1-2-7 516 1104 34 35 
cell-1-2-8 553 1104 34 35 
cell-1-2-9 590 1104 34 35 
cell-1-2-10 627 1104 34 35 
cell-1-2-11 664 1104 34 35 
cell-1-2-12 701 1104 34 35 
cell-1-2-13 738 1104 34 35 
cell-1-2-14 775 1104 34 35 
cell-1-2-15 812 1104 34 35 
cell-1-2-16 849 1104 34 35 
cell-1-3-0 257 1158 34 35 
cell-1-3-1 294 1158 34 35 
cell-1-3-2 331 1158 34 35 
cell-1-3-3 368 1158 34 35 
cell-1-3-4 405 1158 34 35 
cell-1-3-5 442 1158 34 35 
cell-1-3-6 479 1158 34 35 
cell-1-3-7 516 1158 34 35 
cell-1-3-8 553 1158 34 35 
cell-1-3-9 590 1158 34 35 
cell-1-3-10 627 1158 34 35 
cell-1-3-11 664 1158 34 35 
cell-1-3-12 701 1158 34 35 
cell-1-3-13 738 1158 34 35 
cell-1-3-14 775 1158 34 35 
cell-1-3-15 812 1158 34 35 
cell-1-3-16 849 1158 34 35 
cell-1-4-0 257 1212 34 35 
cell-1-4-1 294 1212 34 35 
cell-1-4-2 331 1212 34 35 
cell-1-4-3 368 1212 34 35 
cell-1-4-4 405 1212 34 35 
cell-1-4-5 442 1212 34 35 
cell-1-4-6 479 1212 34 35 
cell-1-4-7 516 1212 34 35 
cell-1-4-8 553 1212 34 35 
cell-1-4-9 590 1212 34 35 
cell-1-4-10 627 1212 34 35 
cell-1-4-11 664 1212 34 35 
cell-1-4-12 701 1212 34 35 
cell-1-4-13 738 1212 34 35 
cell-1-4-14 775 1212 34 35 
cell-1-4-15 812 1212 34 35 
cell-1-4-16 849 1212 34 35 
