table-0 402 70 609 546 
cell-0-0-0 402 70 44 43 
cell-0-0-1 446 70 44 43 
cell-0-0-2 490 70 44 43 
cell-0-0-3 534 70 44 43 
cell-0-0-4 578 70 44 43 
cell-0-0-5 622 70 44 43 
cell-0-0-6 666 70 343 43 
cell-0-1-0 402 120 44 43 
cell-0-1-1 446 120 44 43 
cell-0-1-2 490 120 44 43 
cell-0-1-3 534 120 44 43 
cell-0-1-4 578 120 44 43 
cell-0-1-5 622 120 44 43 
cell-0-1-6 666 120 343 43 
cell-0-2-0 402 170 44 43 
cell-0-2-1 446 170 44 43 
cell-0-2-2 490 170 44 43 
cell-0-2-3 534 170 44 43 
cell-0-2-4 578 170 44 43 
cell-0-2-5 622 170 44 43 
cell-0-2-6 666 170 343 43 
cell-0-3-0 402 220 44 43 
cell-0-3-1 446 220 44 43 
cell-0-3-2 490 220 44 43 
cell-0-3-3 534 220 44 43 
cell-0-3-4 578 220 44 43 
cell-0-3-5 622 220 44 43 
cell-0-3-6 666 220 343 43 
cell-0-4-0 402 270 44 43 
cell-0-4-1 446 270 44 43 
cell-0-4-2 490 270 44 43 
cell-0-4-3 534 270 44 43 
cell-0-4-4 578 270 44 43 
cell-0-4-5 622 270 44 43 
cell-0-4-6 666 270 343 43 
cell-0-5-0 402 320 44 43 
cell-0-5-1 446 320 44 43 
cell-0-5-2 490 320 44 43 
cell-0-5-3 534 320 44 43 
cell-0-5-4 578 320 44 43 
cell-0-5-5 622 320 44 43 
cell-0-5-6 666 320 343 43 
cell-0-6-0 402 370 44 43 
cell-0-6-1 446 370 44 43 
cell-0-6-2 490 370 44 43 
cell-0-6-3 534 370 44 43 
cell-0-6-4 578 370 44 43 
cell-0-6-5 622 370 44 43 
cell-0-6-6 666 370 343 43 
cell-0-7-0 402 420 44 43 
cell-0-7-1 446 420 44 43 
cell-0-7-2 490 420 44 43 
cell-0-7-3 534 420 44 43 
cell-0-7-4 578 420 44 43 
cell-0-7-5 622 420 44 43 
cell-0-7-6 666 420 343 43 
cell-0-8-0 402 470 44 43 
cell-0-8-1 446 470 44 43 
cell-0-8-2 490 470 44 43 
cell-0-8-3 534 470 44 43 
cell-0-8-4 578 470 44 43 
cell-0-8-5 622 470 44 43 
cell-0-8-6 666 470 343 43 
cell-0-9-0 402 520 44 43 
cell-0-9-1 446 520 44 43 
cell-0-9-2 490 520 44 43 
cell-0-9-3 534 520 44 43 
cell-0-9-4 578 520 44 43 
cell-0-9-5 622 520 44 43 
cell-0-9-6 666 520 343 43 
cell-0-10-0 402 570 44 43 
cell-0-10-1 446 570 44 43 
cell-0-10-2 490 570 44 43 
cell-0-10-3 534 570 44 43 
cell-0-10-4 578 570 44 43 
cell-0-10-5 622 570 44 43 
cell-0-10-6 666 570 343 43 
