table-0 540 667 259 520 
cell-0-0-0 540 667 43 35 
cell-0-0-1 583 667 43 35 
cell-0-0-2 626 667 43 35 
cell-0-0-3 669 667 43 35 
cell-0-0-4 712 667 43 35 
cell-0-0-5 755 667 43 35 
cell-0-1-0 540 711 43 35 
cell-0-1-1 583 711 43 35 
cell-0-1-2 626 711 43 35 
cell-0-1-3 669 711 43 35 
cell-0-1-4 712 711 43 35 
cell-0-1-5 755 711 43 35 
cell-0-2-0 540 755 43 35 
cell-0-2-1 583 755 43 35 
cell-0-2-2 626 755 43 35 
cell-0-2-3 669 755 43 35 
cell-0-2-4 712 755 43 35 
cell-0-2-5 755 755 43 35 
cell-0-3-0 540 799 43 35 
cell-0-3-1 583 799 43 35 
cell-0-3-2 626 799 43 35 
cell-0-3-3 669 799 43 35 
cell-0-3-4 712 799 43 35 
cell-0-3-5 755 799 43 35 
cell-0-4-0 540 843 43 35 
cell-0-4-1 583 843 43 35 
cell-0-4-2 626 843 43 35 
cell-0-4-3 669 843 43 35 
cell-0-4-4 712 843 43 35 
cell-0-4-5 755 843 43 35 
cell-0-5-0 540 887 43 35 
cell-0-5-1 583 887 43 35 
cell-0-5-2 626 887 43 35 
cell-0-5-3 669 887 43 35 
cell-0-5-4 712 887 43 35 
cell-0-5-5 755 887 43 35 
cell-0-6-0 540 931 43 35 
cell-0-6-1 583 931 43 35 
cell-0-6-2 626 931 43 35 
cell-0-6-3 669 931 43 35 
cell-0-6-4 712 931 43 35 
cell-0-6-5 755 931 43 35 
cell-0-7-0 540 975 43 35 
cell-0-7-1 583 975 43 35 
cell-0-7-2 626 975 43 35 
cell-0-7-3 669 975 43 35 
cell-0-7-4 712 975 43 35 
cell-0-7-5 755 975 43 35 
cell-0-8-0 540 1019 43 35 
cell-0-8-1 583 1019 43 35 
cell-0-8-2 626 1019 43 35 
cell-0-8-3 669 1019 43 35 
cell-0-8-4 712 1019 43 35 
cell-0-8-5 755 1019 43 35 
cell-0-9-0 540 1063 43 35 
cell-0-9-1 583 1063 43 35 
cell-0-9-2 626 1063 43 35 
cell-0-9-3 669 1063 43 35 
cell-0-9-4 712 1063 43 35 
cell-0-9-5 755 1063 43 35 
cell-0-10-0 540 1107 43 35 
cell-0-10-1 583 1107 43 35 
cell-0-10-2 626 1107 43 35 
cell-0-10-3 669 1107 43 35 
cell-0-10-4 712 1107 43 35 
cell-0-10-5 755 1107 43 35 
cell-0-11-0 540 1151 43 35 
cell-0-11-1 583 1151 43 35 
cell-0-11-2 626 1151 43 35 
cell-0-11-3 669 1151 43 35 
cell-0-11-4 712 1151 43 35 
cell-0-11-5 755 1151 43 35 
