table-0 138 368 228 398 
cell-0-0-0 138 368 45 35 
cell-0-0-1 183 368 45 35 
cell-0-0-2 228 368 45 35 
cell-0-0-3 273 368 45 35 
cell-0-0-4 318 368 45 35 
cell-0-1-0 138 408 45 35 
cell-0-1-1 183 408 45 35 
cell-0-1-2 228 408 45 35 
cell-0-1-3 273 408 45 35 
cell-0-1-4 318 408 45 35 
cell-0-2-0 138 448 45 35 
cell-0-2-1 183 448 45 35 
cell-0-2-2 228 448 45 35 
cell-0-2-3 273 448 45 35 
cell-0-2-4 318 448 45 35 
cell-0-3-0 138 488 45 35 
cell-0-3-1 183 488 45 35 
cell-0-3-2 228 488 45 35 
cell-0-3-3 273 488 45 35 
cell-0-3-4 318 488 45 35 
cell-0-4-0 138 528 45 35 
cell-0-4-1 183 528 45 35 
cell-0-4-2 228 528 45 35 
cell-0-4-3 273 528 45 35 
cell-0-4-4 318 528 45 35 
cell-0-5-0 138 568 45 35 
cell-0-5-1 183 568 45 35 
cell-0-5-2 228 568 45 35 
cell-0-5-3 273 568 45 35 
cell-0-5-4 318 568 45 35 
cell-0-6-0 138 608 45 35 
cell-0-6-1 183 608 45 35 
cell-0-6-2 228 608 45 35 
cell-0-6-3 273 608 45 35 
cell-0-6-4 318 608 45 35 
cell-0-7-0 138 648 45 35 
cell-0-7-1 183 648 45 35 
cell-0-7-2 228 648 45 35 
cell-0-7-3 273 648 45 35 
cell-0-7-4 318 648 45 35 
cell-0-8-0 138 688 45 35 
cell-0-8-1 183 688 45 35 
cell-0-8-2 228 688 45 35 
cell-0-8-3 273 688 45 35 
cell-0-8-4 318 688 45 35 
cell-0-9-0 138 728 45 35 
cell-0-9-1 183 728 45 35 
cell-0-9-2 228 728 45 35 
cell-0-9-3 273 728 45 35 
cell-0-9-4 318 728 45 35 
header-1 77 891 806 193 
row-1-1 77 891 344 40 
row-1-2 441 891 344 40 
row-2-1 77 941 344 40 
row-2-2 441 941 434 40 
row-3-1 77 991 740 40 
row-4-1 77 1041 509 40 
