table-0 147 341 659 706 
cell-0-0-0 147 341 44 43 
cell-0-0-1 191 341 44 43 
cell-0-0-2 235 341 44 43 
cell-0-0-3 279 341 44 43 
cell-0-0-4 323 341 44 43 
cell-0-0-5 367 341 44 43 
cell-0-0-6 411 341 393 43 
cell-0-1-0 147 396 44 43 
cell-0-1-1 191 396 44 43 
cell-0-1-2 235 396 44 43 
cell-0-1-3 279 396 44 43 
cell-0-1-4 323 396 44 43 
cell-0-1-5 367 396 44 43 
cell-0-1-6 411 396 393 43 
cell-0-2-0 147 451 44 43 
cell-0-2-1 191 451 44 43 
cell-0-2-2 235 451 44 43 
cell-0-2-3 279 451 44 43 
cell-0-2-4 323 451 44 43 
cell-0-2-5 367 451 44 43 
cell-0-2-6 411 451 393 43 
cell-0-3-0 147 506 44 43 
cell-0-3-1 191 506 44 43 
cell-0-3-2 235 506 44 43 
cell-0-3-3 279 506 44 43 
cell-0-3-4 323 506 44 43 
cell-0-3-5 367 506 44 43 
cell-0-3-6 411 506 393 43 
cell-0-4-0 147 561 44 43 
cell-0-4-1 191 561 44 43 
cell-0-4-2 235 561 44 43 
cell-0-4-3 279 561 44 43 
cell-0-4-4 323 561 44 43 
cell-0-4-5 367 561 44 43 
cell-0-4-6 411 561 393 43 
cell-0-5-0 147 616 44 43 
cell-0-5-1 191 616 44 43 
cell-0-5-2 235 616 44 43 
cell-0-5-3 279 616 44 43 
cell-0-5-4 323 616 44 43 
cell-0-5-5 367 616 44 43 
cell-0-5-6 411 616 393 43 
cell-0-6-0 147 671 44 43 
cell-0-6-1 191 671 44 43 
cell-0-6-2 235 671 44 43 
cell-0-6-3 279 671 44 43 
cell-0-6-4 323 671 44 43 
cell-0-6-5 367 671 44 43 
cell-0-6-6 411 671 393 43 
cell-0-7-0 147 726 44 43 
cell-0-7-1 191 726 44 43 
cell-0-7-2 235 726 44 43 
cell-0-7-3 279 726 44 43 
cell-0-7-4 323 726 44 43 
cell-0-7-5 367 726 44 43 
cell-0-7-6 411 726 393 43 
cell-0-8-0 147 781 44 43 
cell-0-8-1 191 781 44 43 
cell-0-8-2 235 781 44 43 
cell-0-8-3 279 781 44 43 
cell-0-8-4 323 781 44 43 
cell-0-8-5 367 781 44 43 
cell-0-8-6 411 781 393 43 
cell-0-9-0 147 836 44 43 
cell-0-9-1 191 836 44 43 
cell-0-9-2 235 836 44 43 
cell-0-9-3 279 836 44 43 
cell-0-9-4 323 836 44 43 
cell-0-9-5 367 836 44 43 
cell-0-9-6 411 836 393 43 
cell-0-10-0 147 891 44 43 
cell-0-10-1 191 891 44 43 
cell-0-10-2 235 891 44 43 
cell-0-10-3 279 891 44 43 
cell-0-10-4 323 891 44 43 
cell-0-10-5 367 891 44 43 
cell-0-10-6 411 891 393 43 
cell-0-11-0 147 946 44 43 
cell-0-11-1 191 946 44 43 
cell-0-11-2 235 946 44 43 
cell-0-11-3 279 946 44 43 
cell-0-11-4 323 946 44 43 
cell-0-11-5 367 946 44 43 
cell-0-11-6 411 946 393 43 
cell-0-12-0 147 1001 44 43 
cell-0-12-1 191 1001 44 43 
cell-0-12-2 235 1001 44 43 
cell-0-12-3 279 1001 44 43 
cell-0-12-4 323 1001 44 43 
cell-0-12-5 367 1001 44 43 
cell-0-12-6 411 1001 393 43 
