table-0 122 568 487 630 
cell-0-0-0 122 568 43 41 
cell-0-0-1 165 568 43 41 
cell-0-0-2 208 568 43 41 
cell-0-0-3 251 568 43 41 
cell-0-0-4 294 568 313 41 
cell-0-1-0 122 610 43 41 
cell-0-1-1 165 610 43 41 
cell-0-1-2 208 610 43 41 
cell-0-1-3 251 610 43 41 
cell-0-1-4 294 610 313 41 
cell-0-2-0 122 652 43 41 
cell-0-2-1 165 652 43 41 
cell-0-2-2 208 652 43 41 
cell-0-2-3 251 652 43 41 
cell-0-2-4 294 652 313 41 
cell-0-3-0 122 694 43 41 
cell-0-3-1 165 694 43 41 
cell-0-3-2 208 694 43 41 
cell-0-3-3 251 694 43 41 
cell-0-3-4 294 694 313 41 
cell-0-4-0 122 736 43 41 
cell-0-4-1 165 736 43 41 
cell-0-4-2 208 736 43 41 
cell-0-4-3 251 736 43 41 
cell-0-4-4 294 736 313 41 
cell-0-5-0 122 778 43 41 
cell-0-5-1 165 778 43 41 
cell-0-5-2 208 778 43 41 
cell-0-5-3 251 778 43 41 
cell-0-5-4 294 778 313 41 
cell-0-6-0 122 820 43 41 
cell-0-6-1 165 820 43 41 
cell-0-6-2 208 820 43 41 
cell-0-6-3 251 820 43 41 
cell-0-6-4 294 820 313 41 
cell-0-7-0 122 862 43 41 
cell-0-7-1 165 862 43 41 
cell-0-7-2 208 862 43 41 
cell-0-7-3 251 862 43 41 
cell-0-7-4 294 862 313 41 
cell-0-8-0 122 904 43 41 
cell-0-8-1 165 904 43 41 
cell-0-8-2 208 904 43 41 
cell-0-8-3 251 904 43 41 
cell-0-8-4 294 904 313 41 
cell-0-9-0 122 946 43 41 
cell-0-9-1 165 946 43 41 
cell-0-9-2 208 946 43 41 
cell-0-9-3 251 946 43 41 
cell-0-9-4 294 946 313 41 
cell-0-10-0 122 988 43 41 
cell-0-10-1 165 988 43 41 
cell-0-10-2 208 988 43 41 
cell-0-10-3 251 988 43 41 
cell-0-10-4 294 988 313 41 
cell-0-11-0 122 1030 43 41 
cell-0-11-1 165 1030 43 41 
cell-0-11-2 208 1030 43 41 
cell-0-11-3 251 1030 43 41 
cell-0-11-4 294 1030 313 41 
cell-0-12-0 122 1072 43 41 
cell-0-12-1 165 1072 43 41 
cell-0-12-2 208 1072 43 41 
cell-0-12-3 251 1072 43 41 
cell-0-12-4 294 1072 313 41 
cell-0-13-0 122 1114 43 41 
cell-0-13-1 165 1114 43 41 
cell-0-13-2 208 1114 43 41 
cell-0-13-3 251 1114 43 41 
cell-0-13-4 294 1114 313 41 
cell-0-14-0 122 1156 43 41 
cell-0-14-1 165 1156 43 41 
cell-0-14-2 208 1156 43 41 
cell-0-14-3 251 1156 43 41 
cell-0-14-4 294 1156 313 41 
