table-0 224 168 532 486 
cell-0-0-0 224 168 45 43 
cell-0-0-1 269 168 45 43 
cell-0-0-2 314 168 45 43 
cell-0-0-3 359 168 45 43 
cell-0-0-4 404 168 350 43 
cell-0-1-0 224 212 45 43 
cell-0-1-1 269 212 45 43 
cell-0-1-2 314 212 45 43 
cell-0-1-3 359 212 45 43 
cell-0-1-4 404 212 350 43 
cell-0-2-0 224 256 45 43 
cell-0-2-1 269 256 45 43 
cell-0-2-2 314 256 45 43 
cell-0-2-3 359 256 45 43 
cell-0-2-4 404 256 350 43 
cell-0-3-0 224 300 45 43 
cell-0-3-1 269 300 45 43 
cell-0-3-2 314 300 45 43 
cell-0-3-3 359 300 45 43 
cell-0-3-4 404 300 350 43 
cell-0-4-0 224 344 45 43 
cell-0-4-1 269 344 45 43 
cell-0-4-2 314 344 45 43 
cell-0-4-3 359 344 45 43 
cell-0-4-4 404 344 350 43 
cell-0-5-0 224 388 45 43 
cell-0-5-1 269 388 45 43 
cell-0-5-2 314 388 45 43 
cell-0-5-3 359 388 45 43 
cell-0-5-4 404 388 350 43 
cell-0-6-0 224 432 45 43 
cell-0-6-1 269 432 45 43 
cell-0-6-2 314 432 45 43 
cell-0-6-3 359 432 45 43 
cell-0-6-4 404 432 350 43 
cell-0-7-0 224 476 45 43 
cell-0-7-1 269 476 45 43 
cell-0-7-2 314 476 45 43 
cell-0-7-3 359 476 45 43 
cell-0-7-4 404 476 350 43 
cell-0-8-0 224 520 45 43 
cell-0-8-1 269 520 45 43 
cell-0-8-2 314 520 45 43 
cell-0-8-3 359 520 45 43 
cell-0-8-4 404 520 350 43 
cell-0-9-0 224 564 45 43 
cell-0-9-1 269 564 45 43 
cell-0-9-2 314 564 45 43 
cell-0-9-3 359 564 45 43 
cell-0-9-4 404 564 350 43 
cell-0-10-0 224 608 45 43 
cell-0-10-1 269 608 45 43 
cell-0-10-2 314 608 45 43 
cell-0-10-3 359 608 45 43 
cell-0-10-4 404 608 350 43 
