table-0 141 947 800 357 
cell-0-0-0 141 947 133 51 
cell-0-0-1 274 947 133 51 
cell-0-0-2 407 947 133 51 
cell-0-0-3 540 947 133 51 
cell-0-0-4 673 947 133 51 
cell-0-0-5 806 947 133 51 
cell-0-1-0 141 1008 133 51 
cell-0-1-1 274 1008 133 51 
cell-0-1-2 407 1008 133 51 
cell-0-1-3 540 1008 133 51 
cell-0-1-4 673 1008 133 51 
cell-0-1-5 806 1008 133 51 
cell-0-2-0 141 1069 133 51 
cell-0-2-1 274 1069 133 51 
cell-0-2-2 407 1069 133 51 
cell-0-2-3 540 1069 133 51 
cell-0-2-4 673 1069 133 51 
cell-0-2-5 806 1069 133 51 
cell-0-3-0 141 1130 133 51 
cell-0-3-1 274 1130 133 51 
cell-0-3-2 407 1130 133 51 
cell-0-3-3 540 1130 133 51 
cell-0-3-4 673 1130 133 51 
cell-0-3-5 806 1130 133 51 
cell-0-4-0 141 1191 133 51 
cell-0-4-1 274 1191 133 51 
cell-0-4-2 407 1191 133 51 
cell-0-4-3 540 1191 133 51 
cell-0-4-4 673 1191 133 51 
cell-0-4-5 806 1191 133 51 
cell-0-5-0 141 1252 133 51 
cell-0-5-1 274 1252 133 51 
cell-0-5-2 407 1252 133 51 
cell-0-5-3 540 1252 133 51 
cell-0-5-4 673 1252 133 51 
cell-0-5-5 806 1252 133 51 
