table-0 226 649 577 594 
cell-0-0-0 226 649 43 42 
cell-0-0-1 269 649 43 42 
cell-0-0-2 312 649 43 42 
cell-0-0-3 355 649 43 42 
cell-0-0-4 398 649 43 42 
cell-0-0-5 441 649 43 42 
cell-0-0-6 484 649 315 42 
cell-0-1-0 226 699 43 42 
cell-0-1-1 269 699 43 42 
cell-0-1-2 312 699 43 42 
cell-0-1-3 355 699 43 42 
cell-0-1-4 398 699 43 42 
cell-0-1-5 441 699 43 42 
cell-0-1-6 484 699 315 42 
cell-0-2-0 226 749 43 42 
cell-0-2-1 269 749 43 42 
cell-0-2-2 312 749 43 42 
cell-0-2-3 355 749 43 42 
cell-0-2-4 398 749 43 42 
cell-0-2-5 441 749 43 42 
cell-0-2-6 484 749 315 42 
cell-0-3-0 226 799 43 42 
cell-0-3-1 269 799 43 42 
cell-0-3-2 312 799 43 42 
cell-0-3-3 355 799 43 42 
cell-0-3-4 398 799 43 42 
cell-0-3-5 441 799 43 42 
cell-0-3-6 484 799 315 42 
cell-0-4-0 226 849 43 42 
cell-0-4-1 269 849 43 42 
cell-0-4-2 312 849 43 42 
cell-0-4-3 355 849 43 42 
cell-0-4-4 398 849 43 42 
cell-0-4-5 441 849 43 42 
cell-0-4-6 484 849 315 42 
cell-0-5-0 226 899 43 42 
cell-0-5-1 269 899 43 42 
cell-0-5-2 312 899 43 42 
cell-0-5-3 355 899 43 42 
cell-0-5-4 398 899 43 42 
cell-0-5-5 441 899 43 42 
cell-0-5-6 484 899 315 42 
cell-0-6-0 226 949 43 42 
cell-0-6-1 269 949 43 42 
cell-0-6-2 312 949 43 42 
cell-0-6-3 355 949 43 42 
cell-0-6-4 398 949 43 42 
cell-0-6-5 441 949 43 42 
cell-0-6-6 484 949 315 42 
cell-0-7-0 226 999 43 42 
cell-0-7-1 269 999 43 42 
cell-0-7-2 312 999 43 42 
cell-0-7-3 355 999 43 42 
cell-0-7-4 398 999 43 42 
cell-0-7-5 441 999 43 42 
cell-0-7-6 484 999 315 42 
cell-0-8-0 226 1049 43 42 
cell-0-8-1 269 1049 43 42 
cell-0-8-2 312 1049 43 42 
cell-0-8-3 355 1049 43 42 
cell-0-8-4 398 1049 43 42 
cell-0-8-5 441 1049 43 42 
cell-0-8-6 484 1049 315 42 
cell-0-9-0 226 1099 43 42 
cell-0-9-1 269 1099 43 42 
cell-0-9-2 312 1099 43 42 
cell-0-9-3 355 1099 43 42 
cell-0-9-4 398 1099 43 42 
cell-0-9-5 441 1099 43 42 
cell-0-9-6 484 1099 315 42 
cell-0-10-0 226 1149 43 42 
cell-0-10-1 269 1149 43 42 
cell-0-10-2 312 1149 43 42 
cell-0-10-3 355 1149 43 42 
cell-0-10-4 398 1149 43 42 
cell-0-10-5 441 1149 43 42 
cell-0-10-6 484 1149 315 42 
cell-0-11-0 226 1199 43 42 
cell-0-11-1 269 1199 43 42 
cell-0-11-2 312 1199 43 42 
cell-0-11-3 355 1199 43 42 
cell-0-11-4 398 1199 43 42 
cell-0-11-5 441 1199 43 42 
cell-0-11-6 484 1199 315 42 
table-1 60 80 1000 394 
cell-1-0-0 60 80 125 33 
cell-1-0-1 185 80 125 33 
cell-1-0-2 310 80 125 33 
cell-1-0-3 435 80 125 33 
cell-1-0-4 560 80 125 33 
cell-1-0-5 685 80 125 33 
cell-1-0-6 810 80 125 33 
cell-1-0-7 935 80 125 33 
cell-1-1-0 60 120 125 33 
cell-1-1-1 185 120 125 33 
cell-1-1-2 310 120 125 33 
cell-1-1-3 435 120 125 33 
cell-1-1-4 560 120 125 33 
cell-1-1-5 685 120 125 33 
cell-1-1-6 810 120 125 33 
cell-1-1-7 935 120 125 33 
cell-1-2-0 60 160 125 33 
cell-1-2-1 185 160 125 33 
cell-1-2-2 310 160 125 33 
cell-1-2-3 435 160 125 33 
cell-1-2-4 560 160 125 33 
cell-1-2-5 685 160 125 33 
cell-1-2-6 810 160 125 33 
cell-1-2-7 935 160 125 33 
cell-1-3-0 60 200 125 33 
cell-1-3-1 185 200 125 33 
cell-1-3-2 310 200 125 33 
cell-1-3-3 435 200 125 33 
cell-1-3-4 560 200 125 33 
cell-1-3-5 685 200 125 33 
cell-1-3-6 810 200 125 33 
cell-1-3-7 935 200 125 33 
cell-1-4-0 60 240 125 33 
cell-1-4-1 185 240 125 33 
cell-1-4-2 310 240 125 33 
cell-1-4-3 435 240 125 33 
cell-1-4-4 560 240 125 33 
cell-1-4-5 685 240 125 33 
cell-1-4-6 810 240 125 33 
cell-1-4-7 935 240 125 33 
cell-1-5-0 60 280 125 33 
cell-1-5-1 185 280 125 33 
cell-1-5-2 310 280 125 33 
cell-1-5-3 435 280 125 33 
cell-1-5-4 560 280 125 33 
cell-1-5-5 685 280 125 33 
cell-1-5-6 810 280 125 33 
cell-1-5-7 935 280 125 33 
cell-1-6-0 60 320 125 33 
cell-1-6-1 185 320 125 33 
cell-1-6-2 310 320 125 33 
cell-1-6-3 435 320 125 33 
cell-1-6-4 560 320 125 33 
cell-1-6-5 685 320 125 33 
cell-1-6-6 810 320 125 33 
cell-1-6-7 935 320 125 33 
cell-1-7-0 60 360 125 33 
cell-1-7-1 185 360 125 33 
cell-1-7-2 310 360 125 33 
cell-1-7-3 435 360 125 33 
cell-1-7-4 560 360 125 33 
cell-1-7-5 685 360 125 33 
cell-1-7-6 810 360 125 33 
cell-1-7-7 935 360 125 33 
cell-1-8-0 60 400 125 33 
cell-1-8-1 185 400 125 33 
cell-1-8-2 310 400 125 33 
cell-1-8-3 435 400 125 33 
cell-1-8-4 560 400 125 33 
cell-1-8-5 685 400 125 33 
cell-1-8-6 810 400 125 33 
cell-1-8-7 935 400 125 33 
cell-1-9-0 60 440 125 33 
cell-1-9-1 185 440 125 33 
cell-1-9-2 310 440 125 33 
cell-1-9-3 435 440 125 33 
cell-1-9-4 560 440 125 33 
cell-1-9-5 685 440 125 33 
cell-1-9-6 810 440 125 33 
cell-1-9-7 935 440 125 33 
