table-0 76 831 776 430 
cell-0-1-0 76 831 38 35 
cell-0-1-1 117 831 38 35 
cell-0-1-2 158 831 38 35 
cell-0-1-3 199 831 38 35 
cell-0-1-4 240 831 38 35 
cell-0-1-5 281 831 38 35 
cell-0-1-6 322 831 38 35 
cell-0-1-7 363 831 38 35 
cell-0-1-8 404 831 38 35 
cell-0-1-9 445 831 38 35 
cell-0-1-10 486 831 38 35 
cell-0-1-11 527 831 38 35 
cell-0-1-12 568 831 38 35 
cell-0-1-13 609 831 38 35 
cell-0-1-14 650 831 38 35 
cell-0-1-15 691 831 38 35 
cell-0-1-16 732 831 38 35 
cell-0-1-17 773 831 38 35 
cell-0-1-18 814 831 38 35 
cell-0-2-0 76 887 38 35 
cell-0-2-1 117 887 38 35 
cell-0-2-2 158 887 38 35 
cell-0-2-3 199 887 38 35 
cell-0-2-4 240 887 38 35 
cell-0-2-5 281 887 38 35 
cell-0-2-6 322 887 38 35 
cell-0-2-7 363 887 38 35 
cell-0-2-8 404 887 38 35 
cell-0-2-9 445 887 38 35 
cell-0-2-10 486 887 38 35 
cell-0-2-11 527 887 38 35 
cell-0-2-12 568 887 38 35 
cell-0-2-13 609 887 38 35 
cell-0-2-14 650 887 38 35 
cell-0-2-15 691 887 38 35 
cell-0-2-16 732 887 38 35 
cell-0-2-17 773 887 38 35 
cell-0-2-18 814 887 38 35 
cell-0-3-0 76 943 38 35 
cell-0-3-1 117 943 38 35 
cell-0-3-2 158 943 38 35 
cell-0-3-3 199 943 38 35 
cell-0-3-4 240 943 38 35 
cell-0-3-5 281 943 38 35 
cell-0-3-6 322 943 38 35 
cell-0-3-7 363 943 38 35 
cell-0-3-8 404 943 38 35 
cell-0-3-9 445 943 38 35 
cell-0-3-10 486 943 38 35 
cell-0-3-11 527 943 38 35 
cell-0-3-12 568 943 38 35 
cell-0-3-13 609 943 38 35 
cell-0-3-14 650 943 38 35 
cell-0-3-15 691 943 38 35 
cell-0-3-16 732 943 38 35 
cell-0-3-17 773 943 38 35 
cell-0-3-18 814 943 38 35 
cell-0-4-0 76 999 38 35 
cell-0-4-1 117 999 38 35 
cell-0-4-2 158 999 38 35 
cell-0-4-3 199 999 38 35 
cell-0-4-4 240 999 38 35 
cell-0-4-5 281 999 38 35 
cell-0-4-6 322 999 38 35 
cell-0-4-7 363 999 38 35 
cell-0-4-8 404 999 38 35 
cell-0-4-9 445 999 38 35 
cell-0-4-10 486 999 38 35 
cell-0-4-11 527 999 38 35 
cell-0-4-12 568 999 38 35 
cell-0-4-13 609 999 38 35 
cell-0-4-14 650 999 38 35 
cell-0-4-15 691 999 38 35 
cell-0-4-16 732 999 38 35 
cell-0-4-17 773 999 38 35 
cell-0-4-18 814 999 38 35 
cell-0-5-0 76 1055 38 35 
cell-0-5-1 117 1055 38 35 
cell-0-5-2 158 1055 38 35 
cell-0-5-3 199 1055 38 35 
cell-0-5-4 240 1055 38 35 
cell-0-5-5 281 1055 38 35 
cell-0-5-6 322 1055 38 35 
cell-0-5-7 363 1055 38 35 
cell-0-5-8 404 1055 38 35 
cell-0-5-9 445 1055 38 35 
cell-0-5-10 486 1055 38 35 
cell-0-5-11 527 1055 38 35 
cell-0-5-12 568 1055 38 35 
cell-0-5-13 609 1055 38 35 
cell-0-5-14 650 1055 38 35 
cell-0-5-15 691 1055 38 35 
cell-0-5-16 732 1055 38 35 
cell-0-5-17 773 1055 38 35 
cell-0-5-18 814 1055 38 35 
cell-0-6-0 76 1111 38 35 
cell-0-6-1 117 1111 38 35 
cell-0-6-2 158 1111 38 35 
cell-0-6-3 199 1111 38 35 
cell-0-6-4 240 1111 38 35 
cell-0-6-5 281 1111 38 35 
cell-0-6-6 322 1111 38 35 
cell-0-6-7 363 1111 38 35 
cell-0-6-8 404 1111 38 35 
cell-0-6-9 445 1111 38 35 
cell-0-6-10 486 1111 38 35 
cell-0-6-11 527 1111 38 35 
cell-0-6-12 568 1111 38 35 
cell-0-6-13 609 1111 38 35 
cell-0-6-14 650 1111 38 35 
cell-0-6-15 691 1111 38 35 
cell-0-6-16 732 1111 38 35 
cell-0-6-17 773 1111 38 35 
cell-0-6-18 814 1111 38 35 
cell-0-7-0 76 1167 38 35 
cell-0-7-1 117 1167 38 35 
cell-0-7-2 158 1167 38 35 
cell-0-7-3 199 1167 38 35 
cell-0-7-4 240 1167 38 35 
cell-0-7-5 281 1167 38 35 
cell-0-7-6 322 1167 38 35 
cell-0-7-7 363 1167 38 35 
cell-0-7-8 404 1167 38 35 
cell-0-7-9 445 1167 38 35 
cell-0-7-10 486 1167 38 35 
cell-0-7-11 527 1167 38 35 
cell-0-7-12 568 1167 38 35 
cell-0-7-13 609 1167 38 35 
cell-0-7-14 650 1167 38 35 
cell-0-7-15 691 1167 38 35 
cell-0-7-16 732 1167 38 35 
cell-0-7-17 773 1167 38 35 
cell-0-7-18 814 1167 38 35 
cell-0-8-0 76 1223 38 35 
cell-0-8-1 117 1223 38 35 
cell-0-8-2 158 1223 38 35 
cell-0-8-3 199 1223 38 35 
cell-0-8-4 240 1223 38 35 
cell-0-8-5 281 1223 38 35 
cell-0-8-6 322 1223 38 35 
cell-0-8-7 363 1223 38 35 
cell-0-8-8 404 1223 38 35 
cell-0-8-9 445 1223 38 35 
cell-0-8-10 486 1223 38 35 
cell-0-8-11 527 1223 38 35 
cell-0-8-12 568 1223 38 35 
cell-0-8-13 609 1223 38 35 
cell-0-8-14 650 1223 38 35 
cell-0-8-15 691 1223 38 35 
cell-0-8-16 732 1223 38 35 
cell-0-8-17 773 1223 38 35 
cell-0-8-18 814 1223 38 35 
