table-0 453 179 266 589 
cell-0-0-0 453 179 44 35 
cell-0-0-1 497 179 44 35 
cell-0-0-2 541 179 44 35 
cell-0-0-3 585 179 44 35 
cell-0-0-4 629 179 44 35 
cell-0-0-5 673 179 44 35 
cell-0-1-0 453 225 44 35 
cell-0-1-1 497 225 44 35 
cell-0-1-2 541 225 44 35 
cell-0-1-3 585 225 44 35 
cell-0-1-4 629 225 44 35 
cell-0-1-5 673 225 44 35 
cell-0-2-0 453 271 44 35 
cell-0-2-1 497 271 44 35 
cell-0-2-2 541 271 44 35 
cell-0-2-3 585 271 44 35 
cell-0-2-4 629 271 44 35 
cell-0-2-5 673 271 44 35 
cell-0-3-0 453 317 44 35 
cell-0-3-1 497 317 44 35 
cell-0-3-2 541 317 44 35 
cell-0-3-3 585 317 44 35 
cell-0-3-4 629 317 44 35 
cell-0-3-5 673 317 44 35 
cell-0-4-0 453 363 44 35 
cell-0-4-1 497 363 44 35 
cell-0-4-2 541 363 44 35 
cell-0-4-3 585 363 44 35 
cell-0-4-4 629 363 44 35 
cell-0-4-5 673 363 44 35 
cell-0-5-0 453 409 44 35 
cell-0-5-1 497 409 44 35 
cell-0-5-2 541 409 44 35 
cell-0-5-3 585 409 44 35 
cell-0-5-4 629 409 44 35 
cell-0-5-5 673 409 44 35 
cell-0-6-0 453 455 44 35 
cell-0-6-1 497 455 44 35 
cell-0-6-2 541 455 44 35 
cell-0-6-3 585 455 44 35 
cell-0-6-4 629 455 44 35 
cell-0-6-5 673 455 44 35 
cell-0-7-0 453 501 44 35 
cell-0-7-1 497 501 44 35 
cell-0-7-2 541 501 44 35 
cell-0-7-3 585 501 44 35 
cell-0-7-4 629 501 44 35 
cell-0-7-5 673 501 44 35 
cell-0-8-0 453 547 44 35 
cell-0-8-1 497 547 44 35 
cell-0-8-2 541 547 44 35 
cell-0-8-3 585 547 44 35 
cell-0-8-4 629 547 44 35 
cell-0-8-5 673 547 44 35 
cell-0-9-0 453 593 44 35 
cell-0-9-1 497 593 44 35 
cell-0-9-2 541 593 44 35 
cell-0-9-3 585 593 44 35 
cell-0-9-4 629 593 44 35 
cell-0-9-5 673 593 44 35 
cell-0-10-0 453 639 44 35 
cell-0-10-1 497 639 44 35 
cell-0-10-2 541 639 44 35 
cell-0-10-3 585 639 44 35 
cell-0-10-4 629 639 44 35 
cell-0-10-5 673 639 44 35 
cell-0-11-0 453 685 44 35 
cell-0-11-1 497 685 44 35 
cell-0-11-2 541 685 44 35 
cell-0-11-3 585 685 44 35 
cell-0-11-4 629 685 44 35 
cell-0-11-5 673 685 44 35 
cell-0-12-0 453 731 44 35 
cell-0-12-1 497 731 44 35 
cell-0-12-2 541 731 44 35 
cell-0-12-3 585 731 44 35 
cell-0-12-4 629 731 44 35 
cell-0-12-5 673 731 44 35 
