table-0 224 319 500 322 
cell-0-0-0 224 319 83 31 
cell-0-0-1 307 319 83 31 
cell-0-0-2 390 319 83 31 
cell-0-0-3 473 319 83 31 
cell-0-0-4 556 319 83 31 
cell-0-0-5 639 319 83 31 
cell-0-1-0 224 355 83 31 
cell-0-1-1 307 355 83 31 
cell-0-1-2 390 355 83 31 
cell-0-1-3 473 355 83 31 
cell-0-1-4 556 355 83 31 
cell-0-1-5 639 355 83 31 
cell-0-2-0 224 391 83 31 
cell-0-2-1 307 391 83 31 
cell-0-2-2 390 391 83 31 
cell-0-2-3 473 391 83 31 
cell-0-2-4 556 391 83 31 
cell-0-2-5 639 391 83 31 
cell-0-3-0 224 427 83 31 
cell-0-3-1 307 427 83 31 
cell-0-3-2 390 427 83 31 
cell-0-3-3 473 427 83 31 
cell-0-3-4 556 427 83 31 
cell-0-3-5 639 427 83 31 
cell-0-4-0 224 463 83 31 
cell-0-4-1 307 463 83 31 
cell-0-4-2 390 463 83 31 
cell-0-4-3 473 463 83 31 
cell-0-4-4 556 463 83 31 
cell-0-4-5 639 463 83 31 
cell-0-5-0 224 499 83 31 
cell-0-5-1 307 499 83 31 
cell-0-5-2 390 499 83 31 
cell-0-5-3 473 499 83 31 
cell-0-5-4 556 499 83 31 
cell-0-5-5 639 499 83 31 
cell-0-6-0 224 535 83 31 
cell-0-6-1 307 535 83 31 
cell-0-6-2 390 535 83 31 
cell-0-6-3 473 535 83 31 
cell-0-6-4 556 535 83 31 
cell-0-6-5 639 535 83 31 
cell-0-7-0 224 571 83 31 
cell-0-7-1 307 571 83 31 
cell-0-7-2 390 571 83 31 
cell-0-7-3 473 571 83 31 
cell-0-7-4 556 571 83 31 
cell-0-7-5 639 571 83 31 
cell-0-8-0 224 607 83 31 
cell-0-8-1 307 607 83 31 
cell-0-8-2 390 607 83 31 
cell-0-8-3 473 607 83 31 
cell-0-8-4 556 607 83 31 
cell-0-8-5 639 607 83 31 
