table-0 363 204 573 842 
cell-0-0-0 363 204 43 42 
cell-0-0-1 406 204 43 42 
cell-0-0-2 449 204 43 42 
cell-0-0-3 492 204 43 42 
cell-0-0-4 535 204 43 42 
cell-0-0-5 578 204 43 42 
cell-0-0-6 621 204 311 42 
cell-0-1-0 363 261 43 42 
cell-0-1-1 406 261 43 42 
cell-0-1-2 449 261 43 42 
cell-0-1-3 492 261 43 42 
cell-0-1-4 535 261 43 42 
cell-0-1-5 578 261 43 42 
cell-0-1-6 621 261 311 42 
cell-0-2-0 363 318 43 42 
cell-0-2-1 406 318 43 42 
cell-0-2-2 449 318 43 42 
cell-0-2-3 492 318 43 42 
cell-0-2-4 535 318 43 42 
cell-0-2-5 578 318 43 42 
cell-0-2-6 621 318 311 42 
cell-0-3-0 363 375 43 42 
cell-0-3-1 406 375 43 42 
cell-0-3-2 449 375 43 42 
cell-0-3-3 492 375 43 42 
cell-0-3-4 535 375 43 42 
cell-0-3-5 578 375 43 42 
cell-0-3-6 621 375 311 42 
cell-0-4-0 363 432 43 42 
cell-0-4-1 406 432 43 42 
cell-0-4-2 449 432 43 42 
cell-0-4-3 492 432 43 42 
cell-0-4-4 535 432 43 42 
cell-0-4-5 578 432 43 42 
cell-0-4-6 621 432 311 42 
cell-0-5-0 363 489 43 42 
cell-0-5-1 406 489 43 42 
cell-0-5-2 449 489 43 42 
cell-0-5-3 492 489 43 42 
cell-0-5-4 535 489 43 42 
cell-0-5-5 578 489 43 42 
cell-0-5-6 621 489 311 42 
cell-0-6-0 363 546 43 42 
cell-0-6-1 406 546 43 42 
cell-0-6-2 449 546 43 42 
cell-0-6-3 492 546 43 42 
cell-0-6-4 535 546 43 42 
cell-0-6-5 578 546 43 42 
cell-0-6-6 621 546 311 42 
cell-0-7-0 363 603 43 42 
cell-0-7-1 406 603 43 42 
cell-0-7-2 449 603 43 42 
cell-0-7-3 492 603 43 42 
cell-0-7-4 535 603 43 42 
cell-0-7-5 578 603 43 42 
cell-0-7-6 621 603 311 42 
cell-0-8-0 363 660 43 42 
cell-0-8-1 406 660 43 42 
cell-0-8-2 449 660 43 42 
cell-0-8-3 492 660 43 42 
cell-0-8-4 535 660 43 42 
cell-0-8-5 578 660 43 42 
cell-0-8-6 621 660 311 42 
cell-0-9-0 363 717 43 42 
cell-0-9-1 406 717 43 42 
cell-0-9-2 449 717 43 42 
cell-0-9-3 492 717 43 42 
cell-0-9-4 535 717 43 42 
cell-0-9-5 578 717 43 42 
cell-0-9-6 621 717 311 42 
cell-0-10-0 363 774 43 42 
cell-0-10-1 406 774 43 42 
cell-0-10-2 449 774 43 42 
cell-0-10-3 492 774 43 42 
cell-0-10-4 535 774 43 42 
cell-0-10-5 578 774 43 42 
cell-0-10-6 621 774 311 42 
cell-0-11-0 363 831 43 42 
cell-0-11-1 406 831 43 42 
cell-0-11-2 449 831 43 42 
cell-0-11-3 492 831 43 42 
cell-0-11-4 535 831 43 42 
cell-0-11-5 578 831 43 42 
cell-0-11-6 621 831 311 42 
cell-0-12-0 363 888 43 42 
cell-0-12-1 406 888 43 42 
cell-0-12-2 449 888 43 42 
cell-0-12-3 492 888 43 42 
cell-0-12-4 535 888 43 42 
cell-0-12-5 578 888 43 42 
cell-0-12-6 621 888 311 42 
cell-0-13-0 363 945 43 42 
cell-0-13-1 406 945 43 42 
cell-0-13-2 449 945 43 42 
cell-0-13-3 492 945 43 42 
cell-0-13-4 535 945 43 42 
cell-0-13-5 578 945 43 42 
cell-0-13-6 621 945 311 42 
cell-0-14-0 363 1002 43 42 
cell-0-14-1 406 1002 43 42 
cell-0-14-2 449 1002 43 42 
cell-0-14-3 492 1002 43 42 
cell-0-14-4 535 1002 43 42 
cell-0-14-5 578 1002 43 42 
cell-0-14-6 621 1002 311 42 
