table-0 740 413 216 414 
cell-0-0-0 740 413 43 35 
cell-0-0-1 783 413 43 35 
cell-0-0-2 826 413 43 35 
cell-0-0-3 869 413 43 35 
cell-0-0-4 912 413 43 35 
cell-0-1-0 740 455 43 35 
cell-0-1-1 783 455 43 35 
cell-0-1-2 826 455 43 35 
cell-0-1-3 869 455 43 35 
cell-0-1-4 912 455 43 35 
cell-0-2-0 740 497 43 35 
cell-0-2-1 783 497 43 35 
cell-0-2-2 826 497 43 35 
cell-0-2-3 869 497 43 35 
cell-0-2-4 912 497 43 35 
cell-0-3-0 740 539 43 35 
cell-0-3-1 783 539 43 35 
cell-0-3-2 826 539 43 35 
cell-0-3-3 869 539 43 35 
cell-0-3-4 912 539 43 35 
cell-0-4-0 740 581 43 35 
cell-0-4-1 783 581 43 35 
cell-0-4-2 826 581 43 35 
cell-0-4-3 869 581 43 35 
cell-0-4-4 912 581 43 35 
cell-0-5-0 740 623 43 35 
cell-0-5-1 783 623 43 35 
cell-0-5-2 826 623 43 35 
cell-0-5-3 869 623 43 35 
cell-0-5-4 912 623 43 35 
cell-0-6-0 740 665 43 35 
cell-0-6-1 783 665 43 35 
cell-0-6-2 826 665 43 35 
cell-0-6-3 869 665 43 35 
cell-0-6-4 912 665 43 35 
cell-0-7-0 740 707 43 35 
cell-0-7-1 783 707 43 35 
cell-0-7-2 826 707 43 35 
cell-0-7-3 869 707 43 35 
cell-0-7-4 912 707 43 35 
cell-0-8-0 740 749 43 35 
cell-0-8-1 783 749 43 35 
cell-0-8-2 826 749 43 35 
cell-0-8-3 869 749 43 35 
cell-0-8-4 912 749 43 35 
cell-0-9-0 740 791 43 35 
cell-0-9-1 783 791 43 35 
cell-0-9-2 826 791 43 35 
cell-0-9-3 869 791 43 35 
cell-0-9-4 912 791 43 35 
