table-0 145 175 900 184 
cell-0-0-0 145 175 128 30 
cell-0-0-1 273 175 128 30 
cell-0-0-2 401 175 128 30 
cell-0-0-3 529 175 128 30 
cell-0-0-4 657 175 128 30 
cell-0-0-5 785 175 128 30 
cell-0-0-6 913 175 128 30 
cell-0-1-0 145 213 128 30 
cell-0-1-1 273 213 128 30 
cell-0-1-2 401 213 128 30 
cell-0-1-3 529 213 128 30 
cell-0-1-4 657 213 128 30 
cell-0-1-5 785 213 128 30 
cell-0-1-6 913 213 128 30 
cell-0-2-0 145 251 128 30 
cell-0-2-1 273 251 128 30 
cell-0-2-2 401 251 128 30 
cell-0-2-3 529 251 128 30 
cell-0-2-4 657 251 128 30 
cell-0-2-5 785 251 128 30 
cell-0-2-6 913 251 128 30 
cell-0-3-0 145 289 128 30 
cell-0-3-1 273 289 128 30 
cell-0-3-2 401 289 128 30 
cell-0-3-3 529 289 128 30 
cell-0-3-4 657 289 128 30 
cell-0-3-5 785 289 128 30 
cell-0-3-6 913 289 128 30 
cell-0-4-0 145 327 128 30 
cell-0-4-1 273 327 128 30 
cell-0-4-2 401 327 128 30 
cell-0-4-3 529 327 128 30 
cell-0-4-4 657 327 128 30 
cell-0-4-5 785 327 128 30 
cell-0-4-6 913 327 128 30 
table-2 433 559 534 638 
cell-2-0-0 433 559 44 42 
cell-2-0-1 477 559 44 42 
cell-2-0-2 521 559 44 42 
cell-2-0-3 565 559 44 42 
cell-2-0-4 609 559 356 42 
cell-2-1-0 433 613 44 42 
cell-2-1-1 477 613 44 42 
cell-2-1-2 521 613 44 42 
cell-2-1-3 565 613 44 42 
cell-2-1-4 609 613 356 42 
cell-2-2-0 433 667 44 42 
cell-2-2-1 477 667 44 42 
cell-2-2-2 521 667 44 42 
cell-2-2-3 565 667 44 42 
cell-2-2-4 609 667 356 42 
cell-2-3-0 433 721 44 42 
cell-2-3-1 477 721 44 42 
cell-2-3-2 521 721 44 42 
cell-2-3-3 565 721 44 42 
cell-2-3-4 609 721 356 42 
cell-2-4-0 433 775 44 42 
cell-2-4-1 477 775 44 42 
cell-2-4-2 521 775 44 42 
cell-2-4-3 565 775 44 42 
cell-2-4-4 609 775 356 42 
cell-2-5-0 433 829 44 42 
cell-2-5-1 477 829 44 42 
cell-2-5-2 521 829 44 42 
cell-2-5-3 565 829 44 42 
cell-2-5-4 609 829 356 42 
cell-2-6-0 433 883 44 42 
cell-2-6-1 477 883 44 42 
cell-2-6-2 521 883 44 42 
cell-2-6-3 565 883 44 42 
cell-2-6-4 609 883 356 42 
cell-2-7-0 433 937 44 42 
cell-2-7-1 477 937 44 42 
cell-2-7-2 521 937 44 42 
cell-2-7-3 565 937 44 42 
cell-2-7-4 609 937 356 42 
cell-2-8-0 433 991 44 42 
cell-2-8-1 477 991 44 42 
cell-2-8-2 521 991 44 42 
cell-2-8-3 565 991 44 42 
cell-2-8-4 609 991 356 42 
cell-2-9-0 433 1045 44 42 
cell-2-9-1 477 1045 44 42 
cell-2-9-2 521 1045 44 42 
cell-2-9-3 565 1045 44 42 
cell-2-9-4 609 1045 356 42 
cell-2-10-0 433 1099 44 42 
cell-2-10-1 477 1099 44 42 
cell-2-10-2 521 1099 44 42 
cell-2-10-3 565 1099 44 42 
cell-2-10-4 609 1099 356 42 
cell-2-11-0 433 1153 44 42 
cell-2-11-1 477 1153 44 42 
cell-2-11-2 521 1153 44 42 
cell-2-11-3 565 1153 44 42 
cell-2-11-4 609 1153 356 42 
