table-0 147 278 593 574 
cell-0-0-0 147 278 45 43 
cell-0-0-1 192 278 45 43 
cell-0-0-2 237 278 45 43 
cell-0-0-3 282 278 45 43 
cell-0-0-4 327 278 411 43 
cell-0-1-0 147 322 45 43 
cell-0-1-1 192 322 45 43 
cell-0-1-2 237 322 45 43 
cell-0-1-3 282 322 45 43 
cell-0-1-4 327 322 411 43 
cell-0-2-0 147 366 45 43 
cell-0-2-1 192 366 45 43 
cell-0-2-2 237 366 45 43 
cell-0-2-3 282 366 45 43 
cell-0-2-4 327 366 411 43 
cell-0-3-0 147 410 45 43 
cell-0-3-1 192 410 45 43 
cell-0-3-2 237 410 45 43 
cell-0-3-3 282 410 45 43 
cell-0-3-4 327 410 411 43 
cell-0-4-0 147 454 45 43 
cell-0-4-1 192 454 45 43 
cell-0-4-2 237 454 45 43 
cell-0-4-3 282 454 45 43 
cell-0-4-4 327 454 411 43 
cell-0-5-0 147 498 45 43 
cell-0-5-1 192 498 45 43 
cell-0-5-2 237 498 45 43 
cell-0-5-3 282 498 45 43 
cell-0-5-4 327 498 411 43 
cell-0-6-0 147 542 45 43 
cell-0-6-1 192 542 45 43 
cell-0-6-2 237 542 45 43 
cell-0-6-3 282 542 45 43 
cell-0-6-4 327 542 411 43 
cell-0-7-0 147 586 45 43 
cell-0-7-1 192 586 45 43 
cell-0-7-2 237 586 45 43 
cell-0-7-3 282 586 45 43 
cell-0-7-4 327 586 411 43 
cell-0-8-0 147 630 45 43 
cell-0-8-1 192 630 45 43 
cell-0-8-2 237 630 45 43 
cell-0-8-3 282 630 45 43 
cell-0-8-4 327 630 411 43 
cell-0-9-0 147 674 45 43 
cell-0-9-1 192 674 45 43 
cell-0-9-2 237 674 45 43 
cell-0-9-3 282 674 45 43 
cell-0-9-4 327 674 411 43 
cell-0-10-0 147 718 45 43 
cell-0-10-1 192 718 45 43 
cell-0-10-2 237 718 45 43 
cell-0-10-3 282 718 45 43 
cell-0-10-4 327 718 411 43 
cell-0-11-0 147 762 45 43 
cell-0-11-1 192 762 45 43 
cell-0-11-2 237 762 45 43 
cell-0-11-3 282 762 45 43 
cell-0-11-4 327 762 411 43 
cell-0-12-0 147 806 45 43 
cell-0-12-1 192 806 45 43 
cell-0-12-2 237 806 45 43 
cell-0-12-3 282 806 45 43 
cell-0-12-4 327 806 411 43 
header-2 104 1130 768 193 
row-1-1 104 1130 376 40 
row-1-2 500 1130 343 40 
row-2-1 104 1180 277 40 
row-2-2 401 1180 469 40 
row-3-1 104 1230 739 40 
row-4-1 104 1280 772 40 
