table-0 118 769 800 327 
cell-0-0-0 118 769 133 54 
cell-0-0-1 251 769 133 54 
cell-0-0-2 384 769 133 54 
cell-0-0-3 517 769 133 54 
cell-0-0-4 650 769 133 54 
cell-0-0-5 783 769 133 54 
cell-0-1-0 118 837 133 54 
cell-0-1-1 251 837 133 54 
cell-0-1-2 384 837 133 54 
cell-0-1-3 517 837 133 54 
cell-0-1-4 650 837 133 54 
cell-0-1-5 783 837 133 54 
cell-0-2-0 118 905 133 54 
cell-0-2-1 251 905 133 54 
cell-0-2-2 384 905 133 54 
cell-0-2-3 517 905 133 54 
cell-0-2-4 650 905 133 54 
cell-0-2-5 783 905 133 54 
cell-0-3-0 118 973 133 54 
cell-0-3-1 251 973 133 54 
cell-0-3-2 384 973 133 54 
cell-0-3-3 517 973 133 54 
cell-0-3-4 650 973 133 54 
cell-0-3-5 783 973 133 54 
cell-0-4-0 118 1041 133 54 
cell-0-4-1 251 1041 133 54 
cell-0-4-2 384 1041 133 54 
cell-0-4-3 517 1041 133 54 
cell-0-4-4 650 1041 133 54 
cell-0-4-5 783 1041 133 54 
