table-0 409 372 222 457 
cell-0-0-0 409 372 44 35 
cell-0-0-1 453 372 44 35 
cell-0-0-2 497 372 44 35 
cell-0-0-3 541 372 44 35 
cell-0-0-4 585 372 44 35 
cell-0-1-0 409 407 44 35 
cell-0-1-1 453 407 44 35 
cell-0-1-2 497 407 44 35 
cell-0-1-3 541 407 44 35 
cell-0-1-4 585 407 44 35 
cell-0-2-0 409 442 44 35 
cell-0-2-1 453 442 44 35 
cell-0-2-2 497 442 44 35 
cell-0-2-3 541 442 44 35 
cell-0-2-4 585 442 44 35 
cell-0-3-0 409 477 44 35 
cell-0-3-1 453 477 44 35 
cell-0-3-2 497 477 44 35 
cell-0-3-3 541 477 44 35 
cell-0-3-4 585 477 44 35 
cell-0-4-0 409 512 44 35 
cell-0-4-1 453 512 44 35 
cell-0-4-2 497 512 44 35 
cell-0-4-3 541 512 44 35 
cell-0-4-4 585 512 44 35 
cell-0-5-0 409 547 44 35 
cell-0-5-1 453 547 44 35 
cell-0-5-2 497 547 44 35 
cell-0-5-3 541 547 44 35 
cell-0-5-4 585 547 44 35 
cell-0-6-0 409 582 44 35 
cell-0-6-1 453 582 44 35 
cell-0-6-2 497 582 44 35 
cell-0-6-3 541 582 44 35 
cell-0-6-4 585 582 44 35 
cell-0-7-0 409 617 44 35 
cell-0-7-1 453 617 44 35 
cell-0-7-2 497 617 44 35 
cell-0-7-3 541 617 44 35 
cell-0-7-4 585 617 44 35 
cell-0-8-0 409 652 44 35 
cell-0-8-1 453 652 44 35 
cell-0-8-2 497 652 44 35 
cell-0-8-3 541 652 44 35 
cell-0-8-4 585 652 44 35 
cell-0-9-0 409 687 44 35 
cell-0-9-1 453 687 44 35 
cell-0-9-2 497 687 44 35 
cell-0-9-3 541 687 44 35 
cell-0-9-4 585 687 44 35 
cell-0-10-0 409 722 44 35 
cell-0-10-1 453 722 44 35 
cell-0-10-2 497 722 44 35 
cell-0-10-3 541 722 44 35 
cell-0-10-4 585 722 44 35 
cell-0-11-0 409 757 44 35 
cell-0-11-1 453 757 44 35 
cell-0-11-2 497 757 44 35 
cell-0-11-3 541 757 44 35 
cell-0-11-4 585 757 44 35 
cell-0-12-0 409 792 44 35 
cell-0-12-1 453 792 44 35 
cell-0-12-2 497 792 44 35 
cell-0-12-3 541 792 44 35 
cell-0-12-4 585 792 44 35 
