table-0 324 518 259 456 
cell-0-0-0 324 518 43 35 
cell-0-0-1 367 518 43 35 
cell-0-0-2 410 518 43 35 
cell-0-0-3 453 518 43 35 
cell-0-0-4 496 518 43 35 
cell-0-0-5 539 518 43 35 
cell-0-1-0 324 560 43 35 
cell-0-1-1 367 560 43 35 
cell-0-1-2 410 560 43 35 
cell-0-1-3 453 560 43 35 
cell-0-1-4 496 560 43 35 
cell-0-1-5 539 560 43 35 
cell-0-2-0 324 602 43 35 
cell-0-2-1 367 602 43 35 
cell-0-2-2 410 602 43 35 
cell-0-2-3 453 602 43 35 
cell-0-2-4 496 602 43 35 
cell-0-2-5 539 602 43 35 
cell-0-3-0 324 644 43 35 
cell-0-3-1 367 644 43 35 
cell-0-3-2 410 644 43 35 
cell-0-3-3 453 644 43 35 
cell-0-3-4 496 644 43 35 
cell-0-3-5 539 644 43 35 
cell-0-4-0 324 686 43 35 
cell-0-4-1 367 686 43 35 
cell-0-4-2 410 686 43 35 
cell-0-4-3 453 686 43 35 
cell-0-4-4 496 686 43 35 
cell-0-4-5 539 686 43 35 
cell-0-5-0 324 728 43 35 
cell-0-5-1 367 728 43 35 
cell-0-5-2 410 728 43 35 
cell-0-5-3 453 728 43 35 
cell-0-5-4 496 728 43 35 
cell-0-5-5 539 728 43 35 
cell-0-6-0 324 770 43 35 
cell-0-6-1 367 770 43 35 
cell-0-6-2 410 770 43 35 
cell-0-6-3 453 770 43 35 
cell-0-6-4 496 770 43 35 
cell-0-6-5 539 770 43 35 
cell-0-7-0 324 812 43 35 
cell-0-7-1 367 812 43 35 
cell-0-7-2 410 812 43 35 
cell-0-7-3 453 812 43 35 
cell-0-7-4 496 812 43 35 
cell-0-7-5 539 812 43 35 
cell-0-8-0 324 854 43 35 
cell-0-8-1 367 854 43 35 
cell-0-8-2 410 854 43 35 
cell-0-8-3 453 854 43 35 
cell-0-8-4 496 854 43 35 
cell-0-8-5 539 854 43 35 
cell-0-9-0 324 896 43 35 
cell-0-9-1 367 896 43 35 
cell-0-9-2 410 896 43 35 
cell-0-9-3 453 896 43 35 
cell-0-9-4 496 896 43 35 
cell-0-9-5 539 896 43 35 
cell-0-10-0 324 938 43 35 
cell-0-10-1 367 938 43 35 
cell-0-10-2 410 938 43 35 
cell-0-10-3 453 938 43 35 
cell-0-10-4 496 938 43 35 
cell-0-10-5 539 938 43 35 
