table-0 397 407 644 583 
cell-0-0-0 397 407 44 42 
cell-0-0-1 441 407 44 42 
cell-0-0-2 485 407 44 42 
cell-0-0-3 529 407 44 42 
cell-0-0-4 573 407 44 42 
cell-0-0-5 617 407 424 42 
cell-0-1-0 397 456 44 42 
cell-0-1-1 441 456 44 42 
cell-0-1-2 485 456 44 42 
cell-0-1-3 529 456 44 42 
cell-0-1-4 573 456 44 42 
cell-0-1-5 617 456 424 42 
cell-0-2-0 397 505 44 42 
cell-0-2-1 441 505 44 42 
cell-0-2-2 485 505 44 42 
cell-0-2-3 529 505 44 42 
cell-0-2-4 573 505 44 42 
cell-0-2-5 617 505 424 42 
cell-0-3-0 397 554 44 42 
cell-0-3-1 441 554 44 42 
cell-0-3-2 485 554 44 42 
cell-0-3-3 529 554 44 42 
cell-0-3-4 573 554 44 42 
cell-0-3-5 617 554 424 42 
cell-0-4-0 397 603 44 42 
cell-0-4-1 441 603 44 42 
cell-0-4-2 485 603 44 42 
cell-0-4-3 529 603 44 42 
cell-0-4-4 573 603 44 42 
cell-0-4-5 617 603 424 42 
cell-0-5-0 397 652 44 42 
cell-0-5-1 441 652 44 42 
cell-0-5-2 485 652 44 42 
cell-0-5-3 529 652 44 42 
cell-0-5-4 573 652 44 42 
cell-0-5-5 617 652 424 42 
cell-0-6-0 397 701 44 42 
cell-0-6-1 441 701 44 42 
cell-0-6-2 485 701 44 42 
cell-0-6-3 529 701 44 42 
cell-0-6-4 573 701 44 42 
cell-0-6-5 617 701 424 42 
cell-0-7-0 397 750 44 42 
cell-0-7-1 441 750 44 42 
cell-0-7-2 485 750 44 42 
cell-0-7-3 529 750 44 42 
cell-0-7-4 573 750 44 42 
cell-0-7-5 617 750 424 42 
cell-0-8-0 397 799 44 42 
cell-0-8-1 441 799 44 42 
cell-0-8-2 485 799 44 42 
cell-0-8-3 529 799 44 42 
cell-0-8-4 573 799 44 42 
cell-0-8-5 617 799 424 42 
cell-0-9-0 397 848 44 42 
cell-0-9-1 441 848 44 42 
cell-0-9-2 485 848 44 42 
cell-0-9-3 529 848 44 42 
cell-0-9-4 573 848 44 42 
cell-0-9-5 617 848 424 42 
cell-0-10-0 397 897 44 42 
cell-0-10-1 441 897 44 42 
cell-0-10-2 485 897 44 42 
cell-0-10-3 529 897 44 42 
cell-0-10-4 573 897 44 42 
cell-0-10-5 617 897 424 42 
cell-0-11-0 397 946 44 42 
cell-0-11-1 441 946 44 42 
cell-0-11-2 485 946 44 42 
cell-0-11-3 529 946 44 42 
cell-0-11-4 573 946 44 42 
cell-0-11-5 617 946 424 42 
