table-0 526 981 173 446 
cell-0-0-0 526 981 43 35 
cell-0-0-1 569 981 43 35 
cell-0-0-2 612 981 43 35 
cell-0-0-3 655 981 43 35 
cell-0-1-0 526 1022 43 35 
cell-0-1-1 569 1022 43 35 
cell-0-1-2 612 1022 43 35 
cell-0-1-3 655 1022 43 35 
cell-0-2-0 526 1063 43 35 
cell-0-2-1 569 1063 43 35 
cell-0-2-2 612 1063 43 35 
cell-0-2-3 655 1063 43 35 
cell-0-3-0 526 1104 43 35 
cell-0-3-1 569 1104 43 35 
cell-0-3-2 612 1104 43 35 
cell-0-3-3 655 1104 43 35 
cell-0-4-0 526 1145 43 35 
cell-0-4-1 569 1145 43 35 
cell-0-4-2 612 1145 43 35 
cell-0-4-3 655 1145 43 35 
cell-0-5-0 526 1186 43 35 
cell-0-5-1 569 1186 43 35 
cell-0-5-2 612 1186 43 35 
cell-0-5-3 655 1186 43 35 
cell-0-6-0 526 1227 43 35 
cell-0-6-1 569 1227 43 35 
cell-0-6-2 612 1227 43 35 
cell-0-6-3 655 1227 43 35 
cell-0-7-0 526 1268 43 35 
cell-0-7-1 569 1268 43 35 
cell-0-7-2 612 1268 43 35 
cell-0-7-3 655 1268 43 35 
cell-0-8-0 526 1309 43 35 
cell-0-8-1 569 1309 43 35 
cell-0-8-2 612 1309 43 35 
cell-0-8-3 655 1309 43 35 
cell-0-9-0 526 1350 43 35 
cell-0-9-1 569 1350 43 35 
cell-0-9-2 612 1350 43 35 
cell-0-9-3 655 1350 43 35 
cell-0-10-0 526 1391 43 35 
cell-0-10-1 569 1391 43 35 
cell-0-10-2 612 1391 43 35 
cell-0-10-3 655 1391 43 35 
