table-0 721 833 216 432 
cell-0-0-0 721 833 43 35 
cell-0-0-1 764 833 43 35 
cell-0-0-2 807 833 43 35 
cell-0-0-3 850 833 43 35 
cell-0-0-4 893 833 43 35 
cell-0-1-0 721 869 43 35 
cell-0-1-1 764 869 43 35 
cell-0-1-2 807 869 43 35 
cell-0-1-3 850 869 43 35 
cell-0-1-4 893 869 43 35 
cell-0-2-0 721 905 43 35 
cell-0-2-1 764 905 43 35 
cell-0-2-2 807 905 43 35 
cell-0-2-3 850 905 43 35 
cell-0-2-4 893 905 43 35 
cell-0-3-0 721 941 43 35 
cell-0-3-1 764 941 43 35 
cell-0-3-2 807 941 43 35 
cell-0-3-3 850 941 43 35 
cell-0-3-4 893 941 43 35 
cell-0-4-0 721 977 43 35 
cell-0-4-1 764 977 43 35 
cell-0-4-2 807 977 43 35 
cell-0-4-3 850 977 43 35 
cell-0-4-4 893 977 43 35 
cell-0-5-0 721 1013 43 35 
cell-0-5-1 764 1013 43 35 
cell-0-5-2 807 1013 43 35 
cell-0-5-3 850 1013 43 35 
cell-0-5-4 893 1013 43 35 
cell-0-6-0 721 1049 43 35 
cell-0-6-1 764 1049 43 35 
cell-0-6-2 807 1049 43 35 
cell-0-6-3 850 1049 43 35 
cell-0-6-4 893 1049 43 35 
cell-0-7-0 721 1085 43 35 
cell-0-7-1 764 1085 43 35 
cell-0-7-2 807 1085 43 35 
cell-0-7-3 850 1085 43 35 
cell-0-7-4 893 1085 43 35 
cell-0-8-0 721 1121 43 35 
cell-0-8-1 764 1121 43 35 
cell-0-8-2 807 1121 43 35 
cell-0-8-3 850 1121 43 35 
cell-0-8-4 893 1121 43 35 
cell-0-9-0 721 1157 43 35 
cell-0-9-1 764 1157 43 35 
cell-0-9-2 807 1157 43 35 
cell-0-9-3 850 1157 43 35 
cell-0-9-4 893 1157 43 35 
cell-0-10-0 721 1193 43 35 
cell-0-10-1 764 1193 43 35 
cell-0-10-2 807 1193 43 35 
cell-0-10-3 850 1193 43 35 
cell-0-10-4 893 1193 43 35 
cell-0-11-0 721 1229 43 35 
cell-0-11-1 764 1229 43 35 
cell-0-11-2 807 1229 43 35 
cell-0-11-3 850 1229 43 35 
cell-0-11-4 893 1229 43 35 
table-1 128 501 273 398 
cell-1-0-0 128 501 45 35 
cell-1-0-1 173 501 45 35 
cell-1-0-2 218 501 45 35 
cell-1-0-3 263 501 45 35 
cell-1-0-4 308 501 45 35 
cell-1-0-5 353 501 45 35 
cell-1-1-0 128 537 45 35 
cell-1-1-1 173 537 45 35 
cell-1-1-2 218 537 45 35 
cell-1-1-3 263 537 45 35 
cell-1-1-4 308 537 45 35 
cell-1-1-5 353 537 45 35 
cell-1-2-0 128 573 45 35 
cell-1-2-1 173 573 45 35 
cell-1-2-2 218 573 45 35 
cell-1-2-3 263 573 45 35 
cell-1-2-4 308 573 45 35 
cell-1-2-5 353 573 45 35 
cell-1-3-0 128 609 45 35 
cell-1-3-1 173 609 45 35 
cell-1-3-2 218 609 45 35 
cell-1-3-3 263 609 45 35 
cell-1-3-4 308 609 45 35 
cell-1-3-5 353 609 45 35 
cell-1-4-0 128 645 45 35 
cell-1-4-1 173 645 45 35 
cell-1-4-2 218 645 45 35 
cell-1-4-3 263 645 45 35 
cell-1-4-4 308 645 45 35 
cell-1-4-5 353 645 45 35 
cell-1-5-0 128 681 45 35 
cell-1-5-1 173 681 45 35 
cell-1-5-2 218 681 45 35 
cell-1-5-3 263 681 45 35 
cell-1-5-4 308 681 45 35 
cell-1-5-5 353 681 45 35 
cell-1-6-0 128 717 45 35 
cell-1-6-1 173 717 45 35 
cell-1-6-2 218 717 45 35 
cell-1-6-3 263 717 45 35 
cell-1-6-4 308 717 45 35 
cell-1-6-5 353 717 45 35 
cell-1-7-0 128 753 45 35 
cell-1-7-1 173 753 45 35 
cell-1-7-2 218 753 45 35 
cell-1-7-3 263 753 45 35 
cell-1-7-4 308 753 45 35 
cell-1-7-5 353 753 45 35 
cell-1-8-0 128 789 45 35 
cell-1-8-1 173 789 45 35 
cell-1-8-2 218 789 45 35 
cell-1-8-3 263 789 45 35 
cell-1-8-4 308 789 45 35 
cell-1-8-5 353 789 45 35 
cell-1-9-0 128 825 45 35 
cell-1-9-1 173 825 45 35 
cell-1-9-2 218 825 45 35 
cell-1-9-3 263 825 45 35 
cell-1-9-4 308 825 45 35 
cell-1-9-5 353 825 45 35 
cell-1-10-0 128 861 45 35 
cell-1-10-1 173 861 45 35 
cell-1-10-2 218 861 45 35 
cell-1-10-3 263 861 45 35 
cell-1-10-4 308 861 45 35 
cell-1-10-5 353 861 45 35 
