table-0 107 543 800 448 
cell-0-0-0 107 543 100 48 
cell-0-0-1 207 543 100 48 
cell-0-0-2 307 543 100 48 
cell-0-0-3 407 543 100 48 
cell-0-0-4 507 543 100 48 
cell-0-0-5 607 543 100 48 
cell-0-0-6 707 543 100 48 
cell-0-0-7 807 543 100 48 
cell-0-1-0 107 600 100 48 
cell-0-1-1 207 600 100 48 
cell-0-1-2 307 600 100 48 
cell-0-1-3 407 600 100 48 
cell-0-1-4 507 600 100 48 
cell-0-1-5 607 600 100 48 
cell-0-1-6 707 600 100 48 
cell-0-1-7 807 600 100 48 
cell-0-2-0 107 657 100 48 
cell-0-2-1 207 657 100 48 
cell-0-2-2 307 657 100 48 
cell-0-2-3 407 657 100 48 
cell-0-2-4 507 657 100 48 
cell-0-2-5 607 657 100 48 
cell-0-2-6 707 657 100 48 
cell-0-2-7 807 657 100 48 
cell-0-3-0 107 714 100 48 
cell-0-3-1 207 714 100 48 
cell-0-3-2 307 714 100 48 
cell-0-3-3 407 714 100 48 
cell-0-3-4 507 714 100 48 
cell-0-3-5 607 714 100 48 
cell-0-3-6 707 714 100 48 
cell-0-3-7 807 714 100 48 
cell-0-4-0 107 771 100 48 
cell-0-4-1 207 771 100 48 
cell-0-4-2 307 771 100 48 
cell-0-4-3 407 771 100 48 
cell-0-4-4 507 771 100 48 
cell-0-4-5 607 771 100 48 
cell-0-4-6 707 771 100 48 
cell-0-4-7 807 771 100 48 
cell-0-5-0 107 828 100 48 
cell-0-5-1 207 828 100 48 
cell-0-5-2 307 828 100 48 
cell-0-5-3 407 828 100 48 
cell-0-5-4 507 828 100 48 
cell-0-5-5 607 828 100 48 
cell-0-5-6 707 828 100 48 
cell-0-5-7 807 828 100 48 
cell-0-6-0 107 885 100 48 
cell-0-6-1 207 885 100 48 
cell-0-6-2 307 885 100 48 
cell-0-6-3 407 885 100 48 
cell-0-6-4 507 885 100 48 
cell-0-6-5 607 885 100 48 
cell-0-6-6 707 885 100 48 
cell-0-6-7 807 885 100 48 
cell-0-7-0 107 942 100 48 
cell-0-7-1 207 942 100 48 
cell-0-7-2 307 942 100 48 
cell-0-7-3 407 942 100 48 
cell-0-7-4 507 942 100 48 
cell-0-7-5 607 942 100 48 
cell-0-7-6 707 942 100 48 
cell-0-7-7 807 942 100 48 
