table-0 111 470 600 566 
cell-0-0-0 111 470 120 60 
cell-0-0-1 231 470 120 60 
cell-0-0-2 351 470 120 60 
cell-0-0-3 471 470 120 60 
cell-0-0-4 591 470 120 60 
cell-0-1-0 111 542 120 60 
cell-0-1-1 231 542 120 60 
cell-0-1-2 351 542 120 60 
cell-0-1-3 471 542 120 60 
cell-0-1-4 591 542 120 60 
cell-0-2-0 111 614 120 60 
cell-0-2-1 231 614 120 60 
cell-0-2-2 351 614 120 60 
cell-0-2-3 471 614 120 60 
cell-0-2-4 591 614 120 60 
cell-0-3-0 111 686 120 60 
cell-0-3-1 231 686 120 60 
cell-0-3-2 351 686 120 60 
cell-0-3-3 471 686 120 60 
cell-0-3-4 591 686 120 60 
cell-0-4-0 111 758 120 60 
cell-0-4-1 231 758 120 60 
cell-0-4-2 351 758 120 60 
cell-0-4-3 471 758 120 60 
cell-0-4-4 591 758 120 60 
cell-0-5-0 111 830 120 60 
cell-0-5-1 231 830 120 60 
cell-0-5-2 351 830 120 60 
cell-0-5-3 471 830 120 60 
cell-0-5-4 591 830 120 60 
cell-0-6-0 111 902 120 60 
cell-0-6-1 231 902 120 60 
cell-0-6-2 351 902 120 60 
cell-0-6-3 471 902 120 60 
cell-0-6-4 591 902 120 60 
cell-0-7-0 111 974 120 60 
cell-0-7-1 231 974 120 60 
cell-0-7-2 351 974 120 60 
cell-0-7-3 471 974 120 60 
cell-0-7-4 591 974 120 60 
