table-0 111 1205 515 186 
cell-0-1-0 111 1205 34 35 
cell-0-1-1 148 1205 34 35 
cell-0-1-2 185 1205 34 35 
cell-0-1-3 222 1205 34 35 
cell-0-1-4 259 1205 34 35 
cell-0-1-5 296 1205 34 35 
cell-0-1-6 333 1205 34 35 
cell-0-1-7 370 1205 34 35 
cell-0-1-8 407 1205 34 35 
cell-0-1-9 444 1205 34 35 
cell-0-1-10 481 1205 34 35 
cell-0-1-11 518 1205 34 35 
cell-0-1-12 555 1205 34 35 
cell-0-1-13 592 1205 34 35 
cell-0-2-0 111 1255 34 35 
cell-0-2-1 148 1255 34 35 
cell-0-2-2 185 1255 34 35 
cell-0-2-3 222 1255 34 35 
cell-0-2-4 259 1255 34 35 
cell-0-2-5 296 1255 34 35 
cell-0-2-6 333 1255 34 35 
cell-0-2-7 370 1255 34 35 
cell-0-2-8 407 1255 34 35 
cell-0-2-9 444 1255 34 35 
cell-0-2-10 481 1255 34 35 
cell-0-2-11 518 1255 34 35 
cell-0-2-12 555 1255 34 35 
cell-0-2-13 592 1255 34 35 
cell-0-3-0 111 1305 34 35 
cell-0-3-1 148 1305 34 35 
cell-0-3-2 185 1305 34 35 
cell-0-3-3 222 1305 34 35 
cell-0-3-4 259 1305 34 35 
cell-0-3-5 296 1305 34 35 
cell-0-3-6 333 1305 34 35 
cell-0-3-7 370 1305 34 35 
cell-0-3-8 407 1305 34 35 
cell-0-3-9 444 1305 34 35 
cell-0-3-10 481 1305 34 35 
cell-0-3-11 518 1305 34 35 
cell-0-3-12 555 1305 34 35 
cell-0-3-13 592 1305 34 35 
cell-0-4-0 111 1355 34 35 
cell-0-4-1 148 1355 34 35 
cell-0-4-2 185 1355 34 35 
cell-0-4-3 222 1355 34 35 
cell-0-4-4 259 1355 34 35 
cell-0-4-5 296 1355 34 35 
cell-0-4-6 333 1355 34 35 
cell-0-4-7 370 1355 34 35 
cell-0-4-8 407 1355 34 35 
cell-0-4-9 444 1355 34 35 
cell-0-4-10 481 1355 34 35 
cell-0-4-11 518 1355 34 35 
cell-0-4-12 555 1355 34 35 
cell-0-4-13 592 1355 34 35 
table-1 232 726 600 345 
cell-1-0-0 232 726 66 59 
cell-1-0-1 298 726 66 59 
cell-1-0-2 364 726 66 59 
cell-1-0-3 430 726 66 59 
cell-1-0-4 496 726 66 59 
cell-1-0-5 562 726 66 59 
cell-1-0-6 628 726 66 59 
cell-1-0-7 694 726 66 59 
cell-1-0-8 760 726 66 59 
cell-1-1-0 232 797 66 59 
cell-1-1-1 298 797 66 59 
cell-1-1-2 364 797 66 59 
cell-1-1-3 430 797 66 59 
cell-1-1-4 496 797 66 59 
cell-1-1-5 562 797 66 59 
cell-1-1-6 628 797 66 59 
cell-1-1-7 694 797 66 59 
cell-1-1-8 760 797 66 59 
cell-1-2-0 232 868 66 59 
cell-1-2-1 298 868 66 59 
cell-1-2-2 364 868 66 59 
cell-1-2-3 430 868 66 59 
cell-1-2-4 496 868 66 59 
cell-1-2-5 562 868 66 59 
cell-1-2-6 628 868 66 59 
cell-1-2-7 694 868 66 59 
cell-1-2-8 760 868 66 59 
cell-1-3-0 232 939 66 59 
cell-1-3-1 298 939 66 59 
cell-1-3-2 364 939 66 59 
cell-1-3-3 430 939 66 59 
cell-1-3-4 496 939 66 59 
cell-1-3-5 562 939 66 59 
cell-1-3-6 628 939 66 59 
cell-1-3-7 694 939 66 59 
cell-1-3-8 760 939 66 59 
cell-1-4-0 232 1010 66 59 
cell-1-4-1 298 1010 66 59 
cell-1-4-2 364 1010 66 59 
cell-1-4-3 430 1010 66 59 
cell-1-4-4 496 1010 66 59 
cell-1-4-5 562 1010 66 59 
cell-1-4-6 628 1010 66 59 
cell-1-4-7 694 1010 66 59 
cell-1-4-8 760 1010 66 59 
