table-0 431 703 273 416 
cell-0-0-0 431 703 45 35 
cell-0-0-1 476 703 45 35 
cell-0-0-2 521 703 45 35 
cell-0-0-3 566 703 45 35 
cell-0-0-4 611 703 45 35 
cell-0-0-5 656 703 45 35 
cell-0-1-0 431 745 45 35 
cell-0-1-1 476 745 45 35 
cell-0-1-2 521 745 45 35 
cell-0-1-3 566 745 45 35 
cell-0-1-4 611 745 45 35 
cell-0-1-5 656 745 45 35 
cell-0-2-0 431 787 45 35 
cell-0-2-1 476 787 45 35 
cell-0-2-2 521 787 45 35 
cell-0-2-3 566 787 45 35 
cell-0-2-4 611 787 45 35 
cell-0-2-5 656 787 45 35 
cell-0-3-0 431 829 45 35 
cell-0-3-1 476 829 45 35 
cell-0-3-2 521 829 45 35 
cell-0-3-3 566 829 45 35 
cell-0-3-4 611 829 45 35 
cell-0-3-5 656 829 45 35 
cell-0-4-0 431 871 45 35 
cell-0-4-1 476 871 45 35 
cell-0-4-2 521 871 45 35 
cell-0-4-3 566 871 45 35 
cell-0-4-4 611 871 45 35 
cell-0-4-5 656 871 45 35 
cell-0-5-0 431 913 45 35 
cell-0-5-1 476 913 45 35 
cell-0-5-2 521 913 45 35 
cell-0-5-3 566 913 45 35 
cell-0-5-4 611 913 45 35 
cell-0-5-5 656 913 45 35 
cell-0-6-0 431 955 45 35 
cell-0-6-1 476 955 45 35 
cell-0-6-2 521 955 45 35 
cell-0-6-3 566 955 45 35 
cell-0-6-4 611 955 45 35 
cell-0-6-5 656 955 45 35 
cell-0-7-0 431 997 45 35 
cell-0-7-1 476 997 45 35 
cell-0-7-2 521 997 45 35 
cell-0-7-3 566 997 45 35 
cell-0-7-4 611 997 45 35 
cell-0-7-5 656 997 45 35 
cell-0-8-0 431 1039 45 35 
cell-0-8-1 476 1039 45 35 
cell-0-8-2 521 1039 45 35 
cell-0-8-3 566 1039 45 35 
cell-0-8-4 611 1039 45 35 
cell-0-8-5 656 1039 45 35 
cell-0-9-0 431 1081 45 35 
cell-0-9-1 476 1081 45 35 
cell-0-9-2 521 1081 45 35 
cell-0-9-3 566 1081 45 35 
cell-0-9-4 611 1081 45 35 
cell-0-9-5 656 1081 45 35 
