table-0 60 231 1000 196 
cell-0-0-0 60 231 142 31 
cell-0-0-1 202 231 142 31 
cell-0-0-2 344 231 142 31 
cell-0-0-3 486 231 142 31 
cell-0-0-4 628 231 142 31 
cell-0-0-5 770 231 142 31 
cell-0-0-6 912 231 142 31 
cell-0-1-0 60 272 142 31 
cell-0-1-1 202 272 142 31 
cell-0-1-2 344 272 142 31 
cell-0-1-3 486 272 142 31 
cell-0-1-4 628 272 142 31 
cell-0-1-5 770 272 142 31 
cell-0-1-6 912 272 142 31 
cell-0-2-0 60 313 142 31 
cell-0-2-1 202 313 142 31 
cell-0-2-2 344 313 142 31 
cell-0-2-3 486 313 142 31 
cell-0-2-4 628 313 142 31 
cell-0-2-5 770 313 142 31 
cell-0-2-6 912 313 142 31 
cell-0-3-0 60 354 142 31 
cell-0-3-1 202 354 142 31 
cell-0-3-2 344 354 142 31 
cell-0-3-3 486 354 142 31 
cell-0-3-4 628 354 142 31 
cell-0-3-5 770 354 142 31 
cell-0-3-6 912 354 142 31 
cell-0-4-0 60 395 142 31 
cell-0-4-1 202 395 142 31 
cell-0-4-2 344 395 142 31 
cell-0-4-3 486 395 142 31 
cell-0-4-4 628 395 142 31 
cell-0-4-5 770 395 142 31 
cell-0-4-6 912 395 142 31 
table-3 386 751 259 454 
cell-3-0-0 386 751 43 35 
cell-3-0-1 429 751 43 35 
cell-3-0-2 472 751 43 35 
cell-3-0-3 515 751 43 35 
cell-3-0-4 558 751 43 35 
cell-3-0-5 601 751 43 35 
cell-3-1-0 386 789 43 35 
cell-3-1-1 429 789 43 35 
cell-3-1-2 472 789 43 35 
cell-3-1-3 515 789 43 35 
cell-3-1-4 558 789 43 35 
cell-3-1-5 601 789 43 35 
cell-3-2-0 386 827 43 35 
cell-3-2-1 429 827 43 35 
cell-3-2-2 472 827 43 35 
cell-3-2-3 515 827 43 35 
cell-3-2-4 558 827 43 35 
cell-3-2-5 601 827 43 35 
cell-3-3-0 386 865 43 35 
cell-3-3-1 429 865 43 35 
cell-3-3-2 472 865 43 35 
cell-3-3-3 515 865 43 35 
cell-3-3-4 558 865 43 35 
cell-3-3-5 601 865 43 35 
cell-3-4-0 386 903 43 35 
cell-3-4-1 429 903 43 35 
cell-3-4-2 472 903 43 35 
cell-3-4-3 515 903 43 35 
cell-3-4-4 558 903 43 35 
cell-3-4-5 601 903 43 35 
cell-3-5-0 386 941 43 35 
cell-3-5-1 429 941 43 35 
cell-3-5-2 472 941 43 35 
cell-3-5-3 515 941 43 35 
cell-3-5-4 558 941 43 35 
cell-3-5-5 601 941 43 35 
cell-3-6-0 386 979 43 35 
cell-3-6-1 429 979 43 35 
cell-3-6-2 472 979 43 35 
cell-3-6-3 515 979 43 35 
cell-3-6-4 558 979 43 35 
cell-3-6-5 601 979 43 35 
cell-3-7-0 386 1017 43 35 
cell-3-7-1 429 1017 43 35 
cell-3-7-2 472 1017 43 35 
cell-3-7-3 515 1017 43 35 
cell-3-7-4 558 1017 43 35 
cell-3-7-5 601 1017 43 35 
cell-3-8-0 386 1055 43 35 
cell-3-8-1 429 1055 43 35 
cell-3-8-2 472 1055 43 35 
cell-3-8-3 515 1055 43 35 
cell-3-8-4 558 1055 43 35 
cell-3-8-5 601 1055 43 35 
cell-3-9-0 386 1093 43 35 
cell-3-9-1 429 1093 43 35 
cell-3-9-2 472 1093 43 35 
cell-3-9-3 515 1093 43 35 
cell-3-9-4 558 1093 43 35 
cell-3-9-5 601 1093 43 35 
cell-3-10-0 386 1131 43 35 
cell-3-10-1 429 1131 43 35 
cell-3-10-2 472 1131 43 35 
cell-3-10-3 515 1131 43 35 
cell-3-10-4 558 1131 43 35 
cell-3-10-5 601 1131 43 35 
cell-3-11-0 386 1169 43 35 
cell-3-11-1 429 1169 43 35 
cell-3-11-2 472 1169 43 35 
cell-3-11-3 515 1169 43 35 
cell-3-11-4 558 1169 43 35 
cell-3-11-5 601 1169 43 35 
table-4 782 607 178 487 
cell-4-0-0 782 607 44 35 
cell-4-0-1 826 607 44 35 
cell-4-0-2 870 607 44 35 
cell-4-0-3 914 607 44 35 
cell-4-1-0 782 657 44 35 
cell-4-1-1 826 657 44 35 
cell-4-1-2 870 657 44 35 
cell-4-1-3 914 657 44 35 
cell-4-2-0 782 707 44 35 
cell-4-2-1 826 707 44 35 
cell-4-2-2 870 707 44 35 
cell-4-2-3 914 707 44 35 
cell-4-3-0 782 757 44 35 
cell-4-3-1 826 757 44 35 
cell-4-3-2 870 757 44 35 
cell-4-3-3 914 757 44 35 
cell-4-4-0 782 807 44 35 
cell-4-4-1 826 807 44 35 
cell-4-4-2 870 807 44 35 
cell-4-4-3 914 807 44 35 
cell-4-5-0 782 857 44 35 
cell-4-5-1 826 857 44 35 
cell-4-5-2 870 857 44 35 
cell-4-5-3 914 857 44 35 
cell-4-6-0 782 907 44 35 
cell-4-6-1 826 907 44 35 
cell-4-6-2 870 907 44 35 
cell-4-6-3 914 907 44 35 
cell-4-7-0 782 957 44 35 
cell-4-7-1 826 957 44 35 
cell-4-7-2 870 957 44 35 
cell-4-7-3 914 957 44 35 
cell-4-8-0 782 1007 44 35 
cell-4-8-1 826 1007 44 35 
cell-4-8-2 870 1007 44 35 
cell-4-8-3 914 1007 44 35 
cell-4-9-0 782 1057 44 35 
cell-4-9-1 826 1057 44 35 
cell-4-9-2 870 1057 44 35 
cell-4-9-3 914 1057 44 35 
