table-0 410 78 600 522 
cell-0-0-0 410 78 66 52 
cell-0-0-1 476 78 66 52 
cell-0-0-2 542 78 66 52 
cell-0-0-3 608 78 66 52 
cell-0-0-4 674 78 66 52 
cell-0-0-5 740 78 66 52 
cell-0-0-6 806 78 66 52 
cell-0-0-7 872 78 66 52 
cell-0-0-8 938 78 66 52 
cell-0-1-0 410 130 66 52 
cell-0-1-1 476 130 66 52 
cell-0-1-2 542 130 66 52 
cell-0-1-3 608 130 66 52 
cell-0-1-4 674 130 66 52 
cell-0-1-5 740 130 66 52 
cell-0-1-6 806 130 66 52 
cell-0-1-7 872 130 66 52 
cell-0-1-8 938 130 66 52 
cell-0-2-0 410 182 66 52 
cell-0-2-1 476 182 66 52 
cell-0-2-2 542 182 66 52 
cell-0-2-3 608 182 66 52 
cell-0-2-4 674 182 66 52 
cell-0-2-5 740 182 66 52 
cell-0-2-6 806 182 66 52 
cell-0-2-7 872 182 66 52 
cell-0-2-8 938 182 66 52 
cell-0-3-0 410 234 66 52 
cell-0-3-1 476 234 66 52 
cell-0-3-2 542 234 66 52 
cell-0-3-3 608 234 66 52 
cell-0-3-4 674 234 66 52 
cell-0-3-5 740 234 66 52 
cell-0-3-6 806 234 66 52 
cell-0-3-7 872 234 66 52 
cell-0-3-8 938 234 66 52 
cell-0-4-0 410 286 66 52 
cell-0-4-1 476 286 66 52 
cell-0-4-2 542 286 66 52 
cell-0-4-3 608 286 66 52 
cell-0-4-4 674 286 66 52 
cell-0-4-5 740 286 66 52 
cell-0-4-6 806 286 66 52 
cell-0-4-7 872 286 66 52 
cell-0-4-8 938 286 66 52 
cell-0-5-0 410 338 66 52 
cell-0-5-1 476 338 66 52 
cell-0-5-2 542 338 66 52 
cell-0-5-3 608 338 66 52 
cell-0-5-4 674 338 66 52 
cell-0-5-5 740 338 66 52 
cell-0-5-6 806 338 66 52 
cell-0-5-7 872 338 66 52 
cell-0-5-8 938 338 66 52 
cell-0-6-0 410 390 66 52 
cell-0-6-1 476 390 66 52 
cell-0-6-2 542 390 66 52 
cell-0-6-3 608 390 66 52 
cell-0-6-4 674 390 66 52 
cell-0-6-5 740 390 66 52 
cell-0-6-6 806 390 66 52 
cell-0-6-7 872 390 66 52 
cell-0-6-8 938 390 66 52 
cell-0-7-0 410 442 66 52 
cell-0-7-1 476 442 66 52 
cell-0-7-2 542 442 66 52 
cell-0-7-3 608 442 66 52 
cell-0-7-4 674 442 66 52 
cell-0-7-5 740 442 66 52 
cell-0-7-6 806 442 66 52 
cell-0-7-7 872 442 66 52 
cell-0-7-8 938 442 66 52 
cell-0-8-0 410 494 66 52 
cell-0-8-1 476 494 66 52 
cell-0-8-2 542 494 66 52 
cell-0-8-3 608 494 66 52 
cell-0-8-4 674 494 66 52 
cell-0-8-5 740 494 66 52 
cell-0-8-6 806 494 66 52 
cell-0-8-7 872 494 66 52 
cell-0-8-8 938 494 66 52 
cell-0-9-0 410 546 66 52 
cell-0-9-1 476 546 66 52 
cell-0-9-2 542 546 66 52 
cell-0-9-3 608 546 66 52 
cell-0-9-4 674 546 66 52 
cell-0-9-5 740 546 66 52 
cell-0-9-6 806 546 66 52 
cell-0-9-7 872 546 66 52 
cell-0-9-8 938 546 66 52 
header-4 77 888 927 193 
row-1-1 77 888 416 40 
row-1-2 513 888 416 40 
row-2-1 77 938 416 40 
row-2-2 513 938 486 40 
row-3-1 77 988 614 40 
row-4-1 77 1038 713 40 
