table-0 784 569 259 638 
cell-0-0-0 784 569 43 35 
cell-0-0-1 827 569 43 35 
cell-0-0-2 870 569 43 35 
cell-0-0-3 913 569 43 35 
cell-0-0-4 956 569 43 35 
cell-0-0-5 999 569 43 35 
cell-0-1-0 784 612 43 35 
cell-0-1-1 827 612 43 35 
cell-0-1-2 870 612 43 35 
cell-0-1-3 913 612 43 35 
cell-0-1-4 956 612 43 35 
cell-0-1-5 999 612 43 35 
cell-0-2-0 784 655 43 35 
cell-0-2-1 827 655 43 35 
cell-0-2-2 870 655 43 35 
cell-0-2-3 913 655 43 35 
cell-0-2-4 956 655 43 35 
cell-0-2-5 999 655 43 35 
cell-0-3-0 784 698 43 35 
cell-0-3-1 827 698 43 35 
cell-0-3-2 870 698 43 35 
cell-0-3-3 913 698 43 35 
cell-0-3-4 956 698 43 35 
cell-0-3-5 999 698 43 35 
cell-0-4-0 784 741 43 35 
cell-0-4-1 827 741 43 35 
cell-0-4-2 870 741 43 35 
cell-0-4-3 913 741 43 35 
cell-0-4-4 956 741 43 35 
cell-0-4-5 999 741 43 35 
cell-0-5-0 784 784 43 35 
cell-0-5-1 827 784 43 35 
cell-0-5-2 870 784 43 35 
cell-0-5-3 913 784 43 35 
cell-0-5-4 956 784 43 35 
cell-0-5-5 999 784 43 35 
cell-0-6-0 784 827 43 35 
cell-0-6-1 827 827 43 35 
cell-0-6-2 870 827 43 35 
cell-0-6-3 913 827 43 35 
cell-0-6-4 956 827 43 35 
cell-0-6-5 999 827 43 35 
cell-0-7-0 784 870 43 35 
cell-0-7-1 827 870 43 35 
cell-0-7-2 870 870 43 35 
cell-0-7-3 913 870 43 35 
cell-0-7-4 956 870 43 35 
cell-0-7-5 999 870 43 35 
cell-0-8-0 784 913 43 35 
cell-0-8-1 827 913 43 35 
cell-0-8-2 870 913 43 35 
cell-0-8-3 913 913 43 35 
cell-0-8-4 956 913 43 35 
cell-0-8-5 999 913 43 35 
cell-0-9-0 784 956 43 35 
cell-0-9-1 827 956 43 35 
cell-0-9-2 870 956 43 35 
cell-0-9-3 913 956 43 35 
cell-0-9-4 956 956 43 35 
cell-0-9-5 999 956 43 35 
cell-0-10-0 784 999 43 35 
cell-0-10-1 827 999 43 35 
cell-0-10-2 870 999 43 35 
cell-0-10-3 913 999 43 35 
cell-0-10-4 956 999 43 35 
cell-0-10-5 999 999 43 35 
cell-0-11-0 784 1042 43 35 
cell-0-11-1 827 1042 43 35 
cell-0-11-2 870 1042 43 35 
cell-0-11-3 913 1042 43 35 
cell-0-11-4 956 1042 43 35 
cell-0-11-5 999 1042 43 35 
cell-0-12-0 784 1085 43 35 
cell-0-12-1 827 1085 43 35 
cell-0-12-2 870 1085 43 35 
cell-0-12-3 913 1085 43 35 
cell-0-12-4 956 1085 43 35 
cell-0-12-5 999 1085 43 35 
cell-0-13-0 784 1128 43 35 
cell-0-13-1 827 1128 43 35 
cell-0-13-2 870 1128 43 35 
cell-0-13-3 913 1128 43 35 
cell-0-13-4 956 1128 43 35 
cell-0-13-5 999 1128 43 35 
cell-0-14-0 784 1171 43 35 
cell-0-14-1 827 1171 43 35 
cell-0-14-2 870 1171 43 35 
cell-0-14-3 913 1171 43 35 
cell-0-14-4 956 1171 43 35 
cell-0-14-5 999 1171 43 35 
table-1 306 372 183 428 
cell-1-0-0 306 372 45 35 
cell-1-0-1 351 372 45 35 
cell-1-0-2 396 372 45 35 
cell-1-0-3 441 372 45 35 
cell-1-1-0 306 411 45 35 
cell-1-1-1 351 411 45 35 
cell-1-1-2 396 411 45 35 
cell-1-1-3 441 411 45 35 
cell-1-2-0 306 450 45 35 
cell-1-2-1 351 450 45 35 
cell-1-2-2 396 450 45 35 
cell-1-2-3 441 450 45 35 
cell-1-3-0 306 489 45 35 
cell-1-3-1 351 489 45 35 
cell-1-3-2 396 489 45 35 
cell-1-3-3 441 489 45 35 
cell-1-4-0 306 528 45 35 
cell-1-4-1 351 528 45 35 
cell-1-4-2 396 528 45 35 
cell-1-4-3 441 528 45 35 
cell-1-5-0 306 567 45 35 
cell-1-5-1 351 567 45 35 
cell-1-5-2 396 567 45 35 
cell-1-5-3 441 567 45 35 
cell-1-6-0 306 606 45 35 
cell-1-6-1 351 606 45 35 
cell-1-6-2 396 606 45 35 
cell-1-6-3 441 606 45 35 
cell-1-7-0 306 645 45 35 
cell-1-7-1 351 645 45 35 
cell-1-7-2 396 645 45 35 
cell-1-7-3 441 645 45 35 
cell-1-8-0 306 684 45 35 
cell-1-8-1 351 684 45 35 
cell-1-8-2 396 684 45 35 
cell-1-8-3 441 684 45 35 
cell-1-9-0 306 723 45 35 
cell-1-9-1 351 723 45 35 
cell-1-9-2 396 723 45 35 
cell-1-9-3 441 723 45 35 
cell-1-10-0 306 762 45 35 
cell-1-10-1 351 762 45 35 
cell-1-10-2 396 762 45 35 
cell-1-10-3 441 762 45 35 
