table-0 485 226 426 547 
cell-0-1-0 485 226 36 35 
cell-0-1-1 524 226 36 35 
cell-0-1-2 563 226 36 35 
cell-0-1-3 602 226 36 35 
cell-0-1-4 641 226 36 35 
cell-0-1-5 680 226 36 35 
cell-0-1-6 719 226 36 35 
cell-0-1-7 758 226 36 35 
cell-0-1-8 797 226 36 35 
cell-0-1-9 836 226 36 35 
cell-0-1-10 875 226 36 35 
cell-0-2-0 485 277 36 35 
cell-0-2-1 524 277 36 35 
cell-0-2-2 563 277 36 35 
cell-0-2-3 602 277 36 35 
cell-0-2-4 641 277 36 35 
cell-0-2-5 680 277 36 35 
cell-0-2-6 719 277 36 35 
cell-0-2-7 758 277 36 35 
cell-0-2-8 797 277 36 35 
cell-0-2-9 836 277 36 35 
cell-0-2-10 875 277 36 35 
cell-0-3-0 485 328 36 35 
cell-0-3-1 524 328 36 35 
cell-0-3-2 563 328 36 35 
cell-0-3-3 602 328 36 35 
cell-0-3-4 641 328 36 35 
cell-0-3-5 680 328 36 35 
cell-0-3-6 719 328 36 35 
cell-0-3-7 758 328 36 35 
cell-0-3-8 797 328 36 35 
cell-0-3-9 836 328 36 35 
cell-0-3-10 875 328 36 35 
cell-0-4-0 485 379 36 35 
cell-0-4-1 524 379 36 35 
cell-0-4-2 563 379 36 35 
cell-0-4-3 602 379 36 35 
cell-0-4-4 641 379 36 35 
cell-0-4-5 680 379 36 35 
cell-0-4-6 719 379 36 35 
cell-0-4-7 758 379 36 35 
cell-0-4-8 797 379 36 35 
cell-0-4-9 836 379 36 35 
cell-0-4-10 875 379 36 35 
cell-0-5-0 485 430 36 35 
cell-0-5-1 524 430 36 35 
cell-0-5-2 563 430 36 35 
cell-0-5-3 602 430 36 35 
cell-0-5-4 641 430 36 35 
cell-0-5-5 680 430 36 35 
cell-0-5-6 719 430 36 35 
cell-0-5-7 758 430 36 35 
cell-0-5-8 797 430 36 35 
cell-0-5-9 836 430 36 35 
cell-0-5-10 875 430 36 35 
cell-0-6-0 485 481 36 35 
cell-0-6-1 524 481 36 35 
cell-0-6-2 563 481 36 35 
cell-0-6-3 602 481 36 35 
cell-0-6-4 641 481 36 35 
cell-0-6-5 680 481 36 35 
cell-0-6-6 719 481 36 35 
cell-0-6-7 758 481 36 35 
cell-0-6-8 797 481 36 35 
cell-0-6-9 836 481 36 35 
cell-0-6-10 875 481 36 35 
cell-0-7-0 485 532 36 35 
cell-0-7-1 524 532 36 35 
cell-0-7-2 563 532 36 35 
cell-0-7-3 602 532 36 35 
cell-0-7-4 641 532 36 35 
cell-0-7-5 680 532 36 35 
cell-0-7-6 719 532 36 35 
cell-0-7-7 758 532 36 35 
cell-0-7-8 797 532 36 35 
cell-0-7-9 836 532 36 35 
cell-0-7-10 875 532 36 35 
cell-0-8-0 485 583 36 35 
cell-0-8-1 524 583 36 35 
cell-0-8-2 563 583 36 35 
cell-0-8-3 602 583 36 35 
cell-0-8-4 641 583 36 35 
cell-0-8-5 680 583 36 35 
cell-0-8-6 719 583 36 35 
cell-0-8-7 758 583 36 35 
cell-0-8-8 797 583 36 35 
cell-0-8-9 836 583 36 35 
cell-0-8-10 875 583 36 35 
cell-0-9-0 485 634 36 35 
cell-0-9-1 524 634 36 35 
cell-0-9-2 563 634 36 35 
cell-0-9-3 602 634 36 35 
cell-0-9-4 641 634 36 35 
cell-0-9-5 680 634 36 35 
cell-0-9-6 719 634 36 35 
cell-0-9-7 758 634 36 35 
cell-0-9-8 797 634 36 35 
cell-0-9-9 836 634 36 35 
cell-0-9-10 875 634 36 35 
cell-0-10-0 485 685 36 35 
cell-0-10-1 524 685 36 35 
cell-0-10-2 563 685 36 35 
cell-0-10-3 602 685 36 35 
cell-0-10-4 641 685 36 35 
cell-0-10-5 680 685 36 35 
cell-0-10-6 719 685 36 35 
cell-0-10-7 758 685 36 35 
cell-0-10-8 797 685 36 35 
cell-0-10-9 836 685 36 35 
cell-0-10-10 875 685 36 35 
cell-0-11-0 485 736 36 35 
cell-0-11-1 524 736 36 35 
cell-0-11-2 563 736 36 35 
cell-0-11-3 602 736 36 35 
cell-0-11-4 641 736 36 35 
cell-0-11-5 680 736 36 35 
cell-0-11-6 719 736 36 35 
cell-0-11-7 758 736 36 35 
cell-0-11-8 797 736 36 35 
cell-0-11-9 836 736 36 35 
cell-0-11-10 875 736 36 35 
table-4 253 959 441 396 
cell-4-1-0 253 959 34 35 
cell-4-1-1 290 959 34 35 
cell-4-1-2 327 959 34 35 
cell-4-1-3 364 959 34 35 
cell-4-1-4 401 959 34 35 
cell-4-1-5 438 959 34 35 
cell-4-1-6 475 959 34 35 
cell-4-1-7 512 959 34 35 
cell-4-1-8 549 959 34 35 
cell-4-1-9 586 959 34 35 
cell-4-1-10 623 959 34 35 
cell-4-1-11 660 959 34 35 
cell-4-2-0 253 999 34 35 
cell-4-2-1 290 999 34 35 
cell-4-2-2 327 999 34 35 
cell-4-2-3 364 999 34 35 
cell-4-2-4 401 999 34 35 
cell-4-2-5 438 999 34 35 
cell-4-2-6 475 999 34 35 
cell-4-2-7 512 999 34 35 
cell-4-2-8 549 999 34 35 
cell-4-2-9 586 999 34 35 
cell-4-2-10 623 999 34 35 
cell-4-2-11 660 999 34 35 
cell-4-3-0 253 1039 34 35 
cell-4-3-1 290 1039 34 35 
cell-4-3-2 327 1039 34 35 
cell-4-3-3 364 1039 34 35 
cell-4-3-4 401 1039 34 35 
cell-4-3-5 438 1039 34 35 
cell-4-3-6 475 1039 34 35 
cell-4-3-7 512 1039 34 35 
cell-4-3-8 549 1039 34 35 
cell-4-3-9 586 1039 34 35 
cell-4-3-10 623 1039 34 35 
cell-4-3-11 660 1039 34 35 
cell-4-4-0 253 1079 34 35 
cell-4-4-1 290 1079 34 35 
cell-4-4-2 327 1079 34 35 
cell-4-4-3 364 1079 34 35 
cell-4-4-4 401 1079 34 35 
cell-4-4-5 438 1079 34 35 
cell-4-4-6 475 1079 34 35 
cell-4-4-7 512 1079 34 35 
cell-4-4-8 549 1079 34 35 
cell-4-4-9 586 1079 34 35 
cell-4-4-10 623 1079 34 35 
cell-4-4-11 660 1079 34 35 
cell-4-5-0 253 1119 34 35 
cell-4-5-1 290 1119 34 35 
cell-4-5-2 327 1119 34 35 
cell-4-5-3 364 1119 34 35 
cell-4-5-4 401 1119 34 35 
cell-4-5-5 438 1119 34 35 
cell-4-5-6 475 1119 34 35 
cell-4-5-7 512 1119 34 35 
cell-4-5-8 549 1119 34 35 
cell-4-5-9 586 1119 34 35 
cell-4-5-10 623 1119 34 35 
cell-4-5-11 660 1119 34 35 
cell-4-6-0 253 1159 34 35 
cell-4-6-1 290 1159 34 35 
cell-4-6-2 327 1159 34 35 
cell-4-6-3 364 1159 34 35 
cell-4-6-4 401 1159 34 35 
cell-4-6-5 438 1159 34 35 
cell-4-6-6 475 1159 34 35 
cell-4-6-7 512 1159 34 35 
cell-4-6-8 549 1159 34 35 
cell-4-6-9 586 1159 34 35 
cell-4-6-10 623 1159 34 35 
cell-4-6-11 660 1159 34 35 
cell-4-7-0 253 1199 34 35 
cell-4-7-1 290 1199 34 35 
cell-4-7-2 327 1199 34 35 
cell-4-7-3 364 1199 34 35 
cell-4-7-4 401 1199 34 35 
cell-4-7-5 438 1199 34 35 
cell-4-7-6 475 1199 34 35 
cell-4-7-7 512 1199 34 35 
cell-4-7-8 549 1199 34 35 
cell-4-7-9 586 1199 34 35 
cell-4-7-10 623 1199 34 35 
cell-4-7-11 660 1199 34 35 
cell-4-8-0 253 1239 34 35 
cell-4-8-1 290 1239 34 35 
cell-4-8-2 327 1239 34 35 
cell-4-8-3 364 1239 34 35 
cell-4-8-4 401 1239 34 35 
cell-4-8-5 438 1239 34 35 
cell-4-8-6 475 1239 34 35 
cell-4-8-7 512 1239 34 35 
cell-4-8-8 549 1239 34 35 
cell-4-8-9 586 1239 34 35 
cell-4-8-10 623 1239 34 35 
cell-4-8-11 660 1239 34 35 
cell-4-9-0 253 1279 34 35 
cell-4-9-1 290 1279 34 35 
cell-4-9-2 327 1279 34 35 
cell-4-9-3 364 1279 34 35 
cell-4-9-4 401 1279 34 35 
cell-4-9-5 438 1279 34 35 
cell-4-9-6 475 1279 34 35 
cell-4-9-7 512 1279 34 35 
cell-4-9-8 549 1279 34 35 
cell-4-9-9 586 1279 34 35 
cell-4-9-10 623 1279 34 35 
cell-4-9-11 660 1279 34 35 
cell-4-10-0 253 1319 34 35 
cell-4-10-1 290 1319 34 35 
cell-4-10-2 327 1319 34 35 
cell-4-10-3 364 1319 34 35 
cell-4-10-4 401 1319 34 35 
cell-4-10-5 438 1319 34 35 
cell-4-10-6 475 1319 34 35 
cell-4-10-7 512 1319 34 35 
cell-4-10-8 549 1319 34 35 
cell-4-10-9 586 1319 34 35 
cell-4-10-10 623 1319 34 35 
cell-4-10-11 660 1319 34 35 
