header-0 197 520 849 193 
row-1-1 197 520 275 40 
row-1-2 492 520 407 40 
row-2-1 197 570 374 40 
row-2-2 591 570 453 40 
row-3-1 197 620 671 40 
row-4-1 197 670 704 40 
table-1 237 931 397 188 
cell-1-1-0 237 931 33 35 
cell-1-1-1 270 931 33 35 
cell-1-1-2 303 931 33 35 
cell-1-1-3 336 931 33 35 
cell-1-1-4 369 931 33 35 
cell-1-1-5 402 931 33 35 
cell-1-1-6 435 931 33 35 
cell-1-1-7 468 931 33 35 
cell-1-1-8 501 931 33 35 
cell-1-1-9 534 931 33 35 
cell-1-1-10 567 931 33 35 
cell-1-1-11 600 931 33 35 
cell-1-2-0 237 969 33 35 
cell-1-2-1 270 969 33 35 
cell-1-2-2 303 969 33 35 
cell-1-2-3 336 969 33 35 
cell-1-2-4 369 969 33 35 
cell-1-2-5 402 969 33 35 
cell-1-2-6 435 969 33 35 
cell-1-2-7 468 969 33 35 
cell-1-2-8 501 969 33 35 
cell-1-2-9 534 969 33 35 
cell-1-2-10 567 969 33 35 
cell-1-2-11 600 969 33 35 
cell-1-3-0 237 1007 33 35 
cell-1-3-1 270 1007 33 35 
cell-1-3-2 303 1007 33 35 
cell-1-3-3 336 1007 33 35 
cell-1-3-4 369 1007 33 35 
cell-1-3-5 402 1007 33 35 
cell-1-3-6 435 1007 33 35 
cell-1-3-7 468 1007 33 35 
cell-1-3-8 501 1007 33 35 
cell-1-3-9 534 1007 33 35 
cell-1-3-10 567 1007 33 35 
cell-1-3-11 600 1007 33 35 
cell-1-4-0 237 1045 33 35 
cell-1-4-1 270 1045 33 35 
cell-1-4-2 303 1045 33 35 
cell-1-4-3 336 1045 33 35 
cell-1-4-4 369 1045 33 35 
cell-1-4-5 402 1045 33 35 
cell-1-4-6 435 1045 33 35 
cell-1-4-7 468 1045 33 35 
cell-1-4-8 501 1045 33 35 
cell-1-4-9 534 1045 33 35 
cell-1-4-10 567 1045 33 35 
cell-1-4-11 600 1045 33 35 
cell-1-5-0 237 1083 33 35 
cell-1-5-1 270 1083 33 35 
cell-1-5-2 303 1083 33 35 
cell-1-5-3 336 1083 33 35 
cell-1-5-4 369 1083 33 35 
cell-1-5-5 402 1083 33 35 
cell-1-5-6 435 1083 33 35 
cell-1-5-7 468 1083 33 35 
cell-1-5-8 501 1083 33 35 
cell-1-5-9 534 1083 33 35 
cell-1-5-10 567 1083 33 35 
cell-1-5-11 600 1083 33 35 
