header-0 160 150 755 193 
row-1-1 160 150 337 40 
row-1-2 517 150 370 40 
row-2-1 160 200 304 40 
row-2-2 484 200 427 40 
row-3-1 160 250 469 40 
row-4-1 160 300 634 40 
table-5 288 901 702 558 
cell-5-0-0 288 901 43 41 
cell-5-0-1 331 901 43 41 
cell-5-0-2 374 901 43 41 
cell-5-0-3 417 901 43 41 
cell-5-0-4 460 901 43 41 
cell-5-0-5 503 901 486 41 
cell-5-1-0 288 944 43 41 
cell-5-1-1 331 944 43 41 
cell-5-1-2 374 944 43 41 
cell-5-1-3 417 944 43 41 
cell-5-1-4 460 944 43 41 
cell-5-1-5 503 944 486 41 
cell-5-2-0 288 987 43 41 
cell-5-2-1 331 987 43 41 
cell-5-2-2 374 987 43 41 
cell-5-2-3 417 987 43 41 
cell-5-2-4 460 987 43 41 
cell-5-2-5 503 987 486 41 
cell-5-3-0 288 1030 43 41 
cell-5-3-1 331 1030 43 41 
cell-5-3-2 374 1030 43 41 
cell-5-3-3 417 1030 43 41 
cell-5-3-4 460 1030 43 41 
cell-5-3-5 503 1030 486 41 
cell-5-4-0 288 1073 43 41 
cell-5-4-1 331 1073 43 41 
cell-5-4-2 374 1073 43 41 
cell-5-4-3 417 1073 43 41 
cell-5-4-4 460 1073 43 41 
cell-5-4-5 503 1073 486 41 
cell-5-5-0 288 1116 43 41 
cell-5-5-1 331 1116 43 41 
cell-5-5-2 374 1116 43 41 
cell-5-5-3 417 1116 43 41 
cell-5-5-4 460 1116 43 41 
cell-5-5-5 503 1116 486 41 
cell-5-6-0 288 1159 43 41 
cell-5-6-1 331 1159 43 41 
cell-5-6-2 374 1159 43 41 
cell-5-6-3 417 1159 43 41 
cell-5-6-4 460 1159 43 41 
cell-5-6-5 503 1159 486 41 
cell-5-7-0 288 1202 43 41 
cell-5-7-1 331 1202 43 41 
cell-5-7-2 374 1202 43 41 
cell-5-7-3 417 1202 43 41 
cell-5-7-4 460 1202 43 41 
cell-5-7-5 503 1202 486 41 
cell-5-8-0 288 1245 43 41 
cell-5-8-1 331 1245 43 41 
cell-5-8-2 374 1245 43 41 
cell-5-8-3 417 1245 43 41 
cell-5-8-4 460 1245 43 41 
cell-5-8-5 503 1245 486 41 
cell-5-9-0 288 1288 43 41 
cell-5-9-1 331 1288 43 41 
cell-5-9-2 374 1288 43 41 
cell-5-9-3 417 1288 43 41 
cell-5-9-4 460 1288 43 41 
cell-5-9-5 503 1288 486 41 
cell-5-10-0 288 1331 43 41 
cell-5-10-1 331 1331 43 41 
cell-5-10-2 374 1331 43 41 
cell-5-10-3 417 1331 43 41 
cell-5-10-4 460 1331 43 41 
cell-5-10-5 503 1331 486 41 
cell-5-11-0 288 1374 43 41 
cell-5-11-1 331 1374 43 41 
cell-5-11-2 374 1374 43 41 
cell-5-11-3 417 1374 43 41 
cell-5-11-4 460 1374 43 41 
cell-5-11-5 503 1374 486 41 
cell-5-12-0 288 1417 43 41 
cell-5-12-1 331 1417 43 41 
cell-5-12-2 374 1417 43 41 
cell-5-12-3 417 1417 43 41 
cell-5-12-4 460 1417 43 41 
cell-5-12-5 503 1417 486 41 
