table-0 123 305 700 605 
cell-0-0-0 123 305 77 53 
cell-0-0-1 200 305 77 53 
cell-0-0-2 277 305 77 53 
cell-0-0-3 354 305 77 53 
cell-0-0-4 431 305 77 53 
cell-0-0-5 508 305 77 53 
cell-0-0-6 585 305 77 53 
cell-0-0-7 662 305 77 53 
cell-0-0-8 739 305 77 53 
cell-0-1-0 123 366 77 53 
cell-0-1-1 200 366 77 53 
cell-0-1-2 277 366 77 53 
cell-0-1-3 354 366 77 53 
cell-0-1-4 431 366 77 53 
cell-0-1-5 508 366 77 53 
cell-0-1-6 585 366 77 53 
cell-0-1-7 662 366 77 53 
cell-0-1-8 739 366 77 53 
cell-0-2-0 123 427 77 53 
cell-0-2-1 200 427 77 53 
cell-0-2-2 277 427 77 53 
cell-0-2-3 354 427 77 53 
cell-0-2-4 431 427 77 53 
cell-0-2-5 508 427 77 53 
cell-0-2-6 585 427 77 53 
cell-0-2-7 662 427 77 53 
cell-0-2-8 739 427 77 53 
cell-0-3-0 123 488 77 53 
cell-0-3-1 200 488 77 53 
cell-0-3-2 277 488 77 53 
cell-0-3-3 354 488 77 53 
cell-0-3-4 431 488 77 53 
cell-0-3-5 508 488 77 53 
cell-0-3-6 585 488 77 53 
cell-0-3-7 662 488 77 53 
cell-0-3-8 739 488 77 53 
cell-0-4-0 123 549 77 53 
cell-0-4-1 200 549 77 53 
cell-0-4-2 277 549 77 53 
cell-0-4-3 354 549 77 53 
cell-0-4-4 431 549 77 53 
cell-0-4-5 508 549 77 53 
cell-0-4-6 585 549 77 53 
cell-0-4-7 662 549 77 53 
cell-0-4-8 739 549 77 53 
cell-0-5-0 123 610 77 53 
cell-0-5-1 200 610 77 53 
cell-0-5-2 277 610 77 53 
cell-0-5-3 354 610 77 53 
cell-0-5-4 431 610 77 53 
cell-0-5-5 508 610 77 53 
cell-0-5-6 585 610 77 53 
cell-0-5-7 662 610 77 53 
cell-0-5-8 739 610 77 53 
cell-0-6-0 123 671 77 53 
cell-0-6-1 200 671 77 53 
cell-0-6-2 277 671 77 53 
cell-0-6-3 354 671 77 53 
cell-0-6-4 431 671 77 53 
cell-0-6-5 508 671 77 53 
cell-0-6-6 585 671 77 53 
cell-0-6-7 662 671 77 53 
cell-0-6-8 739 671 77 53 
cell-0-7-0 123 732 77 53 
cell-0-7-1 200 732 77 53 
cell-0-7-2 277 732 77 53 
cell-0-7-3 354 732 77 53 
cell-0-7-4 431 732 77 53 
cell-0-7-5 508 732 77 53 
cell-0-7-6 585 732 77 53 
cell-0-7-7 662 732 77 53 
cell-0-7-8 739 732 77 53 
cell-0-8-0 123 793 77 53 
cell-0-8-1 200 793 77 53 
cell-0-8-2 277 793 77 53 
cell-0-8-3 354 793 77 53 
cell-0-8-4 431 793 77 53 
cell-0-8-5 508 793 77 53 
cell-0-8-6 585 793 77 53 
cell-0-8-7 662 793 77 53 
cell-0-8-8 739 793 77 53 
cell-0-9-0 123 854 77 53 
cell-0-9-1 200 854 77 53 
cell-0-9-2 277 854 77 53 
cell-0-9-3 354 854 77 53 
cell-0-9-4 431 854 77 53 
cell-0-9-5 508 854 77 53 
cell-0-9-6 585 854 77 53 
cell-0-9-7 662 854 77 53 
cell-0-9-8 739 854 77 53 
