table-0 81 814 364 378 
cell-0-1-0 81 814 33 35 
cell-0-1-1 114 814 33 35 
cell-0-1-2 147 814 33 35 
cell-0-1-3 180 814 33 35 
cell-0-1-4 213 814 33 35 
cell-0-1-5 246 814 33 35 
cell-0-1-6 279 814 33 35 
cell-0-1-7 312 814 33 35 
cell-0-1-8 345 814 33 35 
cell-0-1-9 378 814 33 35 
cell-0-1-10 411 814 33 35 
cell-0-2-0 81 871 33 35 
cell-0-2-1 114 871 33 35 
cell-0-2-2 147 871 33 35 
cell-0-2-3 180 871 33 35 
cell-0-2-4 213 871 33 35 
cell-0-2-5 246 871 33 35 
cell-0-2-6 279 871 33 35 
cell-0-2-7 312 871 33 35 
cell-0-2-8 345 871 33 35 
cell-0-2-9 378 871 33 35 
cell-0-2-10 411 871 33 35 
cell-0-3-0 81 928 33 35 
cell-0-3-1 114 928 33 35 
cell-0-3-2 147 928 33 35 
cell-0-3-3 180 928 33 35 
cell-0-3-4 213 928 33 35 
cell-0-3-5 246 928 33 35 
cell-0-3-6 279 928 33 35 
cell-0-3-7 312 928 33 35 
cell-0-3-8 345 928 33 35 
cell-0-3-9 378 928 33 35 
cell-0-3-10 411 928 33 35 
cell-0-4-0 81 985 33 35 
cell-0-4-1 114 985 33 35 
cell-0-4-2 147 985 33 35 
cell-0-4-3 180 985 33 35 
cell-0-4-4 213 985 33 35 
cell-0-4-5 246 985 33 35 
cell-0-4-6 279 985 33 35 
cell-0-4-7 312 985 33 35 
cell-0-4-8 345 985 33 35 
cell-0-4-9 378 985 33 35 
cell-0-4-10 411 985 33 35 
cell-0-5-0 81 1042 33 35 
cell-0-5-1 114 1042 33 35 
cell-0-5-2 147 1042 33 35 
cell-0-5-3 180 1042 33 35 
cell-0-5-4 213 1042 33 35 
cell-0-5-5 246 1042 33 35 
cell-0-5-6 279 1042 33 35 
cell-0-5-7 312 1042 33 35 
cell-0-5-8 345 1042 33 35 
cell-0-5-9 378 1042 33 35 
cell-0-5-10 411 1042 33 35 
cell-0-6-0 81 1099 33 35 
cell-0-6-1 114 1099 33 35 
cell-0-6-2 147 1099 33 35 
cell-0-6-3 180 1099 33 35 
cell-0-6-4 213 1099 33 35 
cell-0-6-5 246 1099 33 35 
cell-0-6-6 279 1099 33 35 
cell-0-6-7 312 1099 33 35 
cell-0-6-8 345 1099 33 35 
cell-0-6-9 378 1099 33 35 
cell-0-6-10 411 1099 33 35 
cell-0-7-0 81 1156 33 35 
cell-0-7-1 114 1156 33 35 
cell-0-7-2 147 1156 33 35 
cell-0-7-3 180 1156 33 35 
cell-0-7-4 213 1156 33 35 
cell-0-7-5 246 1156 33 35 
cell-0-7-6 279 1156 33 35 
cell-0-7-7 312 1156 33 35 
cell-0-7-8 345 1156 33 35 
cell-0-7-9 378 1156 33 35 
cell-0-7-10 411 1156 33 35 
