table-0 113 922 708 537 
cell-0-0-0 113 922 43 41 
cell-0-0-1 156 922 43 41 
cell-0-0-2 199 922 43 41 
cell-0-0-3 242 922 43 41 
cell-0-0-4 285 922 43 41 
cell-0-0-5 328 922 43 41 
cell-0-0-6 371 922 450 41 
cell-0-1-0 113 967 43 41 
cell-0-1-1 156 967 43 41 
cell-0-1-2 199 967 43 41 
cell-0-1-3 242 967 43 41 
cell-0-1-4 285 967 43 41 
cell-0-1-5 328 967 43 41 
cell-0-1-6 371 967 450 41 
cell-0-2-0 113 1012 43 41 
cell-0-2-1 156 1012 43 41 
cell-0-2-2 199 1012 43 41 
cell-0-2-3 242 1012 43 41 
cell-0-2-4 285 1012 43 41 
cell-0-2-5 328 1012 43 41 
cell-0-2-6 371 1012 450 41 
cell-0-3-0 113 1057 43 41 
cell-0-3-1 156 1057 43 41 
cell-0-3-2 199 1057 43 41 
cell-0-3-3 242 1057 43 41 
cell-0-3-4 285 1057 43 41 
cell-0-3-5 328 1057 43 41 
cell-0-3-6 371 1057 450 41 
cell-0-4-0 113 1102 43 41 
cell-0-4-1 156 1102 43 41 
cell-0-4-2 199 1102 43 41 
cell-0-4-3 242 1102 43 41 
cell-0-4-4 285 1102 43 41 
cell-0-4-5 328 1102 43 41 
cell-0-4-6 371 1102 450 41 
cell-0-5-0 113 1147 43 41 
cell-0-5-1 156 1147 43 41 
cell-0-5-2 199 1147 43 41 
cell-0-5-3 242 1147 43 41 
cell-0-5-4 285 1147 43 41 
cell-0-5-5 328 1147 43 41 
cell-0-5-6 371 1147 450 41 
cell-0-6-0 113 1192 43 41 
cell-0-6-1 156 1192 43 41 
cell-0-6-2 199 1192 43 41 
cell-0-6-3 242 1192 43 41 
cell-0-6-4 285 1192 43 41 
cell-0-6-5 328 1192 43 41 
cell-0-6-6 371 1192 450 41 
cell-0-7-0 113 1237 43 41 
cell-0-7-1 156 1237 43 41 
cell-0-7-2 199 1237 43 41 
cell-0-7-3 242 1237 43 41 
cell-0-7-4 285 1237 43 41 
cell-0-7-5 328 1237 43 41 
cell-0-7-6 371 1237 450 41 
cell-0-8-0 113 1282 43 41 
cell-0-8-1 156 1282 43 41 
cell-0-8-2 199 1282 43 41 
cell-0-8-3 242 1282 43 41 
cell-0-8-4 285 1282 43 41 
cell-0-8-5 328 1282 43 41 
cell-0-8-6 371 1282 450 41 
cell-0-9-0 113 1327 43 41 
cell-0-9-1 156 1327 43 41 
cell-0-9-2 199 1327 43 41 
cell-0-9-3 242 1327 43 41 
cell-0-9-4 285 1327 43 41 
cell-0-9-5 328 1327 43 41 
cell-0-9-6 371 1327 450 41 
cell-0-10-0 113 1372 43 41 
cell-0-10-1 156 1372 43 41 
cell-0-10-2 199 1372 43 41 
cell-0-10-3 242 1372 43 41 
cell-0-10-4 285 1372 43 41 
cell-0-10-5 328 1372 43 41 
cell-0-10-6 371 1372 450 41 
cell-0-11-0 113 1417 43 41 
cell-0-11-1 156 1417 43 41 
cell-0-11-2 199 1417 43 41 
cell-0-11-3 242 1417 43 41 
cell-0-11-4 285 1417 43 41 
cell-0-11-5 328 1417 43 41 
cell-0-11-6 371 1417 450 41 
table-3 287 497 515 330 
cell-3-1-0 287 497 34 35 
cell-3-1-1 324 497 34 35 
cell-3-1-2 361 497 34 35 
cell-3-1-3 398 497 34 35 
cell-3-1-4 435 497 34 35 
cell-3-1-5 472 497 34 35 
cell-3-1-6 509 497 34 35 
cell-3-1-7 546 497 34 35 
cell-3-1-8 583 497 34 35 
cell-3-1-9 620 497 34 35 
cell-3-1-10 657 497 34 35 
cell-3-1-11 694 497 34 35 
cell-3-1-12 731 497 34 35 
cell-3-1-13 768 497 34 35 
cell-3-2-0 287 546 34 35 
cell-3-2-1 324 546 34 35 
cell-3-2-2 361 546 34 35 
cell-3-2-3 398 546 34 35 
cell-3-2-4 435 546 34 35 
cell-3-2-5 472 546 34 35 
cell-3-2-6 509 546 34 35 
cell-3-2-7 546 546 34 35 
cell-3-2-8 583 546 34 35 
cell-3-2-9 620 546 34 35 
cell-3-2-10 657 546 34 35 
cell-3-2-11 694 546 34 35 
cell-3-2-12 731 546 34 35 
cell-3-2-13 768 546 34 35 
cell-3-3-0 287 595 34 35 
cell-3-3-1 324 595 34 35 
cell-3-3-2 361 595 34 35 
cell-3-3-3 398 595 34 35 
cell-3-3-4 435 595 34 35 
cell-3-3-5 472 595 34 35 
cell-3-3-6 509 595 34 35 
cell-3-3-7 546 595 34 35 
cell-3-3-8 583 595 34 35 
cell-3-3-9 620 595 34 35 
cell-3-3-10 657 595 34 35 
cell-3-3-11 694 595 34 35 
cell-3-3-12 731 595 34 35 
cell-3-3-13 768 595 34 35 
cell-3-4-0 287 644 34 35 
cell-3-4-1 324 644 34 35 
cell-3-4-2 361 644 34 35 
cell-3-4-3 398 644 34 35 
cell-3-4-4 435 644 34 35 
cell-3-4-5 472 644 34 35 
cell-3-4-6 509 644 34 35 
cell-3-4-7 546 644 34 35 
cell-3-4-8 583 644 34 35 
cell-3-4-9 620 644 34 35 
cell-3-4-10 657 644 34 35 
cell-3-4-11 694 644 34 35 
cell-3-4-12 731 644 34 35 
cell-3-4-13 768 644 34 35 
cell-3-5-0 287 693 34 35 
cell-3-5-1 324 693 34 35 
cell-3-5-2 361 693 34 35 
cell-3-5-3 398 693 34 35 
cell-3-5-4 435 693 34 35 
cell-3-5-5 472 693 34 35 
cell-3-5-6 509 693 34 35 
cell-3-5-7 546 693 34 35 
cell-3-5-8 583 693 34 35 
cell-3-5-9 620 693 34 35 
cell-3-5-10 657 693 34 35 
cell-3-5-11 694 693 34 35 
cell-3-5-12 731 693 34 35 
cell-3-5-13 768 693 34 35 
cell-3-6-0 287 742 34 35 
cell-3-6-1 324 742 34 35 
cell-3-6-2 361 742 34 35 
cell-3-6-3 398 742 34 35 
cell-3-6-4 435 742 34 35 
cell-3-6-5 472 742 34 35 
cell-3-6-6 509 742 34 35 
cell-3-6-7 546 742 34 35 
cell-3-6-8 583 742 34 35 
cell-3-6-9 620 742 34 35 
cell-3-6-10 657 742 34 35 
cell-3-6-11 694 742 34 35 
cell-3-6-12 731 742 34 35 
cell-3-6-13 768 742 34 35 
cell-3-7-0 287 791 34 35 
cell-3-7-1 324 791 34 35 
cell-3-7-2 361 791 34 35 
cell-3-7-3 398 791 34 35 
cell-3-7-4 435 791 34 35 
cell-3-7-5 472 791 34 35 
cell-3-7-6 509 791 34 35 
cell-3-7-7 546 791 34 35 
cell-3-7-8 583 791 34 35 
cell-3-7-9 620 791 34 35 
cell-3-7-10 657 791 34 35 
cell-3-7-11 694 791 34 35 
cell-3-7-12 731 791 34 35 
cell-3-7-13 768 791 34 35 
