table-0 220 1050 478 256 
cell-0-1-0 220 1050 34 35 
cell-0-1-1 257 1050 34 35 
cell-0-1-2 294 1050 34 35 
cell-0-1-3 331 1050 34 35 
cell-0-1-4 368 1050 34 35 
cell-0-1-5 405 1050 34 35 
cell-0-1-6 442 1050 34 35 
cell-0-1-7 479 1050 34 35 
cell-0-1-8 516 1050 34 35 
cell-0-1-9 553 1050 34 35 
cell-0-1-10 590 1050 34 35 
cell-0-1-11 627 1050 34 35 
cell-0-1-12 664 1050 34 35 
cell-0-2-0 220 1105 34 35 
cell-0-2-1 257 1105 34 35 
cell-0-2-2 294 1105 34 35 
cell-0-2-3 331 1105 34 35 
cell-0-2-4 368 1105 34 35 
cell-0-2-5 405 1105 34 35 
cell-0-2-6 442 1105 34 35 
cell-0-2-7 479 1105 34 35 
cell-0-2-8 516 1105 34 35 
cell-0-2-9 553 1105 34 35 
cell-0-2-10 590 1105 34 35 
cell-0-2-11 627 1105 34 35 
cell-0-2-12 664 1105 34 35 
cell-0-3-0 220 1160 34 35 
cell-0-3-1 257 1160 34 35 
cell-0-3-2 294 1160 34 35 
cell-0-3-3 331 1160 34 35 
cell-0-3-4 368 1160 34 35 
cell-0-3-5 405 1160 34 35 
cell-0-3-6 442 1160 34 35 
cell-0-3-7 479 1160 34 35 
cell-0-3-8 516 1160 34 35 
cell-0-3-9 553 1160 34 35 
cell-0-3-10 590 1160 34 35 
cell-0-3-11 627 1160 34 35 
cell-0-3-12 664 1160 34 35 
cell-0-4-0 220 1215 34 35 
cell-0-4-1 257 1215 34 35 
cell-0-4-2 294 1215 34 35 
cell-0-4-3 331 1215 34 35 
cell-0-4-4 368 1215 34 35 
cell-0-4-5 405 1215 34 35 
cell-0-4-6 442 1215 34 35 
cell-0-4-7 479 1215 34 35 
cell-0-4-8 516 1215 34 35 
cell-0-4-9 553 1215 34 35 
cell-0-4-10 590 1215 34 35 
cell-0-4-11 627 1215 34 35 
cell-0-4-12 664 1215 34 35 
cell-0-5-0 220 1270 34 35 
cell-0-5-1 257 1270 34 35 
cell-0-5-2 294 1270 34 35 
cell-0-5-3 331 1270 34 35 
cell-0-5-4 368 1270 34 35 
cell-0-5-5 405 1270 34 35 
cell-0-5-6 442 1270 34 35 
cell-0-5-7 479 1270 34 35 
cell-0-5-8 516 1270 34 35 
cell-0-5-9 553 1270 34 35 
cell-0-5-10 590 1270 34 35 
cell-0-5-11 627 1270 34 35 
cell-0-5-12 664 1270 34 35 
header-2 165 651 893 193 
row-1-1 165 651 299 40 
row-1-2 484 651 266 40 
row-2-1 165 701 398 40 
row-2-2 583 701 468 40 
row-3-1 165 751 629 40 
row-4-1 165 801 728 40 
