table-0 306 120 500 437 
cell-0-0-0 306 120 83 31 
cell-0-0-1 389 120 83 31 
cell-0-0-2 472 120 83 31 
cell-0-0-3 555 120 83 31 
cell-0-0-4 638 120 83 31 
cell-0-0-5 721 120 83 31 
cell-0-1-0 306 165 83 31 
cell-0-1-1 389 165 83 31 
cell-0-1-2 472 165 83 31 
cell-0-1-3 555 165 83 31 
cell-0-1-4 638 165 83 31 
cell-0-1-5 721 165 83 31 
cell-0-2-0 306 210 83 31 
cell-0-2-1 389 210 83 31 
cell-0-2-2 472 210 83 31 
cell-0-2-3 555 210 83 31 
cell-0-2-4 638 210 83 31 
cell-0-2-5 721 210 83 31 
cell-0-3-0 306 255 83 31 
cell-0-3-1 389 255 83 31 
cell-0-3-2 472 255 83 31 
cell-0-3-3 555 255 83 31 
cell-0-3-4 638 255 83 31 
cell-0-3-5 721 255 83 31 
cell-0-4-0 306 300 83 31 
cell-0-4-1 389 300 83 31 
cell-0-4-2 472 300 83 31 
cell-0-4-3 555 300 83 31 
cell-0-4-4 638 300 83 31 
cell-0-4-5 721 300 83 31 
cell-0-5-0 306 345 83 31 
cell-0-5-1 389 345 83 31 
cell-0-5-2 472 345 83 31 
cell-0-5-3 555 345 83 31 
cell-0-5-4 638 345 83 31 
cell-0-5-5 721 345 83 31 
cell-0-6-0 306 390 83 31 
cell-0-6-1 389 390 83 31 
cell-0-6-2 472 390 83 31 
cell-0-6-3 555 390 83 31 
cell-0-6-4 638 390 83 31 
cell-0-6-5 721 390 83 31 
cell-0-7-0 306 435 83 31 
cell-0-7-1 389 435 83 31 
cell-0-7-2 472 435 83 31 
cell-0-7-3 555 435 83 31 
cell-0-7-4 638 435 83 31 
cell-0-7-5 721 435 83 31 
cell-0-8-0 306 480 83 31 
cell-0-8-1 389 480 83 31 
cell-0-8-2 472 480 83 31 
cell-0-8-3 555 480 83 31 
cell-0-8-4 638 480 83 31 
cell-0-8-5 721 480 83 31 
cell-0-9-0 306 525 83 31 
cell-0-9-1 389 525 83 31 
cell-0-9-2 472 525 83 31 
cell-0-9-3 555 525 83 31 
cell-0-9-4 638 525 83 31 
cell-0-9-5 721 525 83 31 
