header-0 202 361 763 193 
row-1-1 202 361 275 40 
row-1-2 497 361 341 40 
row-2-1 202 411 275 40 
row-2-2 497 411 466 40 
row-3-1 202 461 704 40 
row-4-1 202 511 572 40 
table-2 450 788 500 249 
cell-2-0-0 450 788 71 38 
cell-2-0-1 521 788 71 38 
cell-2-0-2 592 788 71 38 
cell-2-0-3 663 788 71 38 
cell-2-0-4 734 788 71 38 
cell-2-0-5 805 788 71 38 
cell-2-0-6 876 788 71 38 
cell-2-1-0 450 840 71 38 
cell-2-1-1 521 840 71 38 
cell-2-1-2 592 840 71 38 
cell-2-1-3 663 840 71 38 
cell-2-1-4 734 840 71 38 
cell-2-1-5 805 840 71 38 
cell-2-1-6 876 840 71 38 
cell-2-2-0 450 892 71 38 
cell-2-2-1 521 892 71 38 
cell-2-2-2 592 892 71 38 
cell-2-2-3 663 892 71 38 
cell-2-2-4 734 892 71 38 
cell-2-2-5 805 892 71 38 
cell-2-2-6 876 892 71 38 
cell-2-3-0 450 944 71 38 
cell-2-3-1 521 944 71 38 
cell-2-3-2 592 944 71 38 
cell-2-3-3 663 944 71 38 
cell-2-3-4 734 944 71 38 
cell-2-3-5 805 944 71 38 
cell-2-3-6 876 944 71 38 
cell-2-4-0 450 996 71 38 
cell-2-4-1 521 996 71 38 
cell-2-4-2 592 996 71 38 
cell-2-4-3 663 996 71 38 
cell-2-4-4 734 996 71 38 
cell-2-4-5 805 996 71 38 
cell-2-4-6 876 996 71 38 
table-4 105 767 178 570 
cell-4-0-0 105 767 44 35 
cell-4-0-1 149 767 44 35 
cell-4-0-2 193 767 44 35 
cell-4-0-3 237 767 44 35 
cell-4-1-0 105 808 44 35 
cell-4-1-1 149 808 44 35 
cell-4-1-2 193 808 44 35 
cell-4-1-3 237 808 44 35 
cell-4-2-0 105 849 44 35 
cell-4-2-1 149 849 44 35 
cell-4-2-2 193 849 44 35 
cell-4-2-3 237 849 44 35 
cell-4-3-0 105 890 44 35 
cell-4-3-1 149 890 44 35 
cell-4-3-2 193 890 44 35 
cell-4-3-3 237 890 44 35 
cell-4-4-0 105 931 44 35 
cell-4-4-1 149 931 44 35 
cell-4-4-2 193 931 44 35 
cell-4-4-3 237 931 44 35 
cell-4-5-0 105 972 44 35 
cell-4-5-1 149 972 44 35 
cell-4-5-2 193 972 44 35 
cell-4-5-3 237 972 44 35 
cell-4-6-0 105 1013 44 35 
cell-4-6-1 149 1013 44 35 
cell-4-6-2 193 1013 44 35 
cell-4-6-3 237 1013 44 35 
cell-4-7-0 105 1054 44 35 
cell-4-7-1 149 1054 44 35 
cell-4-7-2 193 1054 44 35 
cell-4-7-3 237 1054 44 35 
cell-4-8-0 105 1095 44 35 
cell-4-8-1 149 1095 44 35 
cell-4-8-2 193 1095 44 35 
cell-4-8-3 237 1095 44 35 
cell-4-9-0 105 1136 44 35 
cell-4-9-1 149 1136 44 35 
cell-4-9-2 193 1136 44 35 
cell-4-9-3 237 1136 44 35 
cell-4-10-0 105 1177 44 35 
cell-4-10-1 149 1177 44 35 
cell-4-10-2 193 1177 44 35 
cell-4-10-3 237 1177 44 35 
cell-4-11-0 105 1218 44 35 
cell-4-11-1 149 1218 44 35 
cell-4-11-2 193 1218 44 35 
cell-4-11-3 237 1218 44 35 
cell-4-12-0 105 1259 44 35 
cell-4-12-1 149 1259 44 35 
cell-4-12-2 193 1259 44 35 
cell-4-12-3 237 1259 44 35 
cell-4-13-0 105 1300 44 35 
cell-4-13-1 149 1300 44 35 
cell-4-13-2 193 1300 44 35 
cell-4-13-3 237 1300 44 35 
