table-0 333 132 500 446 
cell-0-0-0 333 132 55 54 
cell-0-0-1 388 132 55 54 
cell-0-0-2 443 132 55 54 
cell-0-0-3 498 132 55 54 
cell-0-0-4 553 132 55 54 
cell-0-0-5 608 132 55 54 
cell-0-0-6 663 132 55 54 
cell-0-0-7 718 132 55 54 
cell-0-0-8 773 132 55 54 
cell-0-1-0 333 197 55 54 
cell-0-1-1 388 197 55 54 
cell-0-1-2 443 197 55 54 
cell-0-1-3 498 197 55 54 
cell-0-1-4 553 197 55 54 
cell-0-1-5 608 197 55 54 
cell-0-1-6 663 197 55 54 
cell-0-1-7 718 197 55 54 
cell-0-1-8 773 197 55 54 
cell-0-2-0 333 262 55 54 
cell-0-2-1 388 262 55 54 
cell-0-2-2 443 262 55 54 
cell-0-2-3 498 262 55 54 
cell-0-2-4 553 262 55 54 
cell-0-2-5 608 262 55 54 
cell-0-2-6 663 262 55 54 
cell-0-2-7 718 262 55 54 
cell-0-2-8 773 262 55 54 
cell-0-3-0 333 327 55 54 
cell-0-3-1 388 327 55 54 
cell-0-3-2 443 327 55 54 
cell-0-3-3 498 327 55 54 
cell-0-3-4 553 327 55 54 
cell-0-3-5 608 327 55 54 
cell-0-3-6 663 327 55 54 
cell-0-3-7 718 327 55 54 
cell-0-3-8 773 327 55 54 
cell-0-4-0 333 392 55 54 
cell-0-4-1 388 392 55 54 
cell-0-4-2 443 392 55 54 
cell-0-4-3 498 392 55 54 
cell-0-4-4 553 392 55 54 
cell-0-4-5 608 392 55 54 
cell-0-4-6 663 392 55 54 
cell-0-4-7 718 392 55 54 
cell-0-4-8 773 392 55 54 
cell-0-5-0 333 457 55 54 
cell-0-5-1 388 457 55 54 
cell-0-5-2 443 457 55 54 
cell-0-5-3 498 457 55 54 
cell-0-5-4 553 457 55 54 
cell-0-5-5 608 457 55 54 
cell-0-5-6 663 457 55 54 
cell-0-5-7 718 457 55 54 
cell-0-5-8 773 457 55 54 
cell-0-6-0 333 522 55 54 
cell-0-6-1 388 522 55 54 
cell-0-6-2 443 522 55 54 
cell-0-6-3 498 522 55 54 
cell-0-6-4 553 522 55 54 
cell-0-6-5 608 522 55 54 
cell-0-6-6 663 522 55 54 
cell-0-6-7 718 522 55 54 
cell-0-6-8 773 522 55 54 
table-2 70 1289 331 156 
cell-2-1-0 70 1289 33 35 
cell-2-1-1 103 1289 33 35 
cell-2-1-2 136 1289 33 35 
cell-2-1-3 169 1289 33 35 
cell-2-1-4 202 1289 33 35 
cell-2-1-5 235 1289 33 35 
cell-2-1-6 268 1289 33 35 
cell-2-1-7 301 1289 33 35 
cell-2-1-8 334 1289 33 35 
cell-2-1-9 367 1289 33 35 
cell-2-2-0 70 1329 33 35 
cell-2-2-1 103 1329 33 35 
cell-2-2-2 136 1329 33 35 
cell-2-2-3 169 1329 33 35 
cell-2-2-4 202 1329 33 35 
cell-2-2-5 235 1329 33 35 
cell-2-2-6 268 1329 33 35 
cell-2-2-7 301 1329 33 35 
cell-2-2-8 334 1329 33 35 
cell-2-2-9 367 1329 33 35 
cell-2-3-0 70 1369 33 35 
cell-2-3-1 103 1369 33 35 
cell-2-3-2 136 1369 33 35 
cell-2-3-3 169 1369 33 35 
cell-2-3-4 202 1369 33 35 
cell-2-3-5 235 1369 33 35 
cell-2-3-6 268 1369 33 35 
cell-2-3-7 301 1369 33 35 
cell-2-3-8 334 1369 33 35 
cell-2-3-9 367 1369 33 35 
cell-2-4-0 70 1409 33 35 
cell-2-4-1 103 1409 33 35 
cell-2-4-2 136 1409 33 35 
cell-2-4-3 169 1409 33 35 
cell-2-4-4 202 1409 33 35 
cell-2-4-5 235 1409 33 35 
cell-2-4-6 268 1409 33 35 
cell-2-4-7 301 1409 33 35 
cell-2-4-8 334 1409 33 35 
cell-2-4-9 367 1409 33 35 
