table-0 198 747 735 438 
cell-0-0-0 198 747 43 41 
cell-0-0-1 241 747 43 41 
cell-0-0-2 284 747 43 41 
cell-0-0-3 327 747 43 41 
cell-0-0-4 370 747 43 41 
cell-0-0-5 413 747 43 41 
cell-0-0-6 456 747 477 41 
cell-0-1-0 198 791 43 41 
cell-0-1-1 241 791 43 41 
cell-0-1-2 284 791 43 41 
cell-0-1-3 327 791 43 41 
cell-0-1-4 370 791 43 41 
cell-0-1-5 413 791 43 41 
cell-0-1-6 456 791 477 41 
cell-0-2-0 198 835 43 41 
cell-0-2-1 241 835 43 41 
cell-0-2-2 284 835 43 41 
cell-0-2-3 327 835 43 41 
cell-0-2-4 370 835 43 41 
cell-0-2-5 413 835 43 41 
cell-0-2-6 456 835 477 41 
cell-0-3-0 198 879 43 41 
cell-0-3-1 241 879 43 41 
cell-0-3-2 284 879 43 41 
cell-0-3-3 327 879 43 41 
cell-0-3-4 370 879 43 41 
cell-0-3-5 413 879 43 41 
cell-0-3-6 456 879 477 41 
cell-0-4-0 198 923 43 41 
cell-0-4-1 241 923 43 41 
cell-0-4-2 284 923 43 41 
cell-0-4-3 327 923 43 41 
cell-0-4-4 370 923 43 41 
cell-0-4-5 413 923 43 41 
cell-0-4-6 456 923 477 41 
cell-0-5-0 198 967 43 41 
cell-0-5-1 241 967 43 41 
cell-0-5-2 284 967 43 41 
cell-0-5-3 327 967 43 41 
cell-0-5-4 370 967 43 41 
cell-0-5-5 413 967 43 41 
cell-0-5-6 456 967 477 41 
cell-0-6-0 198 1011 43 41 
cell-0-6-1 241 1011 43 41 
cell-0-6-2 284 1011 43 41 
cell-0-6-3 327 1011 43 41 
cell-0-6-4 370 1011 43 41 
cell-0-6-5 413 1011 43 41 
cell-0-6-6 456 1011 477 41 
cell-0-7-0 198 1055 43 41 
cell-0-7-1 241 1055 43 41 
cell-0-7-2 284 1055 43 41 
cell-0-7-3 327 1055 43 41 
cell-0-7-4 370 1055 43 41 
cell-0-7-5 413 1055 43 41 
cell-0-7-6 456 1055 477 41 
cell-0-8-0 198 1099 43 41 
cell-0-8-1 241 1099 43 41 
cell-0-8-2 284 1099 43 41 
cell-0-8-3 327 1099 43 41 
cell-0-8-4 370 1099 43 41 
cell-0-8-5 413 1099 43 41 
cell-0-8-6 456 1099 477 41 
cell-0-9-0 198 1143 43 41 
cell-0-9-1 241 1143 43 41 
cell-0-9-2 284 1143 43 41 
cell-0-9-3 327 1143 43 41 
cell-0-9-4 370 1143 43 41 
cell-0-9-5 413 1143 43 41 
cell-0-9-6 456 1143 477 41 
table-2 241 318 776 254 
cell-2-1-0 241 318 38 35 
cell-2-1-1 282 318 38 35 
cell-2-1-2 323 318 38 35 
cell-2-1-3 364 318 38 35 
cell-2-1-4 405 318 38 35 
cell-2-1-5 446 318 38 35 
cell-2-1-6 487 318 38 35 
cell-2-1-7 528 318 38 35 
cell-2-1-8 569 318 38 35 
cell-2-1-9 610 318 38 35 
cell-2-1-10 651 318 38 35 
cell-2-1-11 692 318 38 35 
cell-2-1-12 733 318 38 35 
cell-2-1-13 774 318 38 35 
cell-2-1-14 815 318 38 35 
cell-2-1-15 856 318 38 35 
cell-2-1-16 897 318 38 35 
cell-2-1-17 938 318 38 35 
cell-2-1-18 979 318 38 35 
cell-2-2-0 241 354 38 35 
cell-2-2-1 282 354 38 35 
cell-2-2-2 323 354 38 35 
cell-2-2-3 364 354 38 35 
cell-2-2-4 405 354 38 35 
cell-2-2-5 446 354 38 35 
cell-2-2-6 487 354 38 35 
cell-2-2-7 528 354 38 35 
cell-2-2-8 569 354 38 35 
cell-2-2-9 610 354 38 35 
cell-2-2-10 651 354 38 35 
cell-2-2-11 692 354 38 35 
cell-2-2-12 733 354 38 35 
cell-2-2-13 774 354 38 35 
cell-2-2-14 815 354 38 35 
cell-2-2-15 856 354 38 35 
cell-2-2-16 897 354 38 35 
cell-2-2-17 938 354 38 35 
cell-2-2-18 979 354 38 35 
cell-2-3-0 241 390 38 35 
cell-2-3-1 282 390 38 35 
cell-2-3-2 323 390 38 35 
cell-2-3-3 364 390 38 35 
cell-2-3-4 405 390 38 35 
cell-2-3-5 446 390 38 35 
cell-2-3-6 487 390 38 35 
cell-2-3-7 528 390 38 35 
cell-2-3-8 569 390 38 35 
cell-2-3-9 610 390 38 35 
cell-2-3-10 651 390 38 35 
cell-2-3-11 692 390 38 35 
cell-2-3-12 733 390 38 35 
cell-2-3-13 774 390 38 35 
cell-2-3-14 815 390 38 35 
cell-2-3-15 856 390 38 35 
cell-2-3-16 897 390 38 35 
cell-2-3-17 938 390 38 35 
cell-2-3-18 979 390 38 35 
cell-2-4-0 241 426 38 35 
cell-2-4-1 282 426 38 35 
cell-2-4-2 323 426 38 35 
cell-2-4-3 364 426 38 35 
cell-2-4-4 405 426 38 35 
cell-2-4-5 446 426 38 35 
cell-2-4-6 487 426 38 35 
cell-2-4-7 528 426 38 35 
cell-2-4-8 569 426 38 35 
cell-2-4-9 610 426 38 35 
cell-2-4-10 651 426 38 35 
cell-2-4-11 692 426 38 35 
cell-2-4-12 733 426 38 35 
cell-2-4-13 774 426 38 35 
cell-2-4-14 815 426 38 35 
cell-2-4-15 856 426 38 35 
cell-2-4-16 897 426 38 35 
cell-2-4-17 938 426 38 35 
cell-2-4-18 979 426 38 35 
cell-2-5-0 241 462 38 35 
cell-2-5-1 282 462 38 35 
cell-2-5-2 323 462 38 35 
cell-2-5-3 364 462 38 35 
cell-2-5-4 405 462 38 35 
cell-2-5-5 446 462 38 35 
cell-2-5-6 487 462 38 35 
cell-2-5-7 528 462 38 35 
cell-2-5-8 569 462 38 35 
cell-2-5-9 610 462 38 35 
cell-2-5-10 651 462 38 35 
cell-2-5-11 692 462 38 35 
cell-2-5-12 733 462 38 35 
cell-2-5-13 774 462 38 35 
cell-2-5-14 815 462 38 35 
cell-2-5-15 856 462 38 35 
cell-2-5-16 897 462 38 35 
cell-2-5-17 938 462 38 35 
cell-2-5-18 979 462 38 35 
cell-2-6-0 241 498 38 35 
cell-2-6-1 282 498 38 35 
cell-2-6-2 323 498 38 35 
cell-2-6-3 364 498 38 35 
cell-2-6-4 405 498 38 35 
cell-2-6-5 446 498 38 35 
cell-2-6-6 487 498 38 35 
cell-2-6-7 528 498 38 35 
cell-2-6-8 569 498 38 35 
cell-2-6-9 610 498 38 35 
cell-2-6-10 651 498 38 35 
cell-2-6-11 692 498 38 35 
cell-2-6-12 733 498 38 35 
cell-2-6-13 774 498 38 35 
cell-2-6-14 815 498 38 35 
cell-2-6-15 856 498 38 35 
cell-2-6-16 897 498 38 35 
cell-2-6-17 938 498 38 35 
cell-2-6-18 979 498 38 35 
cell-2-7-0 241 534 38 35 
cell-2-7-1 282 534 38 35 
cell-2-7-2 323 534 38 35 
cell-2-7-3 364 534 38 35 
cell-2-7-4 405 534 38 35 
cell-2-7-5 446 534 38 35 
cell-2-7-6 487 534 38 35 
cell-2-7-7 528 534 38 35 
cell-2-7-8 569 534 38 35 
cell-2-7-9 610 534 38 35 
cell-2-7-10 651 534 38 35 
cell-2-7-11 692 534 38 35 
cell-2-7-12 733 534 38 35 
cell-2-7-13 774 534 38 35 
cell-2-7-14 815 534 38 35 
cell-2-7-15 856 534 38 35 
cell-2-7-16 897 534 38 35 
cell-2-7-17 938 534 38 35 
cell-2-7-18 979 534 38 35 
