header-0 157 1008 871 193 
row-1-1 157 1008 414 40 
row-1-2 591 1008 315 40 
row-2-1 157 1058 348 40 
row-2-2 525 1058 497 40 
row-3-1 157 1108 546 40 
row-4-1 157 1158 480 40 
table-1 251 271 500 449 
cell-1-0-0 251 271 55 42 
cell-1-0-1 306 271 55 42 
cell-1-0-2 361 271 55 42 
cell-1-0-3 416 271 55 42 
cell-1-0-4 471 271 55 42 
cell-1-0-5 526 271 55 42 
cell-1-0-6 581 271 55 42 
cell-1-0-7 636 271 55 42 
cell-1-0-8 691 271 55 42 
cell-1-1-0 251 316 55 42 
cell-1-1-1 306 316 55 42 
cell-1-1-2 361 316 55 42 
cell-1-1-3 416 316 55 42 
cell-1-1-4 471 316 55 42 
cell-1-1-5 526 316 55 42 
cell-1-1-6 581 316 55 42 
cell-1-1-7 636 316 55 42 
cell-1-1-8 691 316 55 42 
cell-1-2-0 251 361 55 42 
cell-1-2-1 306 361 55 42 
cell-1-2-2 361 361 55 42 
cell-1-2-3 416 361 55 42 
cell-1-2-4 471 361 55 42 
cell-1-2-5 526 361 55 42 
cell-1-2-6 581 361 55 42 
cell-1-2-7 636 361 55 42 
cell-1-2-8 691 361 55 42 
cell-1-3-0 251 406 55 42 
cell-1-3-1 306 406 55 42 
cell-1-3-2 361 406 55 42 
cell-1-3-3 416 406 55 42 
cell-1-3-4 471 406 55 42 
cell-1-3-5 526 406 55 42 
cell-1-3-6 581 406 55 42 
cell-1-3-7 636 406 55 42 
cell-1-3-8 691 406 55 42 
cell-1-4-0 251 451 55 42 
cell-1-4-1 306 451 55 42 
cell-1-4-2 361 451 55 42 
cell-1-4-3 416 451 55 42 
cell-1-4-4 471 451 55 42 
cell-1-4-5 526 451 55 42 
cell-1-4-6 581 451 55 42 
cell-1-4-7 636 451 55 42 
cell-1-4-8 691 451 55 42 
cell-1-5-0 251 496 55 42 
cell-1-5-1 306 496 55 42 
cell-1-5-2 361 496 55 42 
cell-1-5-3 416 496 55 42 
cell-1-5-4 471 496 55 42 
cell-1-5-5 526 496 55 42 
cell-1-5-6 581 496 55 42 
cell-1-5-7 636 496 55 42 
cell-1-5-8 691 496 55 42 
cell-1-6-0 251 541 55 42 
cell-1-6-1 306 541 55 42 
cell-1-6-2 361 541 55 42 
cell-1-6-3 416 541 55 42 
cell-1-6-4 471 541 55 42 
cell-1-6-5 526 541 55 42 
cell-1-6-6 581 541 55 42 
cell-1-6-7 636 541 55 42 
cell-1-6-8 691 541 55 42 
cell-1-7-0 251 586 55 42 
cell-1-7-1 306 586 55 42 
cell-1-7-2 361 586 55 42 
cell-1-7-3 416 586 55 42 
cell-1-7-4 471 586 55 42 
cell-1-7-5 526 586 55 42 
cell-1-7-6 581 586 55 42 
cell-1-7-7 636 586 55 42 
cell-1-7-8 691 586 55 42 
cell-1-8-0 251 631 55 42 
cell-1-8-1 306 631 55 42 
cell-1-8-2 361 631 55 42 
cell-1-8-3 416 631 55 42 
cell-1-8-4 471 631 55 42 
cell-1-8-5 526 631 55 42 
cell-1-8-6 581 631 55 42 
cell-1-8-7 636 631 55 42 
cell-1-8-8 691 631 55 42 
cell-1-9-0 251 676 55 42 
cell-1-9-1 306 676 55 42 
cell-1-9-2 361 676 55 42 
cell-1-9-3 416 676 55 42 
cell-1-9-4 471 676 55 42 
cell-1-9-5 526 676 55 42 
cell-1-9-6 581 676 55 42 
cell-1-9-7 636 676 55 42 
cell-1-9-8 691 676 55 42 
