table-0 571 119 266 622 
cell-0-0-0 571 119 44 35 
cell-0-0-1 615 119 44 35 
cell-0-0-2 659 119 44 35 
cell-0-0-3 703 119 44 35 
cell-0-0-4 747 119 44 35 
cell-0-0-5 791 119 44 35 
cell-0-1-0 571 164 44 35 
cell-0-1-1 615 164 44 35 
cell-0-1-2 659 164 44 35 
cell-0-1-3 703 164 44 35 
cell-0-1-4 747 164 44 35 
cell-0-1-5 791 164 44 35 
cell-0-2-0 571 209 44 35 
cell-0-2-1 615 209 44 35 
cell-0-2-2 659 209 44 35 
cell-0-2-3 703 209 44 35 
cell-0-2-4 747 209 44 35 
cell-0-2-5 791 209 44 35 
cell-0-3-0 571 254 44 35 
cell-0-3-1 615 254 44 35 
cell-0-3-2 659 254 44 35 
cell-0-3-3 703 254 44 35 
cell-0-3-4 747 254 44 35 
cell-0-3-5 791 254 44 35 
cell-0-4-0 571 299 44 35 
cell-0-4-1 615 299 44 35 
cell-0-4-2 659 299 44 35 
cell-0-4-3 703 299 44 35 
cell-0-4-4 747 299 44 35 
cell-0-4-5 791 299 44 35 
cell-0-5-0 571 344 44 35 
cell-0-5-1 615 344 44 35 
cell-0-5-2 659 344 44 35 
cell-0-5-3 703 344 44 35 
cell-0-5-4 747 344 44 35 
cell-0-5-5 791 344 44 35 
cell-0-6-0 571 389 44 35 
cell-0-6-1 615 389 44 35 
cell-0-6-2 659 389 44 35 
cell-0-6-3 703 389 44 35 
cell-0-6-4 747 389 44 35 
cell-0-6-5 791 389 44 35 
cell-0-7-0 571 434 44 35 
cell-0-7-1 615 434 44 35 
cell-0-7-2 659 434 44 35 
cell-0-7-3 703 434 44 35 
cell-0-7-4 747 434 44 35 
cell-0-7-5 791 434 44 35 
cell-0-8-0 571 479 44 35 
cell-0-8-1 615 479 44 35 
cell-0-8-2 659 479 44 35 
cell-0-8-3 703 479 44 35 
cell-0-8-4 747 479 44 35 
cell-0-8-5 791 479 44 35 
cell-0-9-0 571 524 44 35 
cell-0-9-1 615 524 44 35 
cell-0-9-2 659 524 44 35 
cell-0-9-3 703 524 44 35 
cell-0-9-4 747 524 44 35 
cell-0-9-5 791 524 44 35 
cell-0-10-0 571 569 44 35 
cell-0-10-1 615 569 44 35 
cell-0-10-2 659 569 44 35 
cell-0-10-3 703 569 44 35 
cell-0-10-4 747 569 44 35 
cell-0-10-5 791 569 44 35 
cell-0-11-0 571 614 44 35 
cell-0-11-1 615 614 44 35 
cell-0-11-2 659 614 44 35 
cell-0-11-3 703 614 44 35 
cell-0-11-4 747 614 44 35 
cell-0-11-5 791 614 44 35 
cell-0-12-0 571 659 44 35 
cell-0-12-1 615 659 44 35 
cell-0-12-2 659 659 44 35 
cell-0-12-3 703 659 44 35 
cell-0-12-4 747 659 44 35 
cell-0-12-5 791 659 44 35 
cell-0-13-0 571 704 44 35 
cell-0-13-1 615 704 44 35 
cell-0-13-2 659 704 44 35 
cell-0-13-3 703 704 44 35 
cell-0-13-4 747 704 44 35 
cell-0-13-5 791 704 44 35 
