table-0 60 785 1000 266 
cell-0-0-0 60 785 250 44 
cell-0-0-1 310 785 250 44 
cell-0-0-2 560 785 250 44 
cell-0-0-3 810 785 250 44 
cell-0-1-0 60 829 250 44 
cell-0-1-1 310 829 250 44 
cell-0-1-2 560 829 250 44 
cell-0-1-3 810 829 250 44 
cell-0-2-0 60 873 250 44 
cell-0-2-1 310 873 250 44 
cell-0-2-2 560 873 250 44 
cell-0-2-3 810 873 250 44 
cell-0-3-0 60 917 250 44 
cell-0-3-1 310 917 250 44 
cell-0-3-2 560 917 250 44 
cell-0-3-3 810 917 250 44 
cell-0-4-0 60 961 250 44 
cell-0-4-1 310 961 250 44 
cell-0-4-2 560 961 250 44 
cell-0-4-3 810 961 250 44 
cell-0-5-0 60 1005 250 44 
cell-0-5-1 310 1005 250 44 
cell-0-5-2 560 1005 250 44 
cell-0-5-3 810 1005 250 44 
