table-0 526 540 222 635 
cell-0-0-0 526 540 44 35 
cell-0-0-1 570 540 44 35 
cell-0-0-2 614 540 44 35 
cell-0-0-3 658 540 44 35 
cell-0-0-4 702 540 44 35 
cell-0-1-0 526 586 44 35 
cell-0-1-1 570 586 44 35 
cell-0-1-2 614 586 44 35 
cell-0-1-3 658 586 44 35 
cell-0-1-4 702 586 44 35 
cell-0-2-0 526 632 44 35 
cell-0-2-1 570 632 44 35 
cell-0-2-2 614 632 44 35 
cell-0-2-3 658 632 44 35 
cell-0-2-4 702 632 44 35 
cell-0-3-0 526 678 44 35 
cell-0-3-1 570 678 44 35 
cell-0-3-2 614 678 44 35 
cell-0-3-3 658 678 44 35 
cell-0-3-4 702 678 44 35 
cell-0-4-0 526 724 44 35 
cell-0-4-1 570 724 44 35 
cell-0-4-2 614 724 44 35 
cell-0-4-3 658 724 44 35 
cell-0-4-4 702 724 44 35 
cell-0-5-0 526 770 44 35 
cell-0-5-1 570 770 44 35 
cell-0-5-2 614 770 44 35 
cell-0-5-3 658 770 44 35 
cell-0-5-4 702 770 44 35 
cell-0-6-0 526 816 44 35 
cell-0-6-1 570 816 44 35 
cell-0-6-2 614 816 44 35 
cell-0-6-3 658 816 44 35 
cell-0-6-4 702 816 44 35 
cell-0-7-0 526 862 44 35 
cell-0-7-1 570 862 44 35 
cell-0-7-2 614 862 44 35 
cell-0-7-3 658 862 44 35 
cell-0-7-4 702 862 44 35 
cell-0-8-0 526 908 44 35 
cell-0-8-1 570 908 44 35 
cell-0-8-2 614 908 44 35 
cell-0-8-3 658 908 44 35 
cell-0-8-4 702 908 44 35 
cell-0-9-0 526 954 44 35 
cell-0-9-1 570 954 44 35 
cell-0-9-2 614 954 44 35 
cell-0-9-3 658 954 44 35 
cell-0-9-4 702 954 44 35 
cell-0-10-0 526 1000 44 35 
cell-0-10-1 570 1000 44 35 
cell-0-10-2 614 1000 44 35 
cell-0-10-3 658 1000 44 35 
cell-0-10-4 702 1000 44 35 
cell-0-11-0 526 1046 44 35 
cell-0-11-1 570 1046 44 35 
cell-0-11-2 614 1046 44 35 
cell-0-11-3 658 1046 44 35 
cell-0-11-4 702 1046 44 35 
cell-0-12-0 526 1092 44 35 
cell-0-12-1 570 1092 44 35 
cell-0-12-2 614 1092 44 35 
cell-0-12-3 658 1092 44 35 
cell-0-12-4 702 1092 44 35 
cell-0-13-0 526 1138 44 35 
cell-0-13-1 570 1138 44 35 
cell-0-13-2 614 1138 44 35 
cell-0-13-3 658 1138 44 35 
cell-0-13-4 702 1138 44 35 
