table-0 314 485 601 670 
cell-0-0-0 314 485 45 43 
cell-0-0-1 359 485 45 43 
cell-0-0-2 404 485 45 43 
cell-0-0-3 449 485 45 43 
cell-0-0-4 494 485 419 43 
cell-0-1-0 314 537 45 43 
cell-0-1-1 359 537 45 43 
cell-0-1-2 404 537 45 43 
cell-0-1-3 449 537 45 43 
cell-0-1-4 494 537 419 43 
cell-0-2-0 314 589 45 43 
cell-0-2-1 359 589 45 43 
cell-0-2-2 404 589 45 43 
cell-0-2-3 449 589 45 43 
cell-0-2-4 494 589 419 43 
cell-0-3-0 314 641 45 43 
cell-0-3-1 359 641 45 43 
cell-0-3-2 404 641 45 43 
cell-0-3-3 449 641 45 43 
cell-0-3-4 494 641 419 43 
cell-0-4-0 314 693 45 43 
cell-0-4-1 359 693 45 43 
cell-0-4-2 404 693 45 43 
cell-0-4-3 449 693 45 43 
cell-0-4-4 494 693 419 43 
cell-0-5-0 314 745 45 43 
cell-0-5-1 359 745 45 43 
cell-0-5-2 404 745 45 43 
cell-0-5-3 449 745 45 43 
cell-0-5-4 494 745 419 43 
cell-0-6-0 314 797 45 43 
cell-0-6-1 359 797 45 43 
cell-0-6-2 404 797 45 43 
cell-0-6-3 449 797 45 43 
cell-0-6-4 494 797 419 43 
cell-0-7-0 314 849 45 43 
cell-0-7-1 359 849 45 43 
cell-0-7-2 404 849 45 43 
cell-0-7-3 449 849 45 43 
cell-0-7-4 494 849 419 43 
cell-0-8-0 314 901 45 43 
cell-0-8-1 359 901 45 43 
cell-0-8-2 404 901 45 43 
cell-0-8-3 449 901 45 43 
cell-0-8-4 494 901 419 43 
cell-0-9-0 314 953 45 43 
cell-0-9-1 359 953 45 43 
cell-0-9-2 404 953 45 43 
cell-0-9-3 449 953 45 43 
cell-0-9-4 494 953 419 43 
cell-0-10-0 314 1005 45 43 
cell-0-10-1 359 1005 45 43 
cell-0-10-2 404 1005 45 43 
cell-0-10-3 449 1005 45 43 
cell-0-10-4 494 1005 419 43 
cell-0-11-0 314 1057 45 43 
cell-0-11-1 359 1057 45 43 
cell-0-11-2 404 1057 45 43 
cell-0-11-3 449 1057 45 43 
cell-0-11-4 494 1057 419 43 
cell-0-12-0 314 1109 45 43 
cell-0-12-1 359 1109 45 43 
cell-0-12-2 404 1109 45 43 
cell-0-12-3 449 1109 45 43 
cell-0-12-4 494 1109 419 43 
