table-0 224 894 598 515 
cell-0-1-0 224 894 35 35 
cell-0-1-1 259 894 35 35 
cell-0-1-2 294 894 35 35 
cell-0-1-3 329 894 35 35 
cell-0-1-4 364 894 35 35 
cell-0-1-5 399 894 35 35 
cell-0-1-6 434 894 35 35 
cell-0-1-7 469 894 35 35 
cell-0-1-8 504 894 35 35 
cell-0-1-9 539 894 35 35 
cell-0-1-10 574 894 35 35 
cell-0-1-11 609 894 35 35 
cell-0-1-12 644 894 35 35 
cell-0-1-13 679 894 35 35 
cell-0-1-14 714 894 35 35 
cell-0-1-15 749 894 35 35 
cell-0-1-16 784 894 35 35 
cell-0-2-0 224 947 35 35 
cell-0-2-1 259 947 35 35 
cell-0-2-2 294 947 35 35 
cell-0-2-3 329 947 35 35 
cell-0-2-4 364 947 35 35 
cell-0-2-5 399 947 35 35 
cell-0-2-6 434 947 35 35 
cell-0-2-7 469 947 35 35 
cell-0-2-8 504 947 35 35 
cell-0-2-9 539 947 35 35 
cell-0-2-10 574 947 35 35 
cell-0-2-11 609 947 35 35 
cell-0-2-12 644 947 35 35 
cell-0-2-13 679 947 35 35 
cell-0-2-14 714 947 35 35 
cell-0-2-15 749 947 35 35 
cell-0-2-16 784 947 35 35 
cell-0-3-0 224 1000 35 35 
cell-0-3-1 259 1000 35 35 
cell-0-3-2 294 1000 35 35 
cell-0-3-3 329 1000 35 35 
cell-0-3-4 364 1000 35 35 
cell-0-3-5 399 1000 35 35 
cell-0-3-6 434 1000 35 35 
cell-0-3-7 469 1000 35 35 
cell-0-3-8 504 1000 35 35 
cell-0-3-9 539 1000 35 35 
cell-0-3-10 574 1000 35 35 
cell-0-3-11 609 1000 35 35 
cell-0-3-12 644 1000 35 35 
cell-0-3-13 679 1000 35 35 
cell-0-3-14 714 1000 35 35 
cell-0-3-15 749 1000 35 35 
cell-0-3-16 784 1000 35 35 
cell-0-4-0 224 1053 35 35 
cell-0-4-1 259 1053 35 35 
cell-0-4-2 294 1053 35 35 
cell-0-4-3 329 1053 35 35 
cell-0-4-4 364 1053 35 35 
cell-0-4-5 399 1053 35 35 
cell-0-4-6 434 1053 35 35 
cell-0-4-7 469 1053 35 35 
cell-0-4-8 504 1053 35 35 
cell-0-4-9 539 1053 35 35 
cell-0-4-10 574 1053 35 35 
cell-0-4-11 609 1053 35 35 
cell-0-4-12 644 1053 35 35 
cell-0-4-13 679 1053 35 35 
cell-0-4-14 714 1053 35 35 
cell-0-4-15 749 1053 35 35 
cell-0-4-16 784 1053 35 35 
cell-0-5-0 224 1106 35 35 
cell-0-5-1 259 1106 35 35 
cell-0-5-2 294 1106 35 35 
cell-0-5-3 329 1106 35 35 
cell-0-5-4 364 1106 35 35 
cell-0-5-5 399 1106 35 35 
cell-0-5-6 434 1106 35 35 
cell-0-5-7 469 1106 35 35 
cell-0-5-8 504 1106 35 35 
cell-0-5-9 539 1106 35 35 
cell-0-5-10 574 1106 35 35 
cell-0-5-11 609 1106 35 35 
cell-0-5-12 644 1106 35 35 
cell-0-5-13 679 1106 35 35 
cell-0-5-14 714 1106 35 35 
cell-0-5-15 749 1106 35 35 
cell-0-5-16 784 1106 35 35 
cell-0-6-0 224 1159 35 35 
cell-0-6-1 259 1159 35 35 
cell-0-6-2 294 1159 35 35 
cell-0-6-3 329 1159 35 35 
cell-0-6-4 364 1159 35 35 
cell-0-6-5 399 1159 35 35 
cell-0-6-6 434 1159 35 35 
cell-0-6-7 469 1159 35 35 
cell-0-6-8 504 1159 35 35 
cell-0-6-9 539 1159 35 35 
cell-0-6-10 574 1159 35 35 
cell-0-6-11 609 1159 35 35 
cell-0-6-12 644 1159 35 35 
cell-0-6-13 679 1159 35 35 
cell-0-6-14 714 1159 35 35 
cell-0-6-15 749 1159 35 35 
cell-0-6-16 784 1159 35 35 
cell-0-7-0 224 1212 35 35 
cell-0-7-1 259 1212 35 35 
cell-0-7-2 294 1212 35 35 
cell-0-7-3 329 1212 35 35 
cell-0-7-4 364 1212 35 35 
cell-0-7-5 399 1212 35 35 
cell-0-7-6 434 1212 35 35 
cell-0-7-7 469 1212 35 35 
cell-0-7-8 504 1212 35 35 
cell-0-7-9 539 1212 35 35 
cell-0-7-10 574 1212 35 35 
cell-0-7-11 609 1212 35 35 
cell-0-7-12 644 1212 35 35 
cell-0-7-13 679 1212 35 35 
cell-0-7-14 714 1212 35 35 
cell-0-7-15 749 1212 35 35 
cell-0-7-16 784 1212 35 35 
cell-0-8-0 224 1265 35 35 
cell-0-8-1 259 1265 35 35 
cell-0-8-2 294 1265 35 35 
cell-0-8-3 329 1265 35 35 
cell-0-8-4 364 1265 35 35 
cell-0-8-5 399 1265 35 35 
cell-0-8-6 434 1265 35 35 
cell-0-8-7 469 1265 35 35 
cell-0-8-8 504 1265 35 35 
cell-0-8-9 539 1265 35 35 
cell-0-8-10 574 1265 35 35 
cell-0-8-11 609 1265 35 35 
cell-0-8-12 644 1265 35 35 
cell-0-8-13 679 1265 35 35 
cell-0-8-14 714 1265 35 35 
cell-0-8-15 749 1265 35 35 
cell-0-8-16 784 1265 35 35 
cell-0-9-0 224 1318 35 35 
cell-0-9-1 259 1318 35 35 
cell-0-9-2 294 1318 35 35 
cell-0-9-3 329 1318 35 35 
cell-0-9-4 364 1318 35 35 
cell-0-9-5 399 1318 35 35 
cell-0-9-6 434 1318 35 35 
cell-0-9-7 469 1318 35 35 
cell-0-9-8 504 1318 35 35 
cell-0-9-9 539 1318 35 35 
cell-0-9-10 574 1318 35 35 
cell-0-9-11 609 1318 35 35 
cell-0-9-12 644 1318 35 35 
cell-0-9-13 679 1318 35 35 
cell-0-9-14 714 1318 35 35 
cell-0-9-15 749 1318 35 35 
cell-0-9-16 784 1318 35 35 
cell-0-10-0 224 1371 35 35 
cell-0-10-1 259 1371 35 35 
cell-0-10-2 294 1371 35 35 
cell-0-10-3 329 1371 35 35 
cell-0-10-4 364 1371 35 35 
cell-0-10-5 399 1371 35 35 
cell-0-10-6 434 1371 35 35 
cell-0-10-7 469 1371 35 35 
cell-0-10-8 504 1371 35 35 
cell-0-10-9 539 1371 35 35 
cell-0-10-10 574 1371 35 35 
cell-0-10-11 609 1371 35 35 
cell-0-10-12 644 1371 35 35 
cell-0-10-13 679 1371 35 35 
cell-0-10-14 714 1371 35 35 
cell-0-10-15 749 1371 35 35 
cell-0-10-16 784 1371 35 35 
table-3 164 95 631 660 
cell-3-0-0 164 95 44 42 
cell-3-0-1 208 95 44 42 
cell-3-0-2 252 95 44 42 
cell-3-0-3 296 95 44 42 
cell-3-0-4 340 95 44 42 
cell-3-0-5 384 95 411 42 
cell-3-1-0 164 139 44 42 
cell-3-1-1 208 139 44 42 
cell-3-1-2 252 139 44 42 
cell-3-1-3 296 139 44 42 
cell-3-1-4 340 139 44 42 
cell-3-1-5 384 139 411 42 
cell-3-2-0 164 183 44 42 
cell-3-2-1 208 183 44 42 
cell-3-2-2 252 183 44 42 
cell-3-2-3 296 183 44 42 
cell-3-2-4 340 183 44 42 
cell-3-2-5 384 183 411 42 
cell-3-3-0 164 227 44 42 
cell-3-3-1 208 227 44 42 
cell-3-3-2 252 227 44 42 
cell-3-3-3 296 227 44 42 
cell-3-3-4 340 227 44 42 
cell-3-3-5 384 227 411 42 
cell-3-4-0 164 271 44 42 
cell-3-4-1 208 271 44 42 
cell-3-4-2 252 271 44 42 
cell-3-4-3 296 271 44 42 
cell-3-4-4 340 271 44 42 
cell-3-4-5 384 271 411 42 
cell-3-5-0 164 315 44 42 
cell-3-5-1 208 315 44 42 
cell-3-5-2 252 315 44 42 
cell-3-5-3 296 315 44 42 
cell-3-5-4 340 315 44 42 
cell-3-5-5 384 315 411 42 
cell-3-6-0 164 359 44 42 
cell-3-6-1 208 359 44 42 
cell-3-6-2 252 359 44 42 
cell-3-6-3 296 359 44 42 
cell-3-6-4 340 359 44 42 
cell-3-6-5 384 359 411 42 
cell-3-7-0 164 403 44 42 
cell-3-7-1 208 403 44 42 
cell-3-7-2 252 403 44 42 
cell-3-7-3 296 403 44 42 
cell-3-7-4 340 403 44 42 
cell-3-7-5 384 403 411 42 
cell-3-8-0 164 447 44 42 
cell-3-8-1 208 447 44 42 
cell-3-8-2 252 447 44 42 
cell-3-8-3 296 447 44 42 
cell-3-8-4 340 447 44 42 
cell-3-8-5 384 447 411 42 
cell-3-9-0 164 491 44 42 
cell-3-9-1 208 491 44 42 
cell-3-9-2 252 491 44 42 
cell-3-9-3 296 491 44 42 
cell-3-9-4 340 491 44 42 
cell-3-9-5 384 491 411 42 
cell-3-10-0 164 535 44 42 
cell-3-10-1 208 535 44 42 
cell-3-10-2 252 535 44 42 
cell-3-10-3 296 535 44 42 
cell-3-10-4 340 535 44 42 
cell-3-10-5 384 535 411 42 
cell-3-11-0 164 579 44 42 
cell-3-11-1 208 579 44 42 
cell-3-11-2 252 579 44 42 
cell-3-11-3 296 579 44 42 
cell-3-11-4 340 579 44 42 
cell-3-11-5 384 579 411 42 
cell-3-12-0 164 623 44 42 
cell-3-12-1 208 623 44 42 
cell-3-12-2 252 623 44 42 
cell-3-12-3 296 623 44 42 
cell-3-12-4 340 623 44 42 
cell-3-12-5 384 623 411 42 
cell-3-13-0 164 667 44 42 
cell-3-13-1 208 667 44 42 
cell-3-13-2 252 667 44 42 
cell-3-13-3 296 667 44 42 
cell-3-13-4 340 667 44 42 
cell-3-13-5 384 667 411 42 
cell-3-14-0 164 711 44 42 
cell-3-14-1 208 711 44 42 
cell-3-14-2 252 711 44 42 
cell-3-14-3 296 711 44 42 
cell-3-14-4 340 711 44 42 
cell-3-14-5 384 711 411 42 
