table-0 100 678 562 458 
cell-0-0-0 100 678 43 42 
cell-0-0-1 143 678 43 42 
cell-0-0-2 186 678 43 42 
cell-0-0-3 229 678 43 42 
cell-0-0-4 272 678 43 42 
cell-0-0-5 315 678 43 42 
cell-0-0-6 358 678 300 42 
cell-0-1-0 100 724 43 42 
cell-0-1-1 143 724 43 42 
cell-0-1-2 186 724 43 42 
cell-0-1-3 229 724 43 42 
cell-0-1-4 272 724 43 42 
cell-0-1-5 315 724 43 42 
cell-0-1-6 358 724 300 42 
cell-0-2-0 100 770 43 42 
cell-0-2-1 143 770 43 42 
cell-0-2-2 186 770 43 42 
cell-0-2-3 229 770 43 42 
cell-0-2-4 272 770 43 42 
cell-0-2-5 315 770 43 42 
cell-0-2-6 358 770 300 42 
cell-0-3-0 100 816 43 42 
cell-0-3-1 143 816 43 42 
cell-0-3-2 186 816 43 42 
cell-0-3-3 229 816 43 42 
cell-0-3-4 272 816 43 42 
cell-0-3-5 315 816 43 42 
cell-0-3-6 358 816 300 42 
cell-0-4-0 100 862 43 42 
cell-0-4-1 143 862 43 42 
cell-0-4-2 186 862 43 42 
cell-0-4-3 229 862 43 42 
cell-0-4-4 272 862 43 42 
cell-0-4-5 315 862 43 42 
cell-0-4-6 358 862 300 42 
cell-0-5-0 100 908 43 42 
cell-0-5-1 143 908 43 42 
cell-0-5-2 186 908 43 42 
cell-0-5-3 229 908 43 42 
cell-0-5-4 272 908 43 42 
cell-0-5-5 315 908 43 42 
cell-0-5-6 358 908 300 42 
cell-0-6-0 100 954 43 42 
cell-0-6-1 143 954 43 42 
cell-0-6-2 186 954 43 42 
cell-0-6-3 229 954 43 42 
cell-0-6-4 272 954 43 42 
cell-0-6-5 315 954 43 42 
cell-0-6-6 358 954 300 42 
cell-0-7-0 100 1000 43 42 
cell-0-7-1 143 1000 43 42 
cell-0-7-2 186 1000 43 42 
cell-0-7-3 229 1000 43 42 
cell-0-7-4 272 1000 43 42 
cell-0-7-5 315 1000 43 42 
cell-0-7-6 358 1000 300 42 
cell-0-8-0 100 1046 43 42 
cell-0-8-1 143 1046 43 42 
cell-0-8-2 186 1046 43 42 
cell-0-8-3 229 1046 43 42 
cell-0-8-4 272 1046 43 42 
cell-0-8-5 315 1046 43 42 
cell-0-8-6 358 1046 300 42 
cell-0-9-0 100 1092 43 42 
cell-0-9-1 143 1092 43 42 
cell-0-9-2 186 1092 43 42 
cell-0-9-3 229 1092 43 42 
cell-0-9-4 272 1092 43 42 
cell-0-9-5 315 1092 43 42 
cell-0-9-6 358 1092 300 42 
table-2 60 112 1000 265 
cell-2-0-0 60 112 111 44 
cell-2-0-1 171 112 111 44 
cell-2-0-2 282 112 111 44 
cell-2-0-3 393 112 111 44 
cell-2-0-4 504 112 111 44 
cell-2-0-5 615 112 111 44 
cell-2-0-6 726 112 111 44 
cell-2-0-7 837 112 111 44 
cell-2-0-8 948 112 111 44 
cell-2-1-0 60 167 111 44 
cell-2-1-1 171 167 111 44 
cell-2-1-2 282 167 111 44 
cell-2-1-3 393 167 111 44 
cell-2-1-4 504 167 111 44 
cell-2-1-5 615 167 111 44 
cell-2-1-6 726 167 111 44 
cell-2-1-7 837 167 111 44 
cell-2-1-8 948 167 111 44 
cell-2-2-0 60 222 111 44 
cell-2-2-1 171 222 111 44 
cell-2-2-2 282 222 111 44 
cell-2-2-3 393 222 111 44 
cell-2-2-4 504 222 111 44 
cell-2-2-5 615 222 111 44 
cell-2-2-6 726 222 111 44 
cell-2-2-7 837 222 111 44 
cell-2-2-8 948 222 111 44 
cell-2-3-0 60 277 111 44 
cell-2-3-1 171 277 111 44 
cell-2-3-2 282 277 111 44 
cell-2-3-3 393 277 111 44 
cell-2-3-4 504 277 111 44 
cell-2-3-5 615 277 111 44 
cell-2-3-6 726 277 111 44 
cell-2-3-7 837 277 111 44 
cell-2-3-8 948 277 111 44 
cell-2-4-0 60 332 111 44 
cell-2-4-1 171 332 111 44 
cell-2-4-2 282 332 111 44 
cell-2-4-3 393 332 111 44 
cell-2-4-4 504 332 111 44 
cell-2-4-5 615 332 111 44 
cell-2-4-6 726 332 111 44 
cell-2-4-7 837 332 111 44 
cell-2-4-8 948 332 111 44 
