table-0 144 597 629 592 
cell-0-0-0 144 597 43 41 
cell-0-0-1 187 597 43 41 
cell-0-0-2 230 597 43 41 
cell-0-0-3 273 597 43 41 
cell-0-0-4 316 597 455 41 
cell-0-1-0 144 647 43 41 
cell-0-1-1 187 647 43 41 
cell-0-1-2 230 647 43 41 
cell-0-1-3 273 647 43 41 
cell-0-1-4 316 647 455 41 
cell-0-2-0 144 697 43 41 
cell-0-2-1 187 697 43 41 
cell-0-2-2 230 697 43 41 
cell-0-2-3 273 697 43 41 
cell-0-2-4 316 697 455 41 
cell-0-3-0 144 747 43 41 
cell-0-3-1 187 747 43 41 
cell-0-3-2 230 747 43 41 
cell-0-3-3 273 747 43 41 
cell-0-3-4 316 747 455 41 
cell-0-4-0 144 797 43 41 
cell-0-4-1 187 797 43 41 
cell-0-4-2 230 797 43 41 
cell-0-4-3 273 797 43 41 
cell-0-4-4 316 797 455 41 
cell-0-5-0 144 847 43 41 
cell-0-5-1 187 847 43 41 
cell-0-5-2 230 847 43 41 
cell-0-5-3 273 847 43 41 
cell-0-5-4 316 847 455 41 
cell-0-6-0 144 897 43 41 
cell-0-6-1 187 897 43 41 
cell-0-6-2 230 897 43 41 
cell-0-6-3 273 897 43 41 
cell-0-6-4 316 897 455 41 
cell-0-7-0 144 947 43 41 
cell-0-7-1 187 947 43 41 
cell-0-7-2 230 947 43 41 
cell-0-7-3 273 947 43 41 
cell-0-7-4 316 947 455 41 
cell-0-8-0 144 997 43 41 
cell-0-8-1 187 997 43 41 
cell-0-8-2 230 997 43 41 
cell-0-8-3 273 997 43 41 
cell-0-8-4 316 997 455 41 
cell-0-9-0 144 1047 43 41 
cell-0-9-1 187 1047 43 41 
cell-0-9-2 230 1047 43 41 
cell-0-9-3 273 1047 43 41 
cell-0-9-4 316 1047 455 41 
cell-0-10-0 144 1097 43 41 
cell-0-10-1 187 1097 43 41 
cell-0-10-2 230 1097 43 41 
cell-0-10-3 273 1097 43 41 
cell-0-10-4 316 1097 455 41 
cell-0-11-0 144 1147 43 41 
cell-0-11-1 187 1147 43 41 
cell-0-11-2 230 1147 43 41 
cell-0-11-3 273 1147 43 41 
cell-0-11-4 316 1147 455 41 
