table-0 133 459 718 680 
cell-0-0-0 133 459 43 42 
cell-0-0-1 176 459 43 42 
cell-0-0-2 219 459 43 42 
cell-0-0-3 262 459 43 42 
cell-0-0-4 305 459 43 42 
cell-0-0-5 348 459 43 42 
cell-0-0-6 391 459 456 42 
cell-0-1-0 133 512 43 42 
cell-0-1-1 176 512 43 42 
cell-0-1-2 219 512 43 42 
cell-0-1-3 262 512 43 42 
cell-0-1-4 305 512 43 42 
cell-0-1-5 348 512 43 42 
cell-0-1-6 391 512 456 42 
cell-0-2-0 133 565 43 42 
cell-0-2-1 176 565 43 42 
cell-0-2-2 219 565 43 42 
cell-0-2-3 262 565 43 42 
cell-0-2-4 305 565 43 42 
cell-0-2-5 348 565 43 42 
cell-0-2-6 391 565 456 42 
cell-0-3-0 133 618 43 42 
cell-0-3-1 176 618 43 42 
cell-0-3-2 219 618 43 42 
cell-0-3-3 262 618 43 42 
cell-0-3-4 305 618 43 42 
cell-0-3-5 348 618 43 42 
cell-0-3-6 391 618 456 42 
cell-0-4-0 133 671 43 42 
cell-0-4-1 176 671 43 42 
cell-0-4-2 219 671 43 42 
cell-0-4-3 262 671 43 42 
cell-0-4-4 305 671 43 42 
cell-0-4-5 348 671 43 42 
cell-0-4-6 391 671 456 42 
cell-0-5-0 133 724 43 42 
cell-0-5-1 176 724 43 42 
cell-0-5-2 219 724 43 42 
cell-0-5-3 262 724 43 42 
cell-0-5-4 305 724 43 42 
cell-0-5-5 348 724 43 42 
cell-0-5-6 391 724 456 42 
cell-0-6-0 133 777 43 42 
cell-0-6-1 176 777 43 42 
cell-0-6-2 219 777 43 42 
cell-0-6-3 262 777 43 42 
cell-0-6-4 305 777 43 42 
cell-0-6-5 348 777 43 42 
cell-0-6-6 391 777 456 42 
cell-0-7-0 133 830 43 42 
cell-0-7-1 176 830 43 42 
cell-0-7-2 219 830 43 42 
cell-0-7-3 262 830 43 42 
cell-0-7-4 305 830 43 42 
cell-0-7-5 348 830 43 42 
cell-0-7-6 391 830 456 42 
cell-0-8-0 133 883 43 42 
cell-0-8-1 176 883 43 42 
cell-0-8-2 219 883 43 42 
cell-0-8-3 262 883 43 42 
cell-0-8-4 305 883 43 42 
cell-0-8-5 348 883 43 42 
cell-0-8-6 391 883 456 42 
cell-0-9-0 133 936 43 42 
cell-0-9-1 176 936 43 42 
cell-0-9-2 219 936 43 42 
cell-0-9-3 262 936 43 42 
cell-0-9-4 305 936 43 42 
cell-0-9-5 348 936 43 42 
cell-0-9-6 391 936 456 42 
cell-0-10-0 133 989 43 42 
cell-0-10-1 176 989 43 42 
cell-0-10-2 219 989 43 42 
cell-0-10-3 262 989 43 42 
cell-0-10-4 305 989 43 42 
cell-0-10-5 348 989 43 42 
cell-0-10-6 391 989 456 42 
cell-0-11-0 133 1042 43 42 
cell-0-11-1 176 1042 43 42 
cell-0-11-2 219 1042 43 42 
cell-0-11-3 262 1042 43 42 
cell-0-11-4 305 1042 43 42 
cell-0-11-5 348 1042 43 42 
cell-0-11-6 391 1042 456 42 
cell-0-12-0 133 1095 43 42 
cell-0-12-1 176 1095 43 42 
cell-0-12-2 219 1095 43 42 
cell-0-12-3 262 1095 43 42 
cell-0-12-4 305 1095 43 42 
cell-0-12-5 348 1095 43 42 
cell-0-12-6 391 1095 456 42 
