table-0 397 253 596 558 
cell-0-0-0 397 253 43 41 
cell-0-0-1 440 253 43 41 
cell-0-0-2 483 253 43 41 
cell-0-0-3 526 253 43 41 
cell-0-0-4 569 253 43 41 
cell-0-0-5 612 253 380 41 
cell-0-1-0 397 296 43 41 
cell-0-1-1 440 296 43 41 
cell-0-1-2 483 296 43 41 
cell-0-1-3 526 296 43 41 
cell-0-1-4 569 296 43 41 
cell-0-1-5 612 296 380 41 
cell-0-2-0 397 339 43 41 
cell-0-2-1 440 339 43 41 
cell-0-2-2 483 339 43 41 
cell-0-2-3 526 339 43 41 
cell-0-2-4 569 339 43 41 
cell-0-2-5 612 339 380 41 
cell-0-3-0 397 382 43 41 
cell-0-3-1 440 382 43 41 
cell-0-3-2 483 382 43 41 
cell-0-3-3 526 382 43 41 
cell-0-3-4 569 382 43 41 
cell-0-3-5 612 382 380 41 
cell-0-4-0 397 425 43 41 
cell-0-4-1 440 425 43 41 
cell-0-4-2 483 425 43 41 
cell-0-4-3 526 425 43 41 
cell-0-4-4 569 425 43 41 
cell-0-4-5 612 425 380 41 
cell-0-5-0 397 468 43 41 
cell-0-5-1 440 468 43 41 
cell-0-5-2 483 468 43 41 
cell-0-5-3 526 468 43 41 
cell-0-5-4 569 468 43 41 
cell-0-5-5 612 468 380 41 
cell-0-6-0 397 511 43 41 
cell-0-6-1 440 511 43 41 
cell-0-6-2 483 511 43 41 
cell-0-6-3 526 511 43 41 
cell-0-6-4 569 511 43 41 
cell-0-6-5 612 511 380 41 
cell-0-7-0 397 554 43 41 
cell-0-7-1 440 554 43 41 
cell-0-7-2 483 554 43 41 
cell-0-7-3 526 554 43 41 
cell-0-7-4 569 554 43 41 
cell-0-7-5 612 554 380 41 
cell-0-8-0 397 597 43 41 
cell-0-8-1 440 597 43 41 
cell-0-8-2 483 597 43 41 
cell-0-8-3 526 597 43 41 
cell-0-8-4 569 597 43 41 
cell-0-8-5 612 597 380 41 
cell-0-9-0 397 640 43 41 
cell-0-9-1 440 640 43 41 
cell-0-9-2 483 640 43 41 
cell-0-9-3 526 640 43 41 
cell-0-9-4 569 640 43 41 
cell-0-9-5 612 640 380 41 
cell-0-10-0 397 683 43 41 
cell-0-10-1 440 683 43 41 
cell-0-10-2 483 683 43 41 
cell-0-10-3 526 683 43 41 
cell-0-10-4 569 683 43 41 
cell-0-10-5 612 683 380 41 
cell-0-11-0 397 726 43 41 
cell-0-11-1 440 726 43 41 
cell-0-11-2 483 726 43 41 
cell-0-11-3 526 726 43 41 
cell-0-11-4 569 726 43 41 
cell-0-11-5 612 726 380 41 
cell-0-12-0 397 769 43 41 
cell-0-12-1 440 769 43 41 
cell-0-12-2 483 769 43 41 
cell-0-12-3 526 769 43 41 
cell-0-12-4 569 769 43 41 
cell-0-12-5 612 769 380 41 
header-3 287 940 754 193 
row-1-1 287 940 332 40 
row-1-2 639 940 332 40 
row-2-1 287 990 266 40 
row-2-2 573 990 461 40 
row-3-1 287 1040 629 40 
row-4-1 287 1090 563 40 
