table-0 327 768 529 183 
cell-0-1-0 327 768 33 35 
cell-0-1-1 360 768 33 35 
cell-0-1-2 393 768 33 35 
cell-0-1-3 426 768 33 35 
cell-0-1-4 459 768 33 35 
cell-0-1-5 492 768 33 35 
cell-0-1-6 525 768 33 35 
cell-0-1-7 558 768 33 35 
cell-0-1-8 591 768 33 35 
cell-0-1-9 624 768 33 35 
cell-0-1-10 657 768 33 35 
cell-0-1-11 690 768 33 35 
cell-0-1-12 723 768 33 35 
cell-0-1-13 756 768 33 35 
cell-0-1-14 789 768 33 35 
cell-0-1-15 822 768 33 35 
cell-0-2-0 327 817 33 35 
cell-0-2-1 360 817 33 35 
cell-0-2-2 393 817 33 35 
cell-0-2-3 426 817 33 35 
cell-0-2-4 459 817 33 35 
cell-0-2-5 492 817 33 35 
cell-0-2-6 525 817 33 35 
cell-0-2-7 558 817 33 35 
cell-0-2-8 591 817 33 35 
cell-0-2-9 624 817 33 35 
cell-0-2-10 657 817 33 35 
cell-0-2-11 690 817 33 35 
cell-0-2-12 723 817 33 35 
cell-0-2-13 756 817 33 35 
cell-0-2-14 789 817 33 35 
cell-0-2-15 822 817 33 35 
cell-0-3-0 327 866 33 35 
cell-0-3-1 360 866 33 35 
cell-0-3-2 393 866 33 35 
cell-0-3-3 426 866 33 35 
cell-0-3-4 459 866 33 35 
cell-0-3-5 492 866 33 35 
cell-0-3-6 525 866 33 35 
cell-0-3-7 558 866 33 35 
cell-0-3-8 591 866 33 35 
cell-0-3-9 624 866 33 35 
cell-0-3-10 657 866 33 35 
cell-0-3-11 690 866 33 35 
cell-0-3-12 723 866 33 35 
cell-0-3-13 756 866 33 35 
cell-0-3-14 789 866 33 35 
cell-0-3-15 822 866 33 35 
cell-0-4-0 327 915 33 35 
cell-0-4-1 360 915 33 35 
cell-0-4-2 393 915 33 35 
cell-0-4-3 426 915 33 35 
cell-0-4-4 459 915 33 35 
cell-0-4-5 492 915 33 35 
cell-0-4-6 525 915 33 35 
cell-0-4-7 558 915 33 35 
cell-0-4-8 591 915 33 35 
cell-0-4-9 624 915 33 35 
cell-0-4-10 657 915 33 35 
cell-0-4-11 690 915 33 35 
cell-0-4-12 723 915 33 35 
cell-0-4-13 756 915 33 35 
cell-0-4-14 789 915 33 35 
cell-0-4-15 822 915 33 35 
table-2 60 188 1000 324 
cell-2-0-0 60 188 111 48 
cell-2-0-1 171 188 111 48 
cell-2-0-2 282 188 111 48 
cell-2-0-3 393 188 111 48 
cell-2-0-4 504 188 111 48 
cell-2-0-5 615 188 111 48 
cell-2-0-6 726 188 111 48 
cell-2-0-7 837 188 111 48 
cell-2-0-8 948 188 111 48 
cell-2-1-0 60 243 111 48 
cell-2-1-1 171 243 111 48 
cell-2-1-2 282 243 111 48 
cell-2-1-3 393 243 111 48 
cell-2-1-4 504 243 111 48 
cell-2-1-5 615 243 111 48 
cell-2-1-6 726 243 111 48 
cell-2-1-7 837 243 111 48 
cell-2-1-8 948 243 111 48 
cell-2-2-0 60 298 111 48 
cell-2-2-1 171 298 111 48 
cell-2-2-2 282 298 111 48 
cell-2-2-3 393 298 111 48 
cell-2-2-4 504 298 111 48 
cell-2-2-5 615 298 111 48 
cell-2-2-6 726 298 111 48 
cell-2-2-7 837 298 111 48 
cell-2-2-8 948 298 111 48 
cell-2-3-0 60 353 111 48 
cell-2-3-1 171 353 111 48 
cell-2-3-2 282 353 111 48 
cell-2-3-3 393 353 111 48 
cell-2-3-4 504 353 111 48 
cell-2-3-5 615 353 111 48 
cell-2-3-6 726 353 111 48 
cell-2-3-7 837 353 111 48 
cell-2-3-8 948 353 111 48 
cell-2-4-0 60 408 111 48 
cell-2-4-1 171 408 111 48 
cell-2-4-2 282 408 111 48 
cell-2-4-3 393 408 111 48 
cell-2-4-4 504 408 111 48 
cell-2-4-5 615 408 111 48 
cell-2-4-6 726 408 111 48 
cell-2-4-7 837 408 111 48 
cell-2-4-8 948 408 111 48 
cell-2-5-0 60 463 111 48 
cell-2-5-1 171 463 111 48 
cell-2-5-2 282 463 111 48 
cell-2-5-3 393 463 111 48 
cell-2-5-4 504 463 111 48 
cell-2-5-5 615 463 111 48 
cell-2-5-6 726 463 111 48 
cell-2-5-7 837 463 111 48 
cell-2-5-8 948 463 111 48 
