table-0 434 516 173 736 
cell-0-0-0 434 516 43 35 
cell-0-0-1 477 516 43 35 
cell-0-0-2 520 516 43 35 
cell-0-0-3 563 516 43 35 
cell-0-1-0 434 566 43 35 
cell-0-1-1 477 566 43 35 
cell-0-1-2 520 566 43 35 
cell-0-1-3 563 566 43 35 
cell-0-2-0 434 616 43 35 
cell-0-2-1 477 616 43 35 
cell-0-2-2 520 616 43 35 
cell-0-2-3 563 616 43 35 
cell-0-3-0 434 666 43 35 
cell-0-3-1 477 666 43 35 
cell-0-3-2 520 666 43 35 
cell-0-3-3 563 666 43 35 
cell-0-4-0 434 716 43 35 
cell-0-4-1 477 716 43 35 
cell-0-4-2 520 716 43 35 
cell-0-4-3 563 716 43 35 
cell-0-5-0 434 766 43 35 
cell-0-5-1 477 766 43 35 
cell-0-5-2 520 766 43 35 
cell-0-5-3 563 766 43 35 
cell-0-6-0 434 816 43 35 
cell-0-6-1 477 816 43 35 
cell-0-6-2 520 816 43 35 
cell-0-6-3 563 816 43 35 
cell-0-7-0 434 866 43 35 
cell-0-7-1 477 866 43 35 
cell-0-7-2 520 866 43 35 
cell-0-7-3 563 866 43 35 
cell-0-8-0 434 916 43 35 
cell-0-8-1 477 916 43 35 
cell-0-8-2 520 916 43 35 
cell-0-8-3 563 916 43 35 
cell-0-9-0 434 966 43 35 
cell-0-9-1 477 966 43 35 
cell-0-9-2 520 966 43 35 
cell-0-9-3 563 966 43 35 
cell-0-10-0 434 1016 43 35 
cell-0-10-1 477 1016 43 35 
cell-0-10-2 520 1016 43 35 
cell-0-10-3 563 1016 43 35 
cell-0-11-0 434 1066 43 35 
cell-0-11-1 477 1066 43 35 
cell-0-11-2 520 1066 43 35 
cell-0-11-3 563 1066 43 35 
cell-0-12-0 434 1116 43 35 
cell-0-12-1 477 1116 43 35 
cell-0-12-2 520 1116 43 35 
cell-0-12-3 563 1116 43 35 
cell-0-13-0 434 1166 43 35 
cell-0-13-1 477 1166 43 35 
cell-0-13-2 520 1166 43 35 
cell-0-13-3 563 1166 43 35 
cell-0-14-0 434 1216 43 35 
cell-0-14-1 477 1216 43 35 
cell-0-14-2 520 1216 43 35 
cell-0-14-3 563 1216 43 35 
header-1 114 95 925 193 
row-1-1 114 95 310 40 
row-1-2 444 95 376 40 
row-2-1 114 145 409 40 
row-2-2 543 145 495 40 
row-3-1 114 195 541 40 
row-4-1 114 245 640 40 
