table-0 113 1234 682 193 
cell-0-1-0 113 1234 34 35 
cell-0-1-1 147 1234 34 35 
cell-0-1-2 181 1234 34 35 
cell-0-1-3 215 1234 34 35 
cell-0-1-4 249 1234 34 35 
cell-0-1-5 283 1234 34 35 
cell-0-1-6 317 1234 34 35 
cell-0-1-7 351 1234 34 35 
cell-0-1-8 385 1234 34 35 
cell-0-1-9 419 1234 34 35 
cell-0-1-10 453 1234 34 35 
cell-0-1-11 487 1234 34 35 
cell-0-1-12 521 1234 34 35 
cell-0-1-13 555 1234 34 35 
cell-0-1-14 589 1234 34 35 
cell-0-1-15 623 1234 34 35 
cell-0-1-16 657 1234 34 35 
cell-0-1-17 691 1234 34 35 
cell-0-1-18 725 1234 34 35 
cell-0-1-19 759 1234 34 35 
cell-0-2-0 113 1273 34 35 
cell-0-2-1 147 1273 34 35 
cell-0-2-2 181 1273 34 35 
cell-0-2-3 215 1273 34 35 
cell-0-2-4 249 1273 34 35 
cell-0-2-5 283 1273 34 35 
cell-0-2-6 317 1273 34 35 
cell-0-2-7 351 1273 34 35 
cell-0-2-8 385 1273 34 35 
cell-0-2-9 419 1273 34 35 
cell-0-2-10 453 1273 34 35 
cell-0-2-11 487 1273 34 35 
cell-0-2-12 521 1273 34 35 
cell-0-2-13 555 1273 34 35 
cell-0-2-14 589 1273 34 35 
cell-0-2-15 623 1273 34 35 
cell-0-2-16 657 1273 34 35 
cell-0-2-17 691 1273 34 35 
cell-0-2-18 725 1273 34 35 
cell-0-2-19 759 1273 34 35 
cell-0-3-0 113 1312 34 35 
cell-0-3-1 147 1312 34 35 
cell-0-3-2 181 1312 34 35 
cell-0-3-3 215 1312 34 35 
cell-0-3-4 249 1312 34 35 
cell-0-3-5 283 1312 34 35 
cell-0-3-6 317 1312 34 35 
cell-0-3-7 351 1312 34 35 
cell-0-3-8 385 1312 34 35 
cell-0-3-9 419 1312 34 35 
cell-0-3-10 453 1312 34 35 
cell-0-3-11 487 1312 34 35 
cell-0-3-12 521 1312 34 35 
cell-0-3-13 555 1312 34 35 
cell-0-3-14 589 1312 34 35 
cell-0-3-15 623 1312 34 35 
cell-0-3-16 657 1312 34 35 
cell-0-3-17 691 1312 34 35 
cell-0-3-18 725 1312 34 35 
cell-0-3-19 759 1312 34 35 
cell-0-4-0 113 1351 34 35 
cell-0-4-1 147 1351 34 35 
cell-0-4-2 181 1351 34 35 
cell-0-4-3 215 1351 34 35 
cell-0-4-4 249 1351 34 35 
cell-0-4-5 283 1351 34 35 
cell-0-4-6 317 1351 34 35 
cell-0-4-7 351 1351 34 35 
cell-0-4-8 385 1351 34 35 
cell-0-4-9 419 1351 34 35 
cell-0-4-10 453 1351 34 35 
cell-0-4-11 487 1351 34 35 
cell-0-4-12 521 1351 34 35 
cell-0-4-13 555 1351 34 35 
cell-0-4-14 589 1351 34 35 
cell-0-4-15 623 1351 34 35 
cell-0-4-16 657 1351 34 35 
cell-0-4-17 691 1351 34 35 
cell-0-4-18 725 1351 34 35 
cell-0-4-19 759 1351 34 35 
cell-0-5-0 113 1390 34 35 
cell-0-5-1 147 1390 34 35 
cell-0-5-2 181 1390 34 35 
cell-0-5-3 215 1390 34 35 
cell-0-5-4 249 1390 34 35 
cell-0-5-5 283 1390 34 35 
cell-0-5-6 317 1390 34 35 
cell-0-5-7 351 1390 34 35 
cell-0-5-8 385 1390 34 35 
cell-0-5-9 419 1390 34 35 
cell-0-5-10 453 1390 34 35 
cell-0-5-11 487 1390 34 35 
cell-0-5-12 521 1390 34 35 
cell-0-5-13 555 1390 34 35 
cell-0-5-14 589 1390 34 35 
cell-0-5-15 623 1390 34 35 
cell-0-5-16 657 1390 34 35 
cell-0-5-17 691 1390 34 35 
cell-0-5-18 725 1390 34 35 
cell-0-5-19 759 1390 34 35 
