table-0 72 130 659 716 
cell-0-0-0 72 130 43 42 
cell-0-0-1 115 130 43 42 
cell-0-0-2 158 130 43 42 
cell-0-0-3 201 130 43 42 
cell-0-0-4 244 130 43 42 
cell-0-0-5 287 130 43 42 
cell-0-0-6 330 130 397 42 
cell-0-1-0 72 186 43 42 
cell-0-1-1 115 186 43 42 
cell-0-1-2 158 186 43 42 
cell-0-1-3 201 186 43 42 
cell-0-1-4 244 186 43 42 
cell-0-1-5 287 186 43 42 
cell-0-1-6 330 186 397 42 
cell-0-2-0 72 242 43 42 
cell-0-2-1 115 242 43 42 
cell-0-2-2 158 242 43 42 
cell-0-2-3 201 242 43 42 
cell-0-2-4 244 242 43 42 
cell-0-2-5 287 242 43 42 
cell-0-2-6 330 242 397 42 
cell-0-3-0 72 298 43 42 
cell-0-3-1 115 298 43 42 
cell-0-3-2 158 298 43 42 
cell-0-3-3 201 298 43 42 
cell-0-3-4 244 298 43 42 
cell-0-3-5 287 298 43 42 
cell-0-3-6 330 298 397 42 
cell-0-4-0 72 354 43 42 
cell-0-4-1 115 354 43 42 
cell-0-4-2 158 354 43 42 
cell-0-4-3 201 354 43 42 
cell-0-4-4 244 354 43 42 
cell-0-4-5 287 354 43 42 
cell-0-4-6 330 354 397 42 
cell-0-5-0 72 410 43 42 
cell-0-5-1 115 410 43 42 
cell-0-5-2 158 410 43 42 
cell-0-5-3 201 410 43 42 
cell-0-5-4 244 410 43 42 
cell-0-5-5 287 410 43 42 
cell-0-5-6 330 410 397 42 
cell-0-6-0 72 466 43 42 
cell-0-6-1 115 466 43 42 
cell-0-6-2 158 466 43 42 
cell-0-6-3 201 466 43 42 
cell-0-6-4 244 466 43 42 
cell-0-6-5 287 466 43 42 
cell-0-6-6 330 466 397 42 
cell-0-7-0 72 522 43 42 
cell-0-7-1 115 522 43 42 
cell-0-7-2 158 522 43 42 
cell-0-7-3 201 522 43 42 
cell-0-7-4 244 522 43 42 
cell-0-7-5 287 522 43 42 
cell-0-7-6 330 522 397 42 
cell-0-8-0 72 578 43 42 
cell-0-8-1 115 578 43 42 
cell-0-8-2 158 578 43 42 
cell-0-8-3 201 578 43 42 
cell-0-8-4 244 578 43 42 
cell-0-8-5 287 578 43 42 
cell-0-8-6 330 578 397 42 
cell-0-9-0 72 634 43 42 
cell-0-9-1 115 634 43 42 
cell-0-9-2 158 634 43 42 
cell-0-9-3 201 634 43 42 
cell-0-9-4 244 634 43 42 
cell-0-9-5 287 634 43 42 
cell-0-9-6 330 634 397 42 
cell-0-10-0 72 690 43 42 
cell-0-10-1 115 690 43 42 
cell-0-10-2 158 690 43 42 
cell-0-10-3 201 690 43 42 
cell-0-10-4 244 690 43 42 
cell-0-10-5 287 690 43 42 
cell-0-10-6 330 690 397 42 
cell-0-11-0 72 746 43 42 
cell-0-11-1 115 746 43 42 
cell-0-11-2 158 746 43 42 
cell-0-11-3 201 746 43 42 
cell-0-11-4 244 746 43 42 
cell-0-11-5 287 746 43 42 
cell-0-11-6 330 746 397 42 
cell-0-12-0 72 802 43 42 
cell-0-12-1 115 802 43 42 
cell-0-12-2 158 802 43 42 
cell-0-12-3 201 802 43 42 
cell-0-12-4 244 802 43 42 
cell-0-12-5 287 802 43 42 
cell-0-12-6 330 802 397 42 
table-2 157 1191 800 251 
cell-2-0-0 157 1191 133 34 
cell-2-0-1 290 1191 133 34 
cell-2-0-2 423 1191 133 34 
cell-2-0-3 556 1191 133 34 
cell-2-0-4 689 1191 133 34 
cell-2-0-5 822 1191 133 34 
cell-2-1-0 157 1234 133 34 
cell-2-1-1 290 1234 133 34 
cell-2-1-2 423 1234 133 34 
cell-2-1-3 556 1234 133 34 
cell-2-1-4 689 1234 133 34 
cell-2-1-5 822 1234 133 34 
cell-2-2-0 157 1277 133 34 
cell-2-2-1 290 1277 133 34 
cell-2-2-2 423 1277 133 34 
cell-2-2-3 556 1277 133 34 
cell-2-2-4 689 1277 133 34 
cell-2-2-5 822 1277 133 34 
cell-2-3-0 157 1320 133 34 
cell-2-3-1 290 1320 133 34 
cell-2-3-2 423 1320 133 34 
cell-2-3-3 556 1320 133 34 
cell-2-3-4 689 1320 133 34 
cell-2-3-5 822 1320 133 34 
cell-2-4-0 157 1363 133 34 
cell-2-4-1 290 1363 133 34 
cell-2-4-2 423 1363 133 34 
cell-2-4-3 556 1363 133 34 
cell-2-4-4 689 1363 133 34 
cell-2-4-5 822 1363 133 34 
cell-2-5-0 157 1406 133 34 
cell-2-5-1 290 1406 133 34 
cell-2-5-2 423 1406 133 34 
cell-2-5-3 556 1406 133 34 
cell-2-5-4 689 1406 133 34 
cell-2-5-5 822 1406 133 34 
