table-0 149 719 500 505 
cell-0-0-0 149 719 62 48 
cell-0-0-1 211 719 62 48 
cell-0-0-2 273 719 62 48 
cell-0-0-3 335 719 62 48 
cell-0-0-4 397 719 62 48 
cell-0-0-5 459 719 62 48 
cell-0-0-6 521 719 62 48 
cell-0-0-7 583 719 62 48 
cell-0-1-0 149 776 62 48 
cell-0-1-1 211 776 62 48 
cell-0-1-2 273 776 62 48 
cell-0-1-3 335 776 62 48 
cell-0-1-4 397 776 62 48 
cell-0-1-5 459 776 62 48 
cell-0-1-6 521 776 62 48 
cell-0-1-7 583 776 62 48 
cell-0-2-0 149 833 62 48 
cell-0-2-1 211 833 62 48 
cell-0-2-2 273 833 62 48 
cell-0-2-3 335 833 62 48 
cell-0-2-4 397 833 62 48 
cell-0-2-5 459 833 62 48 
cell-0-2-6 521 833 62 48 
cell-0-2-7 583 833 62 48 
cell-0-3-0 149 890 62 48 
cell-0-3-1 211 890 62 48 
cell-0-3-2 273 890 62 48 
cell-0-3-3 335 890 62 48 
cell-0-3-4 397 890 62 48 
cell-0-3-5 459 890 62 48 
cell-0-3-6 521 890 62 48 
cell-0-3-7 583 890 62 48 
cell-0-4-0 149 947 62 48 
cell-0-4-1 211 947 62 48 
cell-0-4-2 273 947 62 48 
cell-0-4-3 335 947 62 48 
cell-0-4-4 397 947 62 48 
cell-0-4-5 459 947 62 48 
cell-0-4-6 521 947 62 48 
cell-0-4-7 583 947 62 48 
cell-0-5-0 149 1004 62 48 
cell-0-5-1 211 1004 62 48 
cell-0-5-2 273 1004 62 48 
cell-0-5-3 335 1004 62 48 
cell-0-5-4 397 1004 62 48 
cell-0-5-5 459 1004 62 48 
cell-0-5-6 521 1004 62 48 
cell-0-5-7 583 1004 62 48 
cell-0-6-0 149 1061 62 48 
cell-0-6-1 211 1061 62 48 
cell-0-6-2 273 1061 62 48 
cell-0-6-3 335 1061 62 48 
cell-0-6-4 397 1061 62 48 
cell-0-6-5 459 1061 62 48 
cell-0-6-6 521 1061 62 48 
cell-0-6-7 583 1061 62 48 
cell-0-7-0 149 1118 62 48 
cell-0-7-1 211 1118 62 48 
cell-0-7-2 273 1118 62 48 
cell-0-7-3 335 1118 62 48 
cell-0-7-4 397 1118 62 48 
cell-0-7-5 459 1118 62 48 
cell-0-7-6 521 1118 62 48 
cell-0-7-7 583 1118 62 48 
cell-0-8-0 149 1175 62 48 
cell-0-8-1 211 1175 62 48 
cell-0-8-2 273 1175 62 48 
cell-0-8-3 335 1175 62 48 
cell-0-8-4 397 1175 62 48 
cell-0-8-5 459 1175 62 48 
cell-0-8-6 521 1175 62 48 
cell-0-8-7 583 1175 62 48 
table-1 287 291 737 292 
cell-1-1-0 287 291 34 35 
cell-1-1-1 324 291 34 35 
cell-1-1-2 361 291 34 35 
cell-1-1-3 398 291 34 35 
cell-1-1-4 435 291 34 35 
cell-1-1-5 472 291 34 35 
cell-1-1-6 509 291 34 35 
cell-1-1-7 546 291 34 35 
cell-1-1-8 583 291 34 35 
cell-1-1-9 620 291 34 35 
cell-1-1-10 657 291 34 35 
cell-1-1-11 694 291 34 35 
cell-1-1-12 731 291 34 35 
cell-1-1-13 768 291 34 35 
cell-1-1-14 805 291 34 35 
cell-1-1-15 842 291 34 35 
cell-1-1-16 879 291 34 35 
cell-1-1-17 916 291 34 35 
cell-1-1-18 953 291 34 35 
cell-1-1-19 990 291 34 35 
cell-1-2-0 287 355 34 35 
cell-1-2-1 324 355 34 35 
cell-1-2-2 361 355 34 35 
cell-1-2-3 398 355 34 35 
cell-1-2-4 435 355 34 35 
cell-1-2-5 472 355 34 35 
cell-1-2-6 509 355 34 35 
cell-1-2-7 546 355 34 35 
cell-1-2-8 583 355 34 35 
cell-1-2-9 620 355 34 35 
cell-1-2-10 657 355 34 35 
cell-1-2-11 694 355 34 35 
cell-1-2-12 731 355 34 35 
cell-1-2-13 768 355 34 35 
cell-1-2-14 805 355 34 35 
cell-1-2-15 842 355 34 35 
cell-1-2-16 879 355 34 35 
cell-1-2-17 916 355 34 35 
cell-1-2-18 953 355 34 35 
cell-1-2-19 990 355 34 35 
cell-1-3-0 287 419 34 35 
cell-1-3-1 324 419 34 35 
cell-1-3-2 361 419 34 35 
cell-1-3-3 398 419 34 35 
cell-1-3-4 435 419 34 35 
cell-1-3-5 472 419 34 35 
cell-1-3-6 509 419 34 35 
cell-1-3-7 546 419 34 35 
cell-1-3-8 583 419 34 35 
cell-1-3-9 620 419 34 35 
cell-1-3-10 657 419 34 35 
cell-1-3-11 694 419 34 35 
cell-1-3-12 731 419 34 35 
cell-1-3-13 768 419 34 35 
cell-1-3-14 805 419 34 35 
cell-1-3-15 842 419 34 35 
cell-1-3-16 879 419 34 35 
cell-1-3-17 916 419 34 35 
cell-1-3-18 953 419 34 35 
cell-1-3-19 990 419 34 35 
cell-1-4-0 287 483 34 35 
cell-1-4-1 324 483 34 35 
cell-1-4-2 361 483 34 35 
cell-1-4-3 398 483 34 35 
cell-1-4-4 435 483 34 35 
cell-1-4-5 472 483 34 35 
cell-1-4-6 509 483 34 35 
cell-1-4-7 546 483 34 35 
cell-1-4-8 583 483 34 35 
cell-1-4-9 620 483 34 35 
cell-1-4-10 657 483 34 35 
cell-1-4-11 694 483 34 35 
cell-1-4-12 731 483 34 35 
cell-1-4-13 768 483 34 35 
cell-1-4-14 805 483 34 35 
cell-1-4-15 842 483 34 35 
cell-1-4-16 879 483 34 35 
cell-1-4-17 916 483 34 35 
cell-1-4-18 953 483 34 35 
cell-1-4-19 990 483 34 35 
cell-1-5-0 287 547 34 35 
cell-1-5-1 324 547 34 35 
cell-1-5-2 361 547 34 35 
cell-1-5-3 398 547 34 35 
cell-1-5-4 435 547 34 35 
cell-1-5-5 472 547 34 35 
cell-1-5-6 509 547 34 35 
cell-1-5-7 546 547 34 35 
cell-1-5-8 583 547 34 35 
cell-1-5-9 620 547 34 35 
cell-1-5-10 657 547 34 35 
cell-1-5-11 694 547 34 35 
cell-1-5-12 731 547 34 35 
cell-1-5-13 768 547 34 35 
cell-1-5-14 805 547 34 35 
cell-1-5-15 842 547 34 35 
cell-1-5-16 879 547 34 35 
cell-1-5-17 916 547 34 35 
cell-1-5-18 953 547 34 35 
cell-1-5-19 990 547 34 35 
