table-0 216 469 800 347 
cell-0-0-0 216 469 114 49 
cell-0-0-1 330 469 114 49 
cell-0-0-2 444 469 114 49 
cell-0-0-3 558 469 114 49 
cell-0-0-4 672 469 114 49 
cell-0-0-5 786 469 114 49 
cell-0-0-6 900 469 114 49 
cell-0-1-0 216 528 114 49 
cell-0-1-1 330 528 114 49 
cell-0-1-2 444 528 114 49 
cell-0-1-3 558 528 114 49 
cell-0-1-4 672 528 114 49 
cell-0-1-5 786 528 114 49 
cell-0-1-6 900 528 114 49 
cell-0-2-0 216 587 114 49 
cell-0-2-1 330 587 114 49 
cell-0-2-2 444 587 114 49 
cell-0-2-3 558 587 114 49 
cell-0-2-4 672 587 114 49 
cell-0-2-5 786 587 114 49 
cell-0-2-6 900 587 114 49 
cell-0-3-0 216 646 114 49 
cell-0-3-1 330 646 114 49 
cell-0-3-2 444 646 114 49 
cell-0-3-3 558 646 114 49 
cell-0-3-4 672 646 114 49 
cell-0-3-5 786 646 114 49 
cell-0-3-6 900 646 114 49 
cell-0-4-0 216 705 114 49 
cell-0-4-1 330 705 114 49 
cell-0-4-2 444 705 114 49 
cell-0-4-3 558 705 114 49 
cell-0-4-4 672 705 114 49 
cell-0-4-5 786 705 114 49 
cell-0-4-6 900 705 114 49 
cell-0-5-0 216 764 114 49 
cell-0-5-1 330 764 114 49 
cell-0-5-2 444 764 114 49 
cell-0-5-3 558 764 114 49 
cell-0-5-4 672 764 114 49 
cell-0-5-5 786 764 114 49 
cell-0-5-6 900 764 114 49 
header-1 209 1047 783 193 
row-1-1 209 1047 370 40 
row-1-2 599 1047 337 40 
row-2-1 209 1097 337 40 
row-2-2 566 1097 422 40 
row-3-1 209 1147 568 40 
row-4-1 209 1197 667 40 
