table-0 70 312 614 660 
cell-0-0-0 70 312 44 42 
cell-0-0-1 114 312 44 42 
cell-0-0-2 158 312 44 42 
cell-0-0-3 202 312 44 42 
cell-0-0-4 246 312 44 42 
cell-0-0-5 290 312 394 42 
cell-0-1-0 70 356 44 42 
cell-0-1-1 114 356 44 42 
cell-0-1-2 158 356 44 42 
cell-0-1-3 202 356 44 42 
cell-0-1-4 246 356 44 42 
cell-0-1-5 290 356 394 42 
cell-0-2-0 70 400 44 42 
cell-0-2-1 114 400 44 42 
cell-0-2-2 158 400 44 42 
cell-0-2-3 202 400 44 42 
cell-0-2-4 246 400 44 42 
cell-0-2-5 290 400 394 42 
cell-0-3-0 70 444 44 42 
cell-0-3-1 114 444 44 42 
cell-0-3-2 158 444 44 42 
cell-0-3-3 202 444 44 42 
cell-0-3-4 246 444 44 42 
cell-0-3-5 290 444 394 42 
cell-0-4-0 70 488 44 42 
cell-0-4-1 114 488 44 42 
cell-0-4-2 158 488 44 42 
cell-0-4-3 202 488 44 42 
cell-0-4-4 246 488 44 42 
cell-0-4-5 290 488 394 42 
cell-0-5-0 70 532 44 42 
cell-0-5-1 114 532 44 42 
cell-0-5-2 158 532 44 42 
cell-0-5-3 202 532 44 42 
cell-0-5-4 246 532 44 42 
cell-0-5-5 290 532 394 42 
cell-0-6-0 70 576 44 42 
cell-0-6-1 114 576 44 42 
cell-0-6-2 158 576 44 42 
cell-0-6-3 202 576 44 42 
cell-0-6-4 246 576 44 42 
cell-0-6-5 290 576 394 42 
cell-0-7-0 70 620 44 42 
cell-0-7-1 114 620 44 42 
cell-0-7-2 158 620 44 42 
cell-0-7-3 202 620 44 42 
cell-0-7-4 246 620 44 42 
cell-0-7-5 290 620 394 42 
cell-0-8-0 70 664 44 42 
cell-0-8-1 114 664 44 42 
cell-0-8-2 158 664 44 42 
cell-0-8-3 202 664 44 42 
cell-0-8-4 246 664 44 42 
cell-0-8-5 290 664 394 42 
cell-0-9-0 70 708 44 42 
cell-0-9-1 114 708 44 42 
cell-0-9-2 158 708 44 42 
cell-0-9-3 202 708 44 42 
cell-0-9-4 246 708 44 42 
cell-0-9-5 290 708 394 42 
cell-0-10-0 70 752 44 42 
cell-0-10-1 114 752 44 42 
cell-0-10-2 158 752 44 42 
cell-0-10-3 202 752 44 42 
cell-0-10-4 246 752 44 42 
cell-0-10-5 290 752 394 42 
cell-0-11-0 70 796 44 42 
cell-0-11-1 114 796 44 42 
cell-0-11-2 158 796 44 42 
cell-0-11-3 202 796 44 42 
cell-0-11-4 246 796 44 42 
cell-0-11-5 290 796 394 42 
cell-0-12-0 70 840 44 42 
cell-0-12-1 114 840 44 42 
cell-0-12-2 158 840 44 42 
cell-0-12-3 202 840 44 42 
cell-0-12-4 246 840 44 42 
cell-0-12-5 290 840 394 42 
cell-0-13-0 70 884 44 42 
cell-0-13-1 114 884 44 42 
cell-0-13-2 158 884 44 42 
cell-0-13-3 202 884 44 42 
cell-0-13-4 246 884 44 42 
cell-0-13-5 290 884 394 42 
cell-0-14-0 70 928 44 42 
cell-0-14-1 114 928 44 42 
cell-0-14-2 158 928 44 42 
cell-0-14-3 202 928 44 42 
cell-0-14-4 246 928 44 42 
cell-0-14-5 290 928 394 42 
