header-0 238 1056 785 193 
row-1-1 238 1056 298 40 
row-1-2 556 1056 331 40 
row-2-1 238 1106 298 40 
row-2-2 556 1106 460 40 
row-3-1 238 1156 496 40 
row-4-1 238 1206 529 40 
table-1 367 121 683 787 
cell-1-0-0 367 121 44 43 
cell-1-0-1 411 121 44 43 
cell-1-0-2 455 121 44 43 
cell-1-0-3 499 121 44 43 
cell-1-0-4 543 121 44 43 
cell-1-0-5 587 121 459 43 
cell-1-1-0 367 178 44 43 
cell-1-1-1 411 178 44 43 
cell-1-1-2 455 178 44 43 
cell-1-1-3 499 178 44 43 
cell-1-1-4 543 178 44 43 
cell-1-1-5 587 178 459 43 
cell-1-2-0 367 235 44 43 
cell-1-2-1 411 235 44 43 
cell-1-2-2 455 235 44 43 
cell-1-2-3 499 235 44 43 
cell-1-2-4 543 235 44 43 
cell-1-2-5 587 235 459 43 
cell-1-3-0 367 292 44 43 
cell-1-3-1 411 292 44 43 
cell-1-3-2 455 292 44 43 
cell-1-3-3 499 292 44 43 
cell-1-3-4 543 292 44 43 
cell-1-3-5 587 292 459 43 
cell-1-4-0 367 349 44 43 
cell-1-4-1 411 349 44 43 
cell-1-4-2 455 349 44 43 
cell-1-4-3 499 349 44 43 
cell-1-4-4 543 349 44 43 
cell-1-4-5 587 349 459 43 
cell-1-5-0 367 406 44 43 
cell-1-5-1 411 406 44 43 
cell-1-5-2 455 406 44 43 
cell-1-5-3 499 406 44 43 
cell-1-5-4 543 406 44 43 
cell-1-5-5 587 406 459 43 
cell-1-6-0 367 463 44 43 
cell-1-6-1 411 463 44 43 
cell-1-6-2 455 463 44 43 
cell-1-6-3 499 463 44 43 
cell-1-6-4 543 463 44 43 
cell-1-6-5 587 463 459 43 
cell-1-7-0 367 520 44 43 
cell-1-7-1 411 520 44 43 
cell-1-7-2 455 520 44 43 
cell-1-7-3 499 520 44 43 
cell-1-7-4 543 520 44 43 
cell-1-7-5 587 520 459 43 
cell-1-8-0 367 577 44 43 
cell-1-8-1 411 577 44 43 
cell-1-8-2 455 577 44 43 
cell-1-8-3 499 577 44 43 
cell-1-8-4 543 577 44 43 
cell-1-8-5 587 577 459 43 
cell-1-9-0 367 634 44 43 
cell-1-9-1 411 634 44 43 
cell-1-9-2 455 634 44 43 
cell-1-9-3 499 634 44 43 
cell-1-9-4 543 634 44 43 
cell-1-9-5 587 634 459 43 
cell-1-10-0 367 691 44 43 
cell-1-10-1 411 691 44 43 
cell-1-10-2 455 691 44 43 
cell-1-10-3 499 691 44 43 
cell-1-10-4 543 691 44 43 
cell-1-10-5 587 691 459 43 
cell-1-11-0 367 748 44 43 
cell-1-11-1 411 748 44 43 
cell-1-11-2 455 748 44 43 
cell-1-11-3 499 748 44 43 
cell-1-11-4 543 748 44 43 
cell-1-11-5 587 748 459 43 
cell-1-12-0 367 805 44 43 
cell-1-12-1 411 805 44 43 
cell-1-12-2 455 805 44 43 
cell-1-12-3 499 805 44 43 
cell-1-12-4 543 805 44 43 
cell-1-12-5 587 805 459 43 
cell-1-13-0 367 862 44 43 
cell-1-13-1 411 862 44 43 
cell-1-13-2 455 862 44 43 
cell-1-13-3 499 862 44 43 
cell-1-13-4 543 862 44 43 
cell-1-13-5 587 862 459 43 
