table-0 321 724 273 407 
cell-0-0-0 321 724 45 35 
cell-0-0-1 366 724 45 35 
cell-0-0-2 411 724 45 35 
cell-0-0-3 456 724 45 35 
cell-0-0-4 501 724 45 35 
cell-0-0-5 546 724 45 35 
cell-0-1-0 321 765 45 35 
cell-0-1-1 366 765 45 35 
cell-0-1-2 411 765 45 35 
cell-0-1-3 456 765 45 35 
cell-0-1-4 501 765 45 35 
cell-0-1-5 546 765 45 35 
cell-0-2-0 321 806 45 35 
cell-0-2-1 366 806 45 35 
cell-0-2-2 411 806 45 35 
cell-0-2-3 456 806 45 35 
cell-0-2-4 501 806 45 35 
cell-0-2-5 546 806 45 35 
cell-0-3-0 321 847 45 35 
cell-0-3-1 366 847 45 35 
cell-0-3-2 411 847 45 35 
cell-0-3-3 456 847 45 35 
cell-0-3-4 501 847 45 35 
cell-0-3-5 546 847 45 35 
cell-0-4-0 321 888 45 35 
cell-0-4-1 366 888 45 35 
cell-0-4-2 411 888 45 35 
cell-0-4-3 456 888 45 35 
cell-0-4-4 501 888 45 35 
cell-0-4-5 546 888 45 35 
cell-0-5-0 321 929 45 35 
cell-0-5-1 366 929 45 35 
cell-0-5-2 411 929 45 35 
cell-0-5-3 456 929 45 35 
cell-0-5-4 501 929 45 35 
cell-0-5-5 546 929 45 35 
cell-0-6-0 321 970 45 35 
cell-0-6-1 366 970 45 35 
cell-0-6-2 411 970 45 35 
cell-0-6-3 456 970 45 35 
cell-0-6-4 501 970 45 35 
cell-0-6-5 546 970 45 35 
cell-0-7-0 321 1011 45 35 
cell-0-7-1 366 1011 45 35 
cell-0-7-2 411 1011 45 35 
cell-0-7-3 456 1011 45 35 
cell-0-7-4 501 1011 45 35 
cell-0-7-5 546 1011 45 35 
cell-0-8-0 321 1052 45 35 
cell-0-8-1 366 1052 45 35 
cell-0-8-2 411 1052 45 35 
cell-0-8-3 456 1052 45 35 
cell-0-8-4 501 1052 45 35 
cell-0-8-5 546 1052 45 35 
cell-0-9-0 321 1093 45 35 
cell-0-9-1 366 1093 45 35 
cell-0-9-2 411 1093 45 35 
cell-0-9-3 456 1093 45 35 
cell-0-9-4 501 1093 45 35 
cell-0-9-5 546 1093 45 35 
