table-0 245 799 600 487 
cell-0-0-0 245 799 85 45 
cell-0-0-1 330 799 85 45 
cell-0-0-2 415 799 85 45 
cell-0-0-3 500 799 85 45 
cell-0-0-4 585 799 85 45 
cell-0-0-5 670 799 85 45 
cell-0-0-6 755 799 85 45 
cell-0-1-0 245 854 85 45 
cell-0-1-1 330 854 85 45 
cell-0-1-2 415 854 85 45 
cell-0-1-3 500 854 85 45 
cell-0-1-4 585 854 85 45 
cell-0-1-5 670 854 85 45 
cell-0-1-6 755 854 85 45 
cell-0-2-0 245 909 85 45 
cell-0-2-1 330 909 85 45 
cell-0-2-2 415 909 85 45 
cell-0-2-3 500 909 85 45 
cell-0-2-4 585 909 85 45 
cell-0-2-5 670 909 85 45 
cell-0-2-6 755 909 85 45 
cell-0-3-0 245 964 85 45 
cell-0-3-1 330 964 85 45 
cell-0-3-2 415 964 85 45 
cell-0-3-3 500 964 85 45 
cell-0-3-4 585 964 85 45 
cell-0-3-5 670 964 85 45 
cell-0-3-6 755 964 85 45 
cell-0-4-0 245 1019 85 45 
cell-0-4-1 330 1019 85 45 
cell-0-4-2 415 1019 85 45 
cell-0-4-3 500 1019 85 45 
cell-0-4-4 585 1019 85 45 
cell-0-4-5 670 1019 85 45 
cell-0-4-6 755 1019 85 45 
cell-0-5-0 245 1074 85 45 
cell-0-5-1 330 1074 85 45 
cell-0-5-2 415 1074 85 45 
cell-0-5-3 500 1074 85 45 
cell-0-5-4 585 1074 85 45 
cell-0-5-5 670 1074 85 45 
cell-0-5-6 755 1074 85 45 
cell-0-6-0 245 1129 85 45 
cell-0-6-1 330 1129 85 45 
cell-0-6-2 415 1129 85 45 
cell-0-6-3 500 1129 85 45 
cell-0-6-4 585 1129 85 45 
cell-0-6-5 670 1129 85 45 
cell-0-6-6 755 1129 85 45 
cell-0-7-0 245 1184 85 45 
cell-0-7-1 330 1184 85 45 
cell-0-7-2 415 1184 85 45 
cell-0-7-3 500 1184 85 45 
cell-0-7-4 585 1184 85 45 
cell-0-7-5 670 1184 85 45 
cell-0-7-6 755 1184 85 45 
cell-0-8-0 245 1239 85 45 
cell-0-8-1 330 1239 85 45 
cell-0-8-2 415 1239 85 45 
cell-0-8-3 500 1239 85 45 
cell-0-8-4 585 1239 85 45 
cell-0-8-5 670 1239 85 45 
cell-0-8-6 755 1239 85 45 
