table-0 239 333 228 489 
cell-0-0-0 239 333 45 35 
cell-0-0-1 284 333 45 35 
cell-0-0-2 329 333 45 35 
cell-0-0-3 374 333 45 35 
cell-0-0-4 419 333 45 35 
cell-0-1-0 239 374 45 35 
cell-0-1-1 284 374 45 35 
cell-0-1-2 329 374 45 35 
cell-0-1-3 374 374 45 35 
cell-0-1-4 419 374 45 35 
cell-0-2-0 239 415 45 35 
cell-0-2-1 284 415 45 35 
cell-0-2-2 329 415 45 35 
cell-0-2-3 374 415 45 35 
cell-0-2-4 419 415 45 35 
cell-0-3-0 239 456 45 35 
cell-0-3-1 284 456 45 35 
cell-0-3-2 329 456 45 35 
cell-0-3-3 374 456 45 35 
cell-0-3-4 419 456 45 35 
cell-0-4-0 239 497 45 35 
cell-0-4-1 284 497 45 35 
cell-0-4-2 329 497 45 35 
cell-0-4-3 374 497 45 35 
cell-0-4-4 419 497 45 35 
cell-0-5-0 239 538 45 35 
cell-0-5-1 284 538 45 35 
cell-0-5-2 329 538 45 35 
cell-0-5-3 374 538 45 35 
cell-0-5-4 419 538 45 35 
cell-0-6-0 239 579 45 35 
cell-0-6-1 284 579 45 35 
cell-0-6-2 329 579 45 35 
cell-0-6-3 374 579 45 35 
cell-0-6-4 419 579 45 35 
cell-0-7-0 239 620 45 35 
cell-0-7-1 284 620 45 35 
cell-0-7-2 329 620 45 35 
cell-0-7-3 374 620 45 35 
cell-0-7-4 419 620 45 35 
cell-0-8-0 239 661 45 35 
cell-0-8-1 284 661 45 35 
cell-0-8-2 329 661 45 35 
cell-0-8-3 374 661 45 35 
cell-0-8-4 419 661 45 35 
cell-0-9-0 239 702 45 35 
cell-0-9-1 284 702 45 35 
cell-0-9-2 329 702 45 35 
cell-0-9-3 374 702 45 35 
cell-0-9-4 419 702 45 35 
cell-0-10-0 239 743 45 35 
cell-0-10-1 284 743 45 35 
cell-0-10-2 329 743 45 35 
cell-0-10-3 374 743 45 35 
cell-0-10-4 419 743 45 35 
cell-0-11-0 239 784 45 35 
cell-0-11-1 284 784 45 35 
cell-0-11-2 329 784 45 35 
cell-0-11-3 374 784 45 35 
cell-0-11-4 419 784 45 35 
