table-0 407 419 628 512 
cell-0-0-0 407 419 43 42 
cell-0-0-1 450 419 43 42 
cell-0-0-2 493 419 43 42 
cell-0-0-3 536 419 43 42 
cell-0-0-4 579 419 43 42 
cell-0-0-5 622 419 43 42 
cell-0-0-6 665 419 366 42 
cell-0-1-0 407 471 43 42 
cell-0-1-1 450 471 43 42 
cell-0-1-2 493 471 43 42 
cell-0-1-3 536 471 43 42 
cell-0-1-4 579 471 43 42 
cell-0-1-5 622 471 43 42 
cell-0-1-6 665 471 366 42 
cell-0-2-0 407 523 43 42 
cell-0-2-1 450 523 43 42 
cell-0-2-2 493 523 43 42 
cell-0-2-3 536 523 43 42 
cell-0-2-4 579 523 43 42 
cell-0-2-5 622 523 43 42 
cell-0-2-6 665 523 366 42 
cell-0-3-0 407 575 43 42 
cell-0-3-1 450 575 43 42 
cell-0-3-2 493 575 43 42 
cell-0-3-3 536 575 43 42 
cell-0-3-4 579 575 43 42 
cell-0-3-5 622 575 43 42 
cell-0-3-6 665 575 366 42 
cell-0-4-0 407 627 43 42 
cell-0-4-1 450 627 43 42 
cell-0-4-2 493 627 43 42 
cell-0-4-3 536 627 43 42 
cell-0-4-4 579 627 43 42 
cell-0-4-5 622 627 43 42 
cell-0-4-6 665 627 366 42 
cell-0-5-0 407 679 43 42 
cell-0-5-1 450 679 43 42 
cell-0-5-2 493 679 43 42 
cell-0-5-3 536 679 43 42 
cell-0-5-4 579 679 43 42 
cell-0-5-5 622 679 43 42 
cell-0-5-6 665 679 366 42 
cell-0-6-0 407 731 43 42 
cell-0-6-1 450 731 43 42 
cell-0-6-2 493 731 43 42 
cell-0-6-3 536 731 43 42 
cell-0-6-4 579 731 43 42 
cell-0-6-5 622 731 43 42 
cell-0-6-6 665 731 366 42 
cell-0-7-0 407 783 43 42 
cell-0-7-1 450 783 43 42 
cell-0-7-2 493 783 43 42 
cell-0-7-3 536 783 43 42 
cell-0-7-4 579 783 43 42 
cell-0-7-5 622 783 43 42 
cell-0-7-6 665 783 366 42 
cell-0-8-0 407 835 43 42 
cell-0-8-1 450 835 43 42 
cell-0-8-2 493 835 43 42 
cell-0-8-3 536 835 43 42 
cell-0-8-4 579 835 43 42 
cell-0-8-5 622 835 43 42 
cell-0-8-6 665 835 366 42 
cell-0-9-0 407 887 43 42 
cell-0-9-1 450 887 43 42 
cell-0-9-2 493 887 43 42 
cell-0-9-3 536 887 43 42 
cell-0-9-4 579 887 43 42 
cell-0-9-5 622 887 43 42 
cell-0-9-6 665 887 366 42 
header-2 131 1178 789 193 
row-1-1 131 1178 333 40 
row-1-2 484 1178 366 40 
row-2-1 131 1228 333 40 
row-2-2 484 1228 430 40 
row-3-1 131 1278 564 40 
row-4-1 131 1328 597 40 
