header-0 91 63 872 193 
row-1-1 91 63 308 40 
row-1-2 419 63 407 40 
row-2-1 91 113 374 40 
row-2-2 485 113 476 40 
row-3-1 91 163 506 40 
row-4-1 91 213 506 40 
header-1 103 673 887 195 
row-1-1 103 673 327 41 
row-1-2 450 673 327 41 
row-2-1 103 724 393 41 
row-2-2 516 724 465 41 
row-3-1 103 775 459 41 
row-4-1 103 826 624 41 
table-3 326 1048 331 292 
cell-3-1-0 326 1048 33 35 
cell-3-1-1 359 1048 33 35 
cell-3-1-2 392 1048 33 35 
cell-3-1-3 425 1048 33 35 
cell-3-1-4 458 1048 33 35 
cell-3-1-5 491 1048 33 35 
cell-3-1-6 524 1048 33 35 
cell-3-1-7 557 1048 33 35 
cell-3-1-8 590 1048 33 35 
cell-3-1-9 623 1048 33 35 
cell-3-2-0 326 1112 33 35 
cell-3-2-1 359 1112 33 35 
cell-3-2-2 392 1112 33 35 
cell-3-2-3 425 1112 33 35 
cell-3-2-4 458 1112 33 35 
cell-3-2-5 491 1112 33 35 
cell-3-2-6 524 1112 33 35 
cell-3-2-7 557 1112 33 35 
cell-3-2-8 590 1112 33 35 
cell-3-2-9 623 1112 33 35 
cell-3-3-0 326 1176 33 35 
cell-3-3-1 359 1176 33 35 
cell-3-3-2 392 1176 33 35 
cell-3-3-3 425 1176 33 35 
cell-3-3-4 458 1176 33 35 
cell-3-3-5 491 1176 33 35 
cell-3-3-6 524 1176 33 35 
cell-3-3-7 557 1176 33 35 
cell-3-3-8 590 1176 33 35 
cell-3-3-9 623 1176 33 35 
cell-3-4-0 326 1240 33 35 
cell-3-4-1 359 1240 33 35 
cell-3-4-2 392 1240 33 35 
cell-3-4-3 425 1240 33 35 
cell-3-4-4 458 1240 33 35 
cell-3-4-5 491 1240 33 35 
cell-3-4-6 524 1240 33 35 
cell-3-4-7 557 1240 33 35 
cell-3-4-8 590 1240 33 35 
cell-3-4-9 623 1240 33 35 
cell-3-5-0 326 1304 33 35 
cell-3-5-1 359 1304 33 35 
cell-3-5-2 392 1304 33 35 
cell-3-5-3 425 1304 33 35 
cell-3-5-4 458 1304 33 35 
cell-3-5-5 491 1304 33 35 
cell-3-5-6 524 1304 33 35 
cell-3-5-7 557 1304 33 35 
cell-3-5-8 590 1304 33 35 
cell-3-5-9 623 1304 33 35 
