table-0 277 1122 703 318 
cell-0-1-0 277 1122 35 35 
cell-0-1-1 312 1122 35 35 
cell-0-1-2 347 1122 35 35 
cell-0-1-3 382 1122 35 35 
cell-0-1-4 417 1122 35 35 
cell-0-1-5 452 1122 35 35 
cell-0-1-6 487 1122 35 35 
cell-0-1-7 522 1122 35 35 
cell-0-1-8 557 1122 35 35 
cell-0-1-9 592 1122 35 35 
cell-0-1-10 627 1122 35 35 
cell-0-1-11 662 1122 35 35 
cell-0-1-12 697 1122 35 35 
cell-0-1-13 732 1122 35 35 
cell-0-1-14 767 1122 35 35 
cell-0-1-15 802 1122 35 35 
cell-0-1-16 837 1122 35 35 
cell-0-1-17 872 1122 35 35 
cell-0-1-18 907 1122 35 35 
cell-0-1-19 942 1122 35 35 
cell-0-2-0 277 1178 35 35 
cell-0-2-1 312 1178 35 35 
cell-0-2-2 347 1178 35 35 
cell-0-2-3 382 1178 35 35 
cell-0-2-4 417 1178 35 35 
cell-0-2-5 452 1178 35 35 
cell-0-2-6 487 1178 35 35 
cell-0-2-7 522 1178 35 35 
cell-0-2-8 557 1178 35 35 
cell-0-2-9 592 1178 35 35 
cell-0-2-10 627 1178 35 35 
cell-0-2-11 662 1178 35 35 
cell-0-2-12 697 1178 35 35 
cell-0-2-13 732 1178 35 35 
cell-0-2-14 767 1178 35 35 
cell-0-2-15 802 1178 35 35 
cell-0-2-16 837 1178 35 35 
cell-0-2-17 872 1178 35 35 
cell-0-2-18 907 1178 35 35 
cell-0-2-19 942 1178 35 35 
cell-0-3-0 277 1234 35 35 
cell-0-3-1 312 1234 35 35 
cell-0-3-2 347 1234 35 35 
cell-0-3-3 382 1234 35 35 
cell-0-3-4 417 1234 35 35 
cell-0-3-5 452 1234 35 35 
cell-0-3-6 487 1234 35 35 
cell-0-3-7 522 1234 35 35 
cell-0-3-8 557 1234 35 35 
cell-0-3-9 592 1234 35 35 
cell-0-3-10 627 1234 35 35 
cell-0-3-11 662 1234 35 35 
cell-0-3-12 697 1234 35 35 
cell-0-3-13 732 1234 35 35 
cell-0-3-14 767 1234 35 35 
cell-0-3-15 802 1234 35 35 
cell-0-3-16 837 1234 35 35 
cell-0-3-17 872 1234 35 35 
cell-0-3-18 907 1234 35 35 
cell-0-3-19 942 1234 35 35 
cell-0-4-0 277 1290 35 35 
cell-0-4-1 312 1290 35 35 
cell-0-4-2 347 1290 35 35 
cell-0-4-3 382 1290 35 35 
cell-0-4-4 417 1290 35 35 
cell-0-4-5 452 1290 35 35 
cell-0-4-6 487 1290 35 35 
cell-0-4-7 522 1290 35 35 
cell-0-4-8 557 1290 35 35 
cell-0-4-9 592 1290 35 35 
cell-0-4-10 627 1290 35 35 
cell-0-4-11 662 1290 35 35 
cell-0-4-12 697 1290 35 35 
cell-0-4-13 732 1290 35 35 
cell-0-4-14 767 1290 35 35 
cell-0-4-15 802 1290 35 35 
cell-0-4-16 837 1290 35 35 
cell-0-4-17 872 1290 35 35 
cell-0-4-18 907 1290 35 35 
cell-0-4-19 942 1290 35 35 
cell-0-5-0 277 1346 35 35 
cell-0-5-1 312 1346 35 35 
cell-0-5-2 347 1346 35 35 
cell-0-5-3 382 1346 35 35 
cell-0-5-4 417 1346 35 35 
cell-0-5-5 452 1346 35 35 
cell-0-5-6 487 1346 35 35 
cell-0-5-7 522 1346 35 35 
cell-0-5-8 557 1346 35 35 
cell-0-5-9 592 1346 35 35 
cell-0-5-10 627 1346 35 35 
cell-0-5-11 662 1346 35 35 
cell-0-5-12 697 1346 35 35 
cell-0-5-13 732 1346 35 35 
cell-0-5-14 767 1346 35 35 
cell-0-5-15 802 1346 35 35 
cell-0-5-16 837 1346 35 35 
cell-0-5-17 872 1346 35 35 
cell-0-5-18 907 1346 35 35 
cell-0-5-19 942 1346 35 35 
cell-0-6-0 277 1402 35 35 
cell-0-6-1 312 1402 35 35 
cell-0-6-2 347 1402 35 35 
cell-0-6-3 382 1402 35 35 
cell-0-6-4 417 1402 35 35 
cell-0-6-5 452 1402 35 35 
cell-0-6-6 487 1402 35 35 
cell-0-6-7 522 1402 35 35 
cell-0-6-8 557 1402 35 35 
cell-0-6-9 592 1402 35 35 
cell-0-6-10 627 1402 35 35 
cell-0-6-11 662 1402 35 35 
cell-0-6-12 697 1402 35 35 
cell-0-6-13 732 1402 35 35 
cell-0-6-14 767 1402 35 35 
cell-0-6-15 802 1402 35 35 
cell-0-6-16 837 1402 35 35 
cell-0-6-17 872 1402 35 35 
cell-0-6-18 907 1402 35 35 
cell-0-6-19 942 1402 35 35 
