table-0 60 641 1000 464 
cell-0-0-0 60 641 200 57 
cell-0-0-1 260 641 200 57 
cell-0-0-2 460 641 200 57 
cell-0-0-3 660 641 200 57 
cell-0-0-4 860 641 200 57 
cell-0-1-0 60 699 200 57 
cell-0-1-1 260 699 200 57 
cell-0-1-2 460 699 200 57 
cell-0-1-3 660 699 200 57 
cell-0-1-4 860 699 200 57 
cell-0-2-0 60 757 200 57 
cell-0-2-1 260 757 200 57 
cell-0-2-2 460 757 200 57 
cell-0-2-3 660 757 200 57 
cell-0-2-4 860 757 200 57 
cell-0-3-0 60 815 200 57 
cell-0-3-1 260 815 200 57 
cell-0-3-2 460 815 200 57 
cell-0-3-3 660 815 200 57 
cell-0-3-4 860 815 200 57 
cell-0-4-0 60 873 200 57 
cell-0-4-1 260 873 200 57 
cell-0-4-2 460 873 200 57 
cell-0-4-3 660 873 200 57 
cell-0-4-4 860 873 200 57 
cell-0-5-0 60 931 200 57 
cell-0-5-1 260 931 200 57 
cell-0-5-2 460 931 200 57 
cell-0-5-3 660 931 200 57 
cell-0-5-4 860 931 200 57 
cell-0-6-0 60 989 200 57 
cell-0-6-1 260 989 200 57 
cell-0-6-2 460 989 200 57 
cell-0-6-3 660 989 200 57 
cell-0-6-4 860 989 200 57 
cell-0-7-0 60 1047 200 57 
cell-0-7-1 260 1047 200 57 
cell-0-7-2 460 1047 200 57 
cell-0-7-3 660 1047 200 57 
cell-0-7-4 860 1047 200 57 
