table-0 265 289 704 638 
cell-0-0-0 265 289 43 42 
cell-0-0-1 308 289 43 42 
cell-0-0-2 351 289 43 42 
cell-0-0-3 394 289 43 42 
cell-0-0-4 437 289 43 42 
cell-0-0-5 480 289 43 42 
cell-0-0-6 523 289 442 42 
cell-0-1-0 265 343 43 42 
cell-0-1-1 308 343 43 42 
cell-0-1-2 351 343 43 42 
cell-0-1-3 394 343 43 42 
cell-0-1-4 437 343 43 42 
cell-0-1-5 480 343 43 42 
cell-0-1-6 523 343 442 42 
cell-0-2-0 265 397 43 42 
cell-0-2-1 308 397 43 42 
cell-0-2-2 351 397 43 42 
cell-0-2-3 394 397 43 42 
cell-0-2-4 437 397 43 42 
cell-0-2-5 480 397 43 42 
cell-0-2-6 523 397 442 42 
cell-0-3-0 265 451 43 42 
cell-0-3-1 308 451 43 42 
cell-0-3-2 351 451 43 42 
cell-0-3-3 394 451 43 42 
cell-0-3-4 437 451 43 42 
cell-0-3-5 480 451 43 42 
cell-0-3-6 523 451 442 42 
cell-0-4-0 265 505 43 42 
cell-0-4-1 308 505 43 42 
cell-0-4-2 351 505 43 42 
cell-0-4-3 394 505 43 42 
cell-0-4-4 437 505 43 42 
cell-0-4-5 480 505 43 42 
cell-0-4-6 523 505 442 42 
cell-0-5-0 265 559 43 42 
cell-0-5-1 308 559 43 42 
cell-0-5-2 351 559 43 42 
cell-0-5-3 394 559 43 42 
cell-0-5-4 437 559 43 42 
cell-0-5-5 480 559 43 42 
cell-0-5-6 523 559 442 42 
cell-0-6-0 265 613 43 42 
cell-0-6-1 308 613 43 42 
cell-0-6-2 351 613 43 42 
cell-0-6-3 394 613 43 42 
cell-0-6-4 437 613 43 42 
cell-0-6-5 480 613 43 42 
cell-0-6-6 523 613 442 42 
cell-0-7-0 265 667 43 42 
cell-0-7-1 308 667 43 42 
cell-0-7-2 351 667 43 42 
cell-0-7-3 394 667 43 42 
cell-0-7-4 437 667 43 42 
cell-0-7-5 480 667 43 42 
cell-0-7-6 523 667 442 42 
cell-0-8-0 265 721 43 42 
cell-0-8-1 308 721 43 42 
cell-0-8-2 351 721 43 42 
cell-0-8-3 394 721 43 42 
cell-0-8-4 437 721 43 42 
cell-0-8-5 480 721 43 42 
cell-0-8-6 523 721 442 42 
cell-0-9-0 265 775 43 42 
cell-0-9-1 308 775 43 42 
cell-0-9-2 351 775 43 42 
cell-0-9-3 394 775 43 42 
cell-0-9-4 437 775 43 42 
cell-0-9-5 480 775 43 42 
cell-0-9-6 523 775 442 42 
cell-0-10-0 265 829 43 42 
cell-0-10-1 308 829 43 42 
cell-0-10-2 351 829 43 42 
cell-0-10-3 394 829 43 42 
cell-0-10-4 437 829 43 42 
cell-0-10-5 480 829 43 42 
cell-0-10-6 523 829 442 42 
cell-0-11-0 265 883 43 42 
cell-0-11-1 308 883 43 42 
cell-0-11-2 351 883 43 42 
cell-0-11-3 394 883 43 42 
cell-0-11-4 437 883 43 42 
cell-0-11-5 480 883 43 42 
cell-0-11-6 523 883 442 42 
