table-0 168 210 800 203 
cell-0-0-0 168 210 160 33 
cell-0-0-1 328 210 160 33 
cell-0-0-2 488 210 160 33 
cell-0-0-3 648 210 160 33 
cell-0-0-4 808 210 160 33 
cell-0-1-0 168 252 160 33 
cell-0-1-1 328 252 160 33 
cell-0-1-2 488 252 160 33 
cell-0-1-3 648 252 160 33 
cell-0-1-4 808 252 160 33 
cell-0-2-0 168 294 160 33 
cell-0-2-1 328 294 160 33 
cell-0-2-2 488 294 160 33 
cell-0-2-3 648 294 160 33 
cell-0-2-4 808 294 160 33 
cell-0-3-0 168 336 160 33 
cell-0-3-1 328 336 160 33 
cell-0-3-2 488 336 160 33 
cell-0-3-3 648 336 160 33 
cell-0-3-4 808 336 160 33 
cell-0-4-0 168 378 160 33 
cell-0-4-1 328 378 160 33 
cell-0-4-2 488 378 160 33 
cell-0-4-3 648 378 160 33 
cell-0-4-4 808 378 160 33 
