table-0 85 510 410 145 
cell-0-1-0 85 510 34 35 
cell-0-1-1 119 510 34 35 
cell-0-1-2 153 510 34 35 
cell-0-1-3 187 510 34 35 
cell-0-1-4 221 510 34 35 
cell-0-1-5 255 510 34 35 
cell-0-1-6 289 510 34 35 
cell-0-1-7 323 510 34 35 
cell-0-1-8 357 510 34 35 
cell-0-1-9 391 510 34 35 
cell-0-1-10 425 510 34 35 
cell-0-1-11 459 510 34 35 
cell-0-2-0 85 546 34 35 
cell-0-2-1 119 546 34 35 
cell-0-2-2 153 546 34 35 
cell-0-2-3 187 546 34 35 
cell-0-2-4 221 546 34 35 
cell-0-2-5 255 546 34 35 
cell-0-2-6 289 546 34 35 
cell-0-2-7 323 546 34 35 
cell-0-2-8 357 546 34 35 
cell-0-2-9 391 546 34 35 
cell-0-2-10 425 546 34 35 
cell-0-2-11 459 546 34 35 
cell-0-3-0 85 582 34 35 
cell-0-3-1 119 582 34 35 
cell-0-3-2 153 582 34 35 
cell-0-3-3 187 582 34 35 
cell-0-3-4 221 582 34 35 
cell-0-3-5 255 582 34 35 
cell-0-3-6 289 582 34 35 
cell-0-3-7 323 582 34 35 
cell-0-3-8 357 582 34 35 
cell-0-3-9 391 582 34 35 
cell-0-3-10 425 582 34 35 
cell-0-3-11 459 582 34 35 
cell-0-4-0 85 618 34 35 
cell-0-4-1 119 618 34 35 
cell-0-4-2 153 618 34 35 
cell-0-4-3 187 618 34 35 
cell-0-4-4 221 618 34 35 
cell-0-4-5 255 618 34 35 
cell-0-4-6 289 618 34 35 
cell-0-4-7 323 618 34 35 
cell-0-4-8 357 618 34 35 
cell-0-4-9 391 618 34 35 
cell-0-4-10 425 618 34 35 
cell-0-4-11 459 618 34 35 
table-3 318 903 216 526 
cell-3-0-0 318 903 43 35 
cell-3-0-1 361 903 43 35 
cell-3-0-2 404 903 43 35 
cell-3-0-3 447 903 43 35 
cell-3-0-4 490 903 43 35 
cell-3-1-0 318 938 43 35 
cell-3-1-1 361 938 43 35 
cell-3-1-2 404 938 43 35 
cell-3-1-3 447 938 43 35 
cell-3-1-4 490 938 43 35 
cell-3-2-0 318 973 43 35 
cell-3-2-1 361 973 43 35 
cell-3-2-2 404 973 43 35 
cell-3-2-3 447 973 43 35 
cell-3-2-4 490 973 43 35 
cell-3-3-0 318 1008 43 35 
cell-3-3-1 361 1008 43 35 
cell-3-3-2 404 1008 43 35 
cell-3-3-3 447 1008 43 35 
cell-3-3-4 490 1008 43 35 
cell-3-4-0 318 1043 43 35 
cell-3-4-1 361 1043 43 35 
cell-3-4-2 404 1043 43 35 
cell-3-4-3 447 1043 43 35 
cell-3-4-4 490 1043 43 35 
cell-3-5-0 318 1078 43 35 
cell-3-5-1 361 1078 43 35 
cell-3-5-2 404 1078 43 35 
cell-3-5-3 447 1078 43 35 
cell-3-5-4 490 1078 43 35 
cell-3-6-0 318 1113 43 35 
cell-3-6-1 361 1113 43 35 
cell-3-6-2 404 1113 43 35 
cell-3-6-3 447 1113 43 35 
cell-3-6-4 490 1113 43 35 
cell-3-7-0 318 1148 43 35 
cell-3-7-1 361 1148 43 35 
cell-3-7-2 404 1148 43 35 
cell-3-7-3 447 1148 43 35 
cell-3-7-4 490 1148 43 35 
cell-3-8-0 318 1183 43 35 
cell-3-8-1 361 1183 43 35 
cell-3-8-2 404 1183 43 35 
cell-3-8-3 447 1183 43 35 
cell-3-8-4 490 1183 43 35 
cell-3-9-0 318 1218 43 35 
cell-3-9-1 361 1218 43 35 
cell-3-9-2 404 1218 43 35 
cell-3-9-3 447 1218 43 35 
cell-3-9-4 490 1218 43 35 
cell-3-10-0 318 1253 43 35 
cell-3-10-1 361 1253 43 35 
cell-3-10-2 404 1253 43 35 
cell-3-10-3 447 1253 43 35 
cell-3-10-4 490 1253 43 35 
cell-3-11-0 318 1288 43 35 
cell-3-11-1 361 1288 43 35 
cell-3-11-2 404 1288 43 35 
cell-3-11-3 447 1288 43 35 
cell-3-11-4 490 1288 43 35 
cell-3-12-0 318 1323 43 35 
cell-3-12-1 361 1323 43 35 
cell-3-12-2 404 1323 43 35 
cell-3-12-3 447 1323 43 35 
cell-3-12-4 490 1323 43 35 
cell-3-13-0 318 1358 43 35 
cell-3-13-1 361 1358 43 35 
cell-3-13-2 404 1358 43 35 
cell-3-13-3 447 1358 43 35 
cell-3-13-4 490 1358 43 35 
cell-3-14-0 318 1393 43 35 
cell-3-14-1 361 1393 43 35 
cell-3-14-2 404 1393 43 35 
cell-3-14-3 447 1393 43 35 
cell-3-14-4 490 1393 43 35 
