table-0 80 332 700 372 
cell-0-1-0 80 332 34 35 
cell-0-1-1 117 332 34 35 
cell-0-1-2 154 332 34 35 
cell-0-1-3 191 332 34 35 
cell-0-1-4 228 332 34 35 
cell-0-1-5 265 332 34 35 
cell-0-1-6 302 332 34 35 
cell-0-1-7 339 332 34 35 
cell-0-1-8 376 332 34 35 
cell-0-1-9 413 332 34 35 
cell-0-1-10 450 332 34 35 
cell-0-1-11 487 332 34 35 
cell-0-1-12 524 332 34 35 
cell-0-1-13 561 332 34 35 
cell-0-1-14 598 332 34 35 
cell-0-1-15 635 332 34 35 
cell-0-1-16 672 332 34 35 
cell-0-1-17 709 332 34 35 
cell-0-1-18 746 332 34 35 
cell-0-2-0 80 388 34 35 
cell-0-2-1 117 388 34 35 
cell-0-2-2 154 388 34 35 
cell-0-2-3 191 388 34 35 
cell-0-2-4 228 388 34 35 
cell-0-2-5 265 388 34 35 
cell-0-2-6 302 388 34 35 
cell-0-2-7 339 388 34 35 
cell-0-2-8 376 388 34 35 
cell-0-2-9 413 388 34 35 
cell-0-2-10 450 388 34 35 
cell-0-2-11 487 388 34 35 
cell-0-2-12 524 388 34 35 
cell-0-2-13 561 388 34 35 
cell-0-2-14 598 388 34 35 
cell-0-2-15 635 388 34 35 
cell-0-2-16 672 388 34 35 
cell-0-2-17 709 388 34 35 
cell-0-2-18 746 388 34 35 
cell-0-3-0 80 444 34 35 
cell-0-3-1 117 444 34 35 
cell-0-3-2 154 444 34 35 
cell-0-3-3 191 444 34 35 
cell-0-3-4 228 444 34 35 
cell-0-3-5 265 444 34 35 
cell-0-3-6 302 444 34 35 
cell-0-3-7 339 444 34 35 
cell-0-3-8 376 444 34 35 
cell-0-3-9 413 444 34 35 
cell-0-3-10 450 444 34 35 
cell-0-3-11 487 444 34 35 
cell-0-3-12 524 444 34 35 
cell-0-3-13 561 444 34 35 
cell-0-3-14 598 444 34 35 
cell-0-3-15 635 444 34 35 
cell-0-3-16 672 444 34 35 
cell-0-3-17 709 444 34 35 
cell-0-3-18 746 444 34 35 
cell-0-4-0 80 500 34 35 
cell-0-4-1 117 500 34 35 
cell-0-4-2 154 500 34 35 
cell-0-4-3 191 500 34 35 
cell-0-4-4 228 500 34 35 
cell-0-4-5 265 500 34 35 
cell-0-4-6 302 500 34 35 
cell-0-4-7 339 500 34 35 
cell-0-4-8 376 500 34 35 
cell-0-4-9 413 500 34 35 
cell-0-4-10 450 500 34 35 
cell-0-4-11 487 500 34 35 
cell-0-4-12 524 500 34 35 
cell-0-4-13 561 500 34 35 
cell-0-4-14 598 500 34 35 
cell-0-4-15 635 500 34 35 
cell-0-4-16 672 500 34 35 
cell-0-4-17 709 500 34 35 
cell-0-4-18 746 500 34 35 
cell-0-5-0 80 556 34 35 
cell-0-5-1 117 556 34 35 
cell-0-5-2 154 556 34 35 
cell-0-5-3 191 556 34 35 
cell-0-5-4 228 556 34 35 
cell-0-5-5 265 556 34 35 
cell-0-5-6 302 556 34 35 
cell-0-5-7 339 556 34 35 
cell-0-5-8 376 556 34 35 
cell-0-5-9 413 556 34 35 
cell-0-5-10 450 556 34 35 
cell-0-5-11 487 556 34 35 
cell-0-5-12 524 556 34 35 
cell-0-5-13 561 556 34 35 
cell-0-5-14 598 556 34 35 
cell-0-5-15 635 556 34 35 
cell-0-5-16 672 556 34 35 
cell-0-5-17 709 556 34 35 
cell-0-5-18 746 556 34 35 
cell-0-6-0 80 612 34 35 
cell-0-6-1 117 612 34 35 
cell-0-6-2 154 612 34 35 
cell-0-6-3 191 612 34 35 
cell-0-6-4 228 612 34 35 
cell-0-6-5 265 612 34 35 
cell-0-6-6 302 612 34 35 
cell-0-6-7 339 612 34 35 
cell-0-6-8 376 612 34 35 
cell-0-6-9 413 612 34 35 
cell-0-6-10 450 612 34 35 
cell-0-6-11 487 612 34 35 
cell-0-6-12 524 612 34 35 
cell-0-6-13 561 612 34 35 
cell-0-6-14 598 612 34 35 
cell-0-6-15 635 612 34 35 
cell-0-6-16 672 612 34 35 
cell-0-6-17 709 612 34 35 
cell-0-6-18 746 612 34 35 
cell-0-7-0 80 668 34 35 
cell-0-7-1 117 668 34 35 
cell-0-7-2 154 668 34 35 
cell-0-7-3 191 668 34 35 
cell-0-7-4 228 668 34 35 
cell-0-7-5 265 668 34 35 
cell-0-7-6 302 668 34 35 
cell-0-7-7 339 668 34 35 
cell-0-7-8 376 668 34 35 
cell-0-7-9 413 668 34 35 
cell-0-7-10 450 668 34 35 
cell-0-7-11 487 668 34 35 
cell-0-7-12 524 668 34 35 
cell-0-7-13 561 668 34 35 
cell-0-7-14 598 668 34 35 
cell-0-7-15 635 668 34 35 
cell-0-7-16 672 668 34 35 
cell-0-7-17 709 668 34 35 
cell-0-7-18 746 668 34 35 
header-1 95 1232 825 193 
row-1-1 95 1232 402 40 
row-1-2 517 1232 270 40 
row-2-1 95 1282 369 40 
row-2-2 484 1282 431 40 
row-3-1 95 1332 798 40 
row-4-1 95 1382 699 40 
