table-0 84 718 613 742 
cell-0-0-0 84 718 45 43 
cell-0-0-1 129 718 45 43 
cell-0-0-2 174 718 45 43 
cell-0-0-3 219 718 45 43 
cell-0-0-4 264 718 431 43 
cell-0-1-0 84 776 45 43 
cell-0-1-1 129 776 45 43 
cell-0-1-2 174 776 45 43 
cell-0-1-3 219 776 45 43 
cell-0-1-4 264 776 431 43 
cell-0-2-0 84 834 45 43 
cell-0-2-1 129 834 45 43 
cell-0-2-2 174 834 45 43 
cell-0-2-3 219 834 45 43 
cell-0-2-4 264 834 431 43 
cell-0-3-0 84 892 45 43 
cell-0-3-1 129 892 45 43 
cell-0-3-2 174 892 45 43 
cell-0-3-3 219 892 45 43 
cell-0-3-4 264 892 431 43 
cell-0-4-0 84 950 45 43 
cell-0-4-1 129 950 45 43 
cell-0-4-2 174 950 45 43 
cell-0-4-3 219 950 45 43 
cell-0-4-4 264 950 431 43 
cell-0-5-0 84 1008 45 43 
cell-0-5-1 129 1008 45 43 
cell-0-5-2 174 1008 45 43 
cell-0-5-3 219 1008 45 43 
cell-0-5-4 264 1008 431 43 
cell-0-6-0 84 1066 45 43 
cell-0-6-1 129 1066 45 43 
cell-0-6-2 174 1066 45 43 
cell-0-6-3 219 1066 45 43 
cell-0-6-4 264 1066 431 43 
cell-0-7-0 84 1124 45 43 
cell-0-7-1 129 1124 45 43 
cell-0-7-2 174 1124 45 43 
cell-0-7-3 219 1124 45 43 
cell-0-7-4 264 1124 431 43 
cell-0-8-0 84 1182 45 43 
cell-0-8-1 129 1182 45 43 
cell-0-8-2 174 1182 45 43 
cell-0-8-3 219 1182 45 43 
cell-0-8-4 264 1182 431 43 
cell-0-9-0 84 1240 45 43 
cell-0-9-1 129 1240 45 43 
cell-0-9-2 174 1240 45 43 
cell-0-9-3 219 1240 45 43 
cell-0-9-4 264 1240 431 43 
cell-0-10-0 84 1298 45 43 
cell-0-10-1 129 1298 45 43 
cell-0-10-2 174 1298 45 43 
cell-0-10-3 219 1298 45 43 
cell-0-10-4 264 1298 431 43 
cell-0-11-0 84 1356 45 43 
cell-0-11-1 129 1356 45 43 
cell-0-11-2 174 1356 45 43 
cell-0-11-3 219 1356 45 43 
cell-0-11-4 264 1356 431 43 
cell-0-12-0 84 1414 45 43 
cell-0-12-1 129 1414 45 43 
cell-0-12-2 174 1414 45 43 
cell-0-12-3 219 1414 45 43 
cell-0-12-4 264 1414 431 43 
header-2 180 286 879 193 
row-1-1 180 286 334 40 
row-1-2 534 286 400 40 
row-2-1 180 336 367 40 
row-2-2 567 336 486 40 
row-3-1 180 386 796 40 
row-4-1 180 436 796 40 
