table-0 163 817 700 322 
cell-0-0-0 163 817 140 32 
cell-0-0-1 303 817 140 32 
cell-0-0-2 443 817 140 32 
cell-0-0-3 583 817 140 32 
cell-0-0-4 723 817 140 32 
cell-0-1-0 163 849 140 32 
cell-0-1-1 303 849 140 32 
cell-0-1-2 443 849 140 32 
cell-0-1-3 583 849 140 32 
cell-0-1-4 723 849 140 32 
cell-0-2-0 163 881 140 32 
cell-0-2-1 303 881 140 32 
cell-0-2-2 443 881 140 32 
cell-0-2-3 583 881 140 32 
cell-0-2-4 723 881 140 32 
cell-0-3-0 163 913 140 32 
cell-0-3-1 303 913 140 32 
cell-0-3-2 443 913 140 32 
cell-0-3-3 583 913 140 32 
cell-0-3-4 723 913 140 32 
cell-0-4-0 163 945 140 32 
cell-0-4-1 303 945 140 32 
cell-0-4-2 443 945 140 32 
cell-0-4-3 583 945 140 32 
cell-0-4-4 723 945 140 32 
cell-0-5-0 163 977 140 32 
cell-0-5-1 303 977 140 32 
cell-0-5-2 443 977 140 32 
cell-0-5-3 583 977 140 32 
cell-0-5-4 723 977 140 32 
cell-0-6-0 163 1009 140 32 
cell-0-6-1 303 1009 140 32 
cell-0-6-2 443 1009 140 32 
cell-0-6-3 583 1009 140 32 
cell-0-6-4 723 1009 140 32 
cell-0-7-0 163 1041 140 32 
cell-0-7-1 303 1041 140 32 
cell-0-7-2 443 1041 140 32 
cell-0-7-3 583 1041 140 32 
cell-0-7-4 723 1041 140 32 
cell-0-8-0 163 1073 140 32 
cell-0-8-1 303 1073 140 32 
cell-0-8-2 443 1073 140 32 
cell-0-8-3 583 1073 140 32 
cell-0-8-4 723 1073 140 32 
cell-0-9-0 163 1105 140 32 
cell-0-9-1 303 1105 140 32 
cell-0-9-2 443 1105 140 32 
cell-0-9-3 583 1105 140 32 
cell-0-9-4 723 1105 140 32 
table-4 159 144 610 512 
cell-4-0-0 159 144 43 41 
cell-4-0-1 202 144 43 41 
cell-4-0-2 245 144 43 41 
cell-4-0-3 288 144 43 41 
cell-4-0-4 331 144 436 41 
cell-4-1-0 159 191 43 41 
cell-4-1-1 202 191 43 41 
cell-4-1-2 245 191 43 41 
cell-4-1-3 288 191 43 41 
cell-4-1-4 331 191 436 41 
cell-4-2-0 159 238 43 41 
cell-4-2-1 202 238 43 41 
cell-4-2-2 245 238 43 41 
cell-4-2-3 288 238 43 41 
cell-4-2-4 331 238 436 41 
cell-4-3-0 159 285 43 41 
cell-4-3-1 202 285 43 41 
cell-4-3-2 245 285 43 41 
cell-4-3-3 288 285 43 41 
cell-4-3-4 331 285 436 41 
cell-4-4-0 159 332 43 41 
cell-4-4-1 202 332 43 41 
cell-4-4-2 245 332 43 41 
cell-4-4-3 288 332 43 41 
cell-4-4-4 331 332 436 41 
cell-4-5-0 159 379 43 41 
cell-4-5-1 202 379 43 41 
cell-4-5-2 245 379 43 41 
cell-4-5-3 288 379 43 41 
cell-4-5-4 331 379 436 41 
cell-4-6-0 159 426 43 41 
cell-4-6-1 202 426 43 41 
cell-4-6-2 245 426 43 41 
cell-4-6-3 288 426 43 41 
cell-4-6-4 331 426 436 41 
cell-4-7-0 159 473 43 41 
cell-4-7-1 202 473 43 41 
cell-4-7-2 245 473 43 41 
cell-4-7-3 288 473 43 41 
cell-4-7-4 331 473 436 41 
cell-4-8-0 159 520 43 41 
cell-4-8-1 202 520 43 41 
cell-4-8-2 245 520 43 41 
cell-4-8-3 288 520 43 41 
cell-4-8-4 331 520 436 41 
cell-4-9-0 159 567 43 41 
cell-4-9-1 202 567 43 41 
cell-4-9-2 245 567 43 41 
cell-4-9-3 288 567 43 41 
cell-4-9-4 331 567 436 41 
cell-4-10-0 159 614 43 41 
cell-4-10-1 202 614 43 41 
cell-4-10-2 245 614 43 41 
cell-4-10-3 288 614 43 41 
cell-4-10-4 331 614 436 41 
