table-0 60 858 1000 186 
cell-0-0-0 60 858 250 35 
cell-0-0-1 310 858 250 35 
cell-0-0-2 560 858 250 35 
cell-0-0-3 810 858 250 35 
cell-0-1-0 60 895 250 35 
cell-0-1-1 310 895 250 35 
cell-0-1-2 560 895 250 35 
cell-0-1-3 810 895 250 35 
cell-0-2-0 60 932 250 35 
cell-0-2-1 310 932 250 35 
cell-0-2-2 560 932 250 35 
cell-0-2-3 810 932 250 35 
cell-0-3-0 60 969 250 35 
cell-0-3-1 310 969 250 35 
cell-0-3-2 560 969 250 35 
cell-0-3-3 810 969 250 35 
cell-0-4-0 60 1006 250 35 
cell-0-4-1 310 1006 250 35 
cell-0-4-2 560 1006 250 35 
cell-0-4-3 810 1006 250 35 
header-1 66 400 779 193 
row-1-1 66 400 284 40 
row-1-2 370 400 350 40 
row-2-1 66 450 284 40 
row-2-2 370 450 470 40 
row-3-1 66 500 515 40 
row-4-1 66 550 680 40 
table-3 151 1182 777 265 
cell-3-1-0 151 1182 36 35 
cell-3-1-1 190 1182 36 35 
cell-3-1-2 229 1182 36 35 
cell-3-1-3 268 1182 36 35 
cell-3-1-4 307 1182 36 35 
cell-3-1-5 346 1182 36 35 
cell-3-1-6 385 1182 36 35 
cell-3-1-7 424 1182 36 35 
cell-3-1-8 463 1182 36 35 
cell-3-1-9 502 1182 36 35 
cell-3-1-10 541 1182 36 35 
cell-3-1-11 580 1182 36 35 
cell-3-1-12 619 1182 36 35 
cell-3-1-13 658 1182 36 35 
cell-3-1-14 697 1182 36 35 
cell-3-1-15 736 1182 36 35 
cell-3-1-16 775 1182 36 35 
cell-3-1-17 814 1182 36 35 
cell-3-1-18 853 1182 36 35 
cell-3-1-19 892 1182 36 35 
cell-3-2-0 151 1239 36 35 
cell-3-2-1 190 1239 36 35 
cell-3-2-2 229 1239 36 35 
cell-3-2-3 268 1239 36 35 
cell-3-2-4 307 1239 36 35 
cell-3-2-5 346 1239 36 35 
cell-3-2-6 385 1239 36 35 
cell-3-2-7 424 1239 36 35 
cell-3-2-8 463 1239 36 35 
cell-3-2-9 502 1239 36 35 
cell-3-2-10 541 1239 36 35 
cell-3-2-11 580 1239 36 35 
cell-3-2-12 619 1239 36 35 
cell-3-2-13 658 1239 36 35 
cell-3-2-14 697 1239 36 35 
cell-3-2-15 736 1239 36 35 
cell-3-2-16 775 1239 36 35 
cell-3-2-17 814 1239 36 35 
cell-3-2-18 853 1239 36 35 
cell-3-2-19 892 1239 36 35 
cell-3-3-0 151 1296 36 35 
cell-3-3-1 190 1296 36 35 
cell-3-3-2 229 1296 36 35 
cell-3-3-3 268 1296 36 35 
cell-3-3-4 307 1296 36 35 
cell-3-3-5 346 1296 36 35 
cell-3-3-6 385 1296 36 35 
cell-3-3-7 424 1296 36 35 
cell-3-3-8 463 1296 36 35 
cell-3-3-9 502 1296 36 35 
cell-3-3-10 541 1296 36 35 
cell-3-3-11 580 1296 36 35 
cell-3-3-12 619 1296 36 35 
cell-3-3-13 658 1296 36 35 
cell-3-3-14 697 1296 36 35 
cell-3-3-15 736 1296 36 35 
cell-3-3-16 775 1296 36 35 
cell-3-3-17 814 1296 36 35 
cell-3-3-18 853 1296 36 35 
cell-3-3-19 892 1296 36 35 
cell-3-4-0 151 1353 36 35 
cell-3-4-1 190 1353 36 35 
cell-3-4-2 229 1353 36 35 
cell-3-4-3 268 1353 36 35 
cell-3-4-4 307 1353 36 35 
cell-3-4-5 346 1353 36 35 
cell-3-4-6 385 1353 36 35 
cell-3-4-7 424 1353 36 35 
cell-3-4-8 463 1353 36 35 
cell-3-4-9 502 1353 36 35 
cell-3-4-10 541 1353 36 35 
cell-3-4-11 580 1353 36 35 
cell-3-4-12 619 1353 36 35 
cell-3-4-13 658 1353 36 35 
cell-3-4-14 697 1353 36 35 
cell-3-4-15 736 1353 36 35 
cell-3-4-16 775 1353 36 35 
cell-3-4-17 814 1353 36 35 
cell-3-4-18 853 1353 36 35 
cell-3-4-19 892 1353 36 35 
cell-3-5-0 151 1410 36 35 
cell-3-5-1 190 1410 36 35 
cell-3-5-2 229 1410 36 35 
cell-3-5-3 268 1410 36 35 
cell-3-5-4 307 1410 36 35 
cell-3-5-5 346 1410 36 35 
cell-3-5-6 385 1410 36 35 
cell-3-5-7 424 1410 36 35 
cell-3-5-8 463 1410 36 35 
cell-3-5-9 502 1410 36 35 
cell-3-5-10 541 1410 36 35 
cell-3-5-11 580 1410 36 35 
cell-3-5-12 619 1410 36 35 
cell-3-5-13 658 1410 36 35 
cell-3-5-14 697 1410 36 35 
cell-3-5-15 736 1410 36 35 
cell-3-5-16 775 1410 36 35 
cell-3-5-17 814 1410 36 35 
cell-3-5-18 853 1410 36 35 
cell-3-5-19 892 1410 36 35 
