table-0 324 781 478 436 
cell-0-1-0 324 781 34 35 
cell-0-1-1 361 781 34 35 
cell-0-1-2 398 781 34 35 
cell-0-1-3 435 781 34 35 
cell-0-1-4 472 781 34 35 
cell-0-1-5 509 781 34 35 
cell-0-1-6 546 781 34 35 
cell-0-1-7 583 781 34 35 
cell-0-1-8 620 781 34 35 
cell-0-1-9 657 781 34 35 
cell-0-1-10 694 781 34 35 
cell-0-1-11 731 781 34 35 
cell-0-1-12 768 781 34 35 
cell-0-2-0 324 821 34 35 
cell-0-2-1 361 821 34 35 
cell-0-2-2 398 821 34 35 
cell-0-2-3 435 821 34 35 
cell-0-2-4 472 821 34 35 
cell-0-2-5 509 821 34 35 
cell-0-2-6 546 821 34 35 
cell-0-2-7 583 821 34 35 
cell-0-2-8 620 821 34 35 
cell-0-2-9 657 821 34 35 
cell-0-2-10 694 821 34 35 
cell-0-2-11 731 821 34 35 
cell-0-2-12 768 821 34 35 
cell-0-3-0 324 861 34 35 
cell-0-3-1 361 861 34 35 
cell-0-3-2 398 861 34 35 
cell-0-3-3 435 861 34 35 
cell-0-3-4 472 861 34 35 
cell-0-3-5 509 861 34 35 
cell-0-3-6 546 861 34 35 
cell-0-3-7 583 861 34 35 
cell-0-3-8 620 861 34 35 
cell-0-3-9 657 861 34 35 
cell-0-3-10 694 861 34 35 
cell-0-3-11 731 861 34 35 
cell-0-3-12 768 861 34 35 
cell-0-4-0 324 901 34 35 
cell-0-4-1 361 901 34 35 
cell-0-4-2 398 901 34 35 
cell-0-4-3 435 901 34 35 
cell-0-4-4 472 901 34 35 
cell-0-4-5 509 901 34 35 
cell-0-4-6 546 901 34 35 
cell-0-4-7 583 901 34 35 
cell-0-4-8 620 901 34 35 
cell-0-4-9 657 901 34 35 
cell-0-4-10 694 901 34 35 
cell-0-4-11 731 901 34 35 
cell-0-4-12 768 901 34 35 
cell-0-5-0 324 941 34 35 
cell-0-5-1 361 941 34 35 
cell-0-5-2 398 941 34 35 
cell-0-5-3 435 941 34 35 
cell-0-5-4 472 941 34 35 
cell-0-5-5 509 941 34 35 
cell-0-5-6 546 941 34 35 
cell-0-5-7 583 941 34 35 
cell-0-5-8 620 941 34 35 
cell-0-5-9 657 941 34 35 
cell-0-5-10 694 941 34 35 
cell-0-5-11 731 941 34 35 
cell-0-5-12 768 941 34 35 
cell-0-6-0 324 981 34 35 
cell-0-6-1 361 981 34 35 
cell-0-6-2 398 981 34 35 
cell-0-6-3 435 981 34 35 
cell-0-6-4 472 981 34 35 
cell-0-6-5 509 981 34 35 
cell-0-6-6 546 981 34 35 
cell-0-6-7 583 981 34 35 
cell-0-6-8 620 981 34 35 
cell-0-6-9 657 981 34 35 
cell-0-6-10 694 981 34 35 
cell-0-6-11 731 981 34 35 
cell-0-6-12 768 981 34 35 
cell-0-7-0 324 1021 34 35 
cell-0-7-1 361 1021 34 35 
cell-0-7-2 398 1021 34 35 
cell-0-7-3 435 1021 34 35 
cell-0-7-4 472 1021 34 35 
cell-0-7-5 509 1021 34 35 
cell-0-7-6 546 1021 34 35 
cell-0-7-7 583 1021 34 35 
cell-0-7-8 620 1021 34 35 
cell-0-7-9 657 1021 34 35 
cell-0-7-10 694 1021 34 35 
cell-0-7-11 731 1021 34 35 
cell-0-7-12 768 1021 34 35 
cell-0-8-0 324 1061 34 35 
cell-0-8-1 361 1061 34 35 
cell-0-8-2 398 1061 34 35 
cell-0-8-3 435 1061 34 35 
cell-0-8-4 472 1061 34 35 
cell-0-8-5 509 1061 34 35 
cell-0-8-6 546 1061 34 35 
cell-0-8-7 583 1061 34 35 
cell-0-8-8 620 1061 34 35 
cell-0-8-9 657 1061 34 35 
cell-0-8-10 694 1061 34 35 
cell-0-8-11 731 1061 34 35 
cell-0-8-12 768 1061 34 35 
cell-0-9-0 324 1101 34 35 
cell-0-9-1 361 1101 34 35 
cell-0-9-2 398 1101 34 35 
cell-0-9-3 435 1101 34 35 
cell-0-9-4 472 1101 34 35 
cell-0-9-5 509 1101 34 35 
cell-0-9-6 546 1101 34 35 
cell-0-9-7 583 1101 34 35 
cell-0-9-8 620 1101 34 35 
cell-0-9-9 657 1101 34 35 
cell-0-9-10 694 1101 34 35 
cell-0-9-11 731 1101 34 35 
cell-0-9-12 768 1101 34 35 
cell-0-10-0 324 1141 34 35 
cell-0-10-1 361 1141 34 35 
cell-0-10-2 398 1141 34 35 
cell-0-10-3 435 1141 34 35 
cell-0-10-4 472 1141 34 35 
cell-0-10-5 509 1141 34 35 
cell-0-10-6 546 1141 34 35 
cell-0-10-7 583 1141 34 35 
cell-0-10-8 620 1141 34 35 
cell-0-10-9 657 1141 34 35 
cell-0-10-10 694 1141 34 35 
cell-0-10-11 731 1141 34 35 
cell-0-10-12 768 1141 34 35 
cell-0-11-0 324 1181 34 35 
cell-0-11-1 361 1181 34 35 
cell-0-11-2 398 1181 34 35 
cell-0-11-3 435 1181 34 35 
cell-0-11-4 472 1181 34 35 
cell-0-11-5 509 1181 34 35 
cell-0-11-6 546 1181 34 35 
cell-0-11-7 583 1181 34 35 
cell-0-11-8 620 1181 34 35 
cell-0-11-9 657 1181 34 35 
cell-0-11-10 694 1181 34 35 
cell-0-11-11 731 1181 34 35 
cell-0-11-12 768 1181 34 35 
header-1 216 79 832 193 
row-1-1 216 79 299 40 
row-1-2 535 79 266 40 
row-2-1 216 129 332 40 
row-2-2 568 129 473 40 
row-3-1 216 179 530 40 
row-4-1 216 229 794 40 
