table-0 365 645 500 557 
cell-0-0-0 365 645 125 42 
cell-0-0-1 490 645 125 42 
cell-0-0-2 615 645 125 42 
cell-0-0-3 740 645 125 42 
cell-0-1-0 365 702 125 42 
cell-0-1-1 490 702 125 42 
cell-0-1-2 615 702 125 42 
cell-0-1-3 740 702 125 42 
cell-0-2-0 365 759 125 42 
cell-0-2-1 490 759 125 42 
cell-0-2-2 615 759 125 42 
cell-0-2-3 740 759 125 42 
cell-0-3-0 365 816 125 42 
cell-0-3-1 490 816 125 42 
cell-0-3-2 615 816 125 42 
cell-0-3-3 740 816 125 42 
cell-0-4-0 365 873 125 42 
cell-0-4-1 490 873 125 42 
cell-0-4-2 615 873 125 42 
cell-0-4-3 740 873 125 42 
cell-0-5-0 365 930 125 42 
cell-0-5-1 490 930 125 42 
cell-0-5-2 615 930 125 42 
cell-0-5-3 740 930 125 42 
cell-0-6-0 365 987 125 42 
cell-0-6-1 490 987 125 42 
cell-0-6-2 615 987 125 42 
cell-0-6-3 740 987 125 42 
cell-0-7-0 365 1044 125 42 
cell-0-7-1 490 1044 125 42 
cell-0-7-2 615 1044 125 42 
cell-0-7-3 740 1044 125 42 
cell-0-8-0 365 1101 125 42 
cell-0-8-1 490 1101 125 42 
cell-0-8-2 615 1101 125 42 
cell-0-8-3 740 1101 125 42 
cell-0-9-0 365 1158 125 42 
cell-0-9-1 490 1158 125 42 
cell-0-9-2 615 1158 125 42 
cell-0-9-3 740 1158 125 42 
