table-0 171 390 600 389 
cell-0-0-0 171 390 100 57 
cell-0-0-1 271 390 100 57 
cell-0-0-2 371 390 100 57 
cell-0-0-3 471 390 100 57 
cell-0-0-4 571 390 100 57 
cell-0-0-5 671 390 100 57 
cell-0-1-0 171 456 100 57 
cell-0-1-1 271 456 100 57 
cell-0-1-2 371 456 100 57 
cell-0-1-3 471 456 100 57 
cell-0-1-4 571 456 100 57 
cell-0-1-5 671 456 100 57 
cell-0-2-0 171 522 100 57 
cell-0-2-1 271 522 100 57 
cell-0-2-2 371 522 100 57 
cell-0-2-3 471 522 100 57 
cell-0-2-4 571 522 100 57 
cell-0-2-5 671 522 100 57 
cell-0-3-0 171 588 100 57 
cell-0-3-1 271 588 100 57 
cell-0-3-2 371 588 100 57 
cell-0-3-3 471 588 100 57 
cell-0-3-4 571 588 100 57 
cell-0-3-5 671 588 100 57 
cell-0-4-0 171 654 100 57 
cell-0-4-1 271 654 100 57 
cell-0-4-2 371 654 100 57 
cell-0-4-3 471 654 100 57 
cell-0-4-4 571 654 100 57 
cell-0-4-5 671 654 100 57 
cell-0-5-0 171 720 100 57 
cell-0-5-1 271 720 100 57 
cell-0-5-2 371 720 100 57 
cell-0-5-3 471 720 100 57 
cell-0-5-4 571 720 100 57 
cell-0-5-5 671 720 100 57 
