table-0 183 103 216 504 
cell-0-0-0 183 103 43 35 
cell-0-0-1 226 103 43 35 
cell-0-0-2 269 103 43 35 
cell-0-0-3 312 103 43 35 
cell-0-0-4 355 103 43 35 
cell-0-1-0 183 142 43 35 
cell-0-1-1 226 142 43 35 
cell-0-1-2 269 142 43 35 
cell-0-1-3 312 142 43 35 
cell-0-1-4 355 142 43 35 
cell-0-2-0 183 181 43 35 
cell-0-2-1 226 181 43 35 
cell-0-2-2 269 181 43 35 
cell-0-2-3 312 181 43 35 
cell-0-2-4 355 181 43 35 
cell-0-3-0 183 220 43 35 
cell-0-3-1 226 220 43 35 
cell-0-3-2 269 220 43 35 
cell-0-3-3 312 220 43 35 
cell-0-3-4 355 220 43 35 
cell-0-4-0 183 259 43 35 
cell-0-4-1 226 259 43 35 
cell-0-4-2 269 259 43 35 
cell-0-4-3 312 259 43 35 
cell-0-4-4 355 259 43 35 
cell-0-5-0 183 298 43 35 
cell-0-5-1 226 298 43 35 
cell-0-5-2 269 298 43 35 
cell-0-5-3 312 298 43 35 
cell-0-5-4 355 298 43 35 
cell-0-6-0 183 337 43 35 
cell-0-6-1 226 337 43 35 
cell-0-6-2 269 337 43 35 
cell-0-6-3 312 337 43 35 
cell-0-6-4 355 337 43 35 
cell-0-7-0 183 376 43 35 
cell-0-7-1 226 376 43 35 
cell-0-7-2 269 376 43 35 
cell-0-7-3 312 376 43 35 
cell-0-7-4 355 376 43 35 
cell-0-8-0 183 415 43 35 
cell-0-8-1 226 415 43 35 
cell-0-8-2 269 415 43 35 
cell-0-8-3 312 415 43 35 
cell-0-8-4 355 415 43 35 
cell-0-9-0 183 454 43 35 
cell-0-9-1 226 454 43 35 
cell-0-9-2 269 454 43 35 
cell-0-9-3 312 454 43 35 
cell-0-9-4 355 454 43 35 
cell-0-10-0 183 493 43 35 
cell-0-10-1 226 493 43 35 
cell-0-10-2 269 493 43 35 
cell-0-10-3 312 493 43 35 
cell-0-10-4 355 493 43 35 
cell-0-11-0 183 532 43 35 
cell-0-11-1 226 532 43 35 
cell-0-11-2 269 532 43 35 
cell-0-11-3 312 532 43 35 
cell-0-11-4 355 532 43 35 
cell-0-12-0 183 571 43 35 
cell-0-12-1 226 571 43 35 
cell-0-12-2 269 571 43 35 
cell-0-12-3 312 571 43 35 
cell-0-12-4 355 571 43 35 
table-1 709 803 259 610 
cell-1-0-0 709 803 43 35 
cell-1-0-1 752 803 43 35 
cell-1-0-2 795 803 43 35 
cell-1-0-3 838 803 43 35 
cell-1-0-4 881 803 43 35 
cell-1-0-5 924 803 43 35 
cell-1-1-0 709 844 43 35 
cell-1-1-1 752 844 43 35 
cell-1-1-2 795 844 43 35 
cell-1-1-3 838 844 43 35 
cell-1-1-4 881 844 43 35 
cell-1-1-5 924 844 43 35 
cell-1-2-0 709 885 43 35 
cell-1-2-1 752 885 43 35 
cell-1-2-2 795 885 43 35 
cell-1-2-3 838 885 43 35 
cell-1-2-4 881 885 43 35 
cell-1-2-5 924 885 43 35 
cell-1-3-0 709 926 43 35 
cell-1-3-1 752 926 43 35 
cell-1-3-2 795 926 43 35 
cell-1-3-3 838 926 43 35 
cell-1-3-4 881 926 43 35 
cell-1-3-5 924 926 43 35 
cell-1-4-0 709 967 43 35 
cell-1-4-1 752 967 43 35 
cell-1-4-2 795 967 43 35 
cell-1-4-3 838 967 43 35 
cell-1-4-4 881 967 43 35 
cell-1-4-5 924 967 43 35 
cell-1-5-0 709 1008 43 35 
cell-1-5-1 752 1008 43 35 
cell-1-5-2 795 1008 43 35 
cell-1-5-3 838 1008 43 35 
cell-1-5-4 881 1008 43 35 
cell-1-5-5 924 1008 43 35 
cell-1-6-0 709 1049 43 35 
cell-1-6-1 752 1049 43 35 
cell-1-6-2 795 1049 43 35 
cell-1-6-3 838 1049 43 35 
cell-1-6-4 881 1049 43 35 
cell-1-6-5 924 1049 43 35 
cell-1-7-0 709 1090 43 35 
cell-1-7-1 752 1090 43 35 
cell-1-7-2 795 1090 43 35 
cell-1-7-3 838 1090 43 35 
cell-1-7-4 881 1090 43 35 
cell-1-7-5 924 1090 43 35 
cell-1-8-0 709 1131 43 35 
cell-1-8-1 752 1131 43 35 
cell-1-8-2 795 1131 43 35 
cell-1-8-3 838 1131 43 35 
cell-1-8-4 881 1131 43 35 
cell-1-8-5 924 1131 43 35 
cell-1-9-0 709 1172 43 35 
cell-1-9-1 752 1172 43 35 
cell-1-9-2 795 1172 43 35 
cell-1-9-3 838 1172 43 35 
cell-1-9-4 881 1172 43 35 
cell-1-9-5 924 1172 43 35 
cell-1-10-0 709 1213 43 35 
cell-1-10-1 752 1213 43 35 
cell-1-10-2 795 1213 43 35 
cell-1-10-3 838 1213 43 35 
cell-1-10-4 881 1213 43 35 
cell-1-10-5 924 1213 43 35 
cell-1-11-0 709 1254 43 35 
cell-1-11-1 752 1254 43 35 
cell-1-11-2 795 1254 43 35 
cell-1-11-3 838 1254 43 35 
cell-1-11-4 881 1254 43 35 
cell-1-11-5 924 1254 43 35 
cell-1-12-0 709 1295 43 35 
cell-1-12-1 752 1295 43 35 
cell-1-12-2 795 1295 43 35 
cell-1-12-3 838 1295 43 35 
cell-1-12-4 881 1295 43 35 
cell-1-12-5 924 1295 43 35 
cell-1-13-0 709 1336 43 35 
cell-1-13-1 752 1336 43 35 
cell-1-13-2 795 1336 43 35 
cell-1-13-3 838 1336 43 35 
cell-1-13-4 881 1336 43 35 
cell-1-13-5 924 1336 43 35 
cell-1-14-0 709 1377 43 35 
cell-1-14-1 752 1377 43 35 
cell-1-14-2 795 1377 43 35 
cell-1-14-3 838 1377 43 35 
cell-1-14-4 881 1377 43 35 
cell-1-14-5 924 1377 43 35 
