table-0 68 883 800 293 
cell-0-0-0 68 883 133 46 
cell-0-0-1 201 883 133 46 
cell-0-0-2 334 883 133 46 
cell-0-0-3 467 883 133 46 
cell-0-0-4 600 883 133 46 
cell-0-0-5 733 883 133 46 
cell-0-1-0 68 932 133 46 
cell-0-1-1 201 932 133 46 
cell-0-1-2 334 932 133 46 
cell-0-1-3 467 932 133 46 
cell-0-1-4 600 932 133 46 
cell-0-1-5 733 932 133 46 
cell-0-2-0 68 981 133 46 
cell-0-2-1 201 981 133 46 
cell-0-2-2 334 981 133 46 
cell-0-2-3 467 981 133 46 
cell-0-2-4 600 981 133 46 
cell-0-2-5 733 981 133 46 
cell-0-3-0 68 1030 133 46 
cell-0-3-1 201 1030 133 46 
cell-0-3-2 334 1030 133 46 
cell-0-3-3 467 1030 133 46 
cell-0-3-4 600 1030 133 46 
cell-0-3-5 733 1030 133 46 
cell-0-4-0 68 1079 133 46 
cell-0-4-1 201 1079 133 46 
cell-0-4-2 334 1079 133 46 
cell-0-4-3 467 1079 133 46 
cell-0-4-4 600 1079 133 46 
cell-0-4-5 733 1079 133 46 
cell-0-5-0 68 1128 133 46 
cell-0-5-1 201 1128 133 46 
cell-0-5-2 334 1128 133 46 
cell-0-5-3 467 1128 133 46 
cell-0-5-4 600 1128 133 46 
cell-0-5-5 733 1128 133 46 
header-1 208 522 823 195 
row-1-1 208 522 361 41 
row-1-2 589 522 262 41 
row-2-1 208 573 361 41 
row-2-2 589 573 433 41 
row-3-1 208 624 757 41 
row-4-1 208 675 790 41 
