table-0 291 862 658 585 
cell-0-0-0 291 862 45 43 
cell-0-0-1 336 862 45 43 
cell-0-0-2 381 862 45 43 
cell-0-0-3 426 862 45 43 
cell-0-0-4 471 862 476 43 
cell-0-1-0 291 911 45 43 
cell-0-1-1 336 911 45 43 
cell-0-1-2 381 911 45 43 
cell-0-1-3 426 911 45 43 
cell-0-1-4 471 911 476 43 
cell-0-2-0 291 960 45 43 
cell-0-2-1 336 960 45 43 
cell-0-2-2 381 960 45 43 
cell-0-2-3 426 960 45 43 
cell-0-2-4 471 960 476 43 
cell-0-3-0 291 1009 45 43 
cell-0-3-1 336 1009 45 43 
cell-0-3-2 381 1009 45 43 
cell-0-3-3 426 1009 45 43 
cell-0-3-4 471 1009 476 43 
cell-0-4-0 291 1058 45 43 
cell-0-4-1 336 1058 45 43 
cell-0-4-2 381 1058 45 43 
cell-0-4-3 426 1058 45 43 
cell-0-4-4 471 1058 476 43 
cell-0-5-0 291 1107 45 43 
cell-0-5-1 336 1107 45 43 
cell-0-5-2 381 1107 45 43 
cell-0-5-3 426 1107 45 43 
cell-0-5-4 471 1107 476 43 
cell-0-6-0 291 1156 45 43 
cell-0-6-1 336 1156 45 43 
cell-0-6-2 381 1156 45 43 
cell-0-6-3 426 1156 45 43 
cell-0-6-4 471 1156 476 43 
cell-0-7-0 291 1205 45 43 
cell-0-7-1 336 1205 45 43 
cell-0-7-2 381 1205 45 43 
cell-0-7-3 426 1205 45 43 
cell-0-7-4 471 1205 476 43 
cell-0-8-0 291 1254 45 43 
cell-0-8-1 336 1254 45 43 
cell-0-8-2 381 1254 45 43 
cell-0-8-3 426 1254 45 43 
cell-0-8-4 471 1254 476 43 
cell-0-9-0 291 1303 45 43 
cell-0-9-1 336 1303 45 43 
cell-0-9-2 381 1303 45 43 
cell-0-9-3 426 1303 45 43 
cell-0-9-4 471 1303 476 43 
cell-0-10-0 291 1352 45 43 
cell-0-10-1 336 1352 45 43 
cell-0-10-2 381 1352 45 43 
cell-0-10-3 426 1352 45 43 
cell-0-10-4 471 1352 476 43 
cell-0-11-0 291 1401 45 43 
cell-0-11-1 336 1401 45 43 
cell-0-11-2 381 1401 45 43 
cell-0-11-3 426 1401 45 43 
cell-0-11-4 471 1401 476 43 
table-1 367 68 266 611 
cell-1-0-0 367 68 44 35 
cell-1-0-1 411 68 44 35 
cell-1-0-2 455 68 44 35 
cell-1-0-3 499 68 44 35 
cell-1-0-4 543 68 44 35 
cell-1-0-5 587 68 44 35 
cell-1-1-0 367 109 44 35 
cell-1-1-1 411 109 44 35 
cell-1-1-2 455 109 44 35 
cell-1-1-3 499 109 44 35 
cell-1-1-4 543 109 44 35 
cell-1-1-5 587 109 44 35 
cell-1-2-0 367 150 44 35 
cell-1-2-1 411 150 44 35 
cell-1-2-2 455 150 44 35 
cell-1-2-3 499 150 44 35 
cell-1-2-4 543 150 44 35 
cell-1-2-5 587 150 44 35 
cell-1-3-0 367 191 44 35 
cell-1-3-1 411 191 44 35 
cell-1-3-2 455 191 44 35 
cell-1-3-3 499 191 44 35 
cell-1-3-4 543 191 44 35 
cell-1-3-5 587 191 44 35 
cell-1-4-0 367 232 44 35 
cell-1-4-1 411 232 44 35 
cell-1-4-2 455 232 44 35 
cell-1-4-3 499 232 44 35 
cell-1-4-4 543 232 44 35 
cell-1-4-5 587 232 44 35 
cell-1-5-0 367 273 44 35 
cell-1-5-1 411 273 44 35 
cell-1-5-2 455 273 44 35 
cell-1-5-3 499 273 44 35 
cell-1-5-4 543 273 44 35 
cell-1-5-5 587 273 44 35 
cell-1-6-0 367 314 44 35 
cell-1-6-1 411 314 44 35 
cell-1-6-2 455 314 44 35 
cell-1-6-3 499 314 44 35 
cell-1-6-4 543 314 44 35 
cell-1-6-5 587 314 44 35 
cell-1-7-0 367 355 44 35 
cell-1-7-1 411 355 44 35 
cell-1-7-2 455 355 44 35 
cell-1-7-3 499 355 44 35 
cell-1-7-4 543 355 44 35 
cell-1-7-5 587 355 44 35 
cell-1-8-0 367 396 44 35 
cell-1-8-1 411 396 44 35 
cell-1-8-2 455 396 44 35 
cell-1-8-3 499 396 44 35 
cell-1-8-4 543 396 44 35 
cell-1-8-5 587 396 44 35 
cell-1-9-0 367 437 44 35 
cell-1-9-1 411 437 44 35 
cell-1-9-2 455 437 44 35 
cell-1-9-3 499 437 44 35 
cell-1-9-4 543 437 44 35 
cell-1-9-5 587 437 44 35 
cell-1-10-0 367 478 44 35 
cell-1-10-1 411 478 44 35 
cell-1-10-2 455 478 44 35 
cell-1-10-3 499 478 44 35 
cell-1-10-4 543 478 44 35 
cell-1-10-5 587 478 44 35 
cell-1-11-0 367 519 44 35 
cell-1-11-1 411 519 44 35 
cell-1-11-2 455 519 44 35 
cell-1-11-3 499 519 44 35 
cell-1-11-4 543 519 44 35 
cell-1-11-5 587 519 44 35 
cell-1-12-0 367 560 44 35 
cell-1-12-1 411 560 44 35 
cell-1-12-2 455 560 44 35 
cell-1-12-3 499 560 44 35 
cell-1-12-4 543 560 44 35 
cell-1-12-5 587 560 44 35 
cell-1-13-0 367 601 44 35 
cell-1-13-1 411 601 44 35 
cell-1-13-2 455 601 44 35 
cell-1-13-3 499 601 44 35 
cell-1-13-4 543 601 44 35 
cell-1-13-5 587 601 44 35 
cell-1-14-0 367 642 44 35 
cell-1-14-1 411 642 44 35 
cell-1-14-2 455 642 44 35 
cell-1-14-3 499 642 44 35 
cell-1-14-4 543 642 44 35 
cell-1-14-5 587 642 44 35 
