table-0 117 147 700 555 
cell-0-0-0 117 147 100 57 
cell-0-0-1 217 147 100 57 
cell-0-0-2 317 147 100 57 
cell-0-0-3 417 147 100 57 
cell-0-0-4 517 147 100 57 
cell-0-0-5 617 147 100 57 
cell-0-0-6 717 147 100 57 
cell-0-1-0 117 209 100 57 
cell-0-1-1 217 209 100 57 
cell-0-1-2 317 209 100 57 
cell-0-1-3 417 209 100 57 
cell-0-1-4 517 209 100 57 
cell-0-1-5 617 209 100 57 
cell-0-1-6 717 209 100 57 
cell-0-2-0 117 271 100 57 
cell-0-2-1 217 271 100 57 
cell-0-2-2 317 271 100 57 
cell-0-2-3 417 271 100 57 
cell-0-2-4 517 271 100 57 
cell-0-2-5 617 271 100 57 
cell-0-2-6 717 271 100 57 
cell-0-3-0 117 333 100 57 
cell-0-3-1 217 333 100 57 
cell-0-3-2 317 333 100 57 
cell-0-3-3 417 333 100 57 
cell-0-3-4 517 333 100 57 
cell-0-3-5 617 333 100 57 
cell-0-3-6 717 333 100 57 
cell-0-4-0 117 395 100 57 
cell-0-4-1 217 395 100 57 
cell-0-4-2 317 395 100 57 
cell-0-4-3 417 395 100 57 
cell-0-4-4 517 395 100 57 
cell-0-4-5 617 395 100 57 
cell-0-4-6 717 395 100 57 
cell-0-5-0 117 457 100 57 
cell-0-5-1 217 457 100 57 
cell-0-5-2 317 457 100 57 
cell-0-5-3 417 457 100 57 
cell-0-5-4 517 457 100 57 
cell-0-5-5 617 457 100 57 
cell-0-5-6 717 457 100 57 
cell-0-6-0 117 519 100 57 
cell-0-6-1 217 519 100 57 
cell-0-6-2 317 519 100 57 
cell-0-6-3 417 519 100 57 
cell-0-6-4 517 519 100 57 
cell-0-6-5 617 519 100 57 
cell-0-6-6 717 519 100 57 
cell-0-7-0 117 581 100 57 
cell-0-7-1 217 581 100 57 
cell-0-7-2 317 581 100 57 
cell-0-7-3 417 581 100 57 
cell-0-7-4 517 581 100 57 
cell-0-7-5 617 581 100 57 
cell-0-7-6 717 581 100 57 
cell-0-8-0 117 643 100 57 
cell-0-8-1 217 643 100 57 
cell-0-8-2 317 643 100 57 
cell-0-8-3 417 643 100 57 
cell-0-8-4 517 643 100 57 
cell-0-8-5 617 643 100 57 
cell-0-8-6 717 643 100 57 
