table-0 105 343 900 324 
cell-0-0-0 105 343 100 45 
cell-0-0-1 205 343 100 45 
cell-0-0-2 305 343 100 45 
cell-0-0-3 405 343 100 45 
cell-0-0-4 505 343 100 45 
cell-0-0-5 605 343 100 45 
cell-0-0-6 705 343 100 45 
cell-0-0-7 805 343 100 45 
cell-0-0-8 905 343 100 45 
cell-0-1-0 105 389 100 45 
cell-0-1-1 205 389 100 45 
cell-0-1-2 305 389 100 45 
cell-0-1-3 405 389 100 45 
cell-0-1-4 505 389 100 45 
cell-0-1-5 605 389 100 45 
cell-0-1-6 705 389 100 45 
cell-0-1-7 805 389 100 45 
cell-0-1-8 905 389 100 45 
cell-0-2-0 105 435 100 45 
cell-0-2-1 205 435 100 45 
cell-0-2-2 305 435 100 45 
cell-0-2-3 405 435 100 45 
cell-0-2-4 505 435 100 45 
cell-0-2-5 605 435 100 45 
cell-0-2-6 705 435 100 45 
cell-0-2-7 805 435 100 45 
cell-0-2-8 905 435 100 45 
cell-0-3-0 105 481 100 45 
cell-0-3-1 205 481 100 45 
cell-0-3-2 305 481 100 45 
cell-0-3-3 405 481 100 45 
cell-0-3-4 505 481 100 45 
cell-0-3-5 605 481 100 45 
cell-0-3-6 705 481 100 45 
cell-0-3-7 805 481 100 45 
cell-0-3-8 905 481 100 45 
cell-0-4-0 105 527 100 45 
cell-0-4-1 205 527 100 45 
cell-0-4-2 305 527 100 45 
cell-0-4-3 405 527 100 45 
cell-0-4-4 505 527 100 45 
cell-0-4-5 605 527 100 45 
cell-0-4-6 705 527 100 45 
cell-0-4-7 805 527 100 45 
cell-0-4-8 905 527 100 45 
cell-0-5-0 105 573 100 45 
cell-0-5-1 205 573 100 45 
cell-0-5-2 305 573 100 45 
cell-0-5-3 405 573 100 45 
cell-0-5-4 505 573 100 45 
cell-0-5-5 605 573 100 45 
cell-0-5-6 705 573 100 45 
cell-0-5-7 805 573 100 45 
cell-0-5-8 905 573 100 45 
cell-0-6-0 105 619 100 45 
cell-0-6-1 205 619 100 45 
cell-0-6-2 305 619 100 45 
cell-0-6-3 405 619 100 45 
cell-0-6-4 505 619 100 45 
cell-0-6-5 605 619 100 45 
cell-0-6-6 705 619 100 45 
cell-0-6-7 805 619 100 45 
cell-0-6-8 905 619 100 45 
