table-0 90 766 259 600 
cell-0-0-0 90 766 43 35 
cell-0-0-1 133 766 43 35 
cell-0-0-2 176 766 43 35 
cell-0-0-3 219 766 43 35 
cell-0-0-4 262 766 43 35 
cell-0-0-5 305 766 43 35 
cell-0-1-0 90 813 43 35 
cell-0-1-1 133 813 43 35 
cell-0-1-2 176 813 43 35 
cell-0-1-3 219 813 43 35 
cell-0-1-4 262 813 43 35 
cell-0-1-5 305 813 43 35 
cell-0-2-0 90 860 43 35 
cell-0-2-1 133 860 43 35 
cell-0-2-2 176 860 43 35 
cell-0-2-3 219 860 43 35 
cell-0-2-4 262 860 43 35 
cell-0-2-5 305 860 43 35 
cell-0-3-0 90 907 43 35 
cell-0-3-1 133 907 43 35 
cell-0-3-2 176 907 43 35 
cell-0-3-3 219 907 43 35 
cell-0-3-4 262 907 43 35 
cell-0-3-5 305 907 43 35 
cell-0-4-0 90 954 43 35 
cell-0-4-1 133 954 43 35 
cell-0-4-2 176 954 43 35 
cell-0-4-3 219 954 43 35 
cell-0-4-4 262 954 43 35 
cell-0-4-5 305 954 43 35 
cell-0-5-0 90 1001 43 35 
cell-0-5-1 133 1001 43 35 
cell-0-5-2 176 1001 43 35 
cell-0-5-3 219 1001 43 35 
cell-0-5-4 262 1001 43 35 
cell-0-5-5 305 1001 43 35 
cell-0-6-0 90 1048 43 35 
cell-0-6-1 133 1048 43 35 
cell-0-6-2 176 1048 43 35 
cell-0-6-3 219 1048 43 35 
cell-0-6-4 262 1048 43 35 
cell-0-6-5 305 1048 43 35 
cell-0-7-0 90 1095 43 35 
cell-0-7-1 133 1095 43 35 
cell-0-7-2 176 1095 43 35 
cell-0-7-3 219 1095 43 35 
cell-0-7-4 262 1095 43 35 
cell-0-7-5 305 1095 43 35 
cell-0-8-0 90 1142 43 35 
cell-0-8-1 133 1142 43 35 
cell-0-8-2 176 1142 43 35 
cell-0-8-3 219 1142 43 35 
cell-0-8-4 262 1142 43 35 
cell-0-8-5 305 1142 43 35 
cell-0-9-0 90 1189 43 35 
cell-0-9-1 133 1189 43 35 
cell-0-9-2 176 1189 43 35 
cell-0-9-3 219 1189 43 35 
cell-0-9-4 262 1189 43 35 
cell-0-9-5 305 1189 43 35 
cell-0-10-0 90 1236 43 35 
cell-0-10-1 133 1236 43 35 
cell-0-10-2 176 1236 43 35 
cell-0-10-3 219 1236 43 35 
cell-0-10-4 262 1236 43 35 
cell-0-10-5 305 1236 43 35 
cell-0-11-0 90 1283 43 35 
cell-0-11-1 133 1283 43 35 
cell-0-11-2 176 1283 43 35 
cell-0-11-3 219 1283 43 35 
cell-0-11-4 262 1283 43 35 
cell-0-11-5 305 1283 43 35 
cell-0-12-0 90 1330 43 35 
cell-0-12-1 133 1330 43 35 
cell-0-12-2 176 1330 43 35 
cell-0-12-3 219 1330 43 35 
cell-0-12-4 262 1330 43 35 
cell-0-12-5 305 1330 43 35 
header-1 191 277 833 195 
row-1-1 191 277 258 41 
row-1-2 469 277 357 41 
row-2-1 191 328 390 41 
row-2-2 601 328 421 41 
row-3-1 191 379 720 41 
row-4-1 191 430 621 41 
