table-0 521 187 228 434 
cell-0-0-0 521 187 45 35 
cell-0-0-1 566 187 45 35 
cell-0-0-2 611 187 45 35 
cell-0-0-3 656 187 45 35 
cell-0-0-4 701 187 45 35 
cell-0-1-0 521 231 45 35 
cell-0-1-1 566 231 45 35 
cell-0-1-2 611 231 45 35 
cell-0-1-3 656 231 45 35 
cell-0-1-4 701 231 45 35 
cell-0-2-0 521 275 45 35 
cell-0-2-1 566 275 45 35 
cell-0-2-2 611 275 45 35 
cell-0-2-3 656 275 45 35 
cell-0-2-4 701 275 45 35 
cell-0-3-0 521 319 45 35 
cell-0-3-1 566 319 45 35 
cell-0-3-2 611 319 45 35 
cell-0-3-3 656 319 45 35 
cell-0-3-4 701 319 45 35 
cell-0-4-0 521 363 45 35 
cell-0-4-1 566 363 45 35 
cell-0-4-2 611 363 45 35 
cell-0-4-3 656 363 45 35 
cell-0-4-4 701 363 45 35 
cell-0-5-0 521 407 45 35 
cell-0-5-1 566 407 45 35 
cell-0-5-2 611 407 45 35 
cell-0-5-3 656 407 45 35 
cell-0-5-4 701 407 45 35 
cell-0-6-0 521 451 45 35 
cell-0-6-1 566 451 45 35 
cell-0-6-2 611 451 45 35 
cell-0-6-3 656 451 45 35 
cell-0-6-4 701 451 45 35 
cell-0-7-0 521 495 45 35 
cell-0-7-1 566 495 45 35 
cell-0-7-2 611 495 45 35 
cell-0-7-3 656 495 45 35 
cell-0-7-4 701 495 45 35 
cell-0-8-0 521 539 45 35 
cell-0-8-1 566 539 45 35 
cell-0-8-2 611 539 45 35 
cell-0-8-3 656 539 45 35 
cell-0-8-4 701 539 45 35 
cell-0-9-0 521 583 45 35 
cell-0-9-1 566 583 45 35 
cell-0-9-2 611 583 45 35 
cell-0-9-3 656 583 45 35 
cell-0-9-4 701 583 45 35 
