table-0 155 570 648 283 
cell-0-1-0 155 570 34 35 
cell-0-1-1 189 570 34 35 
cell-0-1-2 223 570 34 35 
cell-0-1-3 257 570 34 35 
cell-0-1-4 291 570 34 35 
cell-0-1-5 325 570 34 35 
cell-0-1-6 359 570 34 35 
cell-0-1-7 393 570 34 35 
cell-0-1-8 427 570 34 35 
cell-0-1-9 461 570 34 35 
cell-0-1-10 495 570 34 35 
cell-0-1-11 529 570 34 35 
cell-0-1-12 563 570 34 35 
cell-0-1-13 597 570 34 35 
cell-0-1-14 631 570 34 35 
cell-0-1-15 665 570 34 35 
cell-0-1-16 699 570 34 35 
cell-0-1-17 733 570 34 35 
cell-0-1-18 767 570 34 35 
cell-0-2-0 155 611 34 35 
cell-0-2-1 189 611 34 35 
cell-0-2-2 223 611 34 35 
cell-0-2-3 257 611 34 35 
cell-0-2-4 291 611 34 35 
cell-0-2-5 325 611 34 35 
cell-0-2-6 359 611 34 35 
cell-0-2-7 393 611 34 35 
cell-0-2-8 427 611 34 35 
cell-0-2-9 461 611 34 35 
cell-0-2-10 495 611 34 35 
cell-0-2-11 529 611 34 35 
cell-0-2-12 563 611 34 35 
cell-0-2-13 597 611 34 35 
cell-0-2-14 631 611 34 35 
cell-0-2-15 665 611 34 35 
cell-0-2-16 699 611 34 35 
cell-0-2-17 733 611 34 35 
cell-0-2-18 767 611 34 35 
cell-0-3-0 155 652 34 35 
cell-0-3-1 189 652 34 35 
cell-0-3-2 223 652 34 35 
cell-0-3-3 257 652 34 35 
cell-0-3-4 291 652 34 35 
cell-0-3-5 325 652 34 35 
cell-0-3-6 359 652 34 35 
cell-0-3-7 393 652 34 35 
cell-0-3-8 427 652 34 35 
cell-0-3-9 461 652 34 35 
cell-0-3-10 495 652 34 35 
cell-0-3-11 529 652 34 35 
cell-0-3-12 563 652 34 35 
cell-0-3-13 597 652 34 35 
cell-0-3-14 631 652 34 35 
cell-0-3-15 665 652 34 35 
cell-0-3-16 699 652 34 35 
cell-0-3-17 733 652 34 35 
cell-0-3-18 767 652 34 35 
cell-0-4-0 155 693 34 35 
cell-0-4-1 189 693 34 35 
cell-0-4-2 223 693 34 35 
cell-0-4-3 257 693 34 35 
cell-0-4-4 291 693 34 35 
cell-0-4-5 325 693 34 35 
cell-0-4-6 359 693 34 35 
cell-0-4-7 393 693 34 35 
cell-0-4-8 427 693 34 35 
cell-0-4-9 461 693 34 35 
cell-0-4-10 495 693 34 35 
cell-0-4-11 529 693 34 35 
cell-0-4-12 563 693 34 35 
cell-0-4-13 597 693 34 35 
cell-0-4-14 631 693 34 35 
cell-0-4-15 665 693 34 35 
cell-0-4-16 699 693 34 35 
cell-0-4-17 733 693 34 35 
cell-0-4-18 767 693 34 35 
cell-0-5-0 155 734 34 35 
cell-0-5-1 189 734 34 35 
cell-0-5-2 223 734 34 35 
cell-0-5-3 257 734 34 35 
cell-0-5-4 291 734 34 35 
cell-0-5-5 325 734 34 35 
cell-0-5-6 359 734 34 35 
cell-0-5-7 393 734 34 35 
cell-0-5-8 427 734 34 35 
cell-0-5-9 461 734 34 35 
cell-0-5-10 495 734 34 35 
cell-0-5-11 529 734 34 35 
cell-0-5-12 563 734 34 35 
cell-0-5-13 597 734 34 35 
cell-0-5-14 631 734 34 35 
cell-0-5-15 665 734 34 35 
cell-0-5-16 699 734 34 35 
cell-0-5-17 733 734 34 35 
cell-0-5-18 767 734 34 35 
cell-0-6-0 155 775 34 35 
cell-0-6-1 189 775 34 35 
cell-0-6-2 223 775 34 35 
cell-0-6-3 257 775 34 35 
cell-0-6-4 291 775 34 35 
cell-0-6-5 325 775 34 35 
cell-0-6-6 359 775 34 35 
cell-0-6-7 393 775 34 35 
cell-0-6-8 427 775 34 35 
cell-0-6-9 461 775 34 35 
cell-0-6-10 495 775 34 35 
cell-0-6-11 529 775 34 35 
cell-0-6-12 563 775 34 35 
cell-0-6-13 597 775 34 35 
cell-0-6-14 631 775 34 35 
cell-0-6-15 665 775 34 35 
cell-0-6-16 699 775 34 35 
cell-0-6-17 733 775 34 35 
cell-0-6-18 767 775 34 35 
cell-0-7-0 155 816 34 35 
cell-0-7-1 189 816 34 35 
cell-0-7-2 223 816 34 35 
cell-0-7-3 257 816 34 35 
cell-0-7-4 291 816 34 35 
cell-0-7-5 325 816 34 35 
cell-0-7-6 359 816 34 35 
cell-0-7-7 393 816 34 35 
cell-0-7-8 427 816 34 35 
cell-0-7-9 461 816 34 35 
cell-0-7-10 495 816 34 35 
cell-0-7-11 529 816 34 35 
cell-0-7-12 563 816 34 35 
cell-0-7-13 597 816 34 35 
cell-0-7-14 631 816 34 35 
cell-0-7-15 665 816 34 35 
cell-0-7-16 699 816 34 35 
cell-0-7-17 733 816 34 35 
cell-0-7-18 767 816 34 35 
