table-0 215 175 683 618 
cell-0-0-0 215 175 44 43 
cell-0-0-1 259 175 44 43 
cell-0-0-2 303 175 44 43 
cell-0-0-3 347 175 44 43 
cell-0-0-4 391 175 44 43 
cell-0-0-5 435 175 44 43 
cell-0-0-6 479 175 417 43 
cell-0-1-0 215 227 44 43 
cell-0-1-1 259 227 44 43 
cell-0-1-2 303 227 44 43 
cell-0-1-3 347 227 44 43 
cell-0-1-4 391 227 44 43 
cell-0-1-5 435 227 44 43 
cell-0-1-6 479 227 417 43 
cell-0-2-0 215 279 44 43 
cell-0-2-1 259 279 44 43 
cell-0-2-2 303 279 44 43 
cell-0-2-3 347 279 44 43 
cell-0-2-4 391 279 44 43 
cell-0-2-5 435 279 44 43 
cell-0-2-6 479 279 417 43 
cell-0-3-0 215 331 44 43 
cell-0-3-1 259 331 44 43 
cell-0-3-2 303 331 44 43 
cell-0-3-3 347 331 44 43 
cell-0-3-4 391 331 44 43 
cell-0-3-5 435 331 44 43 
cell-0-3-6 479 331 417 43 
cell-0-4-0 215 383 44 43 
cell-0-4-1 259 383 44 43 
cell-0-4-2 303 383 44 43 
cell-0-4-3 347 383 44 43 
cell-0-4-4 391 383 44 43 
cell-0-4-5 435 383 44 43 
cell-0-4-6 479 383 417 43 
cell-0-5-0 215 435 44 43 
cell-0-5-1 259 435 44 43 
cell-0-5-2 303 435 44 43 
cell-0-5-3 347 435 44 43 
cell-0-5-4 391 435 44 43 
cell-0-5-5 435 435 44 43 
cell-0-5-6 479 435 417 43 
cell-0-6-0 215 487 44 43 
cell-0-6-1 259 487 44 43 
cell-0-6-2 303 487 44 43 
cell-0-6-3 347 487 44 43 
cell-0-6-4 391 487 44 43 
cell-0-6-5 435 487 44 43 
cell-0-6-6 479 487 417 43 
cell-0-7-0 215 539 44 43 
cell-0-7-1 259 539 44 43 
cell-0-7-2 303 539 44 43 
cell-0-7-3 347 539 44 43 
cell-0-7-4 391 539 44 43 
cell-0-7-5 435 539 44 43 
cell-0-7-6 479 539 417 43 
cell-0-8-0 215 591 44 43 
cell-0-8-1 259 591 44 43 
cell-0-8-2 303 591 44 43 
cell-0-8-3 347 591 44 43 
cell-0-8-4 391 591 44 43 
cell-0-8-5 435 591 44 43 
cell-0-8-6 479 591 417 43 
cell-0-9-0 215 643 44 43 
cell-0-9-1 259 643 44 43 
cell-0-9-2 303 643 44 43 
cell-0-9-3 347 643 44 43 
cell-0-9-4 391 643 44 43 
cell-0-9-5 435 643 44 43 
cell-0-9-6 479 643 417 43 
cell-0-10-0 215 695 44 43 
cell-0-10-1 259 695 44 43 
cell-0-10-2 303 695 44 43 
cell-0-10-3 347 695 44 43 
cell-0-10-4 391 695 44 43 
cell-0-10-5 435 695 44 43 
cell-0-10-6 479 695 417 43 
cell-0-11-0 215 747 44 43 
cell-0-11-1 259 747 44 43 
cell-0-11-2 303 747 44 43 
cell-0-11-3 347 747 44 43 
cell-0-11-4 391 747 44 43 
cell-0-11-5 435 747 44 43 
cell-0-11-6 479 747 417 43 
