table-0 106 835 900 598 
cell-0-0-0 106 835 225 46 
cell-0-0-1 331 835 225 46 
cell-0-0-2 556 835 225 46 
cell-0-0-3 781 835 225 46 
cell-0-1-0 106 896 225 46 
cell-0-1-1 331 896 225 46 
cell-0-1-2 556 896 225 46 
cell-0-1-3 781 896 225 46 
cell-0-2-0 106 957 225 46 
cell-0-2-1 331 957 225 46 
cell-0-2-2 556 957 225 46 
cell-0-2-3 781 957 225 46 
cell-0-3-0 106 1018 225 46 
cell-0-3-1 331 1018 225 46 
cell-0-3-2 556 1018 225 46 
cell-0-3-3 781 1018 225 46 
cell-0-4-0 106 1079 225 46 
cell-0-4-1 331 1079 225 46 
cell-0-4-2 556 1079 225 46 
cell-0-4-3 781 1079 225 46 
cell-0-5-0 106 1140 225 46 
cell-0-5-1 331 1140 225 46 
cell-0-5-2 556 1140 225 46 
cell-0-5-3 781 1140 225 46 
cell-0-6-0 106 1201 225 46 
cell-0-6-1 331 1201 225 46 
cell-0-6-2 556 1201 225 46 
cell-0-6-3 781 1201 225 46 
cell-0-7-0 106 1262 225 46 
cell-0-7-1 331 1262 225 46 
cell-0-7-2 556 1262 225 46 
cell-0-7-3 781 1262 225 46 
cell-0-8-0 106 1323 225 46 
cell-0-8-1 331 1323 225 46 
cell-0-8-2 556 1323 225 46 
cell-0-8-3 781 1323 225 46 
cell-0-9-0 106 1384 225 46 
cell-0-9-1 331 1384 225 46 
cell-0-9-2 556 1384 225 46 
cell-0-9-3 781 1384 225 46 
