header-0 79 109 845 193 
row-1-1 79 109 334 40 
row-1-2 433 109 367 40 
row-2-1 79 159 334 40 
row-2-2 433 159 485 40 
row-3-1 79 209 763 40 
row-4-1 79 259 598 40 
table-1 60 474 1000 524 
cell-1-0-0 60 474 142 44 
cell-1-0-1 202 474 142 44 
cell-1-0-2 344 474 142 44 
cell-1-0-3 486 474 142 44 
cell-1-0-4 628 474 142 44 
cell-1-0-5 770 474 142 44 
cell-1-0-6 912 474 142 44 
cell-1-1-0 60 527 142 44 
cell-1-1-1 202 527 142 44 
cell-1-1-2 344 527 142 44 
cell-1-1-3 486 527 142 44 
cell-1-1-4 628 527 142 44 
cell-1-1-5 770 527 142 44 
cell-1-1-6 912 527 142 44 
cell-1-2-0 60 580 142 44 
cell-1-2-1 202 580 142 44 
cell-1-2-2 344 580 142 44 
cell-1-2-3 486 580 142 44 
cell-1-2-4 628 580 142 44 
cell-1-2-5 770 580 142 44 
cell-1-2-6 912 580 142 44 
cell-1-3-0 60 633 142 44 
cell-1-3-1 202 633 142 44 
cell-1-3-2 344 633 142 44 
cell-1-3-3 486 633 142 44 
cell-1-3-4 628 633 142 44 
cell-1-3-5 770 633 142 44 
cell-1-3-6 912 633 142 44 
cell-1-4-0 60 686 142 44 
cell-1-4-1 202 686 142 44 
cell-1-4-2 344 686 142 44 
cell-1-4-3 486 686 142 44 
cell-1-4-4 628 686 142 44 
cell-1-4-5 770 686 142 44 
cell-1-4-6 912 686 142 44 
cell-1-5-0 60 739 142 44 
cell-1-5-1 202 739 142 44 
cell-1-5-2 344 739 142 44 
cell-1-5-3 486 739 142 44 
cell-1-5-4 628 739 142 44 
cell-1-5-5 770 739 142 44 
cell-1-5-6 912 739 142 44 
cell-1-6-0 60 792 142 44 
cell-1-6-1 202 792 142 44 
cell-1-6-2 344 792 142 44 
cell-1-6-3 486 792 142 44 
cell-1-6-4 628 792 142 44 
cell-1-6-5 770 792 142 44 
cell-1-6-6 912 792 142 44 
cell-1-7-0 60 845 142 44 
cell-1-7-1 202 845 142 44 
cell-1-7-2 344 845 142 44 
cell-1-7-3 486 845 142 44 
cell-1-7-4 628 845 142 44 
cell-1-7-5 770 845 142 44 
cell-1-7-6 912 845 142 44 
cell-1-8-0 60 898 142 44 
cell-1-8-1 202 898 142 44 
cell-1-8-2 344 898 142 44 
cell-1-8-3 486 898 142 44 
cell-1-8-4 628 898 142 44 
cell-1-8-5 770 898 142 44 
cell-1-8-6 912 898 142 44 
cell-1-9-0 60 951 142 44 
cell-1-9-1 202 951 142 44 
cell-1-9-2 344 951 142 44 
cell-1-9-3 486 951 142 44 
cell-1-9-4 628 951 142 44 
cell-1-9-5 770 951 142 44 
cell-1-9-6 912 951 142 44 
