table-0 380 878 222 415 
cell-0-0-0 380 878 44 35 
cell-0-0-1 424 878 44 35 
cell-0-0-2 468 878 44 35 
cell-0-0-3 512 878 44 35 
cell-0-0-4 556 878 44 35 
cell-0-1-0 380 920 44 35 
cell-0-1-1 424 920 44 35 
cell-0-1-2 468 920 44 35 
cell-0-1-3 512 920 44 35 
cell-0-1-4 556 920 44 35 
cell-0-2-0 380 962 44 35 
cell-0-2-1 424 962 44 35 
cell-0-2-2 468 962 44 35 
cell-0-2-3 512 962 44 35 
cell-0-2-4 556 962 44 35 
cell-0-3-0 380 1004 44 35 
cell-0-3-1 424 1004 44 35 
cell-0-3-2 468 1004 44 35 
cell-0-3-3 512 1004 44 35 
cell-0-3-4 556 1004 44 35 
cell-0-4-0 380 1046 44 35 
cell-0-4-1 424 1046 44 35 
cell-0-4-2 468 1046 44 35 
cell-0-4-3 512 1046 44 35 
cell-0-4-4 556 1046 44 35 
cell-0-5-0 380 1088 44 35 
cell-0-5-1 424 1088 44 35 
cell-0-5-2 468 1088 44 35 
cell-0-5-3 512 1088 44 35 
cell-0-5-4 556 1088 44 35 
cell-0-6-0 380 1130 44 35 
cell-0-6-1 424 1130 44 35 
cell-0-6-2 468 1130 44 35 
cell-0-6-3 512 1130 44 35 
cell-0-6-4 556 1130 44 35 
cell-0-7-0 380 1172 44 35 
cell-0-7-1 424 1172 44 35 
cell-0-7-2 468 1172 44 35 
cell-0-7-3 512 1172 44 35 
cell-0-7-4 556 1172 44 35 
cell-0-8-0 380 1214 44 35 
cell-0-8-1 424 1214 44 35 
cell-0-8-2 468 1214 44 35 
cell-0-8-3 512 1214 44 35 
cell-0-8-4 556 1214 44 35 
cell-0-9-0 380 1256 44 35 
cell-0-9-1 424 1256 44 35 
cell-0-9-2 468 1256 44 35 
cell-0-9-3 512 1256 44 35 
cell-0-9-4 556 1256 44 35 
