table-0 329 877 700 516 
cell-0-0-0 329 877 77 53 
cell-0-0-1 406 877 77 53 
cell-0-0-2 483 877 77 53 
cell-0-0-3 560 877 77 53 
cell-0-0-4 637 877 77 53 
cell-0-0-5 714 877 77 53 
cell-0-0-6 791 877 77 53 
cell-0-0-7 868 877 77 53 
cell-0-0-8 945 877 77 53 
cell-0-1-0 329 943 77 53 
cell-0-1-1 406 943 77 53 
cell-0-1-2 483 943 77 53 
cell-0-1-3 560 943 77 53 
cell-0-1-4 637 943 77 53 
cell-0-1-5 714 943 77 53 
cell-0-1-6 791 943 77 53 
cell-0-1-7 868 943 77 53 
cell-0-1-8 945 943 77 53 
cell-0-2-0 329 1009 77 53 
cell-0-2-1 406 1009 77 53 
cell-0-2-2 483 1009 77 53 
cell-0-2-3 560 1009 77 53 
cell-0-2-4 637 1009 77 53 
cell-0-2-5 714 1009 77 53 
cell-0-2-6 791 1009 77 53 
cell-0-2-7 868 1009 77 53 
cell-0-2-8 945 1009 77 53 
cell-0-3-0 329 1075 77 53 
cell-0-3-1 406 1075 77 53 
cell-0-3-2 483 1075 77 53 
cell-0-3-3 560 1075 77 53 
cell-0-3-4 637 1075 77 53 
cell-0-3-5 714 1075 77 53 
cell-0-3-6 791 1075 77 53 
cell-0-3-7 868 1075 77 53 
cell-0-3-8 945 1075 77 53 
cell-0-4-0 329 1141 77 53 
cell-0-4-1 406 1141 77 53 
cell-0-4-2 483 1141 77 53 
cell-0-4-3 560 1141 77 53 
cell-0-4-4 637 1141 77 53 
cell-0-4-5 714 1141 77 53 
cell-0-4-6 791 1141 77 53 
cell-0-4-7 868 1141 77 53 
cell-0-4-8 945 1141 77 53 
cell-0-5-0 329 1207 77 53 
cell-0-5-1 406 1207 77 53 
cell-0-5-2 483 1207 77 53 
cell-0-5-3 560 1207 77 53 
cell-0-5-4 637 1207 77 53 
cell-0-5-5 714 1207 77 53 
cell-0-5-6 791 1207 77 53 
cell-0-5-7 868 1207 77 53 
cell-0-5-8 945 1207 77 53 
cell-0-6-0 329 1273 77 53 
cell-0-6-1 406 1273 77 53 
cell-0-6-2 483 1273 77 53 
cell-0-6-3 560 1273 77 53 
cell-0-6-4 637 1273 77 53 
cell-0-6-5 714 1273 77 53 
cell-0-6-6 791 1273 77 53 
cell-0-6-7 868 1273 77 53 
cell-0-6-8 945 1273 77 53 
cell-0-7-0 329 1339 77 53 
cell-0-7-1 406 1339 77 53 
cell-0-7-2 483 1339 77 53 
cell-0-7-3 560 1339 77 53 
cell-0-7-4 637 1339 77 53 
cell-0-7-5 714 1339 77 53 
cell-0-7-6 791 1339 77 53 
cell-0-7-7 868 1339 77 53 
cell-0-7-8 945 1339 77 53 
