table-0 274 490 364 240 
cell-0-1-0 274 490 33 35 
cell-0-1-1 307 490 33 35 
cell-0-1-2 340 490 33 35 
cell-0-1-3 373 490 33 35 
cell-0-1-4 406 490 33 35 
cell-0-1-5 439 490 33 35 
cell-0-1-6 472 490 33 35 
cell-0-1-7 505 490 33 35 
cell-0-1-8 538 490 33 35 
cell-0-1-9 571 490 33 35 
cell-0-1-10 604 490 33 35 
cell-0-2-0 274 541 33 35 
cell-0-2-1 307 541 33 35 
cell-0-2-2 340 541 33 35 
cell-0-2-3 373 541 33 35 
cell-0-2-4 406 541 33 35 
cell-0-2-5 439 541 33 35 
cell-0-2-6 472 541 33 35 
cell-0-2-7 505 541 33 35 
cell-0-2-8 538 541 33 35 
cell-0-2-9 571 541 33 35 
cell-0-2-10 604 541 33 35 
cell-0-3-0 274 592 33 35 
cell-0-3-1 307 592 33 35 
cell-0-3-2 340 592 33 35 
cell-0-3-3 373 592 33 35 
cell-0-3-4 406 592 33 35 
cell-0-3-5 439 592 33 35 
cell-0-3-6 472 592 33 35 
cell-0-3-7 505 592 33 35 
cell-0-3-8 538 592 33 35 
cell-0-3-9 571 592 33 35 
cell-0-3-10 604 592 33 35 
cell-0-4-0 274 643 33 35 
cell-0-4-1 307 643 33 35 
cell-0-4-2 340 643 33 35 
cell-0-4-3 373 643 33 35 
cell-0-4-4 406 643 33 35 
cell-0-4-5 439 643 33 35 
cell-0-4-6 472 643 33 35 
cell-0-4-7 505 643 33 35 
cell-0-4-8 538 643 33 35 
cell-0-4-9 571 643 33 35 
cell-0-4-10 604 643 33 35 
cell-0-5-0 274 694 33 35 
cell-0-5-1 307 694 33 35 
cell-0-5-2 340 694 33 35 
cell-0-5-3 373 694 33 35 
cell-0-5-4 406 694 33 35 
cell-0-5-5 439 694 33 35 
cell-0-5-6 472 694 33 35 
cell-0-5-7 505 694 33 35 
cell-0-5-8 538 694 33 35 
cell-0-5-9 571 694 33 35 
cell-0-5-10 604 694 33 35 
