table-0 90 637 800 303 
cell-0-0-0 90 637 133 37 
cell-0-0-1 223 637 133 37 
cell-0-0-2 356 637 133 37 
cell-0-0-3 489 637 133 37 
cell-0-0-4 622 637 133 37 
cell-0-0-5 755 637 133 37 
cell-0-1-0 90 681 133 37 
cell-0-1-1 223 681 133 37 
cell-0-1-2 356 681 133 37 
cell-0-1-3 489 681 133 37 
cell-0-1-4 622 681 133 37 
cell-0-1-5 755 681 133 37 
cell-0-2-0 90 725 133 37 
cell-0-2-1 223 725 133 37 
cell-0-2-2 356 725 133 37 
cell-0-2-3 489 725 133 37 
cell-0-2-4 622 725 133 37 
cell-0-2-5 755 725 133 37 
cell-0-3-0 90 769 133 37 
cell-0-3-1 223 769 133 37 
cell-0-3-2 356 769 133 37 
cell-0-3-3 489 769 133 37 
cell-0-3-4 622 769 133 37 
cell-0-3-5 755 769 133 37 
cell-0-4-0 90 813 133 37 
cell-0-4-1 223 813 133 37 
cell-0-4-2 356 813 133 37 
cell-0-4-3 489 813 133 37 
cell-0-4-4 622 813 133 37 
cell-0-4-5 755 813 133 37 
cell-0-5-0 90 857 133 37 
cell-0-5-1 223 857 133 37 
cell-0-5-2 356 857 133 37 
cell-0-5-3 489 857 133 37 
cell-0-5-4 622 857 133 37 
cell-0-5-5 755 857 133 37 
cell-0-6-0 90 901 133 37 
cell-0-6-1 223 901 133 37 
cell-0-6-2 356 901 133 37 
cell-0-6-3 489 901 133 37 
cell-0-6-4 622 901 133 37 
cell-0-6-5 755 901 133 37 
