table-0 136 262 800 607 
cell-0-0-0 136 262 133 47 
cell-0-0-1 269 262 133 47 
cell-0-0-2 402 262 133 47 
cell-0-0-3 535 262 133 47 
cell-0-0-4 668 262 133 47 
cell-0-0-5 801 262 133 47 
cell-0-1-0 136 324 133 47 
cell-0-1-1 269 324 133 47 
cell-0-1-2 402 324 133 47 
cell-0-1-3 535 324 133 47 
cell-0-1-4 668 324 133 47 
cell-0-1-5 801 324 133 47 
cell-0-2-0 136 386 133 47 
cell-0-2-1 269 386 133 47 
cell-0-2-2 402 386 133 47 
cell-0-2-3 535 386 133 47 
cell-0-2-4 668 386 133 47 
cell-0-2-5 801 386 133 47 
cell-0-3-0 136 448 133 47 
cell-0-3-1 269 448 133 47 
cell-0-3-2 402 448 133 47 
cell-0-3-3 535 448 133 47 
cell-0-3-4 668 448 133 47 
cell-0-3-5 801 448 133 47 
cell-0-4-0 136 510 133 47 
cell-0-4-1 269 510 133 47 
cell-0-4-2 402 510 133 47 
cell-0-4-3 535 510 133 47 
cell-0-4-4 668 510 133 47 
cell-0-4-5 801 510 133 47 
cell-0-5-0 136 572 133 47 
cell-0-5-1 269 572 133 47 
cell-0-5-2 402 572 133 47 
cell-0-5-3 535 572 133 47 
cell-0-5-4 668 572 133 47 
cell-0-5-5 801 572 133 47 
cell-0-6-0 136 634 133 47 
cell-0-6-1 269 634 133 47 
cell-0-6-2 402 634 133 47 
cell-0-6-3 535 634 133 47 
cell-0-6-4 668 634 133 47 
cell-0-6-5 801 634 133 47 
cell-0-7-0 136 696 133 47 
cell-0-7-1 269 696 133 47 
cell-0-7-2 402 696 133 47 
cell-0-7-3 535 696 133 47 
cell-0-7-4 668 696 133 47 
cell-0-7-5 801 696 133 47 
cell-0-8-0 136 758 133 47 
cell-0-8-1 269 758 133 47 
cell-0-8-2 402 758 133 47 
cell-0-8-3 535 758 133 47 
cell-0-8-4 668 758 133 47 
cell-0-8-5 801 758 133 47 
cell-0-9-0 136 820 133 47 
cell-0-9-1 269 820 133 47 
cell-0-9-2 402 820 133 47 
cell-0-9-3 535 820 133 47 
cell-0-9-4 668 820 133 47 
cell-0-9-5 801 820 133 47 
