table-0 297 204 700 361 
cell-0-0-0 297 204 100 38 
cell-0-0-1 397 204 100 38 
cell-0-0-2 497 204 100 38 
cell-0-0-3 597 204 100 38 
cell-0-0-4 697 204 100 38 
cell-0-0-5 797 204 100 38 
cell-0-0-6 897 204 100 38 
cell-0-1-0 297 244 100 38 
cell-0-1-1 397 244 100 38 
cell-0-1-2 497 244 100 38 
cell-0-1-3 597 244 100 38 
cell-0-1-4 697 244 100 38 
cell-0-1-5 797 244 100 38 
cell-0-1-6 897 244 100 38 
cell-0-2-0 297 284 100 38 
cell-0-2-1 397 284 100 38 
cell-0-2-2 497 284 100 38 
cell-0-2-3 597 284 100 38 
cell-0-2-4 697 284 100 38 
cell-0-2-5 797 284 100 38 
cell-0-2-6 897 284 100 38 
cell-0-3-0 297 324 100 38 
cell-0-3-1 397 324 100 38 
cell-0-3-2 497 324 100 38 
cell-0-3-3 597 324 100 38 
cell-0-3-4 697 324 100 38 
cell-0-3-5 797 324 100 38 
cell-0-3-6 897 324 100 38 
cell-0-4-0 297 364 100 38 
cell-0-4-1 397 364 100 38 
cell-0-4-2 497 364 100 38 
cell-0-4-3 597 364 100 38 
cell-0-4-4 697 364 100 38 
cell-0-4-5 797 364 100 38 
cell-0-4-6 897 364 100 38 
cell-0-5-0 297 404 100 38 
cell-0-5-1 397 404 100 38 
cell-0-5-2 497 404 100 38 
cell-0-5-3 597 404 100 38 
cell-0-5-4 697 404 100 38 
cell-0-5-5 797 404 100 38 
cell-0-5-6 897 404 100 38 
cell-0-6-0 297 444 100 38 
cell-0-6-1 397 444 100 38 
cell-0-6-2 497 444 100 38 
cell-0-6-3 597 444 100 38 
cell-0-6-4 697 444 100 38 
cell-0-6-5 797 444 100 38 
cell-0-6-6 897 444 100 38 
cell-0-7-0 297 484 100 38 
cell-0-7-1 397 484 100 38 
cell-0-7-2 497 484 100 38 
cell-0-7-3 597 484 100 38 
cell-0-7-4 697 484 100 38 
cell-0-7-5 797 484 100 38 
cell-0-7-6 897 484 100 38 
cell-0-8-0 297 524 100 38 
cell-0-8-1 397 524 100 38 
cell-0-8-2 497 524 100 38 
cell-0-8-3 597 524 100 38 
cell-0-8-4 697 524 100 38 
cell-0-8-5 797 524 100 38 
cell-0-8-6 897 524 100 38 
table-3 338 913 636 449 
cell-3-0-0 338 913 44 42 
cell-3-0-1 382 913 44 42 
cell-3-0-2 426 913 44 42 
cell-3-0-3 470 913 44 42 
cell-3-0-4 514 913 44 42 
cell-3-0-5 558 913 416 42 
cell-3-1-0 338 958 44 42 
cell-3-1-1 382 958 44 42 
cell-3-1-2 426 958 44 42 
cell-3-1-3 470 958 44 42 
cell-3-1-4 514 958 44 42 
cell-3-1-5 558 958 416 42 
cell-3-2-0 338 1003 44 42 
cell-3-2-1 382 1003 44 42 
cell-3-2-2 426 1003 44 42 
cell-3-2-3 470 1003 44 42 
cell-3-2-4 514 1003 44 42 
cell-3-2-5 558 1003 416 42 
cell-3-3-0 338 1048 44 42 
cell-3-3-1 382 1048 44 42 
cell-3-3-2 426 1048 44 42 
cell-3-3-3 470 1048 44 42 
cell-3-3-4 514 1048 44 42 
cell-3-3-5 558 1048 416 42 
cell-3-4-0 338 1093 44 42 
cell-3-4-1 382 1093 44 42 
cell-3-4-2 426 1093 44 42 
cell-3-4-3 470 1093 44 42 
cell-3-4-4 514 1093 44 42 
cell-3-4-5 558 1093 416 42 
cell-3-5-0 338 1138 44 42 
cell-3-5-1 382 1138 44 42 
cell-3-5-2 426 1138 44 42 
cell-3-5-3 470 1138 44 42 
cell-3-5-4 514 1138 44 42 
cell-3-5-5 558 1138 416 42 
cell-3-6-0 338 1183 44 42 
cell-3-6-1 382 1183 44 42 
cell-3-6-2 426 1183 44 42 
cell-3-6-3 470 1183 44 42 
cell-3-6-4 514 1183 44 42 
cell-3-6-5 558 1183 416 42 
cell-3-7-0 338 1228 44 42 
cell-3-7-1 382 1228 44 42 
cell-3-7-2 426 1228 44 42 
cell-3-7-3 470 1228 44 42 
cell-3-7-4 514 1228 44 42 
cell-3-7-5 558 1228 416 42 
cell-3-8-0 338 1273 44 42 
cell-3-8-1 382 1273 44 42 
cell-3-8-2 426 1273 44 42 
cell-3-8-3 470 1273 44 42 
cell-3-8-4 514 1273 44 42 
cell-3-8-5 558 1273 416 42 
cell-3-9-0 338 1318 44 42 
cell-3-9-1 382 1318 44 42 
cell-3-9-2 426 1318 44 42 
cell-3-9-3 470 1318 44 42 
cell-3-9-4 514 1318 44 42 
cell-3-9-5 558 1318 416 42 
