header-0 148 1007 812 195 
row-1-1 148 1007 389 41 
row-1-2 557 1007 389 41 
row-2-1 148 1058 323 41 
row-2-2 491 1058 467 41 
row-3-1 148 1109 686 41 
row-4-1 148 1160 719 41 
table-2 483 402 423 262 
cell-2-1-0 483 402 35 35 
cell-2-1-1 518 402 35 35 
cell-2-1-2 553 402 35 35 
cell-2-1-3 588 402 35 35 
cell-2-1-4 623 402 35 35 
cell-2-1-5 658 402 35 35 
cell-2-1-6 693 402 35 35 
cell-2-1-7 728 402 35 35 
cell-2-1-8 763 402 35 35 
cell-2-1-9 798 402 35 35 
cell-2-1-10 833 402 35 35 
cell-2-1-11 868 402 35 35 
cell-2-2-0 483 458 35 35 
cell-2-2-1 518 458 35 35 
cell-2-2-2 553 458 35 35 
cell-2-2-3 588 458 35 35 
cell-2-2-4 623 458 35 35 
cell-2-2-5 658 458 35 35 
cell-2-2-6 693 458 35 35 
cell-2-2-7 728 458 35 35 
cell-2-2-8 763 458 35 35 
cell-2-2-9 798 458 35 35 
cell-2-2-10 833 458 35 35 
cell-2-2-11 868 458 35 35 
cell-2-3-0 483 514 35 35 
cell-2-3-1 518 514 35 35 
cell-2-3-2 553 514 35 35 
cell-2-3-3 588 514 35 35 
cell-2-3-4 623 514 35 35 
cell-2-3-5 658 514 35 35 
cell-2-3-6 693 514 35 35 
cell-2-3-7 728 514 35 35 
cell-2-3-8 763 514 35 35 
cell-2-3-9 798 514 35 35 
cell-2-3-10 833 514 35 35 
cell-2-3-11 868 514 35 35 
cell-2-4-0 483 570 35 35 
cell-2-4-1 518 570 35 35 
cell-2-4-2 553 570 35 35 
cell-2-4-3 588 570 35 35 
cell-2-4-4 623 570 35 35 
cell-2-4-5 658 570 35 35 
cell-2-4-6 693 570 35 35 
cell-2-4-7 728 570 35 35 
cell-2-4-8 763 570 35 35 
cell-2-4-9 798 570 35 35 
cell-2-4-10 833 570 35 35 
cell-2-4-11 868 570 35 35 
cell-2-5-0 483 626 35 35 
cell-2-5-1 518 626 35 35 
cell-2-5-2 553 626 35 35 
cell-2-5-3 588 626 35 35 
cell-2-5-4 623 626 35 35 
cell-2-5-5 658 626 35 35 
cell-2-5-6 693 626 35 35 
cell-2-5-7 728 626 35 35 
cell-2-5-8 763 626 35 35 
cell-2-5-9 798 626 35 35 
cell-2-5-10 833 626 35 35 
cell-2-5-11 868 626 35 35 
