table-0 363 61 500 316 
cell-0-0-0 363 61 100 33 
cell-0-0-1 463 61 100 33 
cell-0-0-2 563 61 100 33 
cell-0-0-3 663 61 100 33 
cell-0-0-4 763 61 100 33 
cell-0-1-0 363 96 100 33 
cell-0-1-1 463 96 100 33 
cell-0-1-2 563 96 100 33 
cell-0-1-3 663 96 100 33 
cell-0-1-4 763 96 100 33 
cell-0-2-0 363 131 100 33 
cell-0-2-1 463 131 100 33 
cell-0-2-2 563 131 100 33 
cell-0-2-3 663 131 100 33 
cell-0-2-4 763 131 100 33 
cell-0-3-0 363 166 100 33 
cell-0-3-1 463 166 100 33 
cell-0-3-2 563 166 100 33 
cell-0-3-3 663 166 100 33 
cell-0-3-4 763 166 100 33 
cell-0-4-0 363 201 100 33 
cell-0-4-1 463 201 100 33 
cell-0-4-2 563 201 100 33 
cell-0-4-3 663 201 100 33 
cell-0-4-4 763 201 100 33 
cell-0-5-0 363 236 100 33 
cell-0-5-1 463 236 100 33 
cell-0-5-2 563 236 100 33 
cell-0-5-3 663 236 100 33 
cell-0-5-4 763 236 100 33 
cell-0-6-0 363 271 100 33 
cell-0-6-1 463 271 100 33 
cell-0-6-2 563 271 100 33 
cell-0-6-3 663 271 100 33 
cell-0-6-4 763 271 100 33 
cell-0-7-0 363 306 100 33 
cell-0-7-1 463 306 100 33 
cell-0-7-2 563 306 100 33 
cell-0-7-3 663 306 100 33 
cell-0-7-4 763 306 100 33 
cell-0-8-0 363 341 100 33 
cell-0-8-1 463 341 100 33 
cell-0-8-2 563 341 100 33 
cell-0-8-3 663 341 100 33 
cell-0-8-4 763 341 100 33 
table-1 277 777 633 293 
cell-1-1-0 277 777 35 35 
cell-1-1-1 312 777 35 35 
cell-1-1-2 347 777 35 35 
cell-1-1-3 382 777 35 35 
cell-1-1-4 417 777 35 35 
cell-1-1-5 452 777 35 35 
cell-1-1-6 487 777 35 35 
cell-1-1-7 522 777 35 35 
cell-1-1-8 557 777 35 35 
cell-1-1-9 592 777 35 35 
cell-1-1-10 627 777 35 35 
cell-1-1-11 662 777 35 35 
cell-1-1-12 697 777 35 35 
cell-1-1-13 732 777 35 35 
cell-1-1-14 767 777 35 35 
cell-1-1-15 802 777 35 35 
cell-1-1-16 837 777 35 35 
cell-1-1-17 872 777 35 35 
cell-1-2-0 277 828 35 35 
cell-1-2-1 312 828 35 35 
cell-1-2-2 347 828 35 35 
cell-1-2-3 382 828 35 35 
cell-1-2-4 417 828 35 35 
cell-1-2-5 452 828 35 35 
cell-1-2-6 487 828 35 35 
cell-1-2-7 522 828 35 35 
cell-1-2-8 557 828 35 35 
cell-1-2-9 592 828 35 35 
cell-1-2-10 627 828 35 35 
cell-1-2-11 662 828 35 35 
cell-1-2-12 697 828 35 35 
cell-1-2-13 732 828 35 35 
cell-1-2-14 767 828 35 35 
cell-1-2-15 802 828 35 35 
cell-1-2-16 837 828 35 35 
cell-1-2-17 872 828 35 35 
cell-1-3-0 277 879 35 35 
cell-1-3-1 312 879 35 35 
cell-1-3-2 347 879 35 35 
cell-1-3-3 382 879 35 35 
cell-1-3-4 417 879 35 35 
cell-1-3-5 452 879 35 35 
cell-1-3-6 487 879 35 35 
cell-1-3-7 522 879 35 35 
cell-1-3-8 557 879 35 35 
cell-1-3-9 592 879 35 35 
cell-1-3-10 627 879 35 35 
cell-1-3-11 662 879 35 35 
cell-1-3-12 697 879 35 35 
cell-1-3-13 732 879 35 35 
cell-1-3-14 767 879 35 35 
cell-1-3-15 802 879 35 35 
cell-1-3-16 837 879 35 35 
cell-1-3-17 872 879 35 35 
cell-1-4-0 277 930 35 35 
cell-1-4-1 312 930 35 35 
cell-1-4-2 347 930 35 35 
cell-1-4-3 382 930 35 35 
cell-1-4-4 417 930 35 35 
cell-1-4-5 452 930 35 35 
cell-1-4-6 487 930 35 35 
cell-1-4-7 522 930 35 35 
cell-1-4-8 557 930 35 35 
cell-1-4-9 592 930 35 35 
cell-1-4-10 627 930 35 35 
cell-1-4-11 662 930 35 35 
cell-1-4-12 697 930 35 35 
cell-1-4-13 732 930 35 35 
cell-1-4-14 767 930 35 35 
cell-1-4-15 802 930 35 35 
cell-1-4-16 837 930 35 35 
cell-1-4-17 872 930 35 35 
cell-1-5-0 277 981 35 35 
cell-1-5-1 312 981 35 35 
cell-1-5-2 347 981 35 35 
cell-1-5-3 382 981 35 35 
cell-1-5-4 417 981 35 35 
cell-1-5-5 452 981 35 35 
cell-1-5-6 487 981 35 35 
cell-1-5-7 522 981 35 35 
cell-1-5-8 557 981 35 35 
cell-1-5-9 592 981 35 35 
cell-1-5-10 627 981 35 35 
cell-1-5-11 662 981 35 35 
cell-1-5-12 697 981 35 35 
cell-1-5-13 732 981 35 35 
cell-1-5-14 767 981 35 35 
cell-1-5-15 802 981 35 35 
cell-1-5-16 837 981 35 35 
cell-1-5-17 872 981 35 35 
cell-1-6-0 277 1032 35 35 
cell-1-6-1 312 1032 35 35 
cell-1-6-2 347 1032 35 35 
cell-1-6-3 382 1032 35 35 
cell-1-6-4 417 1032 35 35 
cell-1-6-5 452 1032 35 35 
cell-1-6-6 487 1032 35 35 
cell-1-6-7 522 1032 35 35 
cell-1-6-8 557 1032 35 35 
cell-1-6-9 592 1032 35 35 
cell-1-6-10 627 1032 35 35 
cell-1-6-11 662 1032 35 35 
cell-1-6-12 697 1032 35 35 
cell-1-6-13 732 1032 35 35 
cell-1-6-14 767 1032 35 35 
cell-1-6-15 802 1032 35 35 
cell-1-6-16 837 1032 35 35 
cell-1-6-17 872 1032 35 35 
