table-0 60 326 1000 518 
cell-0-0-0 60 326 250 53 
cell-0-0-1 310 326 250 53 
cell-0-0-2 560 326 250 53 
cell-0-0-3 810 326 250 53 
cell-0-1-0 60 392 250 53 
cell-0-1-1 310 392 250 53 
cell-0-1-2 560 392 250 53 
cell-0-1-3 810 392 250 53 
cell-0-2-0 60 458 250 53 
cell-0-2-1 310 458 250 53 
cell-0-2-2 560 458 250 53 
cell-0-2-3 810 458 250 53 
cell-0-3-0 60 524 250 53 
cell-0-3-1 310 524 250 53 
cell-0-3-2 560 524 250 53 
cell-0-3-3 810 524 250 53 
cell-0-4-0 60 590 250 53 
cell-0-4-1 310 590 250 53 
cell-0-4-2 560 590 250 53 
cell-0-4-3 810 590 250 53 
cell-0-5-0 60 656 250 53 
cell-0-5-1 310 656 250 53 
cell-0-5-2 560 656 250 53 
cell-0-5-3 810 656 250 53 
cell-0-6-0 60 722 250 53 
cell-0-6-1 310 722 250 53 
cell-0-6-2 560 722 250 53 
cell-0-6-3 810 722 250 53 
cell-0-7-0 60 788 250 53 
cell-0-7-1 310 788 250 53 
cell-0-7-2 560 788 250 53 
cell-0-7-3 810 788 250 53 
