table-0 60 332 1000 450 
cell-0-0-0 60 332 111 48 
cell-0-0-1 171 332 111 48 
cell-0-0-2 282 332 111 48 
cell-0-0-3 393 332 111 48 
cell-0-0-4 504 332 111 48 
cell-0-0-5 615 332 111 48 
cell-0-0-6 726 332 111 48 
cell-0-0-7 837 332 111 48 
cell-0-0-8 948 332 111 48 
cell-0-1-0 60 382 111 48 
cell-0-1-1 171 382 111 48 
cell-0-1-2 282 382 111 48 
cell-0-1-3 393 382 111 48 
cell-0-1-4 504 382 111 48 
cell-0-1-5 615 382 111 48 
cell-0-1-6 726 382 111 48 
cell-0-1-7 837 382 111 48 
cell-0-1-8 948 382 111 48 
cell-0-2-0 60 432 111 48 
cell-0-2-1 171 432 111 48 
cell-0-2-2 282 432 111 48 
cell-0-2-3 393 432 111 48 
cell-0-2-4 504 432 111 48 
cell-0-2-5 615 432 111 48 
cell-0-2-6 726 432 111 48 
cell-0-2-7 837 432 111 48 
cell-0-2-8 948 432 111 48 
cell-0-3-0 60 482 111 48 
cell-0-3-1 171 482 111 48 
cell-0-3-2 282 482 111 48 
cell-0-3-3 393 482 111 48 
cell-0-3-4 504 482 111 48 
cell-0-3-5 615 482 111 48 
cell-0-3-6 726 482 111 48 
cell-0-3-7 837 482 111 48 
cell-0-3-8 948 482 111 48 
cell-0-4-0 60 532 111 48 
cell-0-4-1 171 532 111 48 
cell-0-4-2 282 532 111 48 
cell-0-4-3 393 532 111 48 
cell-0-4-4 504 532 111 48 
cell-0-4-5 615 532 111 48 
cell-0-4-6 726 532 111 48 
cell-0-4-7 837 532 111 48 
cell-0-4-8 948 532 111 48 
cell-0-5-0 60 582 111 48 
cell-0-5-1 171 582 111 48 
cell-0-5-2 282 582 111 48 
cell-0-5-3 393 582 111 48 
cell-0-5-4 504 582 111 48 
cell-0-5-5 615 582 111 48 
cell-0-5-6 726 582 111 48 
cell-0-5-7 837 582 111 48 
cell-0-5-8 948 582 111 48 
cell-0-6-0 60 632 111 48 
cell-0-6-1 171 632 111 48 
cell-0-6-2 282 632 111 48 
cell-0-6-3 393 632 111 48 
cell-0-6-4 504 632 111 48 
cell-0-6-5 615 632 111 48 
cell-0-6-6 726 632 111 48 
cell-0-6-7 837 632 111 48 
cell-0-6-8 948 632 111 48 
cell-0-7-0 60 682 111 48 
cell-0-7-1 171 682 111 48 
cell-0-7-2 282 682 111 48 
cell-0-7-3 393 682 111 48 
cell-0-7-4 504 682 111 48 
cell-0-7-5 615 682 111 48 
cell-0-7-6 726 682 111 48 
cell-0-7-7 837 682 111 48 
cell-0-7-8 948 682 111 48 
cell-0-8-0 60 732 111 48 
cell-0-8-1 171 732 111 48 
cell-0-8-2 282 732 111 48 
cell-0-8-3 393 732 111 48 
cell-0-8-4 504 732 111 48 
cell-0-8-5 615 732 111 48 
cell-0-8-6 726 732 111 48 
cell-0-8-7 837 732 111 48 
cell-0-8-8 948 732 111 48 
table-3 137 936 500 293 
cell-3-0-0 137 936 83 33 
cell-3-0-1 220 936 83 33 
cell-3-0-2 303 936 83 33 
cell-3-0-3 386 936 83 33 
cell-3-0-4 469 936 83 33 
cell-3-0-5 552 936 83 33 
cell-3-1-0 137 973 83 33 
cell-3-1-1 220 973 83 33 
cell-3-1-2 303 973 83 33 
cell-3-1-3 386 973 83 33 
cell-3-1-4 469 973 83 33 
cell-3-1-5 552 973 83 33 
cell-3-2-0 137 1010 83 33 
cell-3-2-1 220 1010 83 33 
cell-3-2-2 303 1010 83 33 
cell-3-2-3 386 1010 83 33 
cell-3-2-4 469 1010 83 33 
cell-3-2-5 552 1010 83 33 
cell-3-3-0 137 1047 83 33 
cell-3-3-1 220 1047 83 33 
cell-3-3-2 303 1047 83 33 
cell-3-3-3 386 1047 83 33 
cell-3-3-4 469 1047 83 33 
cell-3-3-5 552 1047 83 33 
cell-3-4-0 137 1084 83 33 
cell-3-4-1 220 1084 83 33 
cell-3-4-2 303 1084 83 33 
cell-3-4-3 386 1084 83 33 
cell-3-4-4 469 1084 83 33 
cell-3-4-5 552 1084 83 33 
cell-3-5-0 137 1121 83 33 
cell-3-5-1 220 1121 83 33 
cell-3-5-2 303 1121 83 33 
cell-3-5-3 386 1121 83 33 
cell-3-5-4 469 1121 83 33 
cell-3-5-5 552 1121 83 33 
cell-3-6-0 137 1158 83 33 
cell-3-6-1 220 1158 83 33 
cell-3-6-2 303 1158 83 33 
cell-3-6-3 386 1158 83 33 
cell-3-6-4 469 1158 83 33 
cell-3-6-5 552 1158 83 33 
cell-3-7-0 137 1195 83 33 
cell-3-7-1 220 1195 83 33 
cell-3-7-2 303 1195 83 33 
cell-3-7-3 386 1195 83 33 
cell-3-7-4 469 1195 83 33 
cell-3-7-5 552 1195 83 33 
