table-0 579 671 216 476 
cell-0-0-0 579 671 43 35 
cell-0-0-1 622 671 43 35 
cell-0-0-2 665 671 43 35 
cell-0-0-3 708 671 43 35 
cell-0-0-4 751 671 43 35 
cell-0-1-0 579 711 43 35 
cell-0-1-1 622 711 43 35 
cell-0-1-2 665 711 43 35 
cell-0-1-3 708 711 43 35 
cell-0-1-4 751 711 43 35 
cell-0-2-0 579 751 43 35 
cell-0-2-1 622 751 43 35 
cell-0-2-2 665 751 43 35 
cell-0-2-3 708 751 43 35 
cell-0-2-4 751 751 43 35 
cell-0-3-0 579 791 43 35 
cell-0-3-1 622 791 43 35 
cell-0-3-2 665 791 43 35 
cell-0-3-3 708 791 43 35 
cell-0-3-4 751 791 43 35 
cell-0-4-0 579 831 43 35 
cell-0-4-1 622 831 43 35 
cell-0-4-2 665 831 43 35 
cell-0-4-3 708 831 43 35 
cell-0-4-4 751 831 43 35 
cell-0-5-0 579 871 43 35 
cell-0-5-1 622 871 43 35 
cell-0-5-2 665 871 43 35 
cell-0-5-3 708 871 43 35 
cell-0-5-4 751 871 43 35 
cell-0-6-0 579 911 43 35 
cell-0-6-1 622 911 43 35 
cell-0-6-2 665 911 43 35 
cell-0-6-3 708 911 43 35 
cell-0-6-4 751 911 43 35 
cell-0-7-0 579 951 43 35 
cell-0-7-1 622 951 43 35 
cell-0-7-2 665 951 43 35 
cell-0-7-3 708 951 43 35 
cell-0-7-4 751 951 43 35 
cell-0-8-0 579 991 43 35 
cell-0-8-1 622 991 43 35 
cell-0-8-2 665 991 43 35 
cell-0-8-3 708 991 43 35 
cell-0-8-4 751 991 43 35 
cell-0-9-0 579 1031 43 35 
cell-0-9-1 622 1031 43 35 
cell-0-9-2 665 1031 43 35 
cell-0-9-3 708 1031 43 35 
cell-0-9-4 751 1031 43 35 
cell-0-10-0 579 1071 43 35 
cell-0-10-1 622 1071 43 35 
cell-0-10-2 665 1071 43 35 
cell-0-10-3 708 1071 43 35 
cell-0-10-4 751 1071 43 35 
cell-0-11-0 579 1111 43 35 
cell-0-11-1 622 1111 43 35 
cell-0-11-2 665 1111 43 35 
cell-0-11-3 708 1111 43 35 
cell-0-11-4 751 1111 43 35 
