table-0 93 896 800 305 
cell-0-0-0 93 896 114 48 
cell-0-0-1 207 896 114 48 
cell-0-0-2 321 896 114 48 
cell-0-0-3 435 896 114 48 
cell-0-0-4 549 896 114 48 
cell-0-0-5 663 896 114 48 
cell-0-0-6 777 896 114 48 
cell-0-1-0 93 947 114 48 
cell-0-1-1 207 947 114 48 
cell-0-1-2 321 947 114 48 
cell-0-1-3 435 947 114 48 
cell-0-1-4 549 947 114 48 
cell-0-1-5 663 947 114 48 
cell-0-1-6 777 947 114 48 
cell-0-2-0 93 998 114 48 
cell-0-2-1 207 998 114 48 
cell-0-2-2 321 998 114 48 
cell-0-2-3 435 998 114 48 
cell-0-2-4 549 998 114 48 
cell-0-2-5 663 998 114 48 
cell-0-2-6 777 998 114 48 
cell-0-3-0 93 1049 114 48 
cell-0-3-1 207 1049 114 48 
cell-0-3-2 321 1049 114 48 
cell-0-3-3 435 1049 114 48 
cell-0-3-4 549 1049 114 48 
cell-0-3-5 663 1049 114 48 
cell-0-3-6 777 1049 114 48 
cell-0-4-0 93 1100 114 48 
cell-0-4-1 207 1100 114 48 
cell-0-4-2 321 1100 114 48 
cell-0-4-3 435 1100 114 48 
cell-0-4-4 549 1100 114 48 
cell-0-4-5 663 1100 114 48 
cell-0-4-6 777 1100 114 48 
cell-0-5-0 93 1151 114 48 
cell-0-5-1 207 1151 114 48 
cell-0-5-2 321 1151 114 48 
cell-0-5-3 435 1151 114 48 
cell-0-5-4 549 1151 114 48 
cell-0-5-5 663 1151 114 48 
cell-0-5-6 777 1151 114 48 
table-2 319 173 528 632 
cell-2-0-0 319 173 44 42 
cell-2-0-1 363 173 44 42 
cell-2-0-2 407 173 44 42 
cell-2-0-3 451 173 44 42 
cell-2-0-4 495 173 350 42 
cell-2-1-0 319 215 44 42 
cell-2-1-1 363 215 44 42 
cell-2-1-2 407 215 44 42 
cell-2-1-3 451 215 44 42 
cell-2-1-4 495 215 350 42 
cell-2-2-0 319 257 44 42 
cell-2-2-1 363 257 44 42 
cell-2-2-2 407 257 44 42 
cell-2-2-3 451 257 44 42 
cell-2-2-4 495 257 350 42 
cell-2-3-0 319 299 44 42 
cell-2-3-1 363 299 44 42 
cell-2-3-2 407 299 44 42 
cell-2-3-3 451 299 44 42 
cell-2-3-4 495 299 350 42 
cell-2-4-0 319 341 44 42 
cell-2-4-1 363 341 44 42 
cell-2-4-2 407 341 44 42 
cell-2-4-3 451 341 44 42 
cell-2-4-4 495 341 350 42 
cell-2-5-0 319 383 44 42 
cell-2-5-1 363 383 44 42 
cell-2-5-2 407 383 44 42 
cell-2-5-3 451 383 44 42 
cell-2-5-4 495 383 350 42 
cell-2-6-0 319 425 44 42 
cell-2-6-1 363 425 44 42 
cell-2-6-2 407 425 44 42 
cell-2-6-3 451 425 44 42 
cell-2-6-4 495 425 350 42 
cell-2-7-0 319 467 44 42 
cell-2-7-1 363 467 44 42 
cell-2-7-2 407 467 44 42 
cell-2-7-3 451 467 44 42 
cell-2-7-4 495 467 350 42 
cell-2-8-0 319 509 44 42 
cell-2-8-1 363 509 44 42 
cell-2-8-2 407 509 44 42 
cell-2-8-3 451 509 44 42 
cell-2-8-4 495 509 350 42 
cell-2-9-0 319 551 44 42 
cell-2-9-1 363 551 44 42 
cell-2-9-2 407 551 44 42 
cell-2-9-3 451 551 44 42 
cell-2-9-4 495 551 350 42 
cell-2-10-0 319 593 44 42 
cell-2-10-1 363 593 44 42 
cell-2-10-2 407 593 44 42 
cell-2-10-3 451 593 44 42 
cell-2-10-4 495 593 350 42 
cell-2-11-0 319 635 44 42 
cell-2-11-1 363 635 44 42 
cell-2-11-2 407 635 44 42 
cell-2-11-3 451 635 44 42 
cell-2-11-4 495 635 350 42 
cell-2-12-0 319 677 44 42 
cell-2-12-1 363 677 44 42 
cell-2-12-2 407 677 44 42 
cell-2-12-3 451 677 44 42 
cell-2-12-4 495 677 350 42 
cell-2-13-0 319 719 44 42 
cell-2-13-1 363 719 44 42 
cell-2-13-2 407 719 44 42 
cell-2-13-3 451 719 44 42 
cell-2-13-4 495 719 350 42 
cell-2-14-0 319 761 44 42 
cell-2-14-1 363 761 44 42 
cell-2-14-2 407 761 44 42 
cell-2-14-3 451 761 44 42 
cell-2-14-4 495 761 350 42 
