table-0 108 155 650 581 
cell-0-0-0 108 155 43 41 
cell-0-0-1 151 155 43 41 
cell-0-0-2 194 155 43 41 
cell-0-0-3 237 155 43 41 
cell-0-0-4 280 155 43 41 
cell-0-0-5 323 155 434 41 
cell-0-1-0 108 204 43 41 
cell-0-1-1 151 204 43 41 
cell-0-1-2 194 204 43 41 
cell-0-1-3 237 204 43 41 
cell-0-1-4 280 204 43 41 
cell-0-1-5 323 204 434 41 
cell-0-2-0 108 253 43 41 
cell-0-2-1 151 253 43 41 
cell-0-2-2 194 253 43 41 
cell-0-2-3 237 253 43 41 
cell-0-2-4 280 253 43 41 
cell-0-2-5 323 253 434 41 
cell-0-3-0 108 302 43 41 
cell-0-3-1 151 302 43 41 
cell-0-3-2 194 302 43 41 
cell-0-3-3 237 302 43 41 
cell-0-3-4 280 302 43 41 
cell-0-3-5 323 302 434 41 
cell-0-4-0 108 351 43 41 
cell-0-4-1 151 351 43 41 
cell-0-4-2 194 351 43 41 
cell-0-4-3 237 351 43 41 
cell-0-4-4 280 351 43 41 
cell-0-4-5 323 351 434 41 
cell-0-5-0 108 400 43 41 
cell-0-5-1 151 400 43 41 
cell-0-5-2 194 400 43 41 
cell-0-5-3 237 400 43 41 
cell-0-5-4 280 400 43 41 
cell-0-5-5 323 400 434 41 
cell-0-6-0 108 449 43 41 
cell-0-6-1 151 449 43 41 
cell-0-6-2 194 449 43 41 
cell-0-6-3 237 449 43 41 
cell-0-6-4 280 449 43 41 
cell-0-6-5 323 449 434 41 
cell-0-7-0 108 498 43 41 
cell-0-7-1 151 498 43 41 
cell-0-7-2 194 498 43 41 
cell-0-7-3 237 498 43 41 
cell-0-7-4 280 498 43 41 
cell-0-7-5 323 498 434 41 
cell-0-8-0 108 547 43 41 
cell-0-8-1 151 547 43 41 
cell-0-8-2 194 547 43 41 
cell-0-8-3 237 547 43 41 
cell-0-8-4 280 547 43 41 
cell-0-8-5 323 547 434 41 
cell-0-9-0 108 596 43 41 
cell-0-9-1 151 596 43 41 
cell-0-9-2 194 596 43 41 
cell-0-9-3 237 596 43 41 
cell-0-9-4 280 596 43 41 
cell-0-9-5 323 596 434 41 
cell-0-10-0 108 645 43 41 
cell-0-10-1 151 645 43 41 
cell-0-10-2 194 645 43 41 
cell-0-10-3 237 645 43 41 
cell-0-10-4 280 645 43 41 
cell-0-10-5 323 645 434 41 
cell-0-11-0 108 694 43 41 
cell-0-11-1 151 694 43 41 
cell-0-11-2 194 694 43 41 
cell-0-11-3 237 694 43 41 
cell-0-11-4 280 694 43 41 
cell-0-11-5 323 694 434 41 
