table-0 305 548 700 551 
cell-0-0-0 305 548 100 52 
cell-0-0-1 405 548 100 52 
cell-0-0-2 505 548 100 52 
cell-0-0-3 605 548 100 52 
cell-0-0-4 705 548 100 52 
cell-0-0-5 805 548 100 52 
cell-0-0-6 905 548 100 52 
cell-0-1-0 305 610 100 52 
cell-0-1-1 405 610 100 52 
cell-0-1-2 505 610 100 52 
cell-0-1-3 605 610 100 52 
cell-0-1-4 705 610 100 52 
cell-0-1-5 805 610 100 52 
cell-0-1-6 905 610 100 52 
cell-0-2-0 305 672 100 52 
cell-0-2-1 405 672 100 52 
cell-0-2-2 505 672 100 52 
cell-0-2-3 605 672 100 52 
cell-0-2-4 705 672 100 52 
cell-0-2-5 805 672 100 52 
cell-0-2-6 905 672 100 52 
cell-0-3-0 305 734 100 52 
cell-0-3-1 405 734 100 52 
cell-0-3-2 505 734 100 52 
cell-0-3-3 605 734 100 52 
cell-0-3-4 705 734 100 52 
cell-0-3-5 805 734 100 52 
cell-0-3-6 905 734 100 52 
cell-0-4-0 305 796 100 52 
cell-0-4-1 405 796 100 52 
cell-0-4-2 505 796 100 52 
cell-0-4-3 605 796 100 52 
cell-0-4-4 705 796 100 52 
cell-0-4-5 805 796 100 52 
cell-0-4-6 905 796 100 52 
cell-0-5-0 305 858 100 52 
cell-0-5-1 405 858 100 52 
cell-0-5-2 505 858 100 52 
cell-0-5-3 605 858 100 52 
cell-0-5-4 705 858 100 52 
cell-0-5-5 805 858 100 52 
cell-0-5-6 905 858 100 52 
cell-0-6-0 305 920 100 52 
cell-0-6-1 405 920 100 52 
cell-0-6-2 505 920 100 52 
cell-0-6-3 605 920 100 52 
cell-0-6-4 705 920 100 52 
cell-0-6-5 805 920 100 52 
cell-0-6-6 905 920 100 52 
cell-0-7-0 305 982 100 52 
cell-0-7-1 405 982 100 52 
cell-0-7-2 505 982 100 52 
cell-0-7-3 605 982 100 52 
cell-0-7-4 705 982 100 52 
cell-0-7-5 805 982 100 52 
cell-0-7-6 905 982 100 52 
cell-0-8-0 305 1044 100 52 
cell-0-8-1 405 1044 100 52 
cell-0-8-2 505 1044 100 52 
cell-0-8-3 605 1044 100 52 
cell-0-8-4 705 1044 100 52 
cell-0-8-5 805 1044 100 52 
cell-0-8-6 905 1044 100 52 
