table-0 240 638 593 798 
cell-0-0-0 240 638 43 41 
cell-0-0-1 283 638 43 41 
cell-0-0-2 326 638 43 41 
cell-0-0-3 369 638 43 41 
cell-0-0-4 412 638 419 41 
cell-0-1-0 240 692 43 41 
cell-0-1-1 283 692 43 41 
cell-0-1-2 326 692 43 41 
cell-0-1-3 369 692 43 41 
cell-0-1-4 412 692 419 41 
cell-0-2-0 240 746 43 41 
cell-0-2-1 283 746 43 41 
cell-0-2-2 326 746 43 41 
cell-0-2-3 369 746 43 41 
cell-0-2-4 412 746 419 41 
cell-0-3-0 240 800 43 41 
cell-0-3-1 283 800 43 41 
cell-0-3-2 326 800 43 41 
cell-0-3-3 369 800 43 41 
cell-0-3-4 412 800 419 41 
cell-0-4-0 240 854 43 41 
cell-0-4-1 283 854 43 41 
cell-0-4-2 326 854 43 41 
cell-0-4-3 369 854 43 41 
cell-0-4-4 412 854 419 41 
cell-0-5-0 240 908 43 41 
cell-0-5-1 283 908 43 41 
cell-0-5-2 326 908 43 41 
cell-0-5-3 369 908 43 41 
cell-0-5-4 412 908 419 41 
cell-0-6-0 240 962 43 41 
cell-0-6-1 283 962 43 41 
cell-0-6-2 326 962 43 41 
cell-0-6-3 369 962 43 41 
cell-0-6-4 412 962 419 41 
cell-0-7-0 240 1016 43 41 
cell-0-7-1 283 1016 43 41 
cell-0-7-2 326 1016 43 41 
cell-0-7-3 369 1016 43 41 
cell-0-7-4 412 1016 419 41 
cell-0-8-0 240 1070 43 41 
cell-0-8-1 283 1070 43 41 
cell-0-8-2 326 1070 43 41 
cell-0-8-3 369 1070 43 41 
cell-0-8-4 412 1070 419 41 
cell-0-9-0 240 1124 43 41 
cell-0-9-1 283 1124 43 41 
cell-0-9-2 326 1124 43 41 
cell-0-9-3 369 1124 43 41 
cell-0-9-4 412 1124 419 41 
cell-0-10-0 240 1178 43 41 
cell-0-10-1 283 1178 43 41 
cell-0-10-2 326 1178 43 41 
cell-0-10-3 369 1178 43 41 
cell-0-10-4 412 1178 419 41 
cell-0-11-0 240 1232 43 41 
cell-0-11-1 283 1232 43 41 
cell-0-11-2 326 1232 43 41 
cell-0-11-3 369 1232 43 41 
cell-0-11-4 412 1232 419 41 
cell-0-12-0 240 1286 43 41 
cell-0-12-1 283 1286 43 41 
cell-0-12-2 326 1286 43 41 
cell-0-12-3 369 1286 43 41 
cell-0-12-4 412 1286 419 41 
cell-0-13-0 240 1340 43 41 
cell-0-13-1 283 1340 43 41 
cell-0-13-2 326 1340 43 41 
cell-0-13-3 369 1340 43 41 
cell-0-13-4 412 1340 419 41 
cell-0-14-0 240 1394 43 41 
cell-0-14-1 283 1394 43 41 
cell-0-14-2 326 1394 43 41 
cell-0-14-3 369 1394 43 41 
cell-0-14-4 412 1394 419 41 
