table-0 253 463 259 477 
cell-0-0-0 253 463 43 35 
cell-0-0-1 296 463 43 35 
cell-0-0-2 339 463 43 35 
cell-0-0-3 382 463 43 35 
cell-0-0-4 425 463 43 35 
cell-0-0-5 468 463 43 35 
cell-0-1-0 253 512 43 35 
cell-0-1-1 296 512 43 35 
cell-0-1-2 339 512 43 35 
cell-0-1-3 382 512 43 35 
cell-0-1-4 425 512 43 35 
cell-0-1-5 468 512 43 35 
cell-0-2-0 253 561 43 35 
cell-0-2-1 296 561 43 35 
cell-0-2-2 339 561 43 35 
cell-0-2-3 382 561 43 35 
cell-0-2-4 425 561 43 35 
cell-0-2-5 468 561 43 35 
cell-0-3-0 253 610 43 35 
cell-0-3-1 296 610 43 35 
cell-0-3-2 339 610 43 35 
cell-0-3-3 382 610 43 35 
cell-0-3-4 425 610 43 35 
cell-0-3-5 468 610 43 35 
cell-0-4-0 253 659 43 35 
cell-0-4-1 296 659 43 35 
cell-0-4-2 339 659 43 35 
cell-0-4-3 382 659 43 35 
cell-0-4-4 425 659 43 35 
cell-0-4-5 468 659 43 35 
cell-0-5-0 253 708 43 35 
cell-0-5-1 296 708 43 35 
cell-0-5-2 339 708 43 35 
cell-0-5-3 382 708 43 35 
cell-0-5-4 425 708 43 35 
cell-0-5-5 468 708 43 35 
cell-0-6-0 253 757 43 35 
cell-0-6-1 296 757 43 35 
cell-0-6-2 339 757 43 35 
cell-0-6-3 382 757 43 35 
cell-0-6-4 425 757 43 35 
cell-0-6-5 468 757 43 35 
cell-0-7-0 253 806 43 35 
cell-0-7-1 296 806 43 35 
cell-0-7-2 339 806 43 35 
cell-0-7-3 382 806 43 35 
cell-0-7-4 425 806 43 35 
cell-0-7-5 468 806 43 35 
cell-0-8-0 253 855 43 35 
cell-0-8-1 296 855 43 35 
cell-0-8-2 339 855 43 35 
cell-0-8-3 382 855 43 35 
cell-0-8-4 425 855 43 35 
cell-0-8-5 468 855 43 35 
cell-0-9-0 253 904 43 35 
cell-0-9-1 296 904 43 35 
cell-0-9-2 339 904 43 35 
cell-0-9-3 382 904 43 35 
cell-0-9-4 425 904 43 35 
cell-0-9-5 468 904 43 35 
