table-0 358 374 614 408 
cell-0-1-0 358 374 34 35 
cell-0-1-1 392 374 34 35 
cell-0-1-2 426 374 34 35 
cell-0-1-3 460 374 34 35 
cell-0-1-4 494 374 34 35 
cell-0-1-5 528 374 34 35 
cell-0-1-6 562 374 34 35 
cell-0-1-7 596 374 34 35 
cell-0-1-8 630 374 34 35 
cell-0-1-9 664 374 34 35 
cell-0-1-10 698 374 34 35 
cell-0-1-11 732 374 34 35 
cell-0-1-12 766 374 34 35 
cell-0-1-13 800 374 34 35 
cell-0-1-14 834 374 34 35 
cell-0-1-15 868 374 34 35 
cell-0-1-16 902 374 34 35 
cell-0-1-17 936 374 34 35 
cell-0-2-0 358 427 34 35 
cell-0-2-1 392 427 34 35 
cell-0-2-2 426 427 34 35 
cell-0-2-3 460 427 34 35 
cell-0-2-4 494 427 34 35 
cell-0-2-5 528 427 34 35 
cell-0-2-6 562 427 34 35 
cell-0-2-7 596 427 34 35 
cell-0-2-8 630 427 34 35 
cell-0-2-9 664 427 34 35 
cell-0-2-10 698 427 34 35 
cell-0-2-11 732 427 34 35 
cell-0-2-12 766 427 34 35 
cell-0-2-13 800 427 34 35 
cell-0-2-14 834 427 34 35 
cell-0-2-15 868 427 34 35 
cell-0-2-16 902 427 34 35 
cell-0-2-17 936 427 34 35 
cell-0-3-0 358 480 34 35 
cell-0-3-1 392 480 34 35 
cell-0-3-2 426 480 34 35 
cell-0-3-3 460 480 34 35 
cell-0-3-4 494 480 34 35 
cell-0-3-5 528 480 34 35 
cell-0-3-6 562 480 34 35 
cell-0-3-7 596 480 34 35 
cell-0-3-8 630 480 34 35 
cell-0-3-9 664 480 34 35 
cell-0-3-10 698 480 34 35 
cell-0-3-11 732 480 34 35 
cell-0-3-12 766 480 34 35 
cell-0-3-13 800 480 34 35 
cell-0-3-14 834 480 34 35 
cell-0-3-15 868 480 34 35 
cell-0-3-16 902 480 34 35 
cell-0-3-17 936 480 34 35 
cell-0-4-0 358 533 34 35 
cell-0-4-1 392 533 34 35 
cell-0-4-2 426 533 34 35 
cell-0-4-3 460 533 34 35 
cell-0-4-4 494 533 34 35 
cell-0-4-5 528 533 34 35 
cell-0-4-6 562 533 34 35 
cell-0-4-7 596 533 34 35 
cell-0-4-8 630 533 34 35 
cell-0-4-9 664 533 34 35 
cell-0-4-10 698 533 34 35 
cell-0-4-11 732 533 34 35 
cell-0-4-12 766 533 34 35 
cell-0-4-13 800 533 34 35 
cell-0-4-14 834 533 34 35 
cell-0-4-15 868 533 34 35 
cell-0-4-16 902 533 34 35 
cell-0-4-17 936 533 34 35 
cell-0-5-0 358 586 34 35 
cell-0-5-1 392 586 34 35 
cell-0-5-2 426 586 34 35 
cell-0-5-3 460 586 34 35 
cell-0-5-4 494 586 34 35 
cell-0-5-5 528 586 34 35 
cell-0-5-6 562 586 34 35 
cell-0-5-7 596 586 34 35 
cell-0-5-8 630 586 34 35 
cell-0-5-9 664 586 34 35 
cell-0-5-10 698 586 34 35 
cell-0-5-11 732 586 34 35 
cell-0-5-12 766 586 34 35 
cell-0-5-13 800 586 34 35 
cell-0-5-14 834 586 34 35 
cell-0-5-15 868 586 34 35 
cell-0-5-16 902 586 34 35 
cell-0-5-17 936 586 34 35 
cell-0-6-0 358 639 34 35 
cell-0-6-1 392 639 34 35 
cell-0-6-2 426 639 34 35 
cell-0-6-3 460 639 34 35 
cell-0-6-4 494 639 34 35 
cell-0-6-5 528 639 34 35 
cell-0-6-6 562 639 34 35 
cell-0-6-7 596 639 34 35 
cell-0-6-8 630 639 34 35 
cell-0-6-9 664 639 34 35 
cell-0-6-10 698 639 34 35 
cell-0-6-11 732 639 34 35 
cell-0-6-12 766 639 34 35 
cell-0-6-13 800 639 34 35 
cell-0-6-14 834 639 34 35 
cell-0-6-15 868 639 34 35 
cell-0-6-16 902 639 34 35 
cell-0-6-17 936 639 34 35 
cell-0-7-0 358 692 34 35 
cell-0-7-1 392 692 34 35 
cell-0-7-2 426 692 34 35 
cell-0-7-3 460 692 34 35 
cell-0-7-4 494 692 34 35 
cell-0-7-5 528 692 34 35 
cell-0-7-6 562 692 34 35 
cell-0-7-7 596 692 34 35 
cell-0-7-8 630 692 34 35 
cell-0-7-9 664 692 34 35 
cell-0-7-10 698 692 34 35 
cell-0-7-11 732 692 34 35 
cell-0-7-12 766 692 34 35 
cell-0-7-13 800 692 34 35 
cell-0-7-14 834 692 34 35 
cell-0-7-15 868 692 34 35 
cell-0-7-16 902 692 34 35 
cell-0-7-17 936 692 34 35 
cell-0-8-0 358 745 34 35 
cell-0-8-1 392 745 34 35 
cell-0-8-2 426 745 34 35 
cell-0-8-3 460 745 34 35 
cell-0-8-4 494 745 34 35 
cell-0-8-5 528 745 34 35 
cell-0-8-6 562 745 34 35 
cell-0-8-7 596 745 34 35 
cell-0-8-8 630 745 34 35 
cell-0-8-9 664 745 34 35 
cell-0-8-10 698 745 34 35 
cell-0-8-11 732 745 34 35 
cell-0-8-12 766 745 34 35 
cell-0-8-13 800 745 34 35 
cell-0-8-14 834 745 34 35 
cell-0-8-15 868 745 34 35 
cell-0-8-16 902 745 34 35 
cell-0-8-17 936 745 34 35 
table-1 140 866 700 352 
cell-1-0-0 140 866 87 39 
cell-1-0-1 227 866 87 39 
cell-1-0-2 314 866 87 39 
cell-1-0-3 401 866 87 39 
cell-1-0-4 488 866 87 39 
cell-1-0-5 575 866 87 39 
cell-1-0-6 662 866 87 39 
cell-1-0-7 749 866 87 39 
cell-1-1-0 140 918 87 39 
cell-1-1-1 227 918 87 39 
cell-1-1-2 314 918 87 39 
cell-1-1-3 401 918 87 39 
cell-1-1-4 488 918 87 39 
cell-1-1-5 575 918 87 39 
cell-1-1-6 662 918 87 39 
cell-1-1-7 749 918 87 39 
cell-1-2-0 140 970 87 39 
cell-1-2-1 227 970 87 39 
cell-1-2-2 314 970 87 39 
cell-1-2-3 401 970 87 39 
cell-1-2-4 488 970 87 39 
cell-1-2-5 575 970 87 39 
cell-1-2-6 662 970 87 39 
cell-1-2-7 749 970 87 39 
cell-1-3-0 140 1022 87 39 
cell-1-3-1 227 1022 87 39 
cell-1-3-2 314 1022 87 39 
cell-1-3-3 401 1022 87 39 
cell-1-3-4 488 1022 87 39 
cell-1-3-5 575 1022 87 39 
cell-1-3-6 662 1022 87 39 
cell-1-3-7 749 1022 87 39 
cell-1-4-0 140 1074 87 39 
cell-1-4-1 227 1074 87 39 
cell-1-4-2 314 1074 87 39 
cell-1-4-3 401 1074 87 39 
cell-1-4-4 488 1074 87 39 
cell-1-4-5 575 1074 87 39 
cell-1-4-6 662 1074 87 39 
cell-1-4-7 749 1074 87 39 
cell-1-5-0 140 1126 87 39 
cell-1-5-1 227 1126 87 39 
cell-1-5-2 314 1126 87 39 
cell-1-5-3 401 1126 87 39 
cell-1-5-4 488 1126 87 39 
cell-1-5-5 575 1126 87 39 
cell-1-5-6 662 1126 87 39 
cell-1-5-7 749 1126 87 39 
cell-1-6-0 140 1178 87 39 
cell-1-6-1 227 1178 87 39 
cell-1-6-2 314 1178 87 39 
cell-1-6-3 401 1178 87 39 
cell-1-6-4 488 1178 87 39 
cell-1-6-5 575 1178 87 39 
cell-1-6-6 662 1178 87 39 
cell-1-6-7 749 1178 87 39 
