table-0 174 234 640 616 
cell-0-0-0 174 234 44 43 
cell-0-0-1 218 234 44 43 
cell-0-0-2 262 234 44 43 
cell-0-0-3 306 234 44 43 
cell-0-0-4 350 234 44 43 
cell-0-0-5 394 234 416 43 
cell-0-1-0 174 291 44 43 
cell-0-1-1 218 291 44 43 
cell-0-1-2 262 291 44 43 
cell-0-1-3 306 291 44 43 
cell-0-1-4 350 291 44 43 
cell-0-1-5 394 291 416 43 
cell-0-2-0 174 348 44 43 
cell-0-2-1 218 348 44 43 
cell-0-2-2 262 348 44 43 
cell-0-2-3 306 348 44 43 
cell-0-2-4 350 348 44 43 
cell-0-2-5 394 348 416 43 
cell-0-3-0 174 405 44 43 
cell-0-3-1 218 405 44 43 
cell-0-3-2 262 405 44 43 
cell-0-3-3 306 405 44 43 
cell-0-3-4 350 405 44 43 
cell-0-3-5 394 405 416 43 
cell-0-4-0 174 462 44 43 
cell-0-4-1 218 462 44 43 
cell-0-4-2 262 462 44 43 
cell-0-4-3 306 462 44 43 
cell-0-4-4 350 462 44 43 
cell-0-4-5 394 462 416 43 
cell-0-5-0 174 519 44 43 
cell-0-5-1 218 519 44 43 
cell-0-5-2 262 519 44 43 
cell-0-5-3 306 519 44 43 
cell-0-5-4 350 519 44 43 
cell-0-5-5 394 519 416 43 
cell-0-6-0 174 576 44 43 
cell-0-6-1 218 576 44 43 
cell-0-6-2 262 576 44 43 
cell-0-6-3 306 576 44 43 
cell-0-6-4 350 576 44 43 
cell-0-6-5 394 576 416 43 
cell-0-7-0 174 633 44 43 
cell-0-7-1 218 633 44 43 
cell-0-7-2 262 633 44 43 
cell-0-7-3 306 633 44 43 
cell-0-7-4 350 633 44 43 
cell-0-7-5 394 633 416 43 
cell-0-8-0 174 690 44 43 
cell-0-8-1 218 690 44 43 
cell-0-8-2 262 690 44 43 
cell-0-8-3 306 690 44 43 
cell-0-8-4 350 690 44 43 
cell-0-8-5 394 690 416 43 
cell-0-9-0 174 747 44 43 
cell-0-9-1 218 747 44 43 
cell-0-9-2 262 747 44 43 
cell-0-9-3 306 747 44 43 
cell-0-9-4 350 747 44 43 
cell-0-9-5 394 747 416 43 
cell-0-10-0 174 804 44 43 
cell-0-10-1 218 804 44 43 
cell-0-10-2 262 804 44 43 
cell-0-10-3 306 804 44 43 
cell-0-10-4 350 804 44 43 
cell-0-10-5 394 804 416 43 
