table-0 87 427 800 638 
cell-0-0-0 87 427 200 52 
cell-0-0-1 287 427 200 52 
cell-0-0-2 487 427 200 52 
cell-0-0-3 687 427 200 52 
cell-0-1-0 87 492 200 52 
cell-0-1-1 287 492 200 52 
cell-0-1-2 487 492 200 52 
cell-0-1-3 687 492 200 52 
cell-0-2-0 87 557 200 52 
cell-0-2-1 287 557 200 52 
cell-0-2-2 487 557 200 52 
cell-0-2-3 687 557 200 52 
cell-0-3-0 87 622 200 52 
cell-0-3-1 287 622 200 52 
cell-0-3-2 487 622 200 52 
cell-0-3-3 687 622 200 52 
cell-0-4-0 87 687 200 52 
cell-0-4-1 287 687 200 52 
cell-0-4-2 487 687 200 52 
cell-0-4-3 687 687 200 52 
cell-0-5-0 87 752 200 52 
cell-0-5-1 287 752 200 52 
cell-0-5-2 487 752 200 52 
cell-0-5-3 687 752 200 52 
cell-0-6-0 87 817 200 52 
cell-0-6-1 287 817 200 52 
cell-0-6-2 487 817 200 52 
cell-0-6-3 687 817 200 52 
cell-0-7-0 87 882 200 52 
cell-0-7-1 287 882 200 52 
cell-0-7-2 487 882 200 52 
cell-0-7-3 687 882 200 52 
cell-0-8-0 87 947 200 52 
cell-0-8-1 287 947 200 52 
cell-0-8-2 487 947 200 52 
cell-0-8-3 687 947 200 52 
cell-0-9-0 87 1012 200 52 
cell-0-9-1 287 1012 200 52 
cell-0-9-2 487 1012 200 52 
cell-0-9-3 687 1012 200 52 
