table-0 132 422 266 653 
cell-0-0-0 132 422 44 35 
cell-0-0-1 176 422 44 35 
cell-0-0-2 220 422 44 35 
cell-0-0-3 264 422 44 35 
cell-0-0-4 308 422 44 35 
cell-0-0-5 352 422 44 35 
cell-0-1-0 132 466 44 35 
cell-0-1-1 176 466 44 35 
cell-0-1-2 220 466 44 35 
cell-0-1-3 264 466 44 35 
cell-0-1-4 308 466 44 35 
cell-0-1-5 352 466 44 35 
cell-0-2-0 132 510 44 35 
cell-0-2-1 176 510 44 35 
cell-0-2-2 220 510 44 35 
cell-0-2-3 264 510 44 35 
cell-0-2-4 308 510 44 35 
cell-0-2-5 352 510 44 35 
cell-0-3-0 132 554 44 35 
cell-0-3-1 176 554 44 35 
cell-0-3-2 220 554 44 35 
cell-0-3-3 264 554 44 35 
cell-0-3-4 308 554 44 35 
cell-0-3-5 352 554 44 35 
cell-0-4-0 132 598 44 35 
cell-0-4-1 176 598 44 35 
cell-0-4-2 220 598 44 35 
cell-0-4-3 264 598 44 35 
cell-0-4-4 308 598 44 35 
cell-0-4-5 352 598 44 35 
cell-0-5-0 132 642 44 35 
cell-0-5-1 176 642 44 35 
cell-0-5-2 220 642 44 35 
cell-0-5-3 264 642 44 35 
cell-0-5-4 308 642 44 35 
cell-0-5-5 352 642 44 35 
cell-0-6-0 132 686 44 35 
cell-0-6-1 176 686 44 35 
cell-0-6-2 220 686 44 35 
cell-0-6-3 264 686 44 35 
cell-0-6-4 308 686 44 35 
cell-0-6-5 352 686 44 35 
cell-0-7-0 132 730 44 35 
cell-0-7-1 176 730 44 35 
cell-0-7-2 220 730 44 35 
cell-0-7-3 264 730 44 35 
cell-0-7-4 308 730 44 35 
cell-0-7-5 352 730 44 35 
cell-0-8-0 132 774 44 35 
cell-0-8-1 176 774 44 35 
cell-0-8-2 220 774 44 35 
cell-0-8-3 264 774 44 35 
cell-0-8-4 308 774 44 35 
cell-0-8-5 352 774 44 35 
cell-0-9-0 132 818 44 35 
cell-0-9-1 176 818 44 35 
cell-0-9-2 220 818 44 35 
cell-0-9-3 264 818 44 35 
cell-0-9-4 308 818 44 35 
cell-0-9-5 352 818 44 35 
cell-0-10-0 132 862 44 35 
cell-0-10-1 176 862 44 35 
cell-0-10-2 220 862 44 35 
cell-0-10-3 264 862 44 35 
cell-0-10-4 308 862 44 35 
cell-0-10-5 352 862 44 35 
cell-0-11-0 132 906 44 35 
cell-0-11-1 176 906 44 35 
cell-0-11-2 220 906 44 35 
cell-0-11-3 264 906 44 35 
cell-0-11-4 308 906 44 35 
cell-0-11-5 352 906 44 35 
cell-0-12-0 132 950 44 35 
cell-0-12-1 176 950 44 35 
cell-0-12-2 220 950 44 35 
cell-0-12-3 264 950 44 35 
cell-0-12-4 308 950 44 35 
cell-0-12-5 352 950 44 35 
cell-0-13-0 132 994 44 35 
cell-0-13-1 176 994 44 35 
cell-0-13-2 220 994 44 35 
cell-0-13-3 264 994 44 35 
cell-0-13-4 308 994 44 35 
cell-0-13-5 352 994 44 35 
cell-0-14-0 132 1038 44 35 
cell-0-14-1 176 1038 44 35 
cell-0-14-2 220 1038 44 35 
cell-0-14-3 264 1038 44 35 
cell-0-14-4 308 1038 44 35 
cell-0-14-5 352 1038 44 35 
