header-0 295 954 747 195 
row-1-1 295 954 259 41 
row-1-2 574 954 391 41 
row-2-1 295 1005 292 41 
row-2-2 607 1005 434 41 
row-3-1 295 1056 556 41 
row-4-1 295 1107 556 41 
table-1 98 501 500 247 
cell-1-0-0 98 501 83 30 
cell-1-0-1 181 501 83 30 
cell-1-0-2 264 501 83 30 
cell-1-0-3 347 501 83 30 
cell-1-0-4 430 501 83 30 
cell-1-0-5 513 501 83 30 
cell-1-1-0 98 537 83 30 
cell-1-1-1 181 537 83 30 
cell-1-1-2 264 537 83 30 
cell-1-1-3 347 537 83 30 
cell-1-1-4 430 537 83 30 
cell-1-1-5 513 537 83 30 
cell-1-2-0 98 573 83 30 
cell-1-2-1 181 573 83 30 
cell-1-2-2 264 573 83 30 
cell-1-2-3 347 573 83 30 
cell-1-2-4 430 573 83 30 
cell-1-2-5 513 573 83 30 
cell-1-3-0 98 609 83 30 
cell-1-3-1 181 609 83 30 
cell-1-3-2 264 609 83 30 
cell-1-3-3 347 609 83 30 
cell-1-3-4 430 609 83 30 
cell-1-3-5 513 609 83 30 
cell-1-4-0 98 645 83 30 
cell-1-4-1 181 645 83 30 
cell-1-4-2 264 645 83 30 
cell-1-4-3 347 645 83 30 
cell-1-4-4 430 645 83 30 
cell-1-4-5 513 645 83 30 
cell-1-5-0 98 681 83 30 
cell-1-5-1 181 681 83 30 
cell-1-5-2 264 681 83 30 
cell-1-5-3 347 681 83 30 
cell-1-5-4 430 681 83 30 
cell-1-5-5 513 681 83 30 
cell-1-6-0 98 717 83 30 
cell-1-6-1 181 717 83 30 
cell-1-6-2 264 717 83 30 
cell-1-6-3 347 717 83 30 
cell-1-6-4 430 717 83 30 
cell-1-6-5 513 717 83 30 
