table-0 315 124 562 605 
cell-0-0-0 315 124 43 42 
cell-0-0-1 358 124 43 42 
cell-0-0-2 401 124 43 42 
cell-0-0-3 444 124 43 42 
cell-0-0-4 487 124 43 42 
cell-0-0-5 530 124 43 42 
cell-0-0-6 573 124 300 42 
cell-0-1-0 315 175 43 42 
cell-0-1-1 358 175 43 42 
cell-0-1-2 401 175 43 42 
cell-0-1-3 444 175 43 42 
cell-0-1-4 487 175 43 42 
cell-0-1-5 530 175 43 42 
cell-0-1-6 573 175 300 42 
cell-0-2-0 315 226 43 42 
cell-0-2-1 358 226 43 42 
cell-0-2-2 401 226 43 42 
cell-0-2-3 444 226 43 42 
cell-0-2-4 487 226 43 42 
cell-0-2-5 530 226 43 42 
cell-0-2-6 573 226 300 42 
cell-0-3-0 315 277 43 42 
cell-0-3-1 358 277 43 42 
cell-0-3-2 401 277 43 42 
cell-0-3-3 444 277 43 42 
cell-0-3-4 487 277 43 42 
cell-0-3-5 530 277 43 42 
cell-0-3-6 573 277 300 42 
cell-0-4-0 315 328 43 42 
cell-0-4-1 358 328 43 42 
cell-0-4-2 401 328 43 42 
cell-0-4-3 444 328 43 42 
cell-0-4-4 487 328 43 42 
cell-0-4-5 530 328 43 42 
cell-0-4-6 573 328 300 42 
cell-0-5-0 315 379 43 42 
cell-0-5-1 358 379 43 42 
cell-0-5-2 401 379 43 42 
cell-0-5-3 444 379 43 42 
cell-0-5-4 487 379 43 42 
cell-0-5-5 530 379 43 42 
cell-0-5-6 573 379 300 42 
cell-0-6-0 315 430 43 42 
cell-0-6-1 358 430 43 42 
cell-0-6-2 401 430 43 42 
cell-0-6-3 444 430 43 42 
cell-0-6-4 487 430 43 42 
cell-0-6-5 530 430 43 42 
cell-0-6-6 573 430 300 42 
cell-0-7-0 315 481 43 42 
cell-0-7-1 358 481 43 42 
cell-0-7-2 401 481 43 42 
cell-0-7-3 444 481 43 42 
cell-0-7-4 487 481 43 42 
cell-0-7-5 530 481 43 42 
cell-0-7-6 573 481 300 42 
cell-0-8-0 315 532 43 42 
cell-0-8-1 358 532 43 42 
cell-0-8-2 401 532 43 42 
cell-0-8-3 444 532 43 42 
cell-0-8-4 487 532 43 42 
cell-0-8-5 530 532 43 42 
cell-0-8-6 573 532 300 42 
cell-0-9-0 315 583 43 42 
cell-0-9-1 358 583 43 42 
cell-0-9-2 401 583 43 42 
cell-0-9-3 444 583 43 42 
cell-0-9-4 487 583 43 42 
cell-0-9-5 530 583 43 42 
cell-0-9-6 573 583 300 42 
cell-0-10-0 315 634 43 42 
cell-0-10-1 358 634 43 42 
cell-0-10-2 401 634 43 42 
cell-0-10-3 444 634 43 42 
cell-0-10-4 487 634 43 42 
cell-0-10-5 530 634 43 42 
cell-0-10-6 573 634 300 42 
cell-0-11-0 315 685 43 42 
cell-0-11-1 358 685 43 42 
cell-0-11-2 401 685 43 42 
cell-0-11-3 444 685 43 42 
cell-0-11-4 487 685 43 42 
cell-0-11-5 530 685 43 42 
cell-0-11-6 573 685 300 42 
table-4 60 1046 1000 350 
cell-4-0-0 60 1046 250 42 
cell-4-0-1 310 1046 250 42 
cell-4-0-2 560 1046 250 42 
cell-4-0-3 810 1046 250 42 
cell-4-1-0 60 1097 250 42 
cell-4-1-1 310 1097 250 42 
cell-4-1-2 560 1097 250 42 
cell-4-1-3 810 1097 250 42 
cell-4-2-0 60 1148 250 42 
cell-4-2-1 310 1148 250 42 
cell-4-2-2 560 1148 250 42 
cell-4-2-3 810 1148 250 42 
cell-4-3-0 60 1199 250 42 
cell-4-3-1 310 1199 250 42 
cell-4-3-2 560 1199 250 42 
cell-4-3-3 810 1199 250 42 
cell-4-4-0 60 1250 250 42 
cell-4-4-1 310 1250 250 42 
cell-4-4-2 560 1250 250 42 
cell-4-4-3 810 1250 250 42 
cell-4-5-0 60 1301 250 42 
cell-4-5-1 310 1301 250 42 
cell-4-5-2 560 1301 250 42 
cell-4-5-3 810 1301 250 42 
cell-4-6-0 60 1352 250 42 
cell-4-6-1 310 1352 250 42 
cell-4-6-2 560 1352 250 42 
cell-4-6-3 810 1352 250 42 
