table-0 113 949 700 276 
cell-0-0-0 113 949 77 38 
cell-0-0-1 190 949 77 38 
cell-0-0-2 267 949 77 38 
cell-0-0-3 344 949 77 38 
cell-0-0-4 421 949 77 38 
cell-0-0-5 498 949 77 38 
cell-0-0-6 575 949 77 38 
cell-0-0-7 652 949 77 38 
cell-0-0-8 729 949 77 38 
cell-0-1-0 113 996 77 38 
cell-0-1-1 190 996 77 38 
cell-0-1-2 267 996 77 38 
cell-0-1-3 344 996 77 38 
cell-0-1-4 421 996 77 38 
cell-0-1-5 498 996 77 38 
cell-0-1-6 575 996 77 38 
cell-0-1-7 652 996 77 38 
cell-0-1-8 729 996 77 38 
cell-0-2-0 113 1043 77 38 
cell-0-2-1 190 1043 77 38 
cell-0-2-2 267 1043 77 38 
cell-0-2-3 344 1043 77 38 
cell-0-2-4 421 1043 77 38 
cell-0-2-5 498 1043 77 38 
cell-0-2-6 575 1043 77 38 
cell-0-2-7 652 1043 77 38 
cell-0-2-8 729 1043 77 38 
cell-0-3-0 113 1090 77 38 
cell-0-3-1 190 1090 77 38 
cell-0-3-2 267 1090 77 38 
cell-0-3-3 344 1090 77 38 
cell-0-3-4 421 1090 77 38 
cell-0-3-5 498 1090 77 38 
cell-0-3-6 575 1090 77 38 
cell-0-3-7 652 1090 77 38 
cell-0-3-8 729 1090 77 38 
cell-0-4-0 113 1137 77 38 
cell-0-4-1 190 1137 77 38 
cell-0-4-2 267 1137 77 38 
cell-0-4-3 344 1137 77 38 
cell-0-4-4 421 1137 77 38 
cell-0-4-5 498 1137 77 38 
cell-0-4-6 575 1137 77 38 
cell-0-4-7 652 1137 77 38 
cell-0-4-8 729 1137 77 38 
cell-0-5-0 113 1184 77 38 
cell-0-5-1 190 1184 77 38 
cell-0-5-2 267 1184 77 38 
cell-0-5-3 344 1184 77 38 
cell-0-5-4 421 1184 77 38 
cell-0-5-5 498 1184 77 38 
cell-0-5-6 575 1184 77 38 
cell-0-5-7 652 1184 77 38 
cell-0-5-8 729 1184 77 38 
header-2 170 537 873 195 
row-1-1 170 537 360 41 
row-1-2 550 537 294 41 
row-2-1 170 588 393 41 
row-2-2 583 588 451 41 
row-3-1 170 639 789 41 
row-4-1 170 690 756 41 
header-5 92 184 809 195 
row-1-1 92 184 389 41 
row-1-2 501 184 356 41 
row-2-1 92 235 356 41 
row-2-2 468 235 431 41 
row-3-1 92 286 785 41 
row-4-1 92 337 587 41 
