table-0 141 176 228 588 
cell-0-0-0 141 176 45 35 
cell-0-0-1 186 176 45 35 
cell-0-0-2 231 176 45 35 
cell-0-0-3 276 176 45 35 
cell-0-0-4 321 176 45 35 
cell-0-1-0 141 226 45 35 
cell-0-1-1 186 226 45 35 
cell-0-1-2 231 226 45 35 
cell-0-1-3 276 226 45 35 
cell-0-1-4 321 226 45 35 
cell-0-2-0 141 276 45 35 
cell-0-2-1 186 276 45 35 
cell-0-2-2 231 276 45 35 
cell-0-2-3 276 276 45 35 
cell-0-2-4 321 276 45 35 
cell-0-3-0 141 326 45 35 
cell-0-3-1 186 326 45 35 
cell-0-3-2 231 326 45 35 
cell-0-3-3 276 326 45 35 
cell-0-3-4 321 326 45 35 
cell-0-4-0 141 376 45 35 
cell-0-4-1 186 376 45 35 
cell-0-4-2 231 376 45 35 
cell-0-4-3 276 376 45 35 
cell-0-4-4 321 376 45 35 
cell-0-5-0 141 426 45 35 
cell-0-5-1 186 426 45 35 
cell-0-5-2 231 426 45 35 
cell-0-5-3 276 426 45 35 
cell-0-5-4 321 426 45 35 
cell-0-6-0 141 476 45 35 
cell-0-6-1 186 476 45 35 
cell-0-6-2 231 476 45 35 
cell-0-6-3 276 476 45 35 
cell-0-6-4 321 476 45 35 
cell-0-7-0 141 526 45 35 
cell-0-7-1 186 526 45 35 
cell-0-7-2 231 526 45 35 
cell-0-7-3 276 526 45 35 
cell-0-7-4 321 526 45 35 
cell-0-8-0 141 576 45 35 
cell-0-8-1 186 576 45 35 
cell-0-8-2 231 576 45 35 
cell-0-8-3 276 576 45 35 
cell-0-8-4 321 576 45 35 
cell-0-9-0 141 626 45 35 
cell-0-9-1 186 626 45 35 
cell-0-9-2 231 626 45 35 
cell-0-9-3 276 626 45 35 
cell-0-9-4 321 626 45 35 
cell-0-10-0 141 676 45 35 
cell-0-10-1 186 676 45 35 
cell-0-10-2 231 676 45 35 
cell-0-10-3 276 676 45 35 
cell-0-10-4 321 676 45 35 
cell-0-11-0 141 726 45 35 
cell-0-11-1 186 726 45 35 
cell-0-11-2 231 726 45 35 
cell-0-11-3 276 726 45 35 
cell-0-11-4 321 726 45 35 
header-1 209 926 749 193 
row-1-1 209 926 280 40 
row-1-2 509 926 280 40 
row-2-1 209 976 280 40 
row-2-2 509 976 442 40 
row-3-1 209 1026 709 40 
row-4-1 209 1076 742 40 
