table-0 670 257 266 637 
cell-0-0-0 670 257 44 35 
cell-0-0-1 714 257 44 35 
cell-0-0-2 758 257 44 35 
cell-0-0-3 802 257 44 35 
cell-0-0-4 846 257 44 35 
cell-0-0-5 890 257 44 35 
cell-0-1-0 670 307 44 35 
cell-0-1-1 714 307 44 35 
cell-0-1-2 758 307 44 35 
cell-0-1-3 802 307 44 35 
cell-0-1-4 846 307 44 35 
cell-0-1-5 890 307 44 35 
cell-0-2-0 670 357 44 35 
cell-0-2-1 714 357 44 35 
cell-0-2-2 758 357 44 35 
cell-0-2-3 802 357 44 35 
cell-0-2-4 846 357 44 35 
cell-0-2-5 890 357 44 35 
cell-0-3-0 670 407 44 35 
cell-0-3-1 714 407 44 35 
cell-0-3-2 758 407 44 35 
cell-0-3-3 802 407 44 35 
cell-0-3-4 846 407 44 35 
cell-0-3-5 890 407 44 35 
cell-0-4-0 670 457 44 35 
cell-0-4-1 714 457 44 35 
cell-0-4-2 758 457 44 35 
cell-0-4-3 802 457 44 35 
cell-0-4-4 846 457 44 35 
cell-0-4-5 890 457 44 35 
cell-0-5-0 670 507 44 35 
cell-0-5-1 714 507 44 35 
cell-0-5-2 758 507 44 35 
cell-0-5-3 802 507 44 35 
cell-0-5-4 846 507 44 35 
cell-0-5-5 890 507 44 35 
cell-0-6-0 670 557 44 35 
cell-0-6-1 714 557 44 35 
cell-0-6-2 758 557 44 35 
cell-0-6-3 802 557 44 35 
cell-0-6-4 846 557 44 35 
cell-0-6-5 890 557 44 35 
cell-0-7-0 670 607 44 35 
cell-0-7-1 714 607 44 35 
cell-0-7-2 758 607 44 35 
cell-0-7-3 802 607 44 35 
cell-0-7-4 846 607 44 35 
cell-0-7-5 890 607 44 35 
cell-0-8-0 670 657 44 35 
cell-0-8-1 714 657 44 35 
cell-0-8-2 758 657 44 35 
cell-0-8-3 802 657 44 35 
cell-0-8-4 846 657 44 35 
cell-0-8-5 890 657 44 35 
cell-0-9-0 670 707 44 35 
cell-0-9-1 714 707 44 35 
cell-0-9-2 758 707 44 35 
cell-0-9-3 802 707 44 35 
cell-0-9-4 846 707 44 35 
cell-0-9-5 890 707 44 35 
cell-0-10-0 670 757 44 35 
cell-0-10-1 714 757 44 35 
cell-0-10-2 758 757 44 35 
cell-0-10-3 802 757 44 35 
cell-0-10-4 846 757 44 35 
cell-0-10-5 890 757 44 35 
cell-0-11-0 670 807 44 35 
cell-0-11-1 714 807 44 35 
cell-0-11-2 758 807 44 35 
cell-0-11-3 802 807 44 35 
cell-0-11-4 846 807 44 35 
cell-0-11-5 890 807 44 35 
cell-0-12-0 670 857 44 35 
cell-0-12-1 714 857 44 35 
cell-0-12-2 758 857 44 35 
cell-0-12-3 802 857 44 35 
cell-0-12-4 846 857 44 35 
cell-0-12-5 890 857 44 35 
