table-0 386 637 598 332 
cell-0-1-0 386 637 35 35 
cell-0-1-1 421 637 35 35 
cell-0-1-2 456 637 35 35 
cell-0-1-3 491 637 35 35 
cell-0-1-4 526 637 35 35 
cell-0-1-5 561 637 35 35 
cell-0-1-6 596 637 35 35 
cell-0-1-7 631 637 35 35 
cell-0-1-8 666 637 35 35 
cell-0-1-9 701 637 35 35 
cell-0-1-10 736 637 35 35 
cell-0-1-11 771 637 35 35 
cell-0-1-12 806 637 35 35 
cell-0-1-13 841 637 35 35 
cell-0-1-14 876 637 35 35 
cell-0-1-15 911 637 35 35 
cell-0-1-16 946 637 35 35 
cell-0-2-0 386 679 35 35 
cell-0-2-1 421 679 35 35 
cell-0-2-2 456 679 35 35 
cell-0-2-3 491 679 35 35 
cell-0-2-4 526 679 35 35 
cell-0-2-5 561 679 35 35 
cell-0-2-6 596 679 35 35 
cell-0-2-7 631 679 35 35 
cell-0-2-8 666 679 35 35 
cell-0-2-9 701 679 35 35 
cell-0-2-10 736 679 35 35 
cell-0-2-11 771 679 35 35 
cell-0-2-12 806 679 35 35 
cell-0-2-13 841 679 35 35 
cell-0-2-14 876 679 35 35 
cell-0-2-15 911 679 35 35 
cell-0-2-16 946 679 35 35 
cell-0-3-0 386 721 35 35 
cell-0-3-1 421 721 35 35 
cell-0-3-2 456 721 35 35 
cell-0-3-3 491 721 35 35 
cell-0-3-4 526 721 35 35 
cell-0-3-5 561 721 35 35 
cell-0-3-6 596 721 35 35 
cell-0-3-7 631 721 35 35 
cell-0-3-8 666 721 35 35 
cell-0-3-9 701 721 35 35 
cell-0-3-10 736 721 35 35 
cell-0-3-11 771 721 35 35 
cell-0-3-12 806 721 35 35 
cell-0-3-13 841 721 35 35 
cell-0-3-14 876 721 35 35 
cell-0-3-15 911 721 35 35 
cell-0-3-16 946 721 35 35 
cell-0-4-0 386 763 35 35 
cell-0-4-1 421 763 35 35 
cell-0-4-2 456 763 35 35 
cell-0-4-3 491 763 35 35 
cell-0-4-4 526 763 35 35 
cell-0-4-5 561 763 35 35 
cell-0-4-6 596 763 35 35 
cell-0-4-7 631 763 35 35 
cell-0-4-8 666 763 35 35 
cell-0-4-9 701 763 35 35 
cell-0-4-10 736 763 35 35 
cell-0-4-11 771 763 35 35 
cell-0-4-12 806 763 35 35 
cell-0-4-13 841 763 35 35 
cell-0-4-14 876 763 35 35 
cell-0-4-15 911 763 35 35 
cell-0-4-16 946 763 35 35 
cell-0-5-0 386 805 35 35 
cell-0-5-1 421 805 35 35 
cell-0-5-2 456 805 35 35 
cell-0-5-3 491 805 35 35 
cell-0-5-4 526 805 35 35 
cell-0-5-5 561 805 35 35 
cell-0-5-6 596 805 35 35 
cell-0-5-7 631 805 35 35 
cell-0-5-8 666 805 35 35 
cell-0-5-9 701 805 35 35 
cell-0-5-10 736 805 35 35 
cell-0-5-11 771 805 35 35 
cell-0-5-12 806 805 35 35 
cell-0-5-13 841 805 35 35 
cell-0-5-14 876 805 35 35 
cell-0-5-15 911 805 35 35 
cell-0-5-16 946 805 35 35 
cell-0-6-0 386 847 35 35 
cell-0-6-1 421 847 35 35 
cell-0-6-2 456 847 35 35 
cell-0-6-3 491 847 35 35 
cell-0-6-4 526 847 35 35 
cell-0-6-5 561 847 35 35 
cell-0-6-6 596 847 35 35 
cell-0-6-7 631 847 35 35 
cell-0-6-8 666 847 35 35 
cell-0-6-9 701 847 35 35 
cell-0-6-10 736 847 35 35 
cell-0-6-11 771 847 35 35 
cell-0-6-12 806 847 35 35 
cell-0-6-13 841 847 35 35 
cell-0-6-14 876 847 35 35 
cell-0-6-15 911 847 35 35 
cell-0-6-16 946 847 35 35 
cell-0-7-0 386 889 35 35 
cell-0-7-1 421 889 35 35 
cell-0-7-2 456 889 35 35 
cell-0-7-3 491 889 35 35 
cell-0-7-4 526 889 35 35 
cell-0-7-5 561 889 35 35 
cell-0-7-6 596 889 35 35 
cell-0-7-7 631 889 35 35 
cell-0-7-8 666 889 35 35 
cell-0-7-9 701 889 35 35 
cell-0-7-10 736 889 35 35 
cell-0-7-11 771 889 35 35 
cell-0-7-12 806 889 35 35 
cell-0-7-13 841 889 35 35 
cell-0-7-14 876 889 35 35 
cell-0-7-15 911 889 35 35 
cell-0-7-16 946 889 35 35 
cell-0-8-0 386 931 35 35 
cell-0-8-1 421 931 35 35 
cell-0-8-2 456 931 35 35 
cell-0-8-3 491 931 35 35 
cell-0-8-4 526 931 35 35 
cell-0-8-5 561 931 35 35 
cell-0-8-6 596 931 35 35 
cell-0-8-7 631 931 35 35 
cell-0-8-8 666 931 35 35 
cell-0-8-9 701 931 35 35 
cell-0-8-10 736 931 35 35 
cell-0-8-11 771 931 35 35 
cell-0-8-12 806 931 35 35 
cell-0-8-13 841 931 35 35 
cell-0-8-14 876 931 35 35 
cell-0-8-15 911 931 35 35 
cell-0-8-16 946 931 35 35 
