table-0 246 354 725 581 
cell-0-0-0 246 354 43 41 
cell-0-0-1 289 354 43 41 
cell-0-0-2 332 354 43 41 
cell-0-0-3 375 354 43 41 
cell-0-0-4 418 354 43 41 
cell-0-0-5 461 354 43 41 
cell-0-0-6 504 354 467 41 
cell-0-1-0 246 403 43 41 
cell-0-1-1 289 403 43 41 
cell-0-1-2 332 403 43 41 
cell-0-1-3 375 403 43 41 
cell-0-1-4 418 403 43 41 
cell-0-1-5 461 403 43 41 
cell-0-1-6 504 403 467 41 
cell-0-2-0 246 452 43 41 
cell-0-2-1 289 452 43 41 
cell-0-2-2 332 452 43 41 
cell-0-2-3 375 452 43 41 
cell-0-2-4 418 452 43 41 
cell-0-2-5 461 452 43 41 
cell-0-2-6 504 452 467 41 
cell-0-3-0 246 501 43 41 
cell-0-3-1 289 501 43 41 
cell-0-3-2 332 501 43 41 
cell-0-3-3 375 501 43 41 
cell-0-3-4 418 501 43 41 
cell-0-3-5 461 501 43 41 
cell-0-3-6 504 501 467 41 
cell-0-4-0 246 550 43 41 
cell-0-4-1 289 550 43 41 
cell-0-4-2 332 550 43 41 
cell-0-4-3 375 550 43 41 
cell-0-4-4 418 550 43 41 
cell-0-4-5 461 550 43 41 
cell-0-4-6 504 550 467 41 
cell-0-5-0 246 599 43 41 
cell-0-5-1 289 599 43 41 
cell-0-5-2 332 599 43 41 
cell-0-5-3 375 599 43 41 
cell-0-5-4 418 599 43 41 
cell-0-5-5 461 599 43 41 
cell-0-5-6 504 599 467 41 
cell-0-6-0 246 648 43 41 
cell-0-6-1 289 648 43 41 
cell-0-6-2 332 648 43 41 
cell-0-6-3 375 648 43 41 
cell-0-6-4 418 648 43 41 
cell-0-6-5 461 648 43 41 
cell-0-6-6 504 648 467 41 
cell-0-7-0 246 697 43 41 
cell-0-7-1 289 697 43 41 
cell-0-7-2 332 697 43 41 
cell-0-7-3 375 697 43 41 
cell-0-7-4 418 697 43 41 
cell-0-7-5 461 697 43 41 
cell-0-7-6 504 697 467 41 
cell-0-8-0 246 746 43 41 
cell-0-8-1 289 746 43 41 
cell-0-8-2 332 746 43 41 
cell-0-8-3 375 746 43 41 
cell-0-8-4 418 746 43 41 
cell-0-8-5 461 746 43 41 
cell-0-8-6 504 746 467 41 
cell-0-9-0 246 795 43 41 
cell-0-9-1 289 795 43 41 
cell-0-9-2 332 795 43 41 
cell-0-9-3 375 795 43 41 
cell-0-9-4 418 795 43 41 
cell-0-9-5 461 795 43 41 
cell-0-9-6 504 795 467 41 
cell-0-10-0 246 844 43 41 
cell-0-10-1 289 844 43 41 
cell-0-10-2 332 844 43 41 
cell-0-10-3 375 844 43 41 
cell-0-10-4 418 844 43 41 
cell-0-10-5 461 844 43 41 
cell-0-10-6 504 844 467 41 
cell-0-11-0 246 893 43 41 
cell-0-11-1 289 893 43 41 
cell-0-11-2 332 893 43 41 
cell-0-11-3 375 893 43 41 
cell-0-11-4 418 893 43 41 
cell-0-11-5 461 893 43 41 
cell-0-11-6 504 893 467 41 
header-5 208 1246 816 193 
row-1-1 208 1246 275 40 
row-1-2 503 1246 374 40 
row-2-1 208 1296 341 40 
row-2-2 569 1296 453 40 
row-3-1 208 1346 572 40 
row-4-1 208 1396 737 40 
