table-0 219 205 216 652 
cell-0-0-0 219 205 43 35 
cell-0-0-1 262 205 43 35 
cell-0-0-2 305 205 43 35 
cell-0-0-3 348 205 43 35 
cell-0-0-4 391 205 43 35 
cell-0-1-0 219 249 43 35 
cell-0-1-1 262 249 43 35 
cell-0-1-2 305 249 43 35 
cell-0-1-3 348 249 43 35 
cell-0-1-4 391 249 43 35 
cell-0-2-0 219 293 43 35 
cell-0-2-1 262 293 43 35 
cell-0-2-2 305 293 43 35 
cell-0-2-3 348 293 43 35 
cell-0-2-4 391 293 43 35 
cell-0-3-0 219 337 43 35 
cell-0-3-1 262 337 43 35 
cell-0-3-2 305 337 43 35 
cell-0-3-3 348 337 43 35 
cell-0-3-4 391 337 43 35 
cell-0-4-0 219 381 43 35 
cell-0-4-1 262 381 43 35 
cell-0-4-2 305 381 43 35 
cell-0-4-3 348 381 43 35 
cell-0-4-4 391 381 43 35 
cell-0-5-0 219 425 43 35 
cell-0-5-1 262 425 43 35 
cell-0-5-2 305 425 43 35 
cell-0-5-3 348 425 43 35 
cell-0-5-4 391 425 43 35 
cell-0-6-0 219 469 43 35 
cell-0-6-1 262 469 43 35 
cell-0-6-2 305 469 43 35 
cell-0-6-3 348 469 43 35 
cell-0-6-4 391 469 43 35 
cell-0-7-0 219 513 43 35 
cell-0-7-1 262 513 43 35 
cell-0-7-2 305 513 43 35 
cell-0-7-3 348 513 43 35 
cell-0-7-4 391 513 43 35 
cell-0-8-0 219 557 43 35 
cell-0-8-1 262 557 43 35 
cell-0-8-2 305 557 43 35 
cell-0-8-3 348 557 43 35 
cell-0-8-4 391 557 43 35 
cell-0-9-0 219 601 43 35 
cell-0-9-1 262 601 43 35 
cell-0-9-2 305 601 43 35 
cell-0-9-3 348 601 43 35 
cell-0-9-4 391 601 43 35 
cell-0-10-0 219 645 43 35 
cell-0-10-1 262 645 43 35 
cell-0-10-2 305 645 43 35 
cell-0-10-3 348 645 43 35 
cell-0-10-4 391 645 43 35 
cell-0-11-0 219 689 43 35 
cell-0-11-1 262 689 43 35 
cell-0-11-2 305 689 43 35 
cell-0-11-3 348 689 43 35 
cell-0-11-4 391 689 43 35 
cell-0-12-0 219 733 43 35 
cell-0-12-1 262 733 43 35 
cell-0-12-2 305 733 43 35 
cell-0-12-3 348 733 43 35 
cell-0-12-4 391 733 43 35 
cell-0-13-0 219 777 43 35 
cell-0-13-1 262 777 43 35 
cell-0-13-2 305 777 43 35 
cell-0-13-3 348 777 43 35 
cell-0-13-4 391 777 43 35 
cell-0-14-0 219 821 43 35 
cell-0-14-1 262 821 43 35 
cell-0-14-2 305 821 43 35 
cell-0-14-3 348 821 43 35 
cell-0-14-4 391 821 43 35 
