table-0 281 139 662 487 
cell-0-0-0 281 139 44 43 
cell-0-0-1 325 139 44 43 
cell-0-0-2 369 139 44 43 
cell-0-0-3 413 139 44 43 
cell-0-0-4 457 139 44 43 
cell-0-0-5 501 139 438 43 
cell-0-1-0 281 188 44 43 
cell-0-1-1 325 188 44 43 
cell-0-1-2 369 188 44 43 
cell-0-1-3 413 188 44 43 
cell-0-1-4 457 188 44 43 
cell-0-1-5 501 188 438 43 
cell-0-2-0 281 237 44 43 
cell-0-2-1 325 237 44 43 
cell-0-2-2 369 237 44 43 
cell-0-2-3 413 237 44 43 
cell-0-2-4 457 237 44 43 
cell-0-2-5 501 237 438 43 
cell-0-3-0 281 286 44 43 
cell-0-3-1 325 286 44 43 
cell-0-3-2 369 286 44 43 
cell-0-3-3 413 286 44 43 
cell-0-3-4 457 286 44 43 
cell-0-3-5 501 286 438 43 
cell-0-4-0 281 335 44 43 
cell-0-4-1 325 335 44 43 
cell-0-4-2 369 335 44 43 
cell-0-4-3 413 335 44 43 
cell-0-4-4 457 335 44 43 
cell-0-4-5 501 335 438 43 
cell-0-5-0 281 384 44 43 
cell-0-5-1 325 384 44 43 
cell-0-5-2 369 384 44 43 
cell-0-5-3 413 384 44 43 
cell-0-5-4 457 384 44 43 
cell-0-5-5 501 384 438 43 
cell-0-6-0 281 433 44 43 
cell-0-6-1 325 433 44 43 
cell-0-6-2 369 433 44 43 
cell-0-6-3 413 433 44 43 
cell-0-6-4 457 433 44 43 
cell-0-6-5 501 433 438 43 
cell-0-7-0 281 482 44 43 
cell-0-7-1 325 482 44 43 
cell-0-7-2 369 482 44 43 
cell-0-7-3 413 482 44 43 
cell-0-7-4 457 482 44 43 
cell-0-7-5 501 482 438 43 
cell-0-8-0 281 531 44 43 
cell-0-8-1 325 531 44 43 
cell-0-8-2 369 531 44 43 
cell-0-8-3 413 531 44 43 
cell-0-8-4 457 531 44 43 
cell-0-8-5 501 531 438 43 
cell-0-9-0 281 580 44 43 
cell-0-9-1 325 580 44 43 
cell-0-9-2 369 580 44 43 
cell-0-9-3 413 580 44 43 
cell-0-9-4 457 580 44 43 
cell-0-9-5 501 580 438 43 
table-2 346 1255 661 183 
cell-2-1-0 346 1255 33 35 
cell-2-1-1 379 1255 33 35 
cell-2-1-2 412 1255 33 35 
cell-2-1-3 445 1255 33 35 
cell-2-1-4 478 1255 33 35 
cell-2-1-5 511 1255 33 35 
cell-2-1-6 544 1255 33 35 
cell-2-1-7 577 1255 33 35 
cell-2-1-8 610 1255 33 35 
cell-2-1-9 643 1255 33 35 
cell-2-1-10 676 1255 33 35 
cell-2-1-11 709 1255 33 35 
cell-2-1-12 742 1255 33 35 
cell-2-1-13 775 1255 33 35 
cell-2-1-14 808 1255 33 35 
cell-2-1-15 841 1255 33 35 
cell-2-1-16 874 1255 33 35 
cell-2-1-17 907 1255 33 35 
cell-2-1-18 940 1255 33 35 
cell-2-1-19 973 1255 33 35 
cell-2-2-0 346 1304 33 35 
cell-2-2-1 379 1304 33 35 
cell-2-2-2 412 1304 33 35 
cell-2-2-3 445 1304 33 35 
cell-2-2-4 478 1304 33 35 
cell-2-2-5 511 1304 33 35 
cell-2-2-6 544 1304 33 35 
cell-2-2-7 577 1304 33 35 
cell-2-2-8 610 1304 33 35 
cell-2-2-9 643 1304 33 35 
cell-2-2-10 676 1304 33 35 
cell-2-2-11 709 1304 33 35 
cell-2-2-12 742 1304 33 35 
cell-2-2-13 775 1304 33 35 
cell-2-2-14 808 1304 33 35 
cell-2-2-15 841 1304 33 35 
cell-2-2-16 874 1304 33 35 
cell-2-2-17 907 1304 33 35 
cell-2-2-18 940 1304 33 35 
cell-2-2-19 973 1304 33 35 
cell-2-3-0 346 1353 33 35 
cell-2-3-1 379 1353 33 35 
cell-2-3-2 412 1353 33 35 
cell-2-3-3 445 1353 33 35 
cell-2-3-4 478 1353 33 35 
cell-2-3-5 511 1353 33 35 
cell-2-3-6 544 1353 33 35 
cell-2-3-7 577 1353 33 35 
cell-2-3-8 610 1353 33 35 
cell-2-3-9 643 1353 33 35 
cell-2-3-10 676 1353 33 35 
cell-2-3-11 709 1353 33 35 
cell-2-3-12 742 1353 33 35 
cell-2-3-13 775 1353 33 35 
cell-2-3-14 808 1353 33 35 
cell-2-3-15 841 1353 33 35 
cell-2-3-16 874 1353 33 35 
cell-2-3-17 907 1353 33 35 
cell-2-3-18 940 1353 33 35 
cell-2-3-19 973 1353 33 35 
cell-2-4-0 346 1402 33 35 
cell-2-4-1 379 1402 33 35 
cell-2-4-2 412 1402 33 35 
cell-2-4-3 445 1402 33 35 
cell-2-4-4 478 1402 33 35 
cell-2-4-5 511 1402 33 35 
cell-2-4-6 544 1402 33 35 
cell-2-4-7 577 1402 33 35 
cell-2-4-8 610 1402 33 35 
cell-2-4-9 643 1402 33 35 
cell-2-4-10 676 1402 33 35 
cell-2-4-11 709 1402 33 35 
cell-2-4-12 742 1402 33 35 
cell-2-4-13 775 1402 33 35 
cell-2-4-14 808 1402 33 35 
cell-2-4-15 841 1402 33 35 
cell-2-4-16 874 1402 33 35 
cell-2-4-17 907 1402 33 35 
cell-2-4-18 940 1402 33 35 
cell-2-4-19 973 1402 33 35 
