table-0 505 123 500 196 
cell-0-0-0 505 123 83 30 
cell-0-0-1 588 123 83 30 
cell-0-0-2 671 123 83 30 
cell-0-0-3 754 123 83 30 
cell-0-0-4 837 123 83 30 
cell-0-0-5 920 123 83 30 
cell-0-1-0 505 164 83 30 
cell-0-1-1 588 164 83 30 
cell-0-1-2 671 164 83 30 
cell-0-1-3 754 164 83 30 
cell-0-1-4 837 164 83 30 
cell-0-1-5 920 164 83 30 
cell-0-2-0 505 205 83 30 
cell-0-2-1 588 205 83 30 
cell-0-2-2 671 205 83 30 
cell-0-2-3 754 205 83 30 
cell-0-2-4 837 205 83 30 
cell-0-2-5 920 205 83 30 
cell-0-3-0 505 246 83 30 
cell-0-3-1 588 246 83 30 
cell-0-3-2 671 246 83 30 
cell-0-3-3 754 246 83 30 
cell-0-3-4 837 246 83 30 
cell-0-3-5 920 246 83 30 
cell-0-4-0 505 287 83 30 
cell-0-4-1 588 287 83 30 
cell-0-4-2 671 287 83 30 
cell-0-4-3 754 287 83 30 
cell-0-4-4 837 287 83 30 
cell-0-4-5 920 287 83 30 
table-1 212 441 800 537 
cell-1-0-0 212 441 114 46 
cell-1-0-1 326 441 114 46 
cell-1-0-2 440 441 114 46 
cell-1-0-3 554 441 114 46 
cell-1-0-4 668 441 114 46 
cell-1-0-5 782 441 114 46 
cell-1-0-6 896 441 114 46 
cell-1-1-0 212 502 114 46 
cell-1-1-1 326 502 114 46 
cell-1-1-2 440 502 114 46 
cell-1-1-3 554 502 114 46 
cell-1-1-4 668 502 114 46 
cell-1-1-5 782 502 114 46 
cell-1-1-6 896 502 114 46 
cell-1-2-0 212 563 114 46 
cell-1-2-1 326 563 114 46 
cell-1-2-2 440 563 114 46 
cell-1-2-3 554 563 114 46 
cell-1-2-4 668 563 114 46 
cell-1-2-5 782 563 114 46 
cell-1-2-6 896 563 114 46 
cell-1-3-0 212 624 114 46 
cell-1-3-1 326 624 114 46 
cell-1-3-2 440 624 114 46 
cell-1-3-3 554 624 114 46 
cell-1-3-4 668 624 114 46 
cell-1-3-5 782 624 114 46 
cell-1-3-6 896 624 114 46 
cell-1-4-0 212 685 114 46 
cell-1-4-1 326 685 114 46 
cell-1-4-2 440 685 114 46 
cell-1-4-3 554 685 114 46 
cell-1-4-4 668 685 114 46 
cell-1-4-5 782 685 114 46 
cell-1-4-6 896 685 114 46 
cell-1-5-0 212 746 114 46 
cell-1-5-1 326 746 114 46 
cell-1-5-2 440 746 114 46 
cell-1-5-3 554 746 114 46 
cell-1-5-4 668 746 114 46 
cell-1-5-5 782 746 114 46 
cell-1-5-6 896 746 114 46 
cell-1-6-0 212 807 114 46 
cell-1-6-1 326 807 114 46 
cell-1-6-2 440 807 114 46 
cell-1-6-3 554 807 114 46 
cell-1-6-4 668 807 114 46 
cell-1-6-5 782 807 114 46 
cell-1-6-6 896 807 114 46 
cell-1-7-0 212 868 114 46 
cell-1-7-1 326 868 114 46 
cell-1-7-2 440 868 114 46 
cell-1-7-3 554 868 114 46 
cell-1-7-4 668 868 114 46 
cell-1-7-5 782 868 114 46 
cell-1-7-6 896 868 114 46 
cell-1-8-0 212 929 114 46 
cell-1-8-1 326 929 114 46 
cell-1-8-2 440 929 114 46 
cell-1-8-3 554 929 114 46 
cell-1-8-4 668 929 114 46 
cell-1-8-5 782 929 114 46 
cell-1-8-6 896 929 114 46 
header-2 89 1240 848 193 
row-1-1 89 1240 418 40 
row-1-2 527 1240 319 40 
row-2-1 89 1290 385 40 
row-2-2 494 1290 439 40 
row-3-1 89 1340 484 40 
row-4-1 89 1390 484 40 
