table-0 308 342 625 648 
cell-0-0-0 308 342 44 43 
cell-0-0-1 352 342 44 43 
cell-0-0-2 396 342 44 43 
cell-0-0-3 440 342 44 43 
cell-0-0-4 484 342 44 43 
cell-0-0-5 528 342 44 43 
cell-0-0-6 572 342 359 43 
cell-0-1-0 308 385 44 43 
cell-0-1-1 352 385 44 43 
cell-0-1-2 396 385 44 43 
cell-0-1-3 440 385 44 43 
cell-0-1-4 484 385 44 43 
cell-0-1-5 528 385 44 43 
cell-0-1-6 572 385 359 43 
cell-0-2-0 308 428 44 43 
cell-0-2-1 352 428 44 43 
cell-0-2-2 396 428 44 43 
cell-0-2-3 440 428 44 43 
cell-0-2-4 484 428 44 43 
cell-0-2-5 528 428 44 43 
cell-0-2-6 572 428 359 43 
cell-0-3-0 308 471 44 43 
cell-0-3-1 352 471 44 43 
cell-0-3-2 396 471 44 43 
cell-0-3-3 440 471 44 43 
cell-0-3-4 484 471 44 43 
cell-0-3-5 528 471 44 43 
cell-0-3-6 572 471 359 43 
cell-0-4-0 308 514 44 43 
cell-0-4-1 352 514 44 43 
cell-0-4-2 396 514 44 43 
cell-0-4-3 440 514 44 43 
cell-0-4-4 484 514 44 43 
cell-0-4-5 528 514 44 43 
cell-0-4-6 572 514 359 43 
cell-0-5-0 308 557 44 43 
cell-0-5-1 352 557 44 43 
cell-0-5-2 396 557 44 43 
cell-0-5-3 440 557 44 43 
cell-0-5-4 484 557 44 43 
cell-0-5-5 528 557 44 43 
cell-0-5-6 572 557 359 43 
cell-0-6-0 308 600 44 43 
cell-0-6-1 352 600 44 43 
cell-0-6-2 396 600 44 43 
cell-0-6-3 440 600 44 43 
cell-0-6-4 484 600 44 43 
cell-0-6-5 528 600 44 43 
cell-0-6-6 572 600 359 43 
cell-0-7-0 308 643 44 43 
cell-0-7-1 352 643 44 43 
cell-0-7-2 396 643 44 43 
cell-0-7-3 440 643 44 43 
cell-0-7-4 484 643 44 43 
cell-0-7-5 528 643 44 43 
cell-0-7-6 572 643 359 43 
cell-0-8-0 308 686 44 43 
cell-0-8-1 352 686 44 43 
cell-0-8-2 396 686 44 43 
cell-0-8-3 440 686 44 43 
cell-0-8-4 484 686 44 43 
cell-0-8-5 528 686 44 43 
cell-0-8-6 572 686 359 43 
cell-0-9-0 308 729 44 43 
cell-0-9-1 352 729 44 43 
cell-0-9-2 396 729 44 43 
cell-0-9-3 440 729 44 43 
cell-0-9-4 484 729 44 43 
cell-0-9-5 528 729 44 43 
cell-0-9-6 572 729 359 43 
cell-0-10-0 308 772 44 43 
cell-0-10-1 352 772 44 43 
cell-0-10-2 396 772 44 43 
cell-0-10-3 440 772 44 43 
cell-0-10-4 484 772 44 43 
cell-0-10-5 528 772 44 43 
cell-0-10-6 572 772 359 43 
cell-0-11-0 308 815 44 43 
cell-0-11-1 352 815 44 43 
cell-0-11-2 396 815 44 43 
cell-0-11-3 440 815 44 43 
cell-0-11-4 484 815 44 43 
cell-0-11-5 528 815 44 43 
cell-0-11-6 572 815 359 43 
cell-0-12-0 308 858 44 43 
cell-0-12-1 352 858 44 43 
cell-0-12-2 396 858 44 43 
cell-0-12-3 440 858 44 43 
cell-0-12-4 484 858 44 43 
cell-0-12-5 528 858 44 43 
cell-0-12-6 572 858 359 43 
cell-0-13-0 308 901 44 43 
cell-0-13-1 352 901 44 43 
cell-0-13-2 396 901 44 43 
cell-0-13-3 440 901 44 43 
cell-0-13-4 484 901 44 43 
cell-0-13-5 528 901 44 43 
cell-0-13-6 572 901 359 43 
cell-0-14-0 308 944 44 43 
cell-0-14-1 352 944 44 43 
cell-0-14-2 396 944 44 43 
cell-0-14-3 440 944 44 43 
cell-0-14-4 484 944 44 43 
cell-0-14-5 528 944 44 43 
cell-0-14-6 572 944 359 43 
