table-0 75 736 533 646 
cell-0-0-0 75 736 44 42 
cell-0-0-1 119 736 44 42 
cell-0-0-2 163 736 44 42 
cell-0-0-3 207 736 44 42 
cell-0-0-4 251 736 44 42 
cell-0-0-5 295 736 313 42 
cell-0-1-0 75 779 44 42 
cell-0-1-1 119 779 44 42 
cell-0-1-2 163 779 44 42 
cell-0-1-3 207 779 44 42 
cell-0-1-4 251 779 44 42 
cell-0-1-5 295 779 313 42 
cell-0-2-0 75 822 44 42 
cell-0-2-1 119 822 44 42 
cell-0-2-2 163 822 44 42 
cell-0-2-3 207 822 44 42 
cell-0-2-4 251 822 44 42 
cell-0-2-5 295 822 313 42 
cell-0-3-0 75 865 44 42 
cell-0-3-1 119 865 44 42 
cell-0-3-2 163 865 44 42 
cell-0-3-3 207 865 44 42 
cell-0-3-4 251 865 44 42 
cell-0-3-5 295 865 313 42 
cell-0-4-0 75 908 44 42 
cell-0-4-1 119 908 44 42 
cell-0-4-2 163 908 44 42 
cell-0-4-3 207 908 44 42 
cell-0-4-4 251 908 44 42 
cell-0-4-5 295 908 313 42 
cell-0-5-0 75 951 44 42 
cell-0-5-1 119 951 44 42 
cell-0-5-2 163 951 44 42 
cell-0-5-3 207 951 44 42 
cell-0-5-4 251 951 44 42 
cell-0-5-5 295 951 313 42 
cell-0-6-0 75 994 44 42 
cell-0-6-1 119 994 44 42 
cell-0-6-2 163 994 44 42 
cell-0-6-3 207 994 44 42 
cell-0-6-4 251 994 44 42 
cell-0-6-5 295 994 313 42 
cell-0-7-0 75 1037 44 42 
cell-0-7-1 119 1037 44 42 
cell-0-7-2 163 1037 44 42 
cell-0-7-3 207 1037 44 42 
cell-0-7-4 251 1037 44 42 
cell-0-7-5 295 1037 313 42 
cell-0-8-0 75 1080 44 42 
cell-0-8-1 119 1080 44 42 
cell-0-8-2 163 1080 44 42 
cell-0-8-3 207 1080 44 42 
cell-0-8-4 251 1080 44 42 
cell-0-8-5 295 1080 313 42 
cell-0-9-0 75 1123 44 42 
cell-0-9-1 119 1123 44 42 
cell-0-9-2 163 1123 44 42 
cell-0-9-3 207 1123 44 42 
cell-0-9-4 251 1123 44 42 
cell-0-9-5 295 1123 313 42 
cell-0-10-0 75 1166 44 42 
cell-0-10-1 119 1166 44 42 
cell-0-10-2 163 1166 44 42 
cell-0-10-3 207 1166 44 42 
cell-0-10-4 251 1166 44 42 
cell-0-10-5 295 1166 313 42 
cell-0-11-0 75 1209 44 42 
cell-0-11-1 119 1209 44 42 
cell-0-11-2 163 1209 44 42 
cell-0-11-3 207 1209 44 42 
cell-0-11-4 251 1209 44 42 
cell-0-11-5 295 1209 313 42 
cell-0-12-0 75 1252 44 42 
cell-0-12-1 119 1252 44 42 
cell-0-12-2 163 1252 44 42 
cell-0-12-3 207 1252 44 42 
cell-0-12-4 251 1252 44 42 
cell-0-12-5 295 1252 313 42 
cell-0-13-0 75 1295 44 42 
cell-0-13-1 119 1295 44 42 
cell-0-13-2 163 1295 44 42 
cell-0-13-3 207 1295 44 42 
cell-0-13-4 251 1295 44 42 
cell-0-13-5 295 1295 313 42 
cell-0-14-0 75 1338 44 42 
cell-0-14-1 119 1338 44 42 
cell-0-14-2 163 1338 44 42 
cell-0-14-3 207 1338 44 42 
cell-0-14-4 251 1338 44 42 
cell-0-14-5 295 1338 313 42 
