table-0 238 375 222 455 
cell-0-0-0 238 375 44 35 
cell-0-0-1 282 375 44 35 
cell-0-0-2 326 375 44 35 
cell-0-0-3 370 375 44 35 
cell-0-0-4 414 375 44 35 
cell-0-1-0 238 413 44 35 
cell-0-1-1 282 413 44 35 
cell-0-1-2 326 413 44 35 
cell-0-1-3 370 413 44 35 
cell-0-1-4 414 413 44 35 
cell-0-2-0 238 451 44 35 
cell-0-2-1 282 451 44 35 
cell-0-2-2 326 451 44 35 
cell-0-2-3 370 451 44 35 
cell-0-2-4 414 451 44 35 
cell-0-3-0 238 489 44 35 
cell-0-3-1 282 489 44 35 
cell-0-3-2 326 489 44 35 
cell-0-3-3 370 489 44 35 
cell-0-3-4 414 489 44 35 
cell-0-4-0 238 527 44 35 
cell-0-4-1 282 527 44 35 
cell-0-4-2 326 527 44 35 
cell-0-4-3 370 527 44 35 
cell-0-4-4 414 527 44 35 
cell-0-5-0 238 565 44 35 
cell-0-5-1 282 565 44 35 
cell-0-5-2 326 565 44 35 
cell-0-5-3 370 565 44 35 
cell-0-5-4 414 565 44 35 
cell-0-6-0 238 603 44 35 
cell-0-6-1 282 603 44 35 
cell-0-6-2 326 603 44 35 
cell-0-6-3 370 603 44 35 
cell-0-6-4 414 603 44 35 
cell-0-7-0 238 641 44 35 
cell-0-7-1 282 641 44 35 
cell-0-7-2 326 641 44 35 
cell-0-7-3 370 641 44 35 
cell-0-7-4 414 641 44 35 
cell-0-8-0 238 679 44 35 
cell-0-8-1 282 679 44 35 
cell-0-8-2 326 679 44 35 
cell-0-8-3 370 679 44 35 
cell-0-8-4 414 679 44 35 
cell-0-9-0 238 717 44 35 
cell-0-9-1 282 717 44 35 
cell-0-9-2 326 717 44 35 
cell-0-9-3 370 717 44 35 
cell-0-9-4 414 717 44 35 
cell-0-10-0 238 755 44 35 
cell-0-10-1 282 755 44 35 
cell-0-10-2 326 755 44 35 
cell-0-10-3 370 755 44 35 
cell-0-10-4 414 755 44 35 
cell-0-11-0 238 793 44 35 
cell-0-11-1 282 793 44 35 
cell-0-11-2 326 793 44 35 
cell-0-11-3 370 793 44 35 
cell-0-11-4 414 793 44 35 
