table-0 411 505 600 307 
cell-0-0-0 411 505 150 34 
cell-0-0-1 561 505 150 34 
cell-0-0-2 711 505 150 34 
cell-0-0-3 861 505 150 34 
cell-0-1-0 411 539 150 34 
cell-0-1-1 561 539 150 34 
cell-0-1-2 711 539 150 34 
cell-0-1-3 861 539 150 34 
cell-0-2-0 411 573 150 34 
cell-0-2-1 561 573 150 34 
cell-0-2-2 711 573 150 34 
cell-0-2-3 861 573 150 34 
cell-0-3-0 411 607 150 34 
cell-0-3-1 561 607 150 34 
cell-0-3-2 711 607 150 34 
cell-0-3-3 861 607 150 34 
cell-0-4-0 411 641 150 34 
cell-0-4-1 561 641 150 34 
cell-0-4-2 711 641 150 34 
cell-0-4-3 861 641 150 34 
cell-0-5-0 411 675 150 34 
cell-0-5-1 561 675 150 34 
cell-0-5-2 711 675 150 34 
cell-0-5-3 861 675 150 34 
cell-0-6-0 411 709 150 34 
cell-0-6-1 561 709 150 34 
cell-0-6-2 711 709 150 34 
cell-0-6-3 861 709 150 34 
cell-0-7-0 411 743 150 34 
cell-0-7-1 561 743 150 34 
cell-0-7-2 711 743 150 34 
cell-0-7-3 861 743 150 34 
cell-0-8-0 411 777 150 34 
cell-0-8-1 561 777 150 34 
cell-0-8-2 711 777 150 34 
cell-0-8-3 861 777 150 34 
table-1 147 1179 589 248 
cell-1-1-0 147 1179 34 35 
cell-1-1-1 184 1179 34 35 
cell-1-1-2 221 1179 34 35 
cell-1-1-3 258 1179 34 35 
cell-1-1-4 295 1179 34 35 
cell-1-1-5 332 1179 34 35 
cell-1-1-6 369 1179 34 35 
cell-1-1-7 406 1179 34 35 
cell-1-1-8 443 1179 34 35 
cell-1-1-9 480 1179 34 35 
cell-1-1-10 517 1179 34 35 
cell-1-1-11 554 1179 34 35 
cell-1-1-12 591 1179 34 35 
cell-1-1-13 628 1179 34 35 
cell-1-1-14 665 1179 34 35 
cell-1-1-15 702 1179 34 35 
cell-1-2-0 147 1232 34 35 
cell-1-2-1 184 1232 34 35 
cell-1-2-2 221 1232 34 35 
cell-1-2-3 258 1232 34 35 
cell-1-2-4 295 1232 34 35 
cell-1-2-5 332 1232 34 35 
cell-1-2-6 369 1232 34 35 
cell-1-2-7 406 1232 34 35 
cell-1-2-8 443 1232 34 35 
cell-1-2-9 480 1232 34 35 
cell-1-2-10 517 1232 34 35 
cell-1-2-11 554 1232 34 35 
cell-1-2-12 591 1232 34 35 
cell-1-2-13 628 1232 34 35 
cell-1-2-14 665 1232 34 35 
cell-1-2-15 702 1232 34 35 
cell-1-3-0 147 1285 34 35 
cell-1-3-1 184 1285 34 35 
cell-1-3-2 221 1285 34 35 
cell-1-3-3 258 1285 34 35 
cell-1-3-4 295 1285 34 35 
cell-1-3-5 332 1285 34 35 
cell-1-3-6 369 1285 34 35 
cell-1-3-7 406 1285 34 35 
cell-1-3-8 443 1285 34 35 
cell-1-3-9 480 1285 34 35 
cell-1-3-10 517 1285 34 35 
cell-1-3-11 554 1285 34 35 
cell-1-3-12 591 1285 34 35 
cell-1-3-13 628 1285 34 35 
cell-1-3-14 665 1285 34 35 
cell-1-3-15 702 1285 34 35 
cell-1-4-0 147 1338 34 35 
cell-1-4-1 184 1338 34 35 
cell-1-4-2 221 1338 34 35 
cell-1-4-3 258 1338 34 35 
cell-1-4-4 295 1338 34 35 
cell-1-4-5 332 1338 34 35 
cell-1-4-6 369 1338 34 35 
cell-1-4-7 406 1338 34 35 
cell-1-4-8 443 1338 34 35 
cell-1-4-9 480 1338 34 35 
cell-1-4-10 517 1338 34 35 
cell-1-4-11 554 1338 34 35 
cell-1-4-12 591 1338 34 35 
cell-1-4-13 628 1338 34 35 
cell-1-4-14 665 1338 34 35 
cell-1-4-15 702 1338 34 35 
cell-1-5-0 147 1391 34 35 
cell-1-5-1 184 1391 34 35 
cell-1-5-2 221 1391 34 35 
cell-1-5-3 258 1391 34 35 
cell-1-5-4 295 1391 34 35 
cell-1-5-5 332 1391 34 35 
cell-1-5-6 369 1391 34 35 
cell-1-5-7 406 1391 34 35 
cell-1-5-8 443 1391 34 35 
cell-1-5-9 480 1391 34 35 
cell-1-5-10 517 1391 34 35 
cell-1-5-11 554 1391 34 35 
cell-1-5-12 591 1391 34 35 
cell-1-5-13 628 1391 34 35 
cell-1-5-14 665 1391 34 35 
cell-1-5-15 702 1391 34 35 
