table-0 343 673 562 678 
cell-0-0-0 343 673 43 41 
cell-0-0-1 386 673 43 41 
cell-0-0-2 429 673 43 41 
cell-0-0-3 472 673 43 41 
cell-0-0-4 515 673 43 41 
cell-0-0-5 558 673 346 41 
cell-0-1-0 343 726 43 41 
cell-0-1-1 386 726 43 41 
cell-0-1-2 429 726 43 41 
cell-0-1-3 472 726 43 41 
cell-0-1-4 515 726 43 41 
cell-0-1-5 558 726 346 41 
cell-0-2-0 343 779 43 41 
cell-0-2-1 386 779 43 41 
cell-0-2-2 429 779 43 41 
cell-0-2-3 472 779 43 41 
cell-0-2-4 515 779 43 41 
cell-0-2-5 558 779 346 41 
cell-0-3-0 343 832 43 41 
cell-0-3-1 386 832 43 41 
cell-0-3-2 429 832 43 41 
cell-0-3-3 472 832 43 41 
cell-0-3-4 515 832 43 41 
cell-0-3-5 558 832 346 41 
cell-0-4-0 343 885 43 41 
cell-0-4-1 386 885 43 41 
cell-0-4-2 429 885 43 41 
cell-0-4-3 472 885 43 41 
cell-0-4-4 515 885 43 41 
cell-0-4-5 558 885 346 41 
cell-0-5-0 343 938 43 41 
cell-0-5-1 386 938 43 41 
cell-0-5-2 429 938 43 41 
cell-0-5-3 472 938 43 41 
cell-0-5-4 515 938 43 41 
cell-0-5-5 558 938 346 41 
cell-0-6-0 343 991 43 41 
cell-0-6-1 386 991 43 41 
cell-0-6-2 429 991 43 41 
cell-0-6-3 472 991 43 41 
cell-0-6-4 515 991 43 41 
cell-0-6-5 558 991 346 41 
cell-0-7-0 343 1044 43 41 
cell-0-7-1 386 1044 43 41 
cell-0-7-2 429 1044 43 41 
cell-0-7-3 472 1044 43 41 
cell-0-7-4 515 1044 43 41 
cell-0-7-5 558 1044 346 41 
cell-0-8-0 343 1097 43 41 
cell-0-8-1 386 1097 43 41 
cell-0-8-2 429 1097 43 41 
cell-0-8-3 472 1097 43 41 
cell-0-8-4 515 1097 43 41 
cell-0-8-5 558 1097 346 41 
cell-0-9-0 343 1150 43 41 
cell-0-9-1 386 1150 43 41 
cell-0-9-2 429 1150 43 41 
cell-0-9-3 472 1150 43 41 
cell-0-9-4 515 1150 43 41 
cell-0-9-5 558 1150 346 41 
cell-0-10-0 343 1203 43 41 
cell-0-10-1 386 1203 43 41 
cell-0-10-2 429 1203 43 41 
cell-0-10-3 472 1203 43 41 
cell-0-10-4 515 1203 43 41 
cell-0-10-5 558 1203 346 41 
cell-0-11-0 343 1256 43 41 
cell-0-11-1 386 1256 43 41 
cell-0-11-2 429 1256 43 41 
cell-0-11-3 472 1256 43 41 
cell-0-11-4 515 1256 43 41 
cell-0-11-5 558 1256 346 41 
cell-0-12-0 343 1309 43 41 
cell-0-12-1 386 1309 43 41 
cell-0-12-2 429 1309 43 41 
cell-0-12-3 472 1309 43 41 
cell-0-12-4 515 1309 43 41 
cell-0-12-5 558 1309 346 41 
