table-0 120 709 757 648 
cell-0-0-0 120 709 44 43 
cell-0-0-1 164 709 44 43 
cell-0-0-2 208 709 44 43 
cell-0-0-3 252 709 44 43 
cell-0-0-4 296 709 44 43 
cell-0-0-5 340 709 44 43 
cell-0-0-6 384 709 491 43 
cell-0-1-0 120 752 44 43 
cell-0-1-1 164 752 44 43 
cell-0-1-2 208 752 44 43 
cell-0-1-3 252 752 44 43 
cell-0-1-4 296 752 44 43 
cell-0-1-5 340 752 44 43 
cell-0-1-6 384 752 491 43 
cell-0-2-0 120 795 44 43 
cell-0-2-1 164 795 44 43 
cell-0-2-2 208 795 44 43 
cell-0-2-3 252 795 44 43 
cell-0-2-4 296 795 44 43 
cell-0-2-5 340 795 44 43 
cell-0-2-6 384 795 491 43 
cell-0-3-0 120 838 44 43 
cell-0-3-1 164 838 44 43 
cell-0-3-2 208 838 44 43 
cell-0-3-3 252 838 44 43 
cell-0-3-4 296 838 44 43 
cell-0-3-5 340 838 44 43 
cell-0-3-6 384 838 491 43 
cell-0-4-0 120 881 44 43 
cell-0-4-1 164 881 44 43 
cell-0-4-2 208 881 44 43 
cell-0-4-3 252 881 44 43 
cell-0-4-4 296 881 44 43 
cell-0-4-5 340 881 44 43 
cell-0-4-6 384 881 491 43 
cell-0-5-0 120 924 44 43 
cell-0-5-1 164 924 44 43 
cell-0-5-2 208 924 44 43 
cell-0-5-3 252 924 44 43 
cell-0-5-4 296 924 44 43 
cell-0-5-5 340 924 44 43 
cell-0-5-6 384 924 491 43 
cell-0-6-0 120 967 44 43 
cell-0-6-1 164 967 44 43 
cell-0-6-2 208 967 44 43 
cell-0-6-3 252 967 44 43 
cell-0-6-4 296 967 44 43 
cell-0-6-5 340 967 44 43 
cell-0-6-6 384 967 491 43 
cell-0-7-0 120 1010 44 43 
cell-0-7-1 164 1010 44 43 
cell-0-7-2 208 1010 44 43 
cell-0-7-3 252 1010 44 43 
cell-0-7-4 296 1010 44 43 
cell-0-7-5 340 1010 44 43 
cell-0-7-6 384 1010 491 43 
cell-0-8-0 120 1053 44 43 
cell-0-8-1 164 1053 44 43 
cell-0-8-2 208 1053 44 43 
cell-0-8-3 252 1053 44 43 
cell-0-8-4 296 1053 44 43 
cell-0-8-5 340 1053 44 43 
cell-0-8-6 384 1053 491 43 
cell-0-9-0 120 1096 44 43 
cell-0-9-1 164 1096 44 43 
cell-0-9-2 208 1096 44 43 
cell-0-9-3 252 1096 44 43 
cell-0-9-4 296 1096 44 43 
cell-0-9-5 340 1096 44 43 
cell-0-9-6 384 1096 491 43 
cell-0-10-0 120 1139 44 43 
cell-0-10-1 164 1139 44 43 
cell-0-10-2 208 1139 44 43 
cell-0-10-3 252 1139 44 43 
cell-0-10-4 296 1139 44 43 
cell-0-10-5 340 1139 44 43 
cell-0-10-6 384 1139 491 43 
cell-0-11-0 120 1182 44 43 
cell-0-11-1 164 1182 44 43 
cell-0-11-2 208 1182 44 43 
cell-0-11-3 252 1182 44 43 
cell-0-11-4 296 1182 44 43 
cell-0-11-5 340 1182 44 43 
cell-0-11-6 384 1182 491 43 
cell-0-12-0 120 1225 44 43 
cell-0-12-1 164 1225 44 43 
cell-0-12-2 208 1225 44 43 
cell-0-12-3 252 1225 44 43 
cell-0-12-4 296 1225 44 43 
cell-0-12-5 340 1225 44 43 
cell-0-12-6 384 1225 491 43 
cell-0-13-0 120 1268 44 43 
cell-0-13-1 164 1268 44 43 
cell-0-13-2 208 1268 44 43 
cell-0-13-3 252 1268 44 43 
cell-0-13-4 296 1268 44 43 
cell-0-13-5 340 1268 44 43 
cell-0-13-6 384 1268 491 43 
cell-0-14-0 120 1311 44 43 
cell-0-14-1 164 1311 44 43 
cell-0-14-2 208 1311 44 43 
cell-0-14-3 252 1311 44 43 
cell-0-14-4 296 1311 44 43 
cell-0-14-5 340 1311 44 43 
cell-0-14-6 384 1311 491 43 
