table-0 103 332 228 518 
cell-0-0-0 103 332 45 35 
cell-0-0-1 148 332 45 35 
cell-0-0-2 193 332 45 35 
cell-0-0-3 238 332 45 35 
cell-0-0-4 283 332 45 35 
cell-0-1-0 103 380 45 35 
cell-0-1-1 148 380 45 35 
cell-0-1-2 193 380 45 35 
cell-0-1-3 238 380 45 35 
cell-0-1-4 283 380 45 35 
cell-0-2-0 103 428 45 35 
cell-0-2-1 148 428 45 35 
cell-0-2-2 193 428 45 35 
cell-0-2-3 238 428 45 35 
cell-0-2-4 283 428 45 35 
cell-0-3-0 103 476 45 35 
cell-0-3-1 148 476 45 35 
cell-0-3-2 193 476 45 35 
cell-0-3-3 238 476 45 35 
cell-0-3-4 283 476 45 35 
cell-0-4-0 103 524 45 35 
cell-0-4-1 148 524 45 35 
cell-0-4-2 193 524 45 35 
cell-0-4-3 238 524 45 35 
cell-0-4-4 283 524 45 35 
cell-0-5-0 103 572 45 35 
cell-0-5-1 148 572 45 35 
cell-0-5-2 193 572 45 35 
cell-0-5-3 238 572 45 35 
cell-0-5-4 283 572 45 35 
cell-0-6-0 103 620 45 35 
cell-0-6-1 148 620 45 35 
cell-0-6-2 193 620 45 35 
cell-0-6-3 238 620 45 35 
cell-0-6-4 283 620 45 35 
cell-0-7-0 103 668 45 35 
cell-0-7-1 148 668 45 35 
cell-0-7-2 193 668 45 35 
cell-0-7-3 238 668 45 35 
cell-0-7-4 283 668 45 35 
cell-0-8-0 103 716 45 35 
cell-0-8-1 148 716 45 35 
cell-0-8-2 193 716 45 35 
cell-0-8-3 238 716 45 35 
cell-0-8-4 283 716 45 35 
cell-0-9-0 103 764 45 35 
cell-0-9-1 148 764 45 35 
cell-0-9-2 193 764 45 35 
cell-0-9-3 238 764 45 35 
cell-0-9-4 283 764 45 35 
cell-0-10-0 103 812 45 35 
cell-0-10-1 148 812 45 35 
cell-0-10-2 193 812 45 35 
cell-0-10-3 238 812 45 35 
cell-0-10-4 283 812 45 35 
