header-0 125 996 813 193 
row-1-1 125 996 384 40 
row-1-2 529 996 384 40 
row-2-1 125 1046 318 40 
row-2-2 463 1046 435 40 
row-3-1 125 1096 714 40 
row-4-1 125 1146 813 40 
table-1 411 565 444 345 
cell-1-1-0 411 565 34 35 
cell-1-1-1 445 565 34 35 
cell-1-1-2 479 565 34 35 
cell-1-1-3 513 565 34 35 
cell-1-1-4 547 565 34 35 
cell-1-1-5 581 565 34 35 
cell-1-1-6 615 565 34 35 
cell-1-1-7 649 565 34 35 
cell-1-1-8 683 565 34 35 
cell-1-1-9 717 565 34 35 
cell-1-1-10 751 565 34 35 
cell-1-1-11 785 565 34 35 
cell-1-1-12 819 565 34 35 
cell-1-2-0 411 609 34 35 
cell-1-2-1 445 609 34 35 
cell-1-2-2 479 609 34 35 
cell-1-2-3 513 609 34 35 
cell-1-2-4 547 609 34 35 
cell-1-2-5 581 609 34 35 
cell-1-2-6 615 609 34 35 
cell-1-2-7 649 609 34 35 
cell-1-2-8 683 609 34 35 
cell-1-2-9 717 609 34 35 
cell-1-2-10 751 609 34 35 
cell-1-2-11 785 609 34 35 
cell-1-2-12 819 609 34 35 
cell-1-3-0 411 653 34 35 
cell-1-3-1 445 653 34 35 
cell-1-3-2 479 653 34 35 
cell-1-3-3 513 653 34 35 
cell-1-3-4 547 653 34 35 
cell-1-3-5 581 653 34 35 
cell-1-3-6 615 653 34 35 
cell-1-3-7 649 653 34 35 
cell-1-3-8 683 653 34 35 
cell-1-3-9 717 653 34 35 
cell-1-3-10 751 653 34 35 
cell-1-3-11 785 653 34 35 
cell-1-3-12 819 653 34 35 
cell-1-4-0 411 697 34 35 
cell-1-4-1 445 697 34 35 
cell-1-4-2 479 697 34 35 
cell-1-4-3 513 697 34 35 
cell-1-4-4 547 697 34 35 
cell-1-4-5 581 697 34 35 
cell-1-4-6 615 697 34 35 
cell-1-4-7 649 697 34 35 
cell-1-4-8 683 697 34 35 
cell-1-4-9 717 697 34 35 
cell-1-4-10 751 697 34 35 
cell-1-4-11 785 697 34 35 
cell-1-4-12 819 697 34 35 
cell-1-5-0 411 741 34 35 
cell-1-5-1 445 741 34 35 
cell-1-5-2 479 741 34 35 
cell-1-5-3 513 741 34 35 
cell-1-5-4 547 741 34 35 
cell-1-5-5 581 741 34 35 
cell-1-5-6 615 741 34 35 
cell-1-5-7 649 741 34 35 
cell-1-5-8 683 741 34 35 
cell-1-5-9 717 741 34 35 
cell-1-5-10 751 741 34 35 
cell-1-5-11 785 741 34 35 
cell-1-5-12 819 741 34 35 
cell-1-6-0 411 785 34 35 
cell-1-6-1 445 785 34 35 
cell-1-6-2 479 785 34 35 
cell-1-6-3 513 785 34 35 
cell-1-6-4 547 785 34 35 
cell-1-6-5 581 785 34 35 
cell-1-6-6 615 785 34 35 
cell-1-6-7 649 785 34 35 
cell-1-6-8 683 785 34 35 
cell-1-6-9 717 785 34 35 
cell-1-6-10 751 785 34 35 
cell-1-6-11 785 785 34 35 
cell-1-6-12 819 785 34 35 
cell-1-7-0 411 829 34 35 
cell-1-7-1 445 829 34 35 
cell-1-7-2 479 829 34 35 
cell-1-7-3 513 829 34 35 
cell-1-7-4 547 829 34 35 
cell-1-7-5 581 829 34 35 
cell-1-7-6 615 829 34 35 
cell-1-7-7 649 829 34 35 
cell-1-7-8 683 829 34 35 
cell-1-7-9 717 829 34 35 
cell-1-7-10 751 829 34 35 
cell-1-7-11 785 829 34 35 
cell-1-7-12 819 829 34 35 
cell-1-8-0 411 873 34 35 
cell-1-8-1 445 873 34 35 
cell-1-8-2 479 873 34 35 
cell-1-8-3 513 873 34 35 
cell-1-8-4 547 873 34 35 
cell-1-8-5 581 873 34 35 
cell-1-8-6 615 873 34 35 
cell-1-8-7 649 873 34 35 
cell-1-8-8 683 873 34 35 
cell-1-8-9 717 873 34 35 
cell-1-8-10 751 873 34 35 
cell-1-8-11 785 873 34 35 
cell-1-8-12 819 873 34 35 
