table-0 91 647 522 733 
cell-0-0-0 91 647 44 42 
cell-0-0-1 135 647 44 42 
cell-0-0-2 179 647 44 42 
cell-0-0-3 223 647 44 42 
cell-0-0-4 267 647 44 42 
cell-0-0-5 311 647 302 42 
cell-0-1-0 91 700 44 42 
cell-0-1-1 135 700 44 42 
cell-0-1-2 179 700 44 42 
cell-0-1-3 223 700 44 42 
cell-0-1-4 267 700 44 42 
cell-0-1-5 311 700 302 42 
cell-0-2-0 91 753 44 42 
cell-0-2-1 135 753 44 42 
cell-0-2-2 179 753 44 42 
cell-0-2-3 223 753 44 42 
cell-0-2-4 267 753 44 42 
cell-0-2-5 311 753 302 42 
cell-0-3-0 91 806 44 42 
cell-0-3-1 135 806 44 42 
cell-0-3-2 179 806 44 42 
cell-0-3-3 223 806 44 42 
cell-0-3-4 267 806 44 42 
cell-0-3-5 311 806 302 42 
cell-0-4-0 91 859 44 42 
cell-0-4-1 135 859 44 42 
cell-0-4-2 179 859 44 42 
cell-0-4-3 223 859 44 42 
cell-0-4-4 267 859 44 42 
cell-0-4-5 311 859 302 42 
cell-0-5-0 91 912 44 42 
cell-0-5-1 135 912 44 42 
cell-0-5-2 179 912 44 42 
cell-0-5-3 223 912 44 42 
cell-0-5-4 267 912 44 42 
cell-0-5-5 311 912 302 42 
cell-0-6-0 91 965 44 42 
cell-0-6-1 135 965 44 42 
cell-0-6-2 179 965 44 42 
cell-0-6-3 223 965 44 42 
cell-0-6-4 267 965 44 42 
cell-0-6-5 311 965 302 42 
cell-0-7-0 91 1018 44 42 
cell-0-7-1 135 1018 44 42 
cell-0-7-2 179 1018 44 42 
cell-0-7-3 223 1018 44 42 
cell-0-7-4 267 1018 44 42 
cell-0-7-5 311 1018 302 42 
cell-0-8-0 91 1071 44 42 
cell-0-8-1 135 1071 44 42 
cell-0-8-2 179 1071 44 42 
cell-0-8-3 223 1071 44 42 
cell-0-8-4 267 1071 44 42 
cell-0-8-5 311 1071 302 42 
cell-0-9-0 91 1124 44 42 
cell-0-9-1 135 1124 44 42 
cell-0-9-2 179 1124 44 42 
cell-0-9-3 223 1124 44 42 
cell-0-9-4 267 1124 44 42 
cell-0-9-5 311 1124 302 42 
cell-0-10-0 91 1177 44 42 
cell-0-10-1 135 1177 44 42 
cell-0-10-2 179 1177 44 42 
cell-0-10-3 223 1177 44 42 
cell-0-10-4 267 1177 44 42 
cell-0-10-5 311 1177 302 42 
cell-0-11-0 91 1230 44 42 
cell-0-11-1 135 1230 44 42 
cell-0-11-2 179 1230 44 42 
cell-0-11-3 223 1230 44 42 
cell-0-11-4 267 1230 44 42 
cell-0-11-5 311 1230 302 42 
cell-0-12-0 91 1283 44 42 
cell-0-12-1 135 1283 44 42 
cell-0-12-2 179 1283 44 42 
cell-0-12-3 223 1283 44 42 
cell-0-12-4 267 1283 44 42 
cell-0-12-5 311 1283 302 42 
cell-0-13-0 91 1336 44 42 
cell-0-13-1 135 1336 44 42 
cell-0-13-2 179 1336 44 42 
cell-0-13-3 223 1336 44 42 
cell-0-13-4 267 1336 44 42 
cell-0-13-5 311 1336 302 42 
