table-0 287 283 700 167 
cell-0-0-0 287 283 175 30 
cell-0-0-1 462 283 175 30 
cell-0-0-2 637 283 175 30 
cell-0-0-3 812 283 175 30 
cell-0-1-0 287 317 175 30 
cell-0-1-1 462 317 175 30 
cell-0-1-2 637 317 175 30 
cell-0-1-3 812 317 175 30 
cell-0-2-0 287 351 175 30 
cell-0-2-1 462 351 175 30 
cell-0-2-2 637 351 175 30 
cell-0-2-3 812 351 175 30 
cell-0-3-0 287 385 175 30 
cell-0-3-1 462 385 175 30 
cell-0-3-2 637 385 175 30 
cell-0-3-3 812 385 175 30 
cell-0-4-0 287 419 175 30 
cell-0-4-1 462 419 175 30 
cell-0-4-2 637 419 175 30 
cell-0-4-3 812 419 175 30 
