table-0 835 365 173 564 
cell-0-0-0 835 365 43 35 
cell-0-0-1 878 365 43 35 
cell-0-0-2 921 365 43 35 
cell-0-0-3 964 365 43 35 
cell-0-1-0 835 413 43 35 
cell-0-1-1 878 413 43 35 
cell-0-1-2 921 413 43 35 
cell-0-1-3 964 413 43 35 
cell-0-2-0 835 461 43 35 
cell-0-2-1 878 461 43 35 
cell-0-2-2 921 461 43 35 
cell-0-2-3 964 461 43 35 
cell-0-3-0 835 509 43 35 
cell-0-3-1 878 509 43 35 
cell-0-3-2 921 509 43 35 
cell-0-3-3 964 509 43 35 
cell-0-4-0 835 557 43 35 
cell-0-4-1 878 557 43 35 
cell-0-4-2 921 557 43 35 
cell-0-4-3 964 557 43 35 
cell-0-5-0 835 605 43 35 
cell-0-5-1 878 605 43 35 
cell-0-5-2 921 605 43 35 
cell-0-5-3 964 605 43 35 
cell-0-6-0 835 653 43 35 
cell-0-6-1 878 653 43 35 
cell-0-6-2 921 653 43 35 
cell-0-6-3 964 653 43 35 
cell-0-7-0 835 701 43 35 
cell-0-7-1 878 701 43 35 
cell-0-7-2 921 701 43 35 
cell-0-7-3 964 701 43 35 
cell-0-8-0 835 749 43 35 
cell-0-8-1 878 749 43 35 
cell-0-8-2 921 749 43 35 
cell-0-8-3 964 749 43 35 
cell-0-9-0 835 797 43 35 
cell-0-9-1 878 797 43 35 
cell-0-9-2 921 797 43 35 
cell-0-9-3 964 797 43 35 
cell-0-10-0 835 845 43 35 
cell-0-10-1 878 845 43 35 
cell-0-10-2 921 845 43 35 
cell-0-10-3 964 845 43 35 
cell-0-11-0 835 893 43 35 
cell-0-11-1 878 893 43 35 
cell-0-11-2 921 893 43 35 
cell-0-11-3 964 893 43 35 
table-3 393 1173 653 198 
cell-3-1-0 393 1173 38 35 
cell-3-1-1 434 1173 38 35 
cell-3-1-2 475 1173 38 35 
cell-3-1-3 516 1173 38 35 
cell-3-1-4 557 1173 38 35 
cell-3-1-5 598 1173 38 35 
cell-3-1-6 639 1173 38 35 
cell-3-1-7 680 1173 38 35 
cell-3-1-8 721 1173 38 35 
cell-3-1-9 762 1173 38 35 
cell-3-1-10 803 1173 38 35 
cell-3-1-11 844 1173 38 35 
cell-3-1-12 885 1173 38 35 
cell-3-1-13 926 1173 38 35 
cell-3-1-14 967 1173 38 35 
cell-3-1-15 1008 1173 38 35 
cell-3-2-0 393 1213 38 35 
cell-3-2-1 434 1213 38 35 
cell-3-2-2 475 1213 38 35 
cell-3-2-3 516 1213 38 35 
cell-3-2-4 557 1213 38 35 
cell-3-2-5 598 1213 38 35 
cell-3-2-6 639 1213 38 35 
cell-3-2-7 680 1213 38 35 
cell-3-2-8 721 1213 38 35 
cell-3-2-9 762 1213 38 35 
cell-3-2-10 803 1213 38 35 
cell-3-2-11 844 1213 38 35 
cell-3-2-12 885 1213 38 35 
cell-3-2-13 926 1213 38 35 
cell-3-2-14 967 1213 38 35 
cell-3-2-15 1008 1213 38 35 
cell-3-3-0 393 1253 38 35 
cell-3-3-1 434 1253 38 35 
cell-3-3-2 475 1253 38 35 
cell-3-3-3 516 1253 38 35 
cell-3-3-4 557 1253 38 35 
cell-3-3-5 598 1253 38 35 
cell-3-3-6 639 1253 38 35 
cell-3-3-7 680 1253 38 35 
cell-3-3-8 721 1253 38 35 
cell-3-3-9 762 1253 38 35 
cell-3-3-10 803 1253 38 35 
cell-3-3-11 844 1253 38 35 
cell-3-3-12 885 1253 38 35 
cell-3-3-13 926 1253 38 35 
cell-3-3-14 967 1253 38 35 
cell-3-3-15 1008 1253 38 35 
cell-3-4-0 393 1293 38 35 
cell-3-4-1 434 1293 38 35 
cell-3-4-2 475 1293 38 35 
cell-3-4-3 516 1293 38 35 
cell-3-4-4 557 1293 38 35 
cell-3-4-5 598 1293 38 35 
cell-3-4-6 639 1293 38 35 
cell-3-4-7 680 1293 38 35 
cell-3-4-8 721 1293 38 35 
cell-3-4-9 762 1293 38 35 
cell-3-4-10 803 1293 38 35 
cell-3-4-11 844 1293 38 35 
cell-3-4-12 885 1293 38 35 
cell-3-4-13 926 1293 38 35 
cell-3-4-14 967 1293 38 35 
cell-3-4-15 1008 1293 38 35 
cell-3-5-0 393 1333 38 35 
cell-3-5-1 434 1333 38 35 
cell-3-5-2 475 1333 38 35 
cell-3-5-3 516 1333 38 35 
cell-3-5-4 557 1333 38 35 
cell-3-5-5 598 1333 38 35 
cell-3-5-6 639 1333 38 35 
cell-3-5-7 680 1333 38 35 
cell-3-5-8 721 1333 38 35 
cell-3-5-9 762 1333 38 35 
cell-3-5-10 803 1333 38 35 
cell-3-5-11 844 1333 38 35 
cell-3-5-12 885 1333 38 35 
cell-3-5-13 926 1333 38 35 
cell-3-5-14 967 1333 38 35 
cell-3-5-15 1008 1333 38 35 
table-5 108 313 216 414 
cell-5-0-0 108 313 43 35 
cell-5-0-1 151 313 43 35 
cell-5-0-2 194 313 43 35 
cell-5-0-3 237 313 43 35 
cell-5-0-4 280 313 43 35 
cell-5-1-0 108 355 43 35 
cell-5-1-1 151 355 43 35 
cell-5-1-2 194 355 43 35 
cell-5-1-3 237 355 43 35 
cell-5-1-4 280 355 43 35 
cell-5-2-0 108 397 43 35 
cell-5-2-1 151 397 43 35 
cell-5-2-2 194 397 43 35 
cell-5-2-3 237 397 43 35 
cell-5-2-4 280 397 43 35 
cell-5-3-0 108 439 43 35 
cell-5-3-1 151 439 43 35 
cell-5-3-2 194 439 43 35 
cell-5-3-3 237 439 43 35 
cell-5-3-4 280 439 43 35 
cell-5-4-0 108 481 43 35 
cell-5-4-1 151 481 43 35 
cell-5-4-2 194 481 43 35 
cell-5-4-3 237 481 43 35 
cell-5-4-4 280 481 43 35 
cell-5-5-0 108 523 43 35 
cell-5-5-1 151 523 43 35 
cell-5-5-2 194 523 43 35 
cell-5-5-3 237 523 43 35 
cell-5-5-4 280 523 43 35 
cell-5-6-0 108 565 43 35 
cell-5-6-1 151 565 43 35 
cell-5-6-2 194 565 43 35 
cell-5-6-3 237 565 43 35 
cell-5-6-4 280 565 43 35 
cell-5-7-0 108 607 43 35 
cell-5-7-1 151 607 43 35 
cell-5-7-2 194 607 43 35 
cell-5-7-3 237 607 43 35 
cell-5-7-4 280 607 43 35 
cell-5-8-0 108 649 43 35 
cell-5-8-1 151 649 43 35 
cell-5-8-2 194 649 43 35 
cell-5-8-3 237 649 43 35 
cell-5-8-4 280 649 43 35 
cell-5-9-0 108 691 43 35 
cell-5-9-1 151 691 43 35 
cell-5-9-2 194 691 43 35 
cell-5-9-3 237 691 43 35 
cell-5-9-4 280 691 43 35 
