table-0 487 409 534 731 
cell-0-0-0 487 409 43 41 
cell-0-0-1 530 409 43 41 
cell-0-0-2 573 409 43 41 
cell-0-0-3 616 409 43 41 
cell-0-0-4 659 409 43 41 
cell-0-0-5 702 409 318 41 
cell-0-1-0 487 462 43 41 
cell-0-1-1 530 462 43 41 
cell-0-1-2 573 462 43 41 
cell-0-1-3 616 462 43 41 
cell-0-1-4 659 462 43 41 
cell-0-1-5 702 462 318 41 
cell-0-2-0 487 515 43 41 
cell-0-2-1 530 515 43 41 
cell-0-2-2 573 515 43 41 
cell-0-2-3 616 515 43 41 
cell-0-2-4 659 515 43 41 
cell-0-2-5 702 515 318 41 
cell-0-3-0 487 568 43 41 
cell-0-3-1 530 568 43 41 
cell-0-3-2 573 568 43 41 
cell-0-3-3 616 568 43 41 
cell-0-3-4 659 568 43 41 
cell-0-3-5 702 568 318 41 
cell-0-4-0 487 621 43 41 
cell-0-4-1 530 621 43 41 
cell-0-4-2 573 621 43 41 
cell-0-4-3 616 621 43 41 
cell-0-4-4 659 621 43 41 
cell-0-4-5 702 621 318 41 
cell-0-5-0 487 674 43 41 
cell-0-5-1 530 674 43 41 
cell-0-5-2 573 674 43 41 
cell-0-5-3 616 674 43 41 
cell-0-5-4 659 674 43 41 
cell-0-5-5 702 674 318 41 
cell-0-6-0 487 727 43 41 
cell-0-6-1 530 727 43 41 
cell-0-6-2 573 727 43 41 
cell-0-6-3 616 727 43 41 
cell-0-6-4 659 727 43 41 
cell-0-6-5 702 727 318 41 
cell-0-7-0 487 780 43 41 
cell-0-7-1 530 780 43 41 
cell-0-7-2 573 780 43 41 
cell-0-7-3 616 780 43 41 
cell-0-7-4 659 780 43 41 
cell-0-7-5 702 780 318 41 
cell-0-8-0 487 833 43 41 
cell-0-8-1 530 833 43 41 
cell-0-8-2 573 833 43 41 
cell-0-8-3 616 833 43 41 
cell-0-8-4 659 833 43 41 
cell-0-8-5 702 833 318 41 
cell-0-9-0 487 886 43 41 
cell-0-9-1 530 886 43 41 
cell-0-9-2 573 886 43 41 
cell-0-9-3 616 886 43 41 
cell-0-9-4 659 886 43 41 
cell-0-9-5 702 886 318 41 
cell-0-10-0 487 939 43 41 
cell-0-10-1 530 939 43 41 
cell-0-10-2 573 939 43 41 
cell-0-10-3 616 939 43 41 
cell-0-10-4 659 939 43 41 
cell-0-10-5 702 939 318 41 
cell-0-11-0 487 992 43 41 
cell-0-11-1 530 992 43 41 
cell-0-11-2 573 992 43 41 
cell-0-11-3 616 992 43 41 
cell-0-11-4 659 992 43 41 
cell-0-11-5 702 992 318 41 
cell-0-12-0 487 1045 43 41 
cell-0-12-1 530 1045 43 41 
cell-0-12-2 573 1045 43 41 
cell-0-12-3 616 1045 43 41 
cell-0-12-4 659 1045 43 41 
cell-0-12-5 702 1045 318 41 
cell-0-13-0 487 1098 43 41 
cell-0-13-1 530 1098 43 41 
cell-0-13-2 573 1098 43 41 
cell-0-13-3 616 1098 43 41 
cell-0-13-4 659 1098 43 41 
cell-0-13-5 702 1098 318 41 
