table-0 240 1157 612 282 
cell-0-1-0 240 1157 38 35 
cell-0-1-1 281 1157 38 35 
cell-0-1-2 322 1157 38 35 
cell-0-1-3 363 1157 38 35 
cell-0-1-4 404 1157 38 35 
cell-0-1-5 445 1157 38 35 
cell-0-1-6 486 1157 38 35 
cell-0-1-7 527 1157 38 35 
cell-0-1-8 568 1157 38 35 
cell-0-1-9 609 1157 38 35 
cell-0-1-10 650 1157 38 35 
cell-0-1-11 691 1157 38 35 
cell-0-1-12 732 1157 38 35 
cell-0-1-13 773 1157 38 35 
cell-0-1-14 814 1157 38 35 
cell-0-2-0 240 1218 38 35 
cell-0-2-1 281 1218 38 35 
cell-0-2-2 322 1218 38 35 
cell-0-2-3 363 1218 38 35 
cell-0-2-4 404 1218 38 35 
cell-0-2-5 445 1218 38 35 
cell-0-2-6 486 1218 38 35 
cell-0-2-7 527 1218 38 35 
cell-0-2-8 568 1218 38 35 
cell-0-2-9 609 1218 38 35 
cell-0-2-10 650 1218 38 35 
cell-0-2-11 691 1218 38 35 
cell-0-2-12 732 1218 38 35 
cell-0-2-13 773 1218 38 35 
cell-0-2-14 814 1218 38 35 
cell-0-3-0 240 1279 38 35 
cell-0-3-1 281 1279 38 35 
cell-0-3-2 322 1279 38 35 
cell-0-3-3 363 1279 38 35 
cell-0-3-4 404 1279 38 35 
cell-0-3-5 445 1279 38 35 
cell-0-3-6 486 1279 38 35 
cell-0-3-7 527 1279 38 35 
cell-0-3-8 568 1279 38 35 
cell-0-3-9 609 1279 38 35 
cell-0-3-10 650 1279 38 35 
cell-0-3-11 691 1279 38 35 
cell-0-3-12 732 1279 38 35 
cell-0-3-13 773 1279 38 35 
cell-0-3-14 814 1279 38 35 
cell-0-4-0 240 1340 38 35 
cell-0-4-1 281 1340 38 35 
cell-0-4-2 322 1340 38 35 
cell-0-4-3 363 1340 38 35 
cell-0-4-4 404 1340 38 35 
cell-0-4-5 445 1340 38 35 
cell-0-4-6 486 1340 38 35 
cell-0-4-7 527 1340 38 35 
cell-0-4-8 568 1340 38 35 
cell-0-4-9 609 1340 38 35 
cell-0-4-10 650 1340 38 35 
cell-0-4-11 691 1340 38 35 
cell-0-4-12 732 1340 38 35 
cell-0-4-13 773 1340 38 35 
cell-0-4-14 814 1340 38 35 
cell-0-5-0 240 1401 38 35 
cell-0-5-1 281 1401 38 35 
cell-0-5-2 322 1401 38 35 
cell-0-5-3 363 1401 38 35 
cell-0-5-4 404 1401 38 35 
cell-0-5-5 445 1401 38 35 
cell-0-5-6 486 1401 38 35 
cell-0-5-7 527 1401 38 35 
cell-0-5-8 568 1401 38 35 
cell-0-5-9 609 1401 38 35 
cell-0-5-10 650 1401 38 35 
cell-0-5-11 691 1401 38 35 
cell-0-5-12 732 1401 38 35 
cell-0-5-13 773 1401 38 35 
cell-0-5-14 814 1401 38 35 
