table-0 81 469 700 165 
cell-0-1-0 81 469 34 35 
cell-0-1-1 118 469 34 35 
cell-0-1-2 155 469 34 35 
cell-0-1-3 192 469 34 35 
cell-0-1-4 229 469 34 35 
cell-0-1-5 266 469 34 35 
cell-0-1-6 303 469 34 35 
cell-0-1-7 340 469 34 35 
cell-0-1-8 377 469 34 35 
cell-0-1-9 414 469 34 35 
cell-0-1-10 451 469 34 35 
cell-0-1-11 488 469 34 35 
cell-0-1-12 525 469 34 35 
cell-0-1-13 562 469 34 35 
cell-0-1-14 599 469 34 35 
cell-0-1-15 636 469 34 35 
cell-0-1-16 673 469 34 35 
cell-0-1-17 710 469 34 35 
cell-0-1-18 747 469 34 35 
cell-0-2-0 81 512 34 35 
cell-0-2-1 118 512 34 35 
cell-0-2-2 155 512 34 35 
cell-0-2-3 192 512 34 35 
cell-0-2-4 229 512 34 35 
cell-0-2-5 266 512 34 35 
cell-0-2-6 303 512 34 35 
cell-0-2-7 340 512 34 35 
cell-0-2-8 377 512 34 35 
cell-0-2-9 414 512 34 35 
cell-0-2-10 451 512 34 35 
cell-0-2-11 488 512 34 35 
cell-0-2-12 525 512 34 35 
cell-0-2-13 562 512 34 35 
cell-0-2-14 599 512 34 35 
cell-0-2-15 636 512 34 35 
cell-0-2-16 673 512 34 35 
cell-0-2-17 710 512 34 35 
cell-0-2-18 747 512 34 35 
cell-0-3-0 81 555 34 35 
cell-0-3-1 118 555 34 35 
cell-0-3-2 155 555 34 35 
cell-0-3-3 192 555 34 35 
cell-0-3-4 229 555 34 35 
cell-0-3-5 266 555 34 35 
cell-0-3-6 303 555 34 35 
cell-0-3-7 340 555 34 35 
cell-0-3-8 377 555 34 35 
cell-0-3-9 414 555 34 35 
cell-0-3-10 451 555 34 35 
cell-0-3-11 488 555 34 35 
cell-0-3-12 525 555 34 35 
cell-0-3-13 562 555 34 35 
cell-0-3-14 599 555 34 35 
cell-0-3-15 636 555 34 35 
cell-0-3-16 673 555 34 35 
cell-0-3-17 710 555 34 35 
cell-0-3-18 747 555 34 35 
cell-0-4-0 81 598 34 35 
cell-0-4-1 118 598 34 35 
cell-0-4-2 155 598 34 35 
cell-0-4-3 192 598 34 35 
cell-0-4-4 229 598 34 35 
cell-0-4-5 266 598 34 35 
cell-0-4-6 303 598 34 35 
cell-0-4-7 340 598 34 35 
cell-0-4-8 377 598 34 35 
cell-0-4-9 414 598 34 35 
cell-0-4-10 451 598 34 35 
cell-0-4-11 488 598 34 35 
cell-0-4-12 525 598 34 35 
cell-0-4-13 562 598 34 35 
cell-0-4-14 599 598 34 35 
cell-0-4-15 636 598 34 35 
cell-0-4-16 673 598 34 35 
cell-0-4-17 710 598 34 35 
cell-0-4-18 747 598 34 35 
