table-0 71 883 600 446 
cell-0-0-0 71 883 66 53 
cell-0-0-1 137 883 66 53 
cell-0-0-2 203 883 66 53 
cell-0-0-3 269 883 66 53 
cell-0-0-4 335 883 66 53 
cell-0-0-5 401 883 66 53 
cell-0-0-6 467 883 66 53 
cell-0-0-7 533 883 66 53 
cell-0-0-8 599 883 66 53 
cell-0-1-0 71 948 66 53 
cell-0-1-1 137 948 66 53 
cell-0-1-2 203 948 66 53 
cell-0-1-3 269 948 66 53 
cell-0-1-4 335 948 66 53 
cell-0-1-5 401 948 66 53 
cell-0-1-6 467 948 66 53 
cell-0-1-7 533 948 66 53 
cell-0-1-8 599 948 66 53 
cell-0-2-0 71 1013 66 53 
cell-0-2-1 137 1013 66 53 
cell-0-2-2 203 1013 66 53 
cell-0-2-3 269 1013 66 53 
cell-0-2-4 335 1013 66 53 
cell-0-2-5 401 1013 66 53 
cell-0-2-6 467 1013 66 53 
cell-0-2-7 533 1013 66 53 
cell-0-2-8 599 1013 66 53 
cell-0-3-0 71 1078 66 53 
cell-0-3-1 137 1078 66 53 
cell-0-3-2 203 1078 66 53 
cell-0-3-3 269 1078 66 53 
cell-0-3-4 335 1078 66 53 
cell-0-3-5 401 1078 66 53 
cell-0-3-6 467 1078 66 53 
cell-0-3-7 533 1078 66 53 
cell-0-3-8 599 1078 66 53 
cell-0-4-0 71 1143 66 53 
cell-0-4-1 137 1143 66 53 
cell-0-4-2 203 1143 66 53 
cell-0-4-3 269 1143 66 53 
cell-0-4-4 335 1143 66 53 
cell-0-4-5 401 1143 66 53 
cell-0-4-6 467 1143 66 53 
cell-0-4-7 533 1143 66 53 
cell-0-4-8 599 1143 66 53 
cell-0-5-0 71 1208 66 53 
cell-0-5-1 137 1208 66 53 
cell-0-5-2 203 1208 66 53 
cell-0-5-3 269 1208 66 53 
cell-0-5-4 335 1208 66 53 
cell-0-5-5 401 1208 66 53 
cell-0-5-6 467 1208 66 53 
cell-0-5-7 533 1208 66 53 
cell-0-5-8 599 1208 66 53 
cell-0-6-0 71 1273 66 53 
cell-0-6-1 137 1273 66 53 
cell-0-6-2 203 1273 66 53 
cell-0-6-3 269 1273 66 53 
cell-0-6-4 335 1273 66 53 
cell-0-6-5 401 1273 66 53 
cell-0-6-6 467 1273 66 53 
cell-0-6-7 533 1273 66 53 
cell-0-6-8 599 1273 66 53 
table-2 815 656 216 543 
cell-2-0-0 815 656 43 35 
cell-2-0-1 858 656 43 35 
cell-2-0-2 901 656 43 35 
cell-2-0-3 944 656 43 35 
cell-2-0-4 987 656 43 35 
cell-2-1-0 815 695 43 35 
cell-2-1-1 858 695 43 35 
cell-2-1-2 901 695 43 35 
cell-2-1-3 944 695 43 35 
cell-2-1-4 987 695 43 35 
cell-2-2-0 815 734 43 35 
cell-2-2-1 858 734 43 35 
cell-2-2-2 901 734 43 35 
cell-2-2-3 944 734 43 35 
cell-2-2-4 987 734 43 35 
cell-2-3-0 815 773 43 35 
cell-2-3-1 858 773 43 35 
cell-2-3-2 901 773 43 35 
cell-2-3-3 944 773 43 35 
cell-2-3-4 987 773 43 35 
cell-2-4-0 815 812 43 35 
cell-2-4-1 858 812 43 35 
cell-2-4-2 901 812 43 35 
cell-2-4-3 944 812 43 35 
cell-2-4-4 987 812 43 35 
cell-2-5-0 815 851 43 35 
cell-2-5-1 858 851 43 35 
cell-2-5-2 901 851 43 35 
cell-2-5-3 944 851 43 35 
cell-2-5-4 987 851 43 35 
cell-2-6-0 815 890 43 35 
cell-2-6-1 858 890 43 35 
cell-2-6-2 901 890 43 35 
cell-2-6-3 944 890 43 35 
cell-2-6-4 987 890 43 35 
cell-2-7-0 815 929 43 35 
cell-2-7-1 858 929 43 35 
cell-2-7-2 901 929 43 35 
cell-2-7-3 944 929 43 35 
cell-2-7-4 987 929 43 35 
cell-2-8-0 815 968 43 35 
cell-2-8-1 858 968 43 35 
cell-2-8-2 901 968 43 35 
cell-2-8-3 944 968 43 35 
cell-2-8-4 987 968 43 35 
cell-2-9-0 815 1007 43 35 
cell-2-9-1 858 1007 43 35 
cell-2-9-2 901 1007 43 35 
cell-2-9-3 944 1007 43 35 
cell-2-9-4 987 1007 43 35 
cell-2-10-0 815 1046 43 35 
cell-2-10-1 858 1046 43 35 
cell-2-10-2 901 1046 43 35 
cell-2-10-3 944 1046 43 35 
cell-2-10-4 987 1046 43 35 
cell-2-11-0 815 1085 43 35 
cell-2-11-1 858 1085 43 35 
cell-2-11-2 901 1085 43 35 
cell-2-11-3 944 1085 43 35 
cell-2-11-4 987 1085 43 35 
cell-2-12-0 815 1124 43 35 
cell-2-12-1 858 1124 43 35 
cell-2-12-2 901 1124 43 35 
cell-2-12-3 944 1124 43 35 
cell-2-12-4 987 1124 43 35 
cell-2-13-0 815 1163 43 35 
cell-2-13-1 858 1163 43 35 
cell-2-13-2 901 1163 43 35 
cell-2-13-3 944 1163 43 35 
cell-2-13-4 987 1163 43 35 
