table-0 136 98 700 313 
cell-0-0-0 136 98 77 39 
cell-0-0-1 213 98 77 39 
cell-0-0-2 290 98 77 39 
cell-0-0-3 367 98 77 39 
cell-0-0-4 444 98 77 39 
cell-0-0-5 521 98 77 39 
cell-0-0-6 598 98 77 39 
cell-0-0-7 675 98 77 39 
cell-0-0-8 752 98 77 39 
cell-0-1-0 136 137 77 39 
cell-0-1-1 213 137 77 39 
cell-0-1-2 290 137 77 39 
cell-0-1-3 367 137 77 39 
cell-0-1-4 444 137 77 39 
cell-0-1-5 521 137 77 39 
cell-0-1-6 598 137 77 39 
cell-0-1-7 675 137 77 39 
cell-0-1-8 752 137 77 39 
cell-0-2-0 136 176 77 39 
cell-0-2-1 213 176 77 39 
cell-0-2-2 290 176 77 39 
cell-0-2-3 367 176 77 39 
cell-0-2-4 444 176 77 39 
cell-0-2-5 521 176 77 39 
cell-0-2-6 598 176 77 39 
cell-0-2-7 675 176 77 39 
cell-0-2-8 752 176 77 39 
cell-0-3-0 136 215 77 39 
cell-0-3-1 213 215 77 39 
cell-0-3-2 290 215 77 39 
cell-0-3-3 367 215 77 39 
cell-0-3-4 444 215 77 39 
cell-0-3-5 521 215 77 39 
cell-0-3-6 598 215 77 39 
cell-0-3-7 675 215 77 39 
cell-0-3-8 752 215 77 39 
cell-0-4-0 136 254 77 39 
cell-0-4-1 213 254 77 39 
cell-0-4-2 290 254 77 39 
cell-0-4-3 367 254 77 39 
cell-0-4-4 444 254 77 39 
cell-0-4-5 521 254 77 39 
cell-0-4-6 598 254 77 39 
cell-0-4-7 675 254 77 39 
cell-0-4-8 752 254 77 39 
cell-0-5-0 136 293 77 39 
cell-0-5-1 213 293 77 39 
cell-0-5-2 290 293 77 39 
cell-0-5-3 367 293 77 39 
cell-0-5-4 444 293 77 39 
cell-0-5-5 521 293 77 39 
cell-0-5-6 598 293 77 39 
cell-0-5-7 675 293 77 39 
cell-0-5-8 752 293 77 39 
cell-0-6-0 136 332 77 39 
cell-0-6-1 213 332 77 39 
cell-0-6-2 290 332 77 39 
cell-0-6-3 367 332 77 39 
cell-0-6-4 444 332 77 39 
cell-0-6-5 521 332 77 39 
cell-0-6-6 598 332 77 39 
cell-0-6-7 675 332 77 39 
cell-0-6-8 752 332 77 39 
cell-0-7-0 136 371 77 39 
cell-0-7-1 213 371 77 39 
cell-0-7-2 290 371 77 39 
cell-0-7-3 367 371 77 39 
cell-0-7-4 444 371 77 39 
cell-0-7-5 521 371 77 39 
cell-0-7-6 598 371 77 39 
cell-0-7-7 675 371 77 39 
cell-0-7-8 752 371 77 39 
