table-0 562 627 410 492 
cell-0-1-0 562 627 34 35 
cell-0-1-1 596 627 34 35 
cell-0-1-2 630 627 34 35 
cell-0-1-3 664 627 34 35 
cell-0-1-4 698 627 34 35 
cell-0-1-5 732 627 34 35 
cell-0-1-6 766 627 34 35 
cell-0-1-7 800 627 34 35 
cell-0-1-8 834 627 34 35 
cell-0-1-9 868 627 34 35 
cell-0-1-10 902 627 34 35 
cell-0-1-11 936 627 34 35 
cell-0-2-0 562 692 34 35 
cell-0-2-1 596 692 34 35 
cell-0-2-2 630 692 34 35 
cell-0-2-3 664 692 34 35 
cell-0-2-4 698 692 34 35 
cell-0-2-5 732 692 34 35 
cell-0-2-6 766 692 34 35 
cell-0-2-7 800 692 34 35 
cell-0-2-8 834 692 34 35 
cell-0-2-9 868 692 34 35 
cell-0-2-10 902 692 34 35 
cell-0-2-11 936 692 34 35 
cell-0-3-0 562 757 34 35 
cell-0-3-1 596 757 34 35 
cell-0-3-2 630 757 34 35 
cell-0-3-3 664 757 34 35 
cell-0-3-4 698 757 34 35 
cell-0-3-5 732 757 34 35 
cell-0-3-6 766 757 34 35 
cell-0-3-7 800 757 34 35 
cell-0-3-8 834 757 34 35 
cell-0-3-9 868 757 34 35 
cell-0-3-10 902 757 34 35 
cell-0-3-11 936 757 34 35 
cell-0-4-0 562 822 34 35 
cell-0-4-1 596 822 34 35 
cell-0-4-2 630 822 34 35 
cell-0-4-3 664 822 34 35 
cell-0-4-4 698 822 34 35 
cell-0-4-5 732 822 34 35 
cell-0-4-6 766 822 34 35 
cell-0-4-7 800 822 34 35 
cell-0-4-8 834 822 34 35 
cell-0-4-9 868 822 34 35 
cell-0-4-10 902 822 34 35 
cell-0-4-11 936 822 34 35 
cell-0-5-0 562 887 34 35 
cell-0-5-1 596 887 34 35 
cell-0-5-2 630 887 34 35 
cell-0-5-3 664 887 34 35 
cell-0-5-4 698 887 34 35 
cell-0-5-5 732 887 34 35 
cell-0-5-6 766 887 34 35 
cell-0-5-7 800 887 34 35 
cell-0-5-8 834 887 34 35 
cell-0-5-9 868 887 34 35 
cell-0-5-10 902 887 34 35 
cell-0-5-11 936 887 34 35 
cell-0-6-0 562 952 34 35 
cell-0-6-1 596 952 34 35 
cell-0-6-2 630 952 34 35 
cell-0-6-3 664 952 34 35 
cell-0-6-4 698 952 34 35 
cell-0-6-5 732 952 34 35 
cell-0-6-6 766 952 34 35 
cell-0-6-7 800 952 34 35 
cell-0-6-8 834 952 34 35 
cell-0-6-9 868 952 34 35 
cell-0-6-10 902 952 34 35 
cell-0-6-11 936 952 34 35 
cell-0-7-0 562 1017 34 35 
cell-0-7-1 596 1017 34 35 
cell-0-7-2 630 1017 34 35 
cell-0-7-3 664 1017 34 35 
cell-0-7-4 698 1017 34 35 
cell-0-7-5 732 1017 34 35 
cell-0-7-6 766 1017 34 35 
cell-0-7-7 800 1017 34 35 
cell-0-7-8 834 1017 34 35 
cell-0-7-9 868 1017 34 35 
cell-0-7-10 902 1017 34 35 
cell-0-7-11 936 1017 34 35 
cell-0-8-0 562 1082 34 35 
cell-0-8-1 596 1082 34 35 
cell-0-8-2 630 1082 34 35 
cell-0-8-3 664 1082 34 35 
cell-0-8-4 698 1082 34 35 
cell-0-8-5 732 1082 34 35 
cell-0-8-6 766 1082 34 35 
cell-0-8-7 800 1082 34 35 
cell-0-8-8 834 1082 34 35 
cell-0-8-9 868 1082 34 35 
cell-0-8-10 902 1082 34 35 
cell-0-8-11 936 1082 34 35 
