table-0 608 192 178 622 
cell-0-0-0 608 192 44 35 
cell-0-0-1 652 192 44 35 
cell-0-0-2 696 192 44 35 
cell-0-0-3 740 192 44 35 
cell-0-1-0 608 237 44 35 
cell-0-1-1 652 237 44 35 
cell-0-1-2 696 237 44 35 
cell-0-1-3 740 237 44 35 
cell-0-2-0 608 282 44 35 
cell-0-2-1 652 282 44 35 
cell-0-2-2 696 282 44 35 
cell-0-2-3 740 282 44 35 
cell-0-3-0 608 327 44 35 
cell-0-3-1 652 327 44 35 
cell-0-3-2 696 327 44 35 
cell-0-3-3 740 327 44 35 
cell-0-4-0 608 372 44 35 
cell-0-4-1 652 372 44 35 
cell-0-4-2 696 372 44 35 
cell-0-4-3 740 372 44 35 
cell-0-5-0 608 417 44 35 
cell-0-5-1 652 417 44 35 
cell-0-5-2 696 417 44 35 
cell-0-5-3 740 417 44 35 
cell-0-6-0 608 462 44 35 
cell-0-6-1 652 462 44 35 
cell-0-6-2 696 462 44 35 
cell-0-6-3 740 462 44 35 
cell-0-7-0 608 507 44 35 
cell-0-7-1 652 507 44 35 
cell-0-7-2 696 507 44 35 
cell-0-7-3 740 507 44 35 
cell-0-8-0 608 552 44 35 
cell-0-8-1 652 552 44 35 
cell-0-8-2 696 552 44 35 
cell-0-8-3 740 552 44 35 
cell-0-9-0 608 597 44 35 
cell-0-9-1 652 597 44 35 
cell-0-9-2 696 597 44 35 
cell-0-9-3 740 597 44 35 
cell-0-10-0 608 642 44 35 
cell-0-10-1 652 642 44 35 
cell-0-10-2 696 642 44 35 
cell-0-10-3 740 642 44 35 
cell-0-11-0 608 687 44 35 
cell-0-11-1 652 687 44 35 
cell-0-11-2 696 687 44 35 
cell-0-11-3 740 687 44 35 
cell-0-12-0 608 732 44 35 
cell-0-12-1 652 732 44 35 
cell-0-12-2 696 732 44 35 
cell-0-12-3 740 732 44 35 
cell-0-13-0 608 777 44 35 
cell-0-13-1 652 777 44 35 
cell-0-13-2 696 777 44 35 
cell-0-13-3 740 777 44 35 
table-1 132 645 183 428 
cell-1-0-0 132 645 45 35 
cell-1-0-1 177 645 45 35 
cell-1-0-2 222 645 45 35 
cell-1-0-3 267 645 45 35 
cell-1-1-0 132 684 45 35 
cell-1-1-1 177 684 45 35 
cell-1-1-2 222 684 45 35 
cell-1-1-3 267 684 45 35 
cell-1-2-0 132 723 45 35 
cell-1-2-1 177 723 45 35 
cell-1-2-2 222 723 45 35 
cell-1-2-3 267 723 45 35 
cell-1-3-0 132 762 45 35 
cell-1-3-1 177 762 45 35 
cell-1-3-2 222 762 45 35 
cell-1-3-3 267 762 45 35 
cell-1-4-0 132 801 45 35 
cell-1-4-1 177 801 45 35 
cell-1-4-2 222 801 45 35 
cell-1-4-3 267 801 45 35 
cell-1-5-0 132 840 45 35 
cell-1-5-1 177 840 45 35 
cell-1-5-2 222 840 45 35 
cell-1-5-3 267 840 45 35 
cell-1-6-0 132 879 45 35 
cell-1-6-1 177 879 45 35 
cell-1-6-2 222 879 45 35 
cell-1-6-3 267 879 45 35 
cell-1-7-0 132 918 45 35 
cell-1-7-1 177 918 45 35 
cell-1-7-2 222 918 45 35 
cell-1-7-3 267 918 45 35 
cell-1-8-0 132 957 45 35 
cell-1-8-1 177 957 45 35 
cell-1-8-2 222 957 45 35 
cell-1-8-3 267 957 45 35 
cell-1-9-0 132 996 45 35 
cell-1-9-1 177 996 45 35 
cell-1-9-2 222 996 45 35 
cell-1-9-3 267 996 45 35 
cell-1-10-0 132 1035 45 35 
cell-1-10-1 177 1035 45 35 
cell-1-10-2 222 1035 45 35 
cell-1-10-3 267 1035 45 35 
table-4 60 1174 1000 252 
cell-4-0-0 60 1174 125 50 
cell-4-0-1 185 1174 125 50 
cell-4-0-2 310 1174 125 50 
cell-4-0-3 435 1174 125 50 
cell-4-0-4 560 1174 125 50 
cell-4-0-5 685 1174 125 50 
cell-4-0-6 810 1174 125 50 
cell-4-0-7 935 1174 125 50 
cell-4-1-0 60 1224 125 50 
cell-4-1-1 185 1224 125 50 
cell-4-1-2 310 1224 125 50 
cell-4-1-3 435 1224 125 50 
cell-4-1-4 560 1224 125 50 
cell-4-1-5 685 1224 125 50 
cell-4-1-6 810 1224 125 50 
cell-4-1-7 935 1224 125 50 
cell-4-2-0 60 1274 125 50 
cell-4-2-1 185 1274 125 50 
cell-4-2-2 310 1274 125 50 
cell-4-2-3 435 1274 125 50 
cell-4-2-4 560 1274 125 50 
cell-4-2-5 685 1274 125 50 
cell-4-2-6 810 1274 125 50 
cell-4-2-7 935 1274 125 50 
cell-4-3-0 60 1324 125 50 
cell-4-3-1 185 1324 125 50 
cell-4-3-2 310 1324 125 50 
cell-4-3-3 435 1324 125 50 
cell-4-3-4 560 1324 125 50 
cell-4-3-5 685 1324 125 50 
cell-4-3-6 810 1324 125 50 
cell-4-3-7 935 1324 125 50 
cell-4-4-0 60 1374 125 50 
cell-4-4-1 185 1374 125 50 
cell-4-4-2 310 1374 125 50 
cell-4-4-3 435 1374 125 50 
cell-4-4-4 560 1374 125 50 
cell-4-4-5 685 1374 125 50 
cell-4-4-6 810 1374 125 50 
cell-4-4-7 935 1374 125 50 
