table-0 474 290 259 487 
cell-0-0-0 474 290 43 35 
cell-0-0-1 517 290 43 35 
cell-0-0-2 560 290 43 35 
cell-0-0-3 603 290 43 35 
cell-0-0-4 646 290 43 35 
cell-0-0-5 689 290 43 35 
cell-0-1-0 474 331 43 35 
cell-0-1-1 517 331 43 35 
cell-0-1-2 560 331 43 35 
cell-0-1-3 603 331 43 35 
cell-0-1-4 646 331 43 35 
cell-0-1-5 689 331 43 35 
cell-0-2-0 474 372 43 35 
cell-0-2-1 517 372 43 35 
cell-0-2-2 560 372 43 35 
cell-0-2-3 603 372 43 35 
cell-0-2-4 646 372 43 35 
cell-0-2-5 689 372 43 35 
cell-0-3-0 474 413 43 35 
cell-0-3-1 517 413 43 35 
cell-0-3-2 560 413 43 35 
cell-0-3-3 603 413 43 35 
cell-0-3-4 646 413 43 35 
cell-0-3-5 689 413 43 35 
cell-0-4-0 474 454 43 35 
cell-0-4-1 517 454 43 35 
cell-0-4-2 560 454 43 35 
cell-0-4-3 603 454 43 35 
cell-0-4-4 646 454 43 35 
cell-0-4-5 689 454 43 35 
cell-0-5-0 474 495 43 35 
cell-0-5-1 517 495 43 35 
cell-0-5-2 560 495 43 35 
cell-0-5-3 603 495 43 35 
cell-0-5-4 646 495 43 35 
cell-0-5-5 689 495 43 35 
cell-0-6-0 474 536 43 35 
cell-0-6-1 517 536 43 35 
cell-0-6-2 560 536 43 35 
cell-0-6-3 603 536 43 35 
cell-0-6-4 646 536 43 35 
cell-0-6-5 689 536 43 35 
cell-0-7-0 474 577 43 35 
cell-0-7-1 517 577 43 35 
cell-0-7-2 560 577 43 35 
cell-0-7-3 603 577 43 35 
cell-0-7-4 646 577 43 35 
cell-0-7-5 689 577 43 35 
cell-0-8-0 474 618 43 35 
cell-0-8-1 517 618 43 35 
cell-0-8-2 560 618 43 35 
cell-0-8-3 603 618 43 35 
cell-0-8-4 646 618 43 35 
cell-0-8-5 689 618 43 35 
cell-0-9-0 474 659 43 35 
cell-0-9-1 517 659 43 35 
cell-0-9-2 560 659 43 35 
cell-0-9-3 603 659 43 35 
cell-0-9-4 646 659 43 35 
cell-0-9-5 689 659 43 35 
cell-0-10-0 474 700 43 35 
cell-0-10-1 517 700 43 35 
cell-0-10-2 560 700 43 35 
cell-0-10-3 603 700 43 35 
cell-0-10-4 646 700 43 35 
cell-0-10-5 689 700 43 35 
cell-0-11-0 474 741 43 35 
cell-0-11-1 517 741 43 35 
cell-0-11-2 560 741 43 35 
cell-0-11-3 603 741 43 35 
cell-0-11-4 646 741 43 35 
cell-0-11-5 689 741 43 35 
header-2 145 908 915 193 
row-1-1 145 908 320 40 
row-1-2 485 908 320 40 
row-2-1 145 958 386 40 
row-2-2 551 958 505 40 
row-3-1 145 1008 749 40 
row-4-1 145 1058 584 40 
