table-0 97 881 496 321 
cell-0-1-0 97 881 33 35 
cell-0-1-1 130 881 33 35 
cell-0-1-2 163 881 33 35 
cell-0-1-3 196 881 33 35 
cell-0-1-4 229 881 33 35 
cell-0-1-5 262 881 33 35 
cell-0-1-6 295 881 33 35 
cell-0-1-7 328 881 33 35 
cell-0-1-8 361 881 33 35 
cell-0-1-9 394 881 33 35 
cell-0-1-10 427 881 33 35 
cell-0-1-11 460 881 33 35 
cell-0-1-12 493 881 33 35 
cell-0-1-13 526 881 33 35 
cell-0-1-14 559 881 33 35 
cell-0-2-0 97 938 33 35 
cell-0-2-1 130 938 33 35 
cell-0-2-2 163 938 33 35 
cell-0-2-3 196 938 33 35 
cell-0-2-4 229 938 33 35 
cell-0-2-5 262 938 33 35 
cell-0-2-6 295 938 33 35 
cell-0-2-7 328 938 33 35 
cell-0-2-8 361 938 33 35 
cell-0-2-9 394 938 33 35 
cell-0-2-10 427 938 33 35 
cell-0-2-11 460 938 33 35 
cell-0-2-12 493 938 33 35 
cell-0-2-13 526 938 33 35 
cell-0-2-14 559 938 33 35 
cell-0-3-0 97 995 33 35 
cell-0-3-1 130 995 33 35 
cell-0-3-2 163 995 33 35 
cell-0-3-3 196 995 33 35 
cell-0-3-4 229 995 33 35 
cell-0-3-5 262 995 33 35 
cell-0-3-6 295 995 33 35 
cell-0-3-7 328 995 33 35 
cell-0-3-8 361 995 33 35 
cell-0-3-9 394 995 33 35 
cell-0-3-10 427 995 33 35 
cell-0-3-11 460 995 33 35 
cell-0-3-12 493 995 33 35 
cell-0-3-13 526 995 33 35 
cell-0-3-14 559 995 33 35 
cell-0-4-0 97 1052 33 35 
cell-0-4-1 130 1052 33 35 
cell-0-4-2 163 1052 33 35 
cell-0-4-3 196 1052 33 35 
cell-0-4-4 229 1052 33 35 
cell-0-4-5 262 1052 33 35 
cell-0-4-6 295 1052 33 35 
cell-0-4-7 328 1052 33 35 
cell-0-4-8 361 1052 33 35 
cell-0-4-9 394 1052 33 35 
cell-0-4-10 427 1052 33 35 
cell-0-4-11 460 1052 33 35 
cell-0-4-12 493 1052 33 35 
cell-0-4-13 526 1052 33 35 
cell-0-4-14 559 1052 33 35 
cell-0-5-0 97 1109 33 35 
cell-0-5-1 130 1109 33 35 
cell-0-5-2 163 1109 33 35 
cell-0-5-3 196 1109 33 35 
cell-0-5-4 229 1109 33 35 
cell-0-5-5 262 1109 33 35 
cell-0-5-6 295 1109 33 35 
cell-0-5-7 328 1109 33 35 
cell-0-5-8 361 1109 33 35 
cell-0-5-9 394 1109 33 35 
cell-0-5-10 427 1109 33 35 
cell-0-5-11 460 1109 33 35 
cell-0-5-12 493 1109 33 35 
cell-0-5-13 526 1109 33 35 
cell-0-5-14 559 1109 33 35 
cell-0-6-0 97 1166 33 35 
cell-0-6-1 130 1166 33 35 
cell-0-6-2 163 1166 33 35 
cell-0-6-3 196 1166 33 35 
cell-0-6-4 229 1166 33 35 
cell-0-6-5 262 1166 33 35 
cell-0-6-6 295 1166 33 35 
cell-0-6-7 328 1166 33 35 
cell-0-6-8 361 1166 33 35 
cell-0-6-9 394 1166 33 35 
cell-0-6-10 427 1166 33 35 
cell-0-6-11 460 1166 33 35 
cell-0-6-12 493 1166 33 35 
cell-0-6-13 526 1166 33 35 
cell-0-6-14 559 1166 33 35 
table-2 117 145 228 371 
cell-2-0-0 117 145 45 35 
cell-2-0-1 162 145 45 35 
cell-2-0-2 207 145 45 35 
cell-2-0-3 252 145 45 35 
cell-2-0-4 297 145 45 35 
cell-2-1-0 117 182 45 35 
cell-2-1-1 162 182 45 35 
cell-2-1-2 207 182 45 35 
cell-2-1-3 252 182 45 35 
cell-2-1-4 297 182 45 35 
cell-2-2-0 117 219 45 35 
cell-2-2-1 162 219 45 35 
cell-2-2-2 207 219 45 35 
cell-2-2-3 252 219 45 35 
cell-2-2-4 297 219 45 35 
cell-2-3-0 117 256 45 35 
cell-2-3-1 162 256 45 35 
cell-2-3-2 207 256 45 35 
cell-2-3-3 252 256 45 35 
cell-2-3-4 297 256 45 35 
cell-2-4-0 117 293 45 35 
cell-2-4-1 162 293 45 35 
cell-2-4-2 207 293 45 35 
cell-2-4-3 252 293 45 35 
cell-2-4-4 297 293 45 35 
cell-2-5-0 117 330 45 35 
cell-2-5-1 162 330 45 35 
cell-2-5-2 207 330 45 35 
cell-2-5-3 252 330 45 35 
cell-2-5-4 297 330 45 35 
cell-2-6-0 117 367 45 35 
cell-2-6-1 162 367 45 35 
cell-2-6-2 207 367 45 35 
cell-2-6-3 252 367 45 35 
cell-2-6-4 297 367 45 35 
cell-2-7-0 117 404 45 35 
cell-2-7-1 162 404 45 35 
cell-2-7-2 207 404 45 35 
cell-2-7-3 252 404 45 35 
cell-2-7-4 297 404 45 35 
cell-2-8-0 117 441 45 35 
cell-2-8-1 162 441 45 35 
cell-2-8-2 207 441 45 35 
cell-2-8-3 252 441 45 35 
cell-2-8-4 297 441 45 35 
cell-2-9-0 117 478 45 35 
cell-2-9-1 162 478 45 35 
cell-2-9-2 207 478 45 35 
cell-2-9-3 252 478 45 35 
cell-2-9-4 297 478 45 35 
