table-0 450 602 500 333 
cell-0-0-0 450 602 100 44 
cell-0-0-1 550 602 100 44 
cell-0-0-2 650 602 100 44 
cell-0-0-3 750 602 100 44 
cell-0-0-4 850 602 100 44 
cell-0-1-0 450 650 100 44 
cell-0-1-1 550 650 100 44 
cell-0-1-2 650 650 100 44 
cell-0-1-3 750 650 100 44 
cell-0-1-4 850 650 100 44 
cell-0-2-0 450 698 100 44 
cell-0-2-1 550 698 100 44 
cell-0-2-2 650 698 100 44 
cell-0-2-3 750 698 100 44 
cell-0-2-4 850 698 100 44 
cell-0-3-0 450 746 100 44 
cell-0-3-1 550 746 100 44 
cell-0-3-2 650 746 100 44 
cell-0-3-3 750 746 100 44 
cell-0-3-4 850 746 100 44 
cell-0-4-0 450 794 100 44 
cell-0-4-1 550 794 100 44 
cell-0-4-2 650 794 100 44 
cell-0-4-3 750 794 100 44 
cell-0-4-4 850 794 100 44 
cell-0-5-0 450 842 100 44 
cell-0-5-1 550 842 100 44 
cell-0-5-2 650 842 100 44 
cell-0-5-3 750 842 100 44 
cell-0-5-4 850 842 100 44 
cell-0-6-0 450 890 100 44 
cell-0-6-1 550 890 100 44 
cell-0-6-2 650 890 100 44 
cell-0-6-3 750 890 100 44 
cell-0-6-4 850 890 100 44 
table-3 229 1172 700 279 
cell-3-0-0 229 1172 77 38 
cell-3-0-1 306 1172 77 38 
cell-3-0-2 383 1172 77 38 
cell-3-0-3 460 1172 77 38 
cell-3-0-4 537 1172 77 38 
cell-3-0-5 614 1172 77 38 
cell-3-0-6 691 1172 77 38 
cell-3-0-7 768 1172 77 38 
cell-3-0-8 845 1172 77 38 
cell-3-1-0 229 1220 77 38 
cell-3-1-1 306 1220 77 38 
cell-3-1-2 383 1220 77 38 
cell-3-1-3 460 1220 77 38 
cell-3-1-4 537 1220 77 38 
cell-3-1-5 614 1220 77 38 
cell-3-1-6 691 1220 77 38 
cell-3-1-7 768 1220 77 38 
cell-3-1-8 845 1220 77 38 
cell-3-2-0 229 1268 77 38 
cell-3-2-1 306 1268 77 38 
cell-3-2-2 383 1268 77 38 
cell-3-2-3 460 1268 77 38 
cell-3-2-4 537 1268 77 38 
cell-3-2-5 614 1268 77 38 
cell-3-2-6 691 1268 77 38 
cell-3-2-7 768 1268 77 38 
cell-3-2-8 845 1268 77 38 
cell-3-3-0 229 1316 77 38 
cell-3-3-1 306 1316 77 38 
cell-3-3-2 383 1316 77 38 
cell-3-3-3 460 1316 77 38 
cell-3-3-4 537 1316 77 38 
cell-3-3-5 614 1316 77 38 
cell-3-3-6 691 1316 77 38 
cell-3-3-7 768 1316 77 38 
cell-3-3-8 845 1316 77 38 
cell-3-4-0 229 1364 77 38 
cell-3-4-1 306 1364 77 38 
cell-3-4-2 383 1364 77 38 
cell-3-4-3 460 1364 77 38 
cell-3-4-4 537 1364 77 38 
cell-3-4-5 614 1364 77 38 
cell-3-4-6 691 1364 77 38 
cell-3-4-7 768 1364 77 38 
cell-3-4-8 845 1364 77 38 
cell-3-5-0 229 1412 77 38 
cell-3-5-1 306 1412 77 38 
cell-3-5-2 383 1412 77 38 
cell-3-5-3 460 1412 77 38 
cell-3-5-4 537 1412 77 38 
cell-3-5-5 614 1412 77 38 
cell-3-5-6 691 1412 77 38 
cell-3-5-7 768 1412 77 38 
cell-3-5-8 845 1412 77 38 
