table-0 237 588 228 533 
cell-0-0-0 237 588 45 35 
cell-0-0-1 282 588 45 35 
cell-0-0-2 327 588 45 35 
cell-0-0-3 372 588 45 35 
cell-0-0-4 417 588 45 35 
cell-0-1-0 237 633 45 35 
cell-0-1-1 282 633 45 35 
cell-0-1-2 327 633 45 35 
cell-0-1-3 372 633 45 35 
cell-0-1-4 417 633 45 35 
cell-0-2-0 237 678 45 35 
cell-0-2-1 282 678 45 35 
cell-0-2-2 327 678 45 35 
cell-0-2-3 372 678 45 35 
cell-0-2-4 417 678 45 35 
cell-0-3-0 237 723 45 35 
cell-0-3-1 282 723 45 35 
cell-0-3-2 327 723 45 35 
cell-0-3-3 372 723 45 35 
cell-0-3-4 417 723 45 35 
cell-0-4-0 237 768 45 35 
cell-0-4-1 282 768 45 35 
cell-0-4-2 327 768 45 35 
cell-0-4-3 372 768 45 35 
cell-0-4-4 417 768 45 35 
cell-0-5-0 237 813 45 35 
cell-0-5-1 282 813 45 35 
cell-0-5-2 327 813 45 35 
cell-0-5-3 372 813 45 35 
cell-0-5-4 417 813 45 35 
cell-0-6-0 237 858 45 35 
cell-0-6-1 282 858 45 35 
cell-0-6-2 327 858 45 35 
cell-0-6-3 372 858 45 35 
cell-0-6-4 417 858 45 35 
cell-0-7-0 237 903 45 35 
cell-0-7-1 282 903 45 35 
cell-0-7-2 327 903 45 35 
cell-0-7-3 372 903 45 35 
cell-0-7-4 417 903 45 35 
cell-0-8-0 237 948 45 35 
cell-0-8-1 282 948 45 35 
cell-0-8-2 327 948 45 35 
cell-0-8-3 372 948 45 35 
cell-0-8-4 417 948 45 35 
cell-0-9-0 237 993 45 35 
cell-0-9-1 282 993 45 35 
cell-0-9-2 327 993 45 35 
cell-0-9-3 372 993 45 35 
cell-0-9-4 417 993 45 35 
cell-0-10-0 237 1038 45 35 
cell-0-10-1 282 1038 45 35 
cell-0-10-2 327 1038 45 35 
cell-0-10-3 372 1038 45 35 
cell-0-10-4 417 1038 45 35 
cell-0-11-0 237 1083 45 35 
cell-0-11-1 282 1083 45 35 
cell-0-11-2 327 1083 45 35 
cell-0-11-3 372 1083 45 35 
cell-0-11-4 417 1083 45 35 
table-1 599 402 183 612 
cell-1-0-0 599 402 45 35 
cell-1-0-1 644 402 45 35 
cell-1-0-2 689 402 45 35 
cell-1-0-3 734 402 45 35 
cell-1-1-0 599 443 45 35 
cell-1-1-1 644 443 45 35 
cell-1-1-2 689 443 45 35 
cell-1-1-3 734 443 45 35 
cell-1-2-0 599 484 45 35 
cell-1-2-1 644 484 45 35 
cell-1-2-2 689 484 45 35 
cell-1-2-3 734 484 45 35 
cell-1-3-0 599 525 45 35 
cell-1-3-1 644 525 45 35 
cell-1-3-2 689 525 45 35 
cell-1-3-3 734 525 45 35 
cell-1-4-0 599 566 45 35 
cell-1-4-1 644 566 45 35 
cell-1-4-2 689 566 45 35 
cell-1-4-3 734 566 45 35 
cell-1-5-0 599 607 45 35 
cell-1-5-1 644 607 45 35 
cell-1-5-2 689 607 45 35 
cell-1-5-3 734 607 45 35 
cell-1-6-0 599 648 45 35 
cell-1-6-1 644 648 45 35 
cell-1-6-2 689 648 45 35 
cell-1-6-3 734 648 45 35 
cell-1-7-0 599 689 45 35 
cell-1-7-1 644 689 45 35 
cell-1-7-2 689 689 45 35 
cell-1-7-3 734 689 45 35 
cell-1-8-0 599 730 45 35 
cell-1-8-1 644 730 45 35 
cell-1-8-2 689 730 45 35 
cell-1-8-3 734 730 45 35 
cell-1-9-0 599 771 45 35 
cell-1-9-1 644 771 45 35 
cell-1-9-2 689 771 45 35 
cell-1-9-3 734 771 45 35 
cell-1-10-0 599 812 45 35 
cell-1-10-1 644 812 45 35 
cell-1-10-2 689 812 45 35 
cell-1-10-3 734 812 45 35 
cell-1-11-0 599 853 45 35 
cell-1-11-1 644 853 45 35 
cell-1-11-2 689 853 45 35 
cell-1-11-3 734 853 45 35 
cell-1-12-0 599 894 45 35 
cell-1-12-1 644 894 45 35 
cell-1-12-2 689 894 45 35 
cell-1-12-3 734 894 45 35 
cell-1-13-0 599 935 45 35 
cell-1-13-1 644 935 45 35 
cell-1-13-2 689 935 45 35 
cell-1-13-3 734 935 45 35 
cell-1-14-0 599 976 45 35 
cell-1-14-1 644 976 45 35 
cell-1-14-2 689 976 45 35 
cell-1-14-3 734 976 45 35 
