table-0 190 911 800 445 
cell-0-0-0 190 911 200 45 
cell-0-0-1 390 911 200 45 
cell-0-0-2 590 911 200 45 
cell-0-0-3 790 911 200 45 
cell-0-1-0 190 968 200 45 
cell-0-1-1 390 968 200 45 
cell-0-1-2 590 968 200 45 
cell-0-1-3 790 968 200 45 
cell-0-2-0 190 1025 200 45 
cell-0-2-1 390 1025 200 45 
cell-0-2-2 590 1025 200 45 
cell-0-2-3 790 1025 200 45 
cell-0-3-0 190 1082 200 45 
cell-0-3-1 390 1082 200 45 
cell-0-3-2 590 1082 200 45 
cell-0-3-3 790 1082 200 45 
cell-0-4-0 190 1139 200 45 
cell-0-4-1 390 1139 200 45 
cell-0-4-2 590 1139 200 45 
cell-0-4-3 790 1139 200 45 
cell-0-5-0 190 1196 200 45 
cell-0-5-1 390 1196 200 45 
cell-0-5-2 590 1196 200 45 
cell-0-5-3 790 1196 200 45 
cell-0-6-0 190 1253 200 45 
cell-0-6-1 390 1253 200 45 
cell-0-6-2 590 1253 200 45 
cell-0-6-3 790 1253 200 45 
cell-0-7-0 190 1310 200 45 
cell-0-7-1 390 1310 200 45 
cell-0-7-2 590 1310 200 45 
cell-0-7-3 790 1310 200 45 
table-2 109 383 800 353 
cell-2-0-0 109 383 100 40 
cell-2-0-1 209 383 100 40 
cell-2-0-2 309 383 100 40 
cell-2-0-3 409 383 100 40 
cell-2-0-4 509 383 100 40 
cell-2-0-5 609 383 100 40 
cell-2-0-6 709 383 100 40 
cell-2-0-7 809 383 100 40 
cell-2-1-0 109 435 100 40 
cell-2-1-1 209 435 100 40 
cell-2-1-2 309 435 100 40 
cell-2-1-3 409 435 100 40 
cell-2-1-4 509 435 100 40 
cell-2-1-5 609 435 100 40 
cell-2-1-6 709 435 100 40 
cell-2-1-7 809 435 100 40 
cell-2-2-0 109 487 100 40 
cell-2-2-1 209 487 100 40 
cell-2-2-2 309 487 100 40 
cell-2-2-3 409 487 100 40 
cell-2-2-4 509 487 100 40 
cell-2-2-5 609 487 100 40 
cell-2-2-6 709 487 100 40 
cell-2-2-7 809 487 100 40 
cell-2-3-0 109 539 100 40 
cell-2-3-1 209 539 100 40 
cell-2-3-2 309 539 100 40 
cell-2-3-3 409 539 100 40 
cell-2-3-4 509 539 100 40 
cell-2-3-5 609 539 100 40 
cell-2-3-6 709 539 100 40 
cell-2-3-7 809 539 100 40 
cell-2-4-0 109 591 100 40 
cell-2-4-1 209 591 100 40 
cell-2-4-2 309 591 100 40 
cell-2-4-3 409 591 100 40 
cell-2-4-4 509 591 100 40 
cell-2-4-5 609 591 100 40 
cell-2-4-6 709 591 100 40 
cell-2-4-7 809 591 100 40 
cell-2-5-0 109 643 100 40 
cell-2-5-1 209 643 100 40 
cell-2-5-2 309 643 100 40 
cell-2-5-3 409 643 100 40 
cell-2-5-4 509 643 100 40 
cell-2-5-5 609 643 100 40 
cell-2-5-6 709 643 100 40 
cell-2-5-7 809 643 100 40 
cell-2-6-0 109 695 100 40 
cell-2-6-1 209 695 100 40 
cell-2-6-2 309 695 100 40 
cell-2-6-3 409 695 100 40 
cell-2-6-4 509 695 100 40 
cell-2-6-5 609 695 100 40 
cell-2-6-6 709 695 100 40 
cell-2-6-7 809 695 100 40 
