table-0 275 257 500 572 
cell-0-0-0 275 257 125 58 
cell-0-0-1 400 257 125 58 
cell-0-0-2 525 257 125 58 
cell-0-0-3 650 257 125 58 
cell-0-1-0 275 321 125 58 
cell-0-1-1 400 321 125 58 
cell-0-1-2 525 321 125 58 
cell-0-1-3 650 321 125 58 
cell-0-2-0 275 385 125 58 
cell-0-2-1 400 385 125 58 
cell-0-2-2 525 385 125 58 
cell-0-2-3 650 385 125 58 
cell-0-3-0 275 449 125 58 
cell-0-3-1 400 449 125 58 
cell-0-3-2 525 449 125 58 
cell-0-3-3 650 449 125 58 
cell-0-4-0 275 513 125 58 
cell-0-4-1 400 513 125 58 
cell-0-4-2 525 513 125 58 
cell-0-4-3 650 513 125 58 
cell-0-5-0 275 577 125 58 
cell-0-5-1 400 577 125 58 
cell-0-5-2 525 577 125 58 
cell-0-5-3 650 577 125 58 
cell-0-6-0 275 641 125 58 
cell-0-6-1 400 641 125 58 
cell-0-6-2 525 641 125 58 
cell-0-6-3 650 641 125 58 
cell-0-7-0 275 705 125 58 
cell-0-7-1 400 705 125 58 
cell-0-7-2 525 705 125 58 
cell-0-7-3 650 705 125 58 
cell-0-8-0 275 769 125 58 
cell-0-8-1 400 769 125 58 
cell-0-8-2 525 769 125 58 
cell-0-8-3 650 769 125 58 
