table-0 430 225 622 627 
cell-0-0-0 430 225 44 42 
cell-0-0-1 474 225 44 42 
cell-0-0-2 518 225 44 42 
cell-0-0-3 562 225 44 42 
cell-0-0-4 606 225 44 42 
cell-0-0-5 650 225 402 42 
cell-0-1-0 430 278 44 42 
cell-0-1-1 474 278 44 42 
cell-0-1-2 518 278 44 42 
cell-0-1-3 562 278 44 42 
cell-0-1-4 606 278 44 42 
cell-0-1-5 650 278 402 42 
cell-0-2-0 430 331 44 42 
cell-0-2-1 474 331 44 42 
cell-0-2-2 518 331 44 42 
cell-0-2-3 562 331 44 42 
cell-0-2-4 606 331 44 42 
cell-0-2-5 650 331 402 42 
cell-0-3-0 430 384 44 42 
cell-0-3-1 474 384 44 42 
cell-0-3-2 518 384 44 42 
cell-0-3-3 562 384 44 42 
cell-0-3-4 606 384 44 42 
cell-0-3-5 650 384 402 42 
cell-0-4-0 430 437 44 42 
cell-0-4-1 474 437 44 42 
cell-0-4-2 518 437 44 42 
cell-0-4-3 562 437 44 42 
cell-0-4-4 606 437 44 42 
cell-0-4-5 650 437 402 42 
cell-0-5-0 430 490 44 42 
cell-0-5-1 474 490 44 42 
cell-0-5-2 518 490 44 42 
cell-0-5-3 562 490 44 42 
cell-0-5-4 606 490 44 42 
cell-0-5-5 650 490 402 42 
cell-0-6-0 430 543 44 42 
cell-0-6-1 474 543 44 42 
cell-0-6-2 518 543 44 42 
cell-0-6-3 562 543 44 42 
cell-0-6-4 606 543 44 42 
cell-0-6-5 650 543 402 42 
cell-0-7-0 430 596 44 42 
cell-0-7-1 474 596 44 42 
cell-0-7-2 518 596 44 42 
cell-0-7-3 562 596 44 42 
cell-0-7-4 606 596 44 42 
cell-0-7-5 650 596 402 42 
cell-0-8-0 430 649 44 42 
cell-0-8-1 474 649 44 42 
cell-0-8-2 518 649 44 42 
cell-0-8-3 562 649 44 42 
cell-0-8-4 606 649 44 42 
cell-0-8-5 650 649 402 42 
cell-0-9-0 430 702 44 42 
cell-0-9-1 474 702 44 42 
cell-0-9-2 518 702 44 42 
cell-0-9-3 562 702 44 42 
cell-0-9-4 606 702 44 42 
cell-0-9-5 650 702 402 42 
cell-0-10-0 430 755 44 42 
cell-0-10-1 474 755 44 42 
cell-0-10-2 518 755 44 42 
cell-0-10-3 562 755 44 42 
cell-0-10-4 606 755 44 42 
cell-0-10-5 650 755 402 42 
cell-0-11-0 430 808 44 42 
cell-0-11-1 474 808 44 42 
cell-0-11-2 518 808 44 42 
cell-0-11-3 562 808 44 42 
cell-0-11-4 606 808 44 42 
cell-0-11-5 650 808 402 42 
