table-0 257 955 430 386 
cell-0-1-0 257 955 33 35 
cell-0-1-1 290 955 33 35 
cell-0-1-2 323 955 33 35 
cell-0-1-3 356 955 33 35 
cell-0-1-4 389 955 33 35 
cell-0-1-5 422 955 33 35 
cell-0-1-6 455 955 33 35 
cell-0-1-7 488 955 33 35 
cell-0-1-8 521 955 33 35 
cell-0-1-9 554 955 33 35 
cell-0-1-10 587 955 33 35 
cell-0-1-11 620 955 33 35 
cell-0-1-12 653 955 33 35 
cell-0-2-0 257 990 33 35 
cell-0-2-1 290 990 33 35 
cell-0-2-2 323 990 33 35 
cell-0-2-3 356 990 33 35 
cell-0-2-4 389 990 33 35 
cell-0-2-5 422 990 33 35 
cell-0-2-6 455 990 33 35 
cell-0-2-7 488 990 33 35 
cell-0-2-8 521 990 33 35 
cell-0-2-9 554 990 33 35 
cell-0-2-10 587 990 33 35 
cell-0-2-11 620 990 33 35 
cell-0-2-12 653 990 33 35 
cell-0-3-0 257 1025 33 35 
cell-0-3-1 290 1025 33 35 
cell-0-3-2 323 1025 33 35 
cell-0-3-3 356 1025 33 35 
cell-0-3-4 389 1025 33 35 
cell-0-3-5 422 1025 33 35 
cell-0-3-6 455 1025 33 35 
cell-0-3-7 488 1025 33 35 
cell-0-3-8 521 1025 33 35 
cell-0-3-9 554 1025 33 35 
cell-0-3-10 587 1025 33 35 
cell-0-3-11 620 1025 33 35 
cell-0-3-12 653 1025 33 35 
cell-0-4-0 257 1060 33 35 
cell-0-4-1 290 1060 33 35 
cell-0-4-2 323 1060 33 35 
cell-0-4-3 356 1060 33 35 
cell-0-4-4 389 1060 33 35 
cell-0-4-5 422 1060 33 35 
cell-0-4-6 455 1060 33 35 
cell-0-4-7 488 1060 33 35 
cell-0-4-8 521 1060 33 35 
cell-0-4-9 554 1060 33 35 
cell-0-4-10 587 1060 33 35 
cell-0-4-11 620 1060 33 35 
cell-0-4-12 653 1060 33 35 
cell-0-5-0 257 1095 33 35 
cell-0-5-1 290 1095 33 35 
cell-0-5-2 323 1095 33 35 
cell-0-5-3 356 1095 33 35 
cell-0-5-4 389 1095 33 35 
cell-0-5-5 422 1095 33 35 
cell-0-5-6 455 1095 33 35 
cell-0-5-7 488 1095 33 35 
cell-0-5-8 521 1095 33 35 
cell-0-5-9 554 1095 33 35 
cell-0-5-10 587 1095 33 35 
cell-0-5-11 620 1095 33 35 
cell-0-5-12 653 1095 33 35 
cell-0-6-0 257 1130 33 35 
cell-0-6-1 290 1130 33 35 
cell-0-6-2 323 1130 33 35 
cell-0-6-3 356 1130 33 35 
cell-0-6-4 389 1130 33 35 
cell-0-6-5 422 1130 33 35 
cell-0-6-6 455 1130 33 35 
cell-0-6-7 488 1130 33 35 
cell-0-6-8 521 1130 33 35 
cell-0-6-9 554 1130 33 35 
cell-0-6-10 587 1130 33 35 
cell-0-6-11 620 1130 33 35 
cell-0-6-12 653 1130 33 35 
cell-0-7-0 257 1165 33 35 
cell-0-7-1 290 1165 33 35 
cell-0-7-2 323 1165 33 35 
cell-0-7-3 356 1165 33 35 
cell-0-7-4 389 1165 33 35 
cell-0-7-5 422 1165 33 35 
cell-0-7-6 455 1165 33 35 
cell-0-7-7 488 1165 33 35 
cell-0-7-8 521 1165 33 35 
cell-0-7-9 554 1165 33 35 
cell-0-7-10 587 1165 33 35 
cell-0-7-11 620 1165 33 35 
cell-0-7-12 653 1165 33 35 
cell-0-8-0 257 1200 33 35 
cell-0-8-1 290 1200 33 35 
cell-0-8-2 323 1200 33 35 
cell-0-8-3 356 1200 33 35 
cell-0-8-4 389 1200 33 35 
cell-0-8-5 422 1200 33 35 
cell-0-8-6 455 1200 33 35 
cell-0-8-7 488 1200 33 35 
cell-0-8-8 521 1200 33 35 
cell-0-8-9 554 1200 33 35 
cell-0-8-10 587 1200 33 35 
cell-0-8-11 620 1200 33 35 
cell-0-8-12 653 1200 33 35 
cell-0-9-0 257 1235 33 35 
cell-0-9-1 290 1235 33 35 
cell-0-9-2 323 1235 33 35 
cell-0-9-3 356 1235 33 35 
cell-0-9-4 389 1235 33 35 
cell-0-9-5 422 1235 33 35 
cell-0-9-6 455 1235 33 35 
cell-0-9-7 488 1235 33 35 
cell-0-9-8 521 1235 33 35 
cell-0-9-9 554 1235 33 35 
cell-0-9-10 587 1235 33 35 
cell-0-9-11 620 1235 33 35 
cell-0-9-12 653 1235 33 35 
cell-0-10-0 257 1270 33 35 
cell-0-10-1 290 1270 33 35 
cell-0-10-2 323 1270 33 35 
cell-0-10-3 356 1270 33 35 
cell-0-10-4 389 1270 33 35 
cell-0-10-5 422 1270 33 35 
cell-0-10-6 455 1270 33 35 
cell-0-10-7 488 1270 33 35 
cell-0-10-8 521 1270 33 35 
cell-0-10-9 554 1270 33 35 
cell-0-10-10 587 1270 33 35 
cell-0-10-11 620 1270 33 35 
cell-0-10-12 653 1270 33 35 
cell-0-11-0 257 1305 33 35 
cell-0-11-1 290 1305 33 35 
cell-0-11-2 323 1305 33 35 
cell-0-11-3 356 1305 33 35 
cell-0-11-4 389 1305 33 35 
cell-0-11-5 422 1305 33 35 
cell-0-11-6 455 1305 33 35 
cell-0-11-7 488 1305 33 35 
cell-0-11-8 521 1305 33 35 
cell-0-11-9 554 1305 33 35 
cell-0-11-10 587 1305 33 35 
cell-0-11-11 620 1305 33 35 
cell-0-11-12 653 1305 33 35 
