table-0 258 247 604 584 
cell-0-0-0 258 247 44 42 
cell-0-0-1 302 247 44 42 
cell-0-0-2 346 247 44 42 
cell-0-0-3 390 247 44 42 
cell-0-0-4 434 247 44 42 
cell-0-0-5 478 247 384 42 
cell-0-1-0 258 301 44 42 
cell-0-1-1 302 301 44 42 
cell-0-1-2 346 301 44 42 
cell-0-1-3 390 301 44 42 
cell-0-1-4 434 301 44 42 
cell-0-1-5 478 301 384 42 
cell-0-2-0 258 355 44 42 
cell-0-2-1 302 355 44 42 
cell-0-2-2 346 355 44 42 
cell-0-2-3 390 355 44 42 
cell-0-2-4 434 355 44 42 
cell-0-2-5 478 355 384 42 
cell-0-3-0 258 409 44 42 
cell-0-3-1 302 409 44 42 
cell-0-3-2 346 409 44 42 
cell-0-3-3 390 409 44 42 
cell-0-3-4 434 409 44 42 
cell-0-3-5 478 409 384 42 
cell-0-4-0 258 463 44 42 
cell-0-4-1 302 463 44 42 
cell-0-4-2 346 463 44 42 
cell-0-4-3 390 463 44 42 
cell-0-4-4 434 463 44 42 
cell-0-4-5 478 463 384 42 
cell-0-5-0 258 517 44 42 
cell-0-5-1 302 517 44 42 
cell-0-5-2 346 517 44 42 
cell-0-5-3 390 517 44 42 
cell-0-5-4 434 517 44 42 
cell-0-5-5 478 517 384 42 
cell-0-6-0 258 571 44 42 
cell-0-6-1 302 571 44 42 
cell-0-6-2 346 571 44 42 
cell-0-6-3 390 571 44 42 
cell-0-6-4 434 571 44 42 
cell-0-6-5 478 571 384 42 
cell-0-7-0 258 625 44 42 
cell-0-7-1 302 625 44 42 
cell-0-7-2 346 625 44 42 
cell-0-7-3 390 625 44 42 
cell-0-7-4 434 625 44 42 
cell-0-7-5 478 625 384 42 
cell-0-8-0 258 679 44 42 
cell-0-8-1 302 679 44 42 
cell-0-8-2 346 679 44 42 
cell-0-8-3 390 679 44 42 
cell-0-8-4 434 679 44 42 
cell-0-8-5 478 679 384 42 
cell-0-9-0 258 733 44 42 
cell-0-9-1 302 733 44 42 
cell-0-9-2 346 733 44 42 
cell-0-9-3 390 733 44 42 
cell-0-9-4 434 733 44 42 
cell-0-9-5 478 733 384 42 
cell-0-10-0 258 787 44 42 
cell-0-10-1 302 787 44 42 
cell-0-10-2 346 787 44 42 
cell-0-10-3 390 787 44 42 
cell-0-10-4 434 787 44 42 
cell-0-10-5 478 787 384 42 
