table-0 110 698 777 373 
cell-0-1-0 110 698 36 35 
cell-0-1-1 149 698 36 35 
cell-0-1-2 188 698 36 35 
cell-0-1-3 227 698 36 35 
cell-0-1-4 266 698 36 35 
cell-0-1-5 305 698 36 35 
cell-0-1-6 344 698 36 35 
cell-0-1-7 383 698 36 35 
cell-0-1-8 422 698 36 35 
cell-0-1-9 461 698 36 35 
cell-0-1-10 500 698 36 35 
cell-0-1-11 539 698 36 35 
cell-0-1-12 578 698 36 35 
cell-0-1-13 617 698 36 35 
cell-0-1-14 656 698 36 35 
cell-0-1-15 695 698 36 35 
cell-0-1-16 734 698 36 35 
cell-0-1-17 773 698 36 35 
cell-0-1-18 812 698 36 35 
cell-0-1-19 851 698 36 35 
cell-0-2-0 110 740 36 35 
cell-0-2-1 149 740 36 35 
cell-0-2-2 188 740 36 35 
cell-0-2-3 227 740 36 35 
cell-0-2-4 266 740 36 35 
cell-0-2-5 305 740 36 35 
cell-0-2-6 344 740 36 35 
cell-0-2-7 383 740 36 35 
cell-0-2-8 422 740 36 35 
cell-0-2-9 461 740 36 35 
cell-0-2-10 500 740 36 35 
cell-0-2-11 539 740 36 35 
cell-0-2-12 578 740 36 35 
cell-0-2-13 617 740 36 35 
cell-0-2-14 656 740 36 35 
cell-0-2-15 695 740 36 35 
cell-0-2-16 734 740 36 35 
cell-0-2-17 773 740 36 35 
cell-0-2-18 812 740 36 35 
cell-0-2-19 851 740 36 35 
cell-0-3-0 110 782 36 35 
cell-0-3-1 149 782 36 35 
cell-0-3-2 188 782 36 35 
cell-0-3-3 227 782 36 35 
cell-0-3-4 266 782 36 35 
cell-0-3-5 305 782 36 35 
cell-0-3-6 344 782 36 35 
cell-0-3-7 383 782 36 35 
cell-0-3-8 422 782 36 35 
cell-0-3-9 461 782 36 35 
cell-0-3-10 500 782 36 35 
cell-0-3-11 539 782 36 35 
cell-0-3-12 578 782 36 35 
cell-0-3-13 617 782 36 35 
cell-0-3-14 656 782 36 35 
cell-0-3-15 695 782 36 35 
cell-0-3-16 734 782 36 35 
cell-0-3-17 773 782 36 35 
cell-0-3-18 812 782 36 35 
cell-0-3-19 851 782 36 35 
cell-0-4-0 110 824 36 35 
cell-0-4-1 149 824 36 35 
cell-0-4-2 188 824 36 35 
cell-0-4-3 227 824 36 35 
cell-0-4-4 266 824 36 35 
cell-0-4-5 305 824 36 35 
cell-0-4-6 344 824 36 35 
cell-0-4-7 383 824 36 35 
cell-0-4-8 422 824 36 35 
cell-0-4-9 461 824 36 35 
cell-0-4-10 500 824 36 35 
cell-0-4-11 539 824 36 35 
cell-0-4-12 578 824 36 35 
cell-0-4-13 617 824 36 35 
cell-0-4-14 656 824 36 35 
cell-0-4-15 695 824 36 35 
cell-0-4-16 734 824 36 35 
cell-0-4-17 773 824 36 35 
cell-0-4-18 812 824 36 35 
cell-0-4-19 851 824 36 35 
cell-0-5-0 110 866 36 35 
cell-0-5-1 149 866 36 35 
cell-0-5-2 188 866 36 35 
cell-0-5-3 227 866 36 35 
cell-0-5-4 266 866 36 35 
cell-0-5-5 305 866 36 35 
cell-0-5-6 344 866 36 35 
cell-0-5-7 383 866 36 35 
cell-0-5-8 422 866 36 35 
cell-0-5-9 461 866 36 35 
cell-0-5-10 500 866 36 35 
cell-0-5-11 539 866 36 35 
cell-0-5-12 578 866 36 35 
cell-0-5-13 617 866 36 35 
cell-0-5-14 656 866 36 35 
cell-0-5-15 695 866 36 35 
cell-0-5-16 734 866 36 35 
cell-0-5-17 773 866 36 35 
cell-0-5-18 812 866 36 35 
cell-0-5-19 851 866 36 35 
cell-0-6-0 110 908 36 35 
cell-0-6-1 149 908 36 35 
cell-0-6-2 188 908 36 35 
cell-0-6-3 227 908 36 35 
cell-0-6-4 266 908 36 35 
cell-0-6-5 305 908 36 35 
cell-0-6-6 344 908 36 35 
cell-0-6-7 383 908 36 35 
cell-0-6-8 422 908 36 35 
cell-0-6-9 461 908 36 35 
cell-0-6-10 500 908 36 35 
cell-0-6-11 539 908 36 35 
cell-0-6-12 578 908 36 35 
cell-0-6-13 617 908 36 35 
cell-0-6-14 656 908 36 35 
cell-0-6-15 695 908 36 35 
cell-0-6-16 734 908 36 35 
cell-0-6-17 773 908 36 35 
cell-0-6-18 812 908 36 35 
cell-0-6-19 851 908 36 35 
cell-0-7-0 110 950 36 35 
cell-0-7-1 149 950 36 35 
cell-0-7-2 188 950 36 35 
cell-0-7-3 227 950 36 35 
cell-0-7-4 266 950 36 35 
cell-0-7-5 305 950 36 35 
cell-0-7-6 344 950 36 35 
cell-0-7-7 383 950 36 35 
cell-0-7-8 422 950 36 35 
cell-0-7-9 461 950 36 35 
cell-0-7-10 500 950 36 35 
cell-0-7-11 539 950 36 35 
cell-0-7-12 578 950 36 35 
cell-0-7-13 617 950 36 35 
cell-0-7-14 656 950 36 35 
cell-0-7-15 695 950 36 35 
cell-0-7-16 734 950 36 35 
cell-0-7-17 773 950 36 35 
cell-0-7-18 812 950 36 35 
cell-0-7-19 851 950 36 35 
cell-0-8-0 110 992 36 35 
cell-0-8-1 149 992 36 35 
cell-0-8-2 188 992 36 35 
cell-0-8-3 227 992 36 35 
cell-0-8-4 266 992 36 35 
cell-0-8-5 305 992 36 35 
cell-0-8-6 344 992 36 35 
cell-0-8-7 383 992 36 35 
cell-0-8-8 422 992 36 35 
cell-0-8-9 461 992 36 35 
cell-0-8-10 500 992 36 35 
cell-0-8-11 539 992 36 35 
cell-0-8-12 578 992 36 35 
cell-0-8-13 617 992 36 35 
cell-0-8-14 656 992 36 35 
cell-0-8-15 695 992 36 35 
cell-0-8-16 734 992 36 35 
cell-0-8-17 773 992 36 35 
cell-0-8-18 812 992 36 35 
cell-0-8-19 851 992 36 35 
cell-0-9-0 110 1034 36 35 
cell-0-9-1 149 1034 36 35 
cell-0-9-2 188 1034 36 35 
cell-0-9-3 227 1034 36 35 
cell-0-9-4 266 1034 36 35 
cell-0-9-5 305 1034 36 35 
cell-0-9-6 344 1034 36 35 
cell-0-9-7 383 1034 36 35 
cell-0-9-8 422 1034 36 35 
cell-0-9-9 461 1034 36 35 
cell-0-9-10 500 1034 36 35 
cell-0-9-11 539 1034 36 35 
cell-0-9-12 578 1034 36 35 
cell-0-9-13 617 1034 36 35 
cell-0-9-14 656 1034 36 35 
cell-0-9-15 695 1034 36 35 
cell-0-9-16 734 1034 36 35 
cell-0-9-17 773 1034 36 35 
cell-0-9-18 812 1034 36 35 
cell-0-9-19 851 1034 36 35 
