table-0 396 969 546 310 
cell-0-1-0 396 969 34 35 
cell-0-1-1 430 969 34 35 
cell-0-1-2 464 969 34 35 
cell-0-1-3 498 969 34 35 
cell-0-1-4 532 969 34 35 
cell-0-1-5 566 969 34 35 
cell-0-1-6 600 969 34 35 
cell-0-1-7 634 969 34 35 
cell-0-1-8 668 969 34 35 
cell-0-1-9 702 969 34 35 
cell-0-1-10 736 969 34 35 
cell-0-1-11 770 969 34 35 
cell-0-1-12 804 969 34 35 
cell-0-1-13 838 969 34 35 
cell-0-1-14 872 969 34 35 
cell-0-1-15 906 969 34 35 
cell-0-2-0 396 1008 34 35 
cell-0-2-1 430 1008 34 35 
cell-0-2-2 464 1008 34 35 
cell-0-2-3 498 1008 34 35 
cell-0-2-4 532 1008 34 35 
cell-0-2-5 566 1008 34 35 
cell-0-2-6 600 1008 34 35 
cell-0-2-7 634 1008 34 35 
cell-0-2-8 668 1008 34 35 
cell-0-2-9 702 1008 34 35 
cell-0-2-10 736 1008 34 35 
cell-0-2-11 770 1008 34 35 
cell-0-2-12 804 1008 34 35 
cell-0-2-13 838 1008 34 35 
cell-0-2-14 872 1008 34 35 
cell-0-2-15 906 1008 34 35 
cell-0-3-0 396 1047 34 35 
cell-0-3-1 430 1047 34 35 
cell-0-3-2 464 1047 34 35 
cell-0-3-3 498 1047 34 35 
cell-0-3-4 532 1047 34 35 
cell-0-3-5 566 1047 34 35 
cell-0-3-6 600 1047 34 35 
cell-0-3-7 634 1047 34 35 
cell-0-3-8 668 1047 34 35 
cell-0-3-9 702 1047 34 35 
cell-0-3-10 736 1047 34 35 
cell-0-3-11 770 1047 34 35 
cell-0-3-12 804 1047 34 35 
cell-0-3-13 838 1047 34 35 
cell-0-3-14 872 1047 34 35 
cell-0-3-15 906 1047 34 35 
cell-0-4-0 396 1086 34 35 
cell-0-4-1 430 1086 34 35 
cell-0-4-2 464 1086 34 35 
cell-0-4-3 498 1086 34 35 
cell-0-4-4 532 1086 34 35 
cell-0-4-5 566 1086 34 35 
cell-0-4-6 600 1086 34 35 
cell-0-4-7 634 1086 34 35 
cell-0-4-8 668 1086 34 35 
cell-0-4-9 702 1086 34 35 
cell-0-4-10 736 1086 34 35 
cell-0-4-11 770 1086 34 35 
cell-0-4-12 804 1086 34 35 
cell-0-4-13 838 1086 34 35 
cell-0-4-14 872 1086 34 35 
cell-0-4-15 906 1086 34 35 
cell-0-5-0 396 1125 34 35 
cell-0-5-1 430 1125 34 35 
cell-0-5-2 464 1125 34 35 
cell-0-5-3 498 1125 34 35 
cell-0-5-4 532 1125 34 35 
cell-0-5-5 566 1125 34 35 
cell-0-5-6 600 1125 34 35 
cell-0-5-7 634 1125 34 35 
cell-0-5-8 668 1125 34 35 
cell-0-5-9 702 1125 34 35 
cell-0-5-10 736 1125 34 35 
cell-0-5-11 770 1125 34 35 
cell-0-5-12 804 1125 34 35 
cell-0-5-13 838 1125 34 35 
cell-0-5-14 872 1125 34 35 
cell-0-5-15 906 1125 34 35 
cell-0-6-0 396 1164 34 35 
cell-0-6-1 430 1164 34 35 
cell-0-6-2 464 1164 34 35 
cell-0-6-3 498 1164 34 35 
cell-0-6-4 532 1164 34 35 
cell-0-6-5 566 1164 34 35 
cell-0-6-6 600 1164 34 35 
cell-0-6-7 634 1164 34 35 
cell-0-6-8 668 1164 34 35 
cell-0-6-9 702 1164 34 35 
cell-0-6-10 736 1164 34 35 
cell-0-6-11 770 1164 34 35 
cell-0-6-12 804 1164 34 35 
cell-0-6-13 838 1164 34 35 
cell-0-6-14 872 1164 34 35 
cell-0-6-15 906 1164 34 35 
cell-0-7-0 396 1203 34 35 
cell-0-7-1 430 1203 34 35 
cell-0-7-2 464 1203 34 35 
cell-0-7-3 498 1203 34 35 
cell-0-7-4 532 1203 34 35 
cell-0-7-5 566 1203 34 35 
cell-0-7-6 600 1203 34 35 
cell-0-7-7 634 1203 34 35 
cell-0-7-8 668 1203 34 35 
cell-0-7-9 702 1203 34 35 
cell-0-7-10 736 1203 34 35 
cell-0-7-11 770 1203 34 35 
cell-0-7-12 804 1203 34 35 
cell-0-7-13 838 1203 34 35 
cell-0-7-14 872 1203 34 35 
cell-0-7-15 906 1203 34 35 
cell-0-8-0 396 1242 34 35 
cell-0-8-1 430 1242 34 35 
cell-0-8-2 464 1242 34 35 
cell-0-8-3 498 1242 34 35 
cell-0-8-4 532 1242 34 35 
cell-0-8-5 566 1242 34 35 
cell-0-8-6 600 1242 34 35 
cell-0-8-7 634 1242 34 35 
cell-0-8-8 668 1242 34 35 
cell-0-8-9 702 1242 34 35 
cell-0-8-10 736 1242 34 35 
cell-0-8-11 770 1242 34 35 
cell-0-8-12 804 1242 34 35 
cell-0-8-13 838 1242 34 35 
cell-0-8-14 872 1242 34 35 
cell-0-8-15 906 1242 34 35 
table-1 147 100 691 718 
cell-1-0-0 147 100 43 41 
cell-1-0-1 190 100 43 41 
cell-1-0-2 233 100 43 41 
cell-1-0-3 276 100 43 41 
cell-1-0-4 319 100 43 41 
cell-1-0-5 362 100 475 41 
cell-1-1-0 147 152 43 41 
cell-1-1-1 190 152 43 41 
cell-1-1-2 233 152 43 41 
cell-1-1-3 276 152 43 41 
cell-1-1-4 319 152 43 41 
cell-1-1-5 362 152 475 41 
cell-1-2-0 147 204 43 41 
cell-1-2-1 190 204 43 41 
cell-1-2-2 233 204 43 41 
cell-1-2-3 276 204 43 41 
cell-1-2-4 319 204 43 41 
cell-1-2-5 362 204 475 41 
cell-1-3-0 147 256 43 41 
cell-1-3-1 190 256 43 41 
cell-1-3-2 233 256 43 41 
cell-1-3-3 276 256 43 41 
cell-1-3-4 319 256 43 41 
cell-1-3-5 362 256 475 41 
cell-1-4-0 147 308 43 41 
cell-1-4-1 190 308 43 41 
cell-1-4-2 233 308 43 41 
cell-1-4-3 276 308 43 41 
cell-1-4-4 319 308 43 41 
cell-1-4-5 362 308 475 41 
cell-1-5-0 147 360 43 41 
cell-1-5-1 190 360 43 41 
cell-1-5-2 233 360 43 41 
cell-1-5-3 276 360 43 41 
cell-1-5-4 319 360 43 41 
cell-1-5-5 362 360 475 41 
cell-1-6-0 147 412 43 41 
cell-1-6-1 190 412 43 41 
cell-1-6-2 233 412 43 41 
cell-1-6-3 276 412 43 41 
cell-1-6-4 319 412 43 41 
cell-1-6-5 362 412 475 41 
cell-1-7-0 147 464 43 41 
cell-1-7-1 190 464 43 41 
cell-1-7-2 233 464 43 41 
cell-1-7-3 276 464 43 41 
cell-1-7-4 319 464 43 41 
cell-1-7-5 362 464 475 41 
cell-1-8-0 147 516 43 41 
cell-1-8-1 190 516 43 41 
cell-1-8-2 233 516 43 41 
cell-1-8-3 276 516 43 41 
cell-1-8-4 319 516 43 41 
cell-1-8-5 362 516 475 41 
cell-1-9-0 147 568 43 41 
cell-1-9-1 190 568 43 41 
cell-1-9-2 233 568 43 41 
cell-1-9-3 276 568 43 41 
cell-1-9-4 319 568 43 41 
cell-1-9-5 362 568 475 41 
cell-1-10-0 147 620 43 41 
cell-1-10-1 190 620 43 41 
cell-1-10-2 233 620 43 41 
cell-1-10-3 276 620 43 41 
cell-1-10-4 319 620 43 41 
cell-1-10-5 362 620 475 41 
cell-1-11-0 147 672 43 41 
cell-1-11-1 190 672 43 41 
cell-1-11-2 233 672 43 41 
cell-1-11-3 276 672 43 41 
cell-1-11-4 319 672 43 41 
cell-1-11-5 362 672 475 41 
cell-1-12-0 147 724 43 41 
cell-1-12-1 190 724 43 41 
cell-1-12-2 233 724 43 41 
cell-1-12-3 276 724 43 41 
cell-1-12-4 319 724 43 41 
cell-1-12-5 362 724 475 41 
cell-1-13-0 147 776 43 41 
cell-1-13-1 190 776 43 41 
cell-1-13-2 233 776 43 41 
cell-1-13-3 276 776 43 41 
cell-1-13-4 319 776 43 41 
cell-1-13-5 362 776 475 41 
