table-0 398 586 500 356 
cell-0-0-0 398 586 125 55 
cell-0-0-1 523 586 125 55 
cell-0-0-2 648 586 125 55 
cell-0-0-3 773 586 125 55 
cell-0-1-0 398 646 125 55 
cell-0-1-1 523 646 125 55 
cell-0-1-2 648 646 125 55 
cell-0-1-3 773 646 125 55 
cell-0-2-0 398 706 125 55 
cell-0-2-1 523 706 125 55 
cell-0-2-2 648 706 125 55 
cell-0-2-3 773 706 125 55 
cell-0-3-0 398 766 125 55 
cell-0-3-1 523 766 125 55 
cell-0-3-2 648 766 125 55 
cell-0-3-3 773 766 125 55 
cell-0-4-0 398 826 125 55 
cell-0-4-1 523 826 125 55 
cell-0-4-2 648 826 125 55 
cell-0-4-3 773 826 125 55 
cell-0-5-0 398 886 125 55 
cell-0-5-1 523 886 125 55 
cell-0-5-2 648 886 125 55 
cell-0-5-3 773 886 125 55 
table-1 60 118 1000 247 
cell-1-0-0 60 118 166 41 
cell-1-0-1 226 118 166 41 
cell-1-0-2 392 118 166 41 
cell-1-0-3 558 118 166 41 
cell-1-0-4 724 118 166 41 
cell-1-0-5 890 118 166 41 
cell-1-1-0 60 169 166 41 
cell-1-1-1 226 169 166 41 
cell-1-1-2 392 169 166 41 
cell-1-1-3 558 169 166 41 
cell-1-1-4 724 169 166 41 
cell-1-1-5 890 169 166 41 
cell-1-2-0 60 220 166 41 
cell-1-2-1 226 220 166 41 
cell-1-2-2 392 220 166 41 
cell-1-2-3 558 220 166 41 
cell-1-2-4 724 220 166 41 
cell-1-2-5 890 220 166 41 
cell-1-3-0 60 271 166 41 
cell-1-3-1 226 271 166 41 
cell-1-3-2 392 271 166 41 
cell-1-3-3 558 271 166 41 
cell-1-3-4 724 271 166 41 
cell-1-3-5 890 271 166 41 
cell-1-4-0 60 322 166 41 
cell-1-4-1 226 322 166 41 
cell-1-4-2 392 322 166 41 
cell-1-4-3 558 322 166 41 
cell-1-4-4 724 322 166 41 
cell-1-4-5 890 322 166 41 
