table-0 200 295 800 360 
cell-0-0-0 200 295 200 36 
cell-0-0-1 400 295 200 36 
cell-0-0-2 600 295 200 36 
cell-0-0-3 800 295 200 36 
cell-0-1-0 200 341 200 36 
cell-0-1-1 400 341 200 36 
cell-0-1-2 600 341 200 36 
cell-0-1-3 800 341 200 36 
cell-0-2-0 200 387 200 36 
cell-0-2-1 400 387 200 36 
cell-0-2-2 600 387 200 36 
cell-0-2-3 800 387 200 36 
cell-0-3-0 200 433 200 36 
cell-0-3-1 400 433 200 36 
cell-0-3-2 600 433 200 36 
cell-0-3-3 800 433 200 36 
cell-0-4-0 200 479 200 36 
cell-0-4-1 400 479 200 36 
cell-0-4-2 600 479 200 36 
cell-0-4-3 800 479 200 36 
cell-0-5-0 200 525 200 36 
cell-0-5-1 400 525 200 36 
cell-0-5-2 600 525 200 36 
cell-0-5-3 800 525 200 36 
cell-0-6-0 200 571 200 36 
cell-0-6-1 400 571 200 36 
cell-0-6-2 600 571 200 36 
cell-0-6-3 800 571 200 36 
cell-0-7-0 200 617 200 36 
cell-0-7-1 400 617 200 36 
cell-0-7-2 600 617 200 36 
cell-0-7-3 800 617 200 36 
header-3 88 1229 755 195 
row-1-1 88 1229 295 41 
row-1-2 403 1229 394 41 
row-2-1 88 1280 262 41 
row-2-2 370 1280 464 41 
row-3-1 88 1331 691 41 
row-4-1 88 1382 493 41 
