table-0 131 862 800 386 
cell-0-0-0 131 862 88 53 
cell-0-0-1 219 862 88 53 
cell-0-0-2 307 862 88 53 
cell-0-0-3 395 862 88 53 
cell-0-0-4 483 862 88 53 
cell-0-0-5 571 862 88 53 
cell-0-0-6 659 862 88 53 
cell-0-0-7 747 862 88 53 
cell-0-0-8 835 862 88 53 
cell-0-1-0 131 928 88 53 
cell-0-1-1 219 928 88 53 
cell-0-1-2 307 928 88 53 
cell-0-1-3 395 928 88 53 
cell-0-1-4 483 928 88 53 
cell-0-1-5 571 928 88 53 
cell-0-1-6 659 928 88 53 
cell-0-1-7 747 928 88 53 
cell-0-1-8 835 928 88 53 
cell-0-2-0 131 994 88 53 
cell-0-2-1 219 994 88 53 
cell-0-2-2 307 994 88 53 
cell-0-2-3 395 994 88 53 
cell-0-2-4 483 994 88 53 
cell-0-2-5 571 994 88 53 
cell-0-2-6 659 994 88 53 
cell-0-2-7 747 994 88 53 
cell-0-2-8 835 994 88 53 
cell-0-3-0 131 1060 88 53 
cell-0-3-1 219 1060 88 53 
cell-0-3-2 307 1060 88 53 
cell-0-3-3 395 1060 88 53 
cell-0-3-4 483 1060 88 53 
cell-0-3-5 571 1060 88 53 
cell-0-3-6 659 1060 88 53 
cell-0-3-7 747 1060 88 53 
cell-0-3-8 835 1060 88 53 
cell-0-4-0 131 1126 88 53 
cell-0-4-1 219 1126 88 53 
cell-0-4-2 307 1126 88 53 
cell-0-4-3 395 1126 88 53 
cell-0-4-4 483 1126 88 53 
cell-0-4-5 571 1126 88 53 
cell-0-4-6 659 1126 88 53 
cell-0-4-7 747 1126 88 53 
cell-0-4-8 835 1126 88 53 
cell-0-5-0 131 1192 88 53 
cell-0-5-1 219 1192 88 53 
cell-0-5-2 307 1192 88 53 
cell-0-5-3 395 1192 88 53 
cell-0-5-4 483 1192 88 53 
cell-0-5-5 571 1192 88 53 
cell-0-5-6 659 1192 88 53 
cell-0-5-7 747 1192 88 53 
cell-0-5-8 835 1192 88 53 
header-3 123 334 909 193 
row-1-1 123 334 318 40 
row-1-2 461 334 285 40 
row-2-1 123 384 384 40 
row-2-2 527 384 500 40 
row-3-1 123 434 615 40 
row-4-1 123 484 582 40 
