table-0 731 872 259 443 
cell-0-0-0 731 872 43 35 
cell-0-0-1 774 872 43 35 
cell-0-0-2 817 872 43 35 
cell-0-0-3 860 872 43 35 
cell-0-0-4 903 872 43 35 
cell-0-0-5 946 872 43 35 
cell-0-1-0 731 909 43 35 
cell-0-1-1 774 909 43 35 
cell-0-1-2 817 909 43 35 
cell-0-1-3 860 909 43 35 
cell-0-1-4 903 909 43 35 
cell-0-1-5 946 909 43 35 
cell-0-2-0 731 946 43 35 
cell-0-2-1 774 946 43 35 
cell-0-2-2 817 946 43 35 
cell-0-2-3 860 946 43 35 
cell-0-2-4 903 946 43 35 
cell-0-2-5 946 946 43 35 
cell-0-3-0 731 983 43 35 
cell-0-3-1 774 983 43 35 
cell-0-3-2 817 983 43 35 
cell-0-3-3 860 983 43 35 
cell-0-3-4 903 983 43 35 
cell-0-3-5 946 983 43 35 
cell-0-4-0 731 1020 43 35 
cell-0-4-1 774 1020 43 35 
cell-0-4-2 817 1020 43 35 
cell-0-4-3 860 1020 43 35 
cell-0-4-4 903 1020 43 35 
cell-0-4-5 946 1020 43 35 
cell-0-5-0 731 1057 43 35 
cell-0-5-1 774 1057 43 35 
cell-0-5-2 817 1057 43 35 
cell-0-5-3 860 1057 43 35 
cell-0-5-4 903 1057 43 35 
cell-0-5-5 946 1057 43 35 
cell-0-6-0 731 1094 43 35 
cell-0-6-1 774 1094 43 35 
cell-0-6-2 817 1094 43 35 
cell-0-6-3 860 1094 43 35 
cell-0-6-4 903 1094 43 35 
cell-0-6-5 946 1094 43 35 
cell-0-7-0 731 1131 43 35 
cell-0-7-1 774 1131 43 35 
cell-0-7-2 817 1131 43 35 
cell-0-7-3 860 1131 43 35 
cell-0-7-4 903 1131 43 35 
cell-0-7-5 946 1131 43 35 
cell-0-8-0 731 1168 43 35 
cell-0-8-1 774 1168 43 35 
cell-0-8-2 817 1168 43 35 
cell-0-8-3 860 1168 43 35 
cell-0-8-4 903 1168 43 35 
cell-0-8-5 946 1168 43 35 
cell-0-9-0 731 1205 43 35 
cell-0-9-1 774 1205 43 35 
cell-0-9-2 817 1205 43 35 
cell-0-9-3 860 1205 43 35 
cell-0-9-4 903 1205 43 35 
cell-0-9-5 946 1205 43 35 
cell-0-10-0 731 1242 43 35 
cell-0-10-1 774 1242 43 35 
cell-0-10-2 817 1242 43 35 
cell-0-10-3 860 1242 43 35 
cell-0-10-4 903 1242 43 35 
cell-0-10-5 946 1242 43 35 
cell-0-11-0 731 1279 43 35 
cell-0-11-1 774 1279 43 35 
cell-0-11-2 817 1279 43 35 
cell-0-11-3 860 1279 43 35 
cell-0-11-4 903 1279 43 35 
cell-0-11-5 946 1279 43 35 
header-3 266 290 736 195 
row-1-1 266 290 324 41 
row-1-2 610 290 258 41 
row-2-1 266 341 258 41 
row-2-2 544 341 456 41 
row-3-1 266 392 621 41 
row-4-1 266 443 522 41 
