table-0 342 896 228 518 
cell-0-0-0 342 896 45 35 
cell-0-0-1 387 896 45 35 
cell-0-0-2 432 896 45 35 
cell-0-0-3 477 896 45 35 
cell-0-0-4 522 896 45 35 
cell-0-1-0 342 936 45 35 
cell-0-1-1 387 936 45 35 
cell-0-1-2 432 936 45 35 
cell-0-1-3 477 936 45 35 
cell-0-1-4 522 936 45 35 
cell-0-2-0 342 976 45 35 
cell-0-2-1 387 976 45 35 
cell-0-2-2 432 976 45 35 
cell-0-2-3 477 976 45 35 
cell-0-2-4 522 976 45 35 
cell-0-3-0 342 1016 45 35 
cell-0-3-1 387 1016 45 35 
cell-0-3-2 432 1016 45 35 
cell-0-3-3 477 1016 45 35 
cell-0-3-4 522 1016 45 35 
cell-0-4-0 342 1056 45 35 
cell-0-4-1 387 1056 45 35 
cell-0-4-2 432 1056 45 35 
cell-0-4-3 477 1056 45 35 
cell-0-4-4 522 1056 45 35 
cell-0-5-0 342 1096 45 35 
cell-0-5-1 387 1096 45 35 
cell-0-5-2 432 1096 45 35 
cell-0-5-3 477 1096 45 35 
cell-0-5-4 522 1096 45 35 
cell-0-6-0 342 1136 45 35 
cell-0-6-1 387 1136 45 35 
cell-0-6-2 432 1136 45 35 
cell-0-6-3 477 1136 45 35 
cell-0-6-4 522 1136 45 35 
cell-0-7-0 342 1176 45 35 
cell-0-7-1 387 1176 45 35 
cell-0-7-2 432 1176 45 35 
cell-0-7-3 477 1176 45 35 
cell-0-7-4 522 1176 45 35 
cell-0-8-0 342 1216 45 35 
cell-0-8-1 387 1216 45 35 
cell-0-8-2 432 1216 45 35 
cell-0-8-3 477 1216 45 35 
cell-0-8-4 522 1216 45 35 
cell-0-9-0 342 1256 45 35 
cell-0-9-1 387 1256 45 35 
cell-0-9-2 432 1256 45 35 
cell-0-9-3 477 1256 45 35 
cell-0-9-4 522 1256 45 35 
cell-0-10-0 342 1296 45 35 
cell-0-10-1 387 1296 45 35 
cell-0-10-2 432 1296 45 35 
cell-0-10-3 477 1296 45 35 
cell-0-10-4 522 1296 45 35 
cell-0-11-0 342 1336 45 35 
cell-0-11-1 387 1336 45 35 
cell-0-11-2 432 1336 45 35 
cell-0-11-3 477 1336 45 35 
cell-0-11-4 522 1336 45 35 
cell-0-12-0 342 1376 45 35 
cell-0-12-1 387 1376 45 35 
cell-0-12-2 432 1376 45 35 
cell-0-12-3 477 1376 45 35 
cell-0-12-4 522 1376 45 35 
