table-0 209 570 777 429 
cell-0-1-0 209 570 36 35 
cell-0-1-1 248 570 36 35 
cell-0-1-2 287 570 36 35 
cell-0-1-3 326 570 36 35 
cell-0-1-4 365 570 36 35 
cell-0-1-5 404 570 36 35 
cell-0-1-6 443 570 36 35 
cell-0-1-7 482 570 36 35 
cell-0-1-8 521 570 36 35 
cell-0-1-9 560 570 36 35 
cell-0-1-10 599 570 36 35 
cell-0-1-11 638 570 36 35 
cell-0-1-12 677 570 36 35 
cell-0-1-13 716 570 36 35 
cell-0-1-14 755 570 36 35 
cell-0-1-15 794 570 36 35 
cell-0-1-16 833 570 36 35 
cell-0-1-17 872 570 36 35 
cell-0-1-18 911 570 36 35 
cell-0-1-19 950 570 36 35 
cell-0-2-0 209 619 36 35 
cell-0-2-1 248 619 36 35 
cell-0-2-2 287 619 36 35 
cell-0-2-3 326 619 36 35 
cell-0-2-4 365 619 36 35 
cell-0-2-5 404 619 36 35 
cell-0-2-6 443 619 36 35 
cell-0-2-7 482 619 36 35 
cell-0-2-8 521 619 36 35 
cell-0-2-9 560 619 36 35 
cell-0-2-10 599 619 36 35 
cell-0-2-11 638 619 36 35 
cell-0-2-12 677 619 36 35 
cell-0-2-13 716 619 36 35 
cell-0-2-14 755 619 36 35 
cell-0-2-15 794 619 36 35 
cell-0-2-16 833 619 36 35 
cell-0-2-17 872 619 36 35 
cell-0-2-18 911 619 36 35 
cell-0-2-19 950 619 36 35 
cell-0-3-0 209 668 36 35 
cell-0-3-1 248 668 36 35 
cell-0-3-2 287 668 36 35 
cell-0-3-3 326 668 36 35 
cell-0-3-4 365 668 36 35 
cell-0-3-5 404 668 36 35 
cell-0-3-6 443 668 36 35 
cell-0-3-7 482 668 36 35 
cell-0-3-8 521 668 36 35 
cell-0-3-9 560 668 36 35 
cell-0-3-10 599 668 36 35 
cell-0-3-11 638 668 36 35 
cell-0-3-12 677 668 36 35 
cell-0-3-13 716 668 36 35 
cell-0-3-14 755 668 36 35 
cell-0-3-15 794 668 36 35 
cell-0-3-16 833 668 36 35 
cell-0-3-17 872 668 36 35 
cell-0-3-18 911 668 36 35 
cell-0-3-19 950 668 36 35 
cell-0-4-0 209 717 36 35 
cell-0-4-1 248 717 36 35 
cell-0-4-2 287 717 36 35 
cell-0-4-3 326 717 36 35 
cell-0-4-4 365 717 36 35 
cell-0-4-5 404 717 36 35 
cell-0-4-6 443 717 36 35 
cell-0-4-7 482 717 36 35 
cell-0-4-8 521 717 36 35 
cell-0-4-9 560 717 36 35 
cell-0-4-10 599 717 36 35 
cell-0-4-11 638 717 36 35 
cell-0-4-12 677 717 36 35 
cell-0-4-13 716 717 36 35 
cell-0-4-14 755 717 36 35 
cell-0-4-15 794 717 36 35 
cell-0-4-16 833 717 36 35 
cell-0-4-17 872 717 36 35 
cell-0-4-18 911 717 36 35 
cell-0-4-19 950 717 36 35 
cell-0-5-0 209 766 36 35 
cell-0-5-1 248 766 36 35 
cell-0-5-2 287 766 36 35 
cell-0-5-3 326 766 36 35 
cell-0-5-4 365 766 36 35 
cell-0-5-5 404 766 36 35 
cell-0-5-6 443 766 36 35 
cell-0-5-7 482 766 36 35 
cell-0-5-8 521 766 36 35 
cell-0-5-9 560 766 36 35 
cell-0-5-10 599 766 36 35 
cell-0-5-11 638 766 36 35 
cell-0-5-12 677 766 36 35 
cell-0-5-13 716 766 36 35 
cell-0-5-14 755 766 36 35 
cell-0-5-15 794 766 36 35 
cell-0-5-16 833 766 36 35 
cell-0-5-17 872 766 36 35 
cell-0-5-18 911 766 36 35 
cell-0-5-19 950 766 36 35 
cell-0-6-0 209 815 36 35 
cell-0-6-1 248 815 36 35 
cell-0-6-2 287 815 36 35 
cell-0-6-3 326 815 36 35 
cell-0-6-4 365 815 36 35 
cell-0-6-5 404 815 36 35 
cell-0-6-6 443 815 36 35 
cell-0-6-7 482 815 36 35 
cell-0-6-8 521 815 36 35 
cell-0-6-9 560 815 36 35 
cell-0-6-10 599 815 36 35 
cell-0-6-11 638 815 36 35 
cell-0-6-12 677 815 36 35 
cell-0-6-13 716 815 36 35 
cell-0-6-14 755 815 36 35 
cell-0-6-15 794 815 36 35 
cell-0-6-16 833 815 36 35 
cell-0-6-17 872 815 36 35 
cell-0-6-18 911 815 36 35 
cell-0-6-19 950 815 36 35 
cell-0-7-0 209 864 36 35 
cell-0-7-1 248 864 36 35 
cell-0-7-2 287 864 36 35 
cell-0-7-3 326 864 36 35 
cell-0-7-4 365 864 36 35 
cell-0-7-5 404 864 36 35 
cell-0-7-6 443 864 36 35 
cell-0-7-7 482 864 36 35 
cell-0-7-8 521 864 36 35 
cell-0-7-9 560 864 36 35 
cell-0-7-10 599 864 36 35 
cell-0-7-11 638 864 36 35 
cell-0-7-12 677 864 36 35 
cell-0-7-13 716 864 36 35 
cell-0-7-14 755 864 36 35 
cell-0-7-15 794 864 36 35 
cell-0-7-16 833 864 36 35 
cell-0-7-17 872 864 36 35 
cell-0-7-18 911 864 36 35 
cell-0-7-19 950 864 36 35 
cell-0-8-0 209 913 36 35 
cell-0-8-1 248 913 36 35 
cell-0-8-2 287 913 36 35 
cell-0-8-3 326 913 36 35 
cell-0-8-4 365 913 36 35 
cell-0-8-5 404 913 36 35 
cell-0-8-6 443 913 36 35 
cell-0-8-7 482 913 36 35 
cell-0-8-8 521 913 36 35 
cell-0-8-9 560 913 36 35 
cell-0-8-10 599 913 36 35 
cell-0-8-11 638 913 36 35 
cell-0-8-12 677 913 36 35 
cell-0-8-13 716 913 36 35 
cell-0-8-14 755 913 36 35 
cell-0-8-15 794 913 36 35 
cell-0-8-16 833 913 36 35 
cell-0-8-17 872 913 36 35 
cell-0-8-18 911 913 36 35 
cell-0-8-19 950 913 36 35 
cell-0-9-0 209 962 36 35 
cell-0-9-1 248 962 36 35 
cell-0-9-2 287 962 36 35 
cell-0-9-3 326 962 36 35 
cell-0-9-4 365 962 36 35 
cell-0-9-5 404 962 36 35 
cell-0-9-6 443 962 36 35 
cell-0-9-7 482 962 36 35 
cell-0-9-8 521 962 36 35 
cell-0-9-9 560 962 36 35 
cell-0-9-10 599 962 36 35 
cell-0-9-11 638 962 36 35 
cell-0-9-12 677 962 36 35 
cell-0-9-13 716 962 36 35 
cell-0-9-14 755 962 36 35 
cell-0-9-15 794 962 36 35 
cell-0-9-16 833 962 36 35 
cell-0-9-17 872 962 36 35 
cell-0-9-18 911 962 36 35 
cell-0-9-19 950 962 36 35 
