table-0 140 243 594 844 
cell-0-0-0 140 243 45 43 
cell-0-0-1 185 243 45 43 
cell-0-0-2 230 243 45 43 
cell-0-0-3 275 243 45 43 
cell-0-0-4 320 243 412 43 
cell-0-1-0 140 300 45 43 
cell-0-1-1 185 300 45 43 
cell-0-1-2 230 300 45 43 
cell-0-1-3 275 300 45 43 
cell-0-1-4 320 300 412 43 
cell-0-2-0 140 357 45 43 
cell-0-2-1 185 357 45 43 
cell-0-2-2 230 357 45 43 
cell-0-2-3 275 357 45 43 
cell-0-2-4 320 357 412 43 
cell-0-3-0 140 414 45 43 
cell-0-3-1 185 414 45 43 
cell-0-3-2 230 414 45 43 
cell-0-3-3 275 414 45 43 
cell-0-3-4 320 414 412 43 
cell-0-4-0 140 471 45 43 
cell-0-4-1 185 471 45 43 
cell-0-4-2 230 471 45 43 
cell-0-4-3 275 471 45 43 
cell-0-4-4 320 471 412 43 
cell-0-5-0 140 528 45 43 
cell-0-5-1 185 528 45 43 
cell-0-5-2 230 528 45 43 
cell-0-5-3 275 528 45 43 
cell-0-5-4 320 528 412 43 
cell-0-6-0 140 585 45 43 
cell-0-6-1 185 585 45 43 
cell-0-6-2 230 585 45 43 
cell-0-6-3 275 585 45 43 
cell-0-6-4 320 585 412 43 
cell-0-7-0 140 642 45 43 
cell-0-7-1 185 642 45 43 
cell-0-7-2 230 642 45 43 
cell-0-7-3 275 642 45 43 
cell-0-7-4 320 642 412 43 
cell-0-8-0 140 699 45 43 
cell-0-8-1 185 699 45 43 
cell-0-8-2 230 699 45 43 
cell-0-8-3 275 699 45 43 
cell-0-8-4 320 699 412 43 
cell-0-9-0 140 756 45 43 
cell-0-9-1 185 756 45 43 
cell-0-9-2 230 756 45 43 
cell-0-9-3 275 756 45 43 
cell-0-9-4 320 756 412 43 
cell-0-10-0 140 813 45 43 
cell-0-10-1 185 813 45 43 
cell-0-10-2 230 813 45 43 
cell-0-10-3 275 813 45 43 
cell-0-10-4 320 813 412 43 
cell-0-11-0 140 870 45 43 
cell-0-11-1 185 870 45 43 
cell-0-11-2 230 870 45 43 
cell-0-11-3 275 870 45 43 
cell-0-11-4 320 870 412 43 
cell-0-12-0 140 927 45 43 
cell-0-12-1 185 927 45 43 
cell-0-12-2 230 927 45 43 
cell-0-12-3 275 927 45 43 
cell-0-12-4 320 927 412 43 
cell-0-13-0 140 984 45 43 
cell-0-13-1 185 984 45 43 
cell-0-13-2 230 984 45 43 
cell-0-13-3 275 984 45 43 
cell-0-13-4 320 984 412 43 
cell-0-14-0 140 1041 45 43 
cell-0-14-1 185 1041 45 43 
cell-0-14-2 230 1041 45 43 
cell-0-14-3 275 1041 45 43 
cell-0-14-4 320 1041 412 43 
