table-0 438 337 546 313 
cell-0-1-0 438 337 34 35 
cell-0-1-1 472 337 34 35 
cell-0-1-2 506 337 34 35 
cell-0-1-3 540 337 34 35 
cell-0-1-4 574 337 34 35 
cell-0-1-5 608 337 34 35 
cell-0-1-6 642 337 34 35 
cell-0-1-7 676 337 34 35 
cell-0-1-8 710 337 34 35 
cell-0-1-9 744 337 34 35 
cell-0-1-10 778 337 34 35 
cell-0-1-11 812 337 34 35 
cell-0-1-12 846 337 34 35 
cell-0-1-13 880 337 34 35 
cell-0-1-14 914 337 34 35 
cell-0-1-15 948 337 34 35 
cell-0-2-0 438 383 34 35 
cell-0-2-1 472 383 34 35 
cell-0-2-2 506 383 34 35 
cell-0-2-3 540 383 34 35 
cell-0-2-4 574 383 34 35 
cell-0-2-5 608 383 34 35 
cell-0-2-6 642 383 34 35 
cell-0-2-7 676 383 34 35 
cell-0-2-8 710 383 34 35 
cell-0-2-9 744 383 34 35 
cell-0-2-10 778 383 34 35 
cell-0-2-11 812 383 34 35 
cell-0-2-12 846 383 34 35 
cell-0-2-13 880 383 34 35 
cell-0-2-14 914 383 34 35 
cell-0-2-15 948 383 34 35 
cell-0-3-0 438 429 34 35 
cell-0-3-1 472 429 34 35 
cell-0-3-2 506 429 34 35 
cell-0-3-3 540 429 34 35 
cell-0-3-4 574 429 34 35 
cell-0-3-5 608 429 34 35 
cell-0-3-6 642 429 34 35 
cell-0-3-7 676 429 34 35 
cell-0-3-8 710 429 34 35 
cell-0-3-9 744 429 34 35 
cell-0-3-10 778 429 34 35 
cell-0-3-11 812 429 34 35 
cell-0-3-12 846 429 34 35 
cell-0-3-13 880 429 34 35 
cell-0-3-14 914 429 34 35 
cell-0-3-15 948 429 34 35 
cell-0-4-0 438 475 34 35 
cell-0-4-1 472 475 34 35 
cell-0-4-2 506 475 34 35 
cell-0-4-3 540 475 34 35 
cell-0-4-4 574 475 34 35 
cell-0-4-5 608 475 34 35 
cell-0-4-6 642 475 34 35 
cell-0-4-7 676 475 34 35 
cell-0-4-8 710 475 34 35 
cell-0-4-9 744 475 34 35 
cell-0-4-10 778 475 34 35 
cell-0-4-11 812 475 34 35 
cell-0-4-12 846 475 34 35 
cell-0-4-13 880 475 34 35 
cell-0-4-14 914 475 34 35 
cell-0-4-15 948 475 34 35 
cell-0-5-0 438 521 34 35 
cell-0-5-1 472 521 34 35 
cell-0-5-2 506 521 34 35 
cell-0-5-3 540 521 34 35 
cell-0-5-4 574 521 34 35 
cell-0-5-5 608 521 34 35 
cell-0-5-6 642 521 34 35 
cell-0-5-7 676 521 34 35 
cell-0-5-8 710 521 34 35 
cell-0-5-9 744 521 34 35 
cell-0-5-10 778 521 34 35 
cell-0-5-11 812 521 34 35 
cell-0-5-12 846 521 34 35 
cell-0-5-13 880 521 34 35 
cell-0-5-14 914 521 34 35 
cell-0-5-15 948 521 34 35 
cell-0-6-0 438 567 34 35 
cell-0-6-1 472 567 34 35 
cell-0-6-2 506 567 34 35 
cell-0-6-3 540 567 34 35 
cell-0-6-4 574 567 34 35 
cell-0-6-5 608 567 34 35 
cell-0-6-6 642 567 34 35 
cell-0-6-7 676 567 34 35 
cell-0-6-8 710 567 34 35 
cell-0-6-9 744 567 34 35 
cell-0-6-10 778 567 34 35 
cell-0-6-11 812 567 34 35 
cell-0-6-12 846 567 34 35 
cell-0-6-13 880 567 34 35 
cell-0-6-14 914 567 34 35 
cell-0-6-15 948 567 34 35 
cell-0-7-0 438 613 34 35 
cell-0-7-1 472 613 34 35 
cell-0-7-2 506 613 34 35 
cell-0-7-3 540 613 34 35 
cell-0-7-4 574 613 34 35 
cell-0-7-5 608 613 34 35 
cell-0-7-6 642 613 34 35 
cell-0-7-7 676 613 34 35 
cell-0-7-8 710 613 34 35 
cell-0-7-9 744 613 34 35 
cell-0-7-10 778 613 34 35 
cell-0-7-11 812 613 34 35 
cell-0-7-12 846 613 34 35 
cell-0-7-13 880 613 34 35 
cell-0-7-14 914 613 34 35 
cell-0-7-15 948 613 34 35 
header-1 112 1161 812 193 
row-1-1 112 1161 383 40 
row-1-2 515 1161 350 40 
row-2-1 112 1211 317 40 
row-2-2 449 1211 470 40 
row-3-1 112 1261 812 40 
row-4-1 112 1311 548 40 
