table-0 174 87 500 183 
cell-0-0-0 174 87 71 30 
cell-0-0-1 245 87 71 30 
cell-0-0-2 316 87 71 30 
cell-0-0-3 387 87 71 30 
cell-0-0-4 458 87 71 30 
cell-0-0-5 529 87 71 30 
cell-0-0-6 600 87 71 30 
cell-0-1-0 174 125 71 30 
cell-0-1-1 245 125 71 30 
cell-0-1-2 316 125 71 30 
cell-0-1-3 387 125 71 30 
cell-0-1-4 458 125 71 30 
cell-0-1-5 529 125 71 30 
cell-0-1-6 600 125 71 30 
cell-0-2-0 174 163 71 30 
cell-0-2-1 245 163 71 30 
cell-0-2-2 316 163 71 30 
cell-0-2-3 387 163 71 30 
cell-0-2-4 458 163 71 30 
cell-0-2-5 529 163 71 30 
cell-0-2-6 600 163 71 30 
cell-0-3-0 174 201 71 30 
cell-0-3-1 245 201 71 30 
cell-0-3-2 316 201 71 30 
cell-0-3-3 387 201 71 30 
cell-0-3-4 458 201 71 30 
cell-0-3-5 529 201 71 30 
cell-0-3-6 600 201 71 30 
cell-0-4-0 174 239 71 30 
cell-0-4-1 245 239 71 30 
cell-0-4-2 316 239 71 30 
cell-0-4-3 387 239 71 30 
cell-0-4-4 458 239 71 30 
cell-0-4-5 529 239 71 30 
cell-0-4-6 600 239 71 30 
header-1 67 510 812 193 
row-1-1 67 510 330 40 
row-1-2 417 510 396 40 
row-2-1 67 560 330 40 
row-2-2 417 560 454 40 
row-3-1 67 610 792 40 
row-4-1 67 660 561 40 
