table-0 131 280 900 269 
cell-0-0-0 131 280 180 34 
cell-0-0-1 311 280 180 34 
cell-0-0-2 491 280 180 34 
cell-0-0-3 671 280 180 34 
cell-0-0-4 851 280 180 34 
cell-0-1-0 131 319 180 34 
cell-0-1-1 311 319 180 34 
cell-0-1-2 491 319 180 34 
cell-0-1-3 671 319 180 34 
cell-0-1-4 851 319 180 34 
cell-0-2-0 131 358 180 34 
cell-0-2-1 311 358 180 34 
cell-0-2-2 491 358 180 34 
cell-0-2-3 671 358 180 34 
cell-0-2-4 851 358 180 34 
cell-0-3-0 131 397 180 34 
cell-0-3-1 311 397 180 34 
cell-0-3-2 491 397 180 34 
cell-0-3-3 671 397 180 34 
cell-0-3-4 851 397 180 34 
cell-0-4-0 131 436 180 34 
cell-0-4-1 311 436 180 34 
cell-0-4-2 491 436 180 34 
cell-0-4-3 671 436 180 34 
cell-0-4-4 851 436 180 34 
cell-0-5-0 131 475 180 34 
cell-0-5-1 311 475 180 34 
cell-0-5-2 491 475 180 34 
cell-0-5-3 671 475 180 34 
cell-0-5-4 851 475 180 34 
cell-0-6-0 131 514 180 34 
cell-0-6-1 311 514 180 34 
cell-0-6-2 491 514 180 34 
cell-0-6-3 671 514 180 34 
cell-0-6-4 851 514 180 34 
table-1 264 755 732 562 
cell-1-0-0 264 755 43 41 
cell-1-0-1 307 755 43 41 
cell-1-0-2 350 755 43 41 
cell-1-0-3 393 755 43 41 
cell-1-0-4 436 755 43 41 
cell-1-0-5 479 755 43 41 
cell-1-0-6 522 755 474 41 
cell-1-1-0 264 807 43 41 
cell-1-1-1 307 807 43 41 
cell-1-1-2 350 807 43 41 
cell-1-1-3 393 807 43 41 
cell-1-1-4 436 807 43 41 
cell-1-1-5 479 807 43 41 
cell-1-1-6 522 807 474 41 
cell-1-2-0 264 859 43 41 
cell-1-2-1 307 859 43 41 
cell-1-2-2 350 859 43 41 
cell-1-2-3 393 859 43 41 
cell-1-2-4 436 859 43 41 
cell-1-2-5 479 859 43 41 
cell-1-2-6 522 859 474 41 
cell-1-3-0 264 911 43 41 
cell-1-3-1 307 911 43 41 
cell-1-3-2 350 911 43 41 
cell-1-3-3 393 911 43 41 
cell-1-3-4 436 911 43 41 
cell-1-3-5 479 911 43 41 
cell-1-3-6 522 911 474 41 
cell-1-4-0 264 963 43 41 
cell-1-4-1 307 963 43 41 
cell-1-4-2 350 963 43 41 
cell-1-4-3 393 963 43 41 
cell-1-4-4 436 963 43 41 
cell-1-4-5 479 963 43 41 
cell-1-4-6 522 963 474 41 
cell-1-5-0 264 1015 43 41 
cell-1-5-1 307 1015 43 41 
cell-1-5-2 350 1015 43 41 
cell-1-5-3 393 1015 43 41 
cell-1-5-4 436 1015 43 41 
cell-1-5-5 479 1015 43 41 
cell-1-5-6 522 1015 474 41 
cell-1-6-0 264 1067 43 41 
cell-1-6-1 307 1067 43 41 
cell-1-6-2 350 1067 43 41 
cell-1-6-3 393 1067 43 41 
cell-1-6-4 436 1067 43 41 
cell-1-6-5 479 1067 43 41 
cell-1-6-6 522 1067 474 41 
cell-1-7-0 264 1119 43 41 
cell-1-7-1 307 1119 43 41 
cell-1-7-2 350 1119 43 41 
cell-1-7-3 393 1119 43 41 
cell-1-7-4 436 1119 43 41 
cell-1-7-5 479 1119 43 41 
cell-1-7-6 522 1119 474 41 
cell-1-8-0 264 1171 43 41 
cell-1-8-1 307 1171 43 41 
cell-1-8-2 350 1171 43 41 
cell-1-8-3 393 1171 43 41 
cell-1-8-4 436 1171 43 41 
cell-1-8-5 479 1171 43 41 
cell-1-8-6 522 1171 474 41 
cell-1-9-0 264 1223 43 41 
cell-1-9-1 307 1223 43 41 
cell-1-9-2 350 1223 43 41 
cell-1-9-3 393 1223 43 41 
cell-1-9-4 436 1223 43 41 
cell-1-9-5 479 1223 43 41 
cell-1-9-6 522 1223 474 41 
cell-1-10-0 264 1275 43 41 
cell-1-10-1 307 1275 43 41 
cell-1-10-2 350 1275 43 41 
cell-1-10-3 393 1275 43 41 
cell-1-10-4 436 1275 43 41 
cell-1-10-5 479 1275 43 41 
cell-1-10-6 522 1275 474 41 
