table-0 108 348 633 572 
cell-0-0-0 108 348 44 42 
cell-0-0-1 152 348 44 42 
cell-0-0-2 196 348 44 42 
cell-0-0-3 240 348 44 42 
cell-0-0-4 284 348 455 42 
cell-0-1-0 108 392 44 42 
cell-0-1-1 152 392 44 42 
cell-0-1-2 196 392 44 42 
cell-0-1-3 240 392 44 42 
cell-0-1-4 284 392 455 42 
cell-0-2-0 108 436 44 42 
cell-0-2-1 152 436 44 42 
cell-0-2-2 196 436 44 42 
cell-0-2-3 240 436 44 42 
cell-0-2-4 284 436 455 42 
cell-0-3-0 108 480 44 42 
cell-0-3-1 152 480 44 42 
cell-0-3-2 196 480 44 42 
cell-0-3-3 240 480 44 42 
cell-0-3-4 284 480 455 42 
cell-0-4-0 108 524 44 42 
cell-0-4-1 152 524 44 42 
cell-0-4-2 196 524 44 42 
cell-0-4-3 240 524 44 42 
cell-0-4-4 284 524 455 42 
cell-0-5-0 108 568 44 42 
cell-0-5-1 152 568 44 42 
cell-0-5-2 196 568 44 42 
cell-0-5-3 240 568 44 42 
cell-0-5-4 284 568 455 42 
cell-0-6-0 108 612 44 42 
cell-0-6-1 152 612 44 42 
cell-0-6-2 196 612 44 42 
cell-0-6-3 240 612 44 42 
cell-0-6-4 284 612 455 42 
cell-0-7-0 108 656 44 42 
cell-0-7-1 152 656 44 42 
cell-0-7-2 196 656 44 42 
cell-0-7-3 240 656 44 42 
cell-0-7-4 284 656 455 42 
cell-0-8-0 108 700 44 42 
cell-0-8-1 152 700 44 42 
cell-0-8-2 196 700 44 42 
cell-0-8-3 240 700 44 42 
cell-0-8-4 284 700 455 42 
cell-0-9-0 108 744 44 42 
cell-0-9-1 152 744 44 42 
cell-0-9-2 196 744 44 42 
cell-0-9-3 240 744 44 42 
cell-0-9-4 284 744 455 42 
cell-0-10-0 108 788 44 42 
cell-0-10-1 152 788 44 42 
cell-0-10-2 196 788 44 42 
cell-0-10-3 240 788 44 42 
cell-0-10-4 284 788 455 42 
cell-0-11-0 108 832 44 42 
cell-0-11-1 152 832 44 42 
cell-0-11-2 196 832 44 42 
cell-0-11-3 240 832 44 42 
cell-0-11-4 284 832 455 42 
cell-0-12-0 108 876 44 42 
cell-0-12-1 152 876 44 42 
cell-0-12-2 196 876 44 42 
cell-0-12-3 240 876 44 42 
cell-0-12-4 284 876 455 42 
