table-0 60 403 1000 486 
cell-0-0-0 60 403 166 35 
cell-0-0-1 226 403 166 35 
cell-0-0-2 392 403 166 35 
cell-0-0-3 558 403 166 35 
cell-0-0-4 724 403 166 35 
cell-0-0-5 890 403 166 35 
cell-0-1-0 60 453 166 35 
cell-0-1-1 226 453 166 35 
cell-0-1-2 392 453 166 35 
cell-0-1-3 558 453 166 35 
cell-0-1-4 724 453 166 35 
cell-0-1-5 890 453 166 35 
cell-0-2-0 60 503 166 35 
cell-0-2-1 226 503 166 35 
cell-0-2-2 392 503 166 35 
cell-0-2-3 558 503 166 35 
cell-0-2-4 724 503 166 35 
cell-0-2-5 890 503 166 35 
cell-0-3-0 60 553 166 35 
cell-0-3-1 226 553 166 35 
cell-0-3-2 392 553 166 35 
cell-0-3-3 558 553 166 35 
cell-0-3-4 724 553 166 35 
cell-0-3-5 890 553 166 35 
cell-0-4-0 60 603 166 35 
cell-0-4-1 226 603 166 35 
cell-0-4-2 392 603 166 35 
cell-0-4-3 558 603 166 35 
cell-0-4-4 724 603 166 35 
cell-0-4-5 890 603 166 35 
cell-0-5-0 60 653 166 35 
cell-0-5-1 226 653 166 35 
cell-0-5-2 392 653 166 35 
cell-0-5-3 558 653 166 35 
cell-0-5-4 724 653 166 35 
cell-0-5-5 890 653 166 35 
cell-0-6-0 60 703 166 35 
cell-0-6-1 226 703 166 35 
cell-0-6-2 392 703 166 35 
cell-0-6-3 558 703 166 35 
cell-0-6-4 724 703 166 35 
cell-0-6-5 890 703 166 35 
cell-0-7-0 60 753 166 35 
cell-0-7-1 226 753 166 35 
cell-0-7-2 392 753 166 35 
cell-0-7-3 558 753 166 35 
cell-0-7-4 724 753 166 35 
cell-0-7-5 890 753 166 35 
cell-0-8-0 60 803 166 35 
cell-0-8-1 226 803 166 35 
cell-0-8-2 392 803 166 35 
cell-0-8-3 558 803 166 35 
cell-0-8-4 724 803 166 35 
cell-0-8-5 890 803 166 35 
cell-0-9-0 60 853 166 35 
cell-0-9-1 226 853 166 35 
cell-0-9-2 392 853 166 35 
cell-0-9-3 558 853 166 35 
cell-0-9-4 724 853 166 35 
cell-0-9-5 890 853 166 35 
