table-0 360 906 689 539 
cell-0-0-0 360 906 43 42 
cell-0-0-1 403 906 43 42 
cell-0-0-2 446 906 43 42 
cell-0-0-3 489 906 43 42 
cell-0-0-4 532 906 43 42 
cell-0-0-5 575 906 43 42 
cell-0-0-6 618 906 427 42 
cell-0-1-0 360 961 43 42 
cell-0-1-1 403 961 43 42 
cell-0-1-2 446 961 43 42 
cell-0-1-3 489 961 43 42 
cell-0-1-4 532 961 43 42 
cell-0-1-5 575 961 43 42 
cell-0-1-6 618 961 427 42 
cell-0-2-0 360 1016 43 42 
cell-0-2-1 403 1016 43 42 
cell-0-2-2 446 1016 43 42 
cell-0-2-3 489 1016 43 42 
cell-0-2-4 532 1016 43 42 
cell-0-2-5 575 1016 43 42 
cell-0-2-6 618 1016 427 42 
cell-0-3-0 360 1071 43 42 
cell-0-3-1 403 1071 43 42 
cell-0-3-2 446 1071 43 42 
cell-0-3-3 489 1071 43 42 
cell-0-3-4 532 1071 43 42 
cell-0-3-5 575 1071 43 42 
cell-0-3-6 618 1071 427 42 
cell-0-4-0 360 1126 43 42 
cell-0-4-1 403 1126 43 42 
cell-0-4-2 446 1126 43 42 
cell-0-4-3 489 1126 43 42 
cell-0-4-4 532 1126 43 42 
cell-0-4-5 575 1126 43 42 
cell-0-4-6 618 1126 427 42 
cell-0-5-0 360 1181 43 42 
cell-0-5-1 403 1181 43 42 
cell-0-5-2 446 1181 43 42 
cell-0-5-3 489 1181 43 42 
cell-0-5-4 532 1181 43 42 
cell-0-5-5 575 1181 43 42 
cell-0-5-6 618 1181 427 42 
cell-0-6-0 360 1236 43 42 
cell-0-6-1 403 1236 43 42 
cell-0-6-2 446 1236 43 42 
cell-0-6-3 489 1236 43 42 
cell-0-6-4 532 1236 43 42 
cell-0-6-5 575 1236 43 42 
cell-0-6-6 618 1236 427 42 
cell-0-7-0 360 1291 43 42 
cell-0-7-1 403 1291 43 42 
cell-0-7-2 446 1291 43 42 
cell-0-7-3 489 1291 43 42 
cell-0-7-4 532 1291 43 42 
cell-0-7-5 575 1291 43 42 
cell-0-7-6 618 1291 427 42 
cell-0-8-0 360 1346 43 42 
cell-0-8-1 403 1346 43 42 
cell-0-8-2 446 1346 43 42 
cell-0-8-3 489 1346 43 42 
cell-0-8-4 532 1346 43 42 
cell-0-8-5 575 1346 43 42 
cell-0-8-6 618 1346 427 42 
cell-0-9-0 360 1401 43 42 
cell-0-9-1 403 1401 43 42 
cell-0-9-2 446 1401 43 42 
cell-0-9-3 489 1401 43 42 
cell-0-9-4 532 1401 43 42 
cell-0-9-5 575 1401 43 42 
cell-0-9-6 618 1401 427 42 
