table-0 594 636 266 444 
cell-0-0-0 594 636 44 35 
cell-0-0-1 638 636 44 35 
cell-0-0-2 682 636 44 35 
cell-0-0-3 726 636 44 35 
cell-0-0-4 770 636 44 35 
cell-0-0-5 814 636 44 35 
cell-0-1-0 594 673 44 35 
cell-0-1-1 638 673 44 35 
cell-0-1-2 682 673 44 35 
cell-0-1-3 726 673 44 35 
cell-0-1-4 770 673 44 35 
cell-0-1-5 814 673 44 35 
cell-0-2-0 594 710 44 35 
cell-0-2-1 638 710 44 35 
cell-0-2-2 682 710 44 35 
cell-0-2-3 726 710 44 35 
cell-0-2-4 770 710 44 35 
cell-0-2-5 814 710 44 35 
cell-0-3-0 594 747 44 35 
cell-0-3-1 638 747 44 35 
cell-0-3-2 682 747 44 35 
cell-0-3-3 726 747 44 35 
cell-0-3-4 770 747 44 35 
cell-0-3-5 814 747 44 35 
cell-0-4-0 594 784 44 35 
cell-0-4-1 638 784 44 35 
cell-0-4-2 682 784 44 35 
cell-0-4-3 726 784 44 35 
cell-0-4-4 770 784 44 35 
cell-0-4-5 814 784 44 35 
cell-0-5-0 594 821 44 35 
cell-0-5-1 638 821 44 35 
cell-0-5-2 682 821 44 35 
cell-0-5-3 726 821 44 35 
cell-0-5-4 770 821 44 35 
cell-0-5-5 814 821 44 35 
cell-0-6-0 594 858 44 35 
cell-0-6-1 638 858 44 35 
cell-0-6-2 682 858 44 35 
cell-0-6-3 726 858 44 35 
cell-0-6-4 770 858 44 35 
cell-0-6-5 814 858 44 35 
cell-0-7-0 594 895 44 35 
cell-0-7-1 638 895 44 35 
cell-0-7-2 682 895 44 35 
cell-0-7-3 726 895 44 35 
cell-0-7-4 770 895 44 35 
cell-0-7-5 814 895 44 35 
cell-0-8-0 594 932 44 35 
cell-0-8-1 638 932 44 35 
cell-0-8-2 682 932 44 35 
cell-0-8-3 726 932 44 35 
cell-0-8-4 770 932 44 35 
cell-0-8-5 814 932 44 35 
cell-0-9-0 594 969 44 35 
cell-0-9-1 638 969 44 35 
cell-0-9-2 682 969 44 35 
cell-0-9-3 726 969 44 35 
cell-0-9-4 770 969 44 35 
cell-0-9-5 814 969 44 35 
cell-0-10-0 594 1006 44 35 
cell-0-10-1 638 1006 44 35 
cell-0-10-2 682 1006 44 35 
cell-0-10-3 726 1006 44 35 
cell-0-10-4 770 1006 44 35 
cell-0-10-5 814 1006 44 35 
cell-0-11-0 594 1043 44 35 
cell-0-11-1 638 1043 44 35 
cell-0-11-2 682 1043 44 35 
cell-0-11-3 726 1043 44 35 
cell-0-11-4 770 1043 44 35 
cell-0-11-5 814 1043 44 35 
