table-0 550 490 364 244 
cell-0-1-0 550 490 33 35 
cell-0-1-1 583 490 33 35 
cell-0-1-2 616 490 33 35 
cell-0-1-3 649 490 33 35 
cell-0-1-4 682 490 33 35 
cell-0-1-5 715 490 33 35 
cell-0-1-6 748 490 33 35 
cell-0-1-7 781 490 33 35 
cell-0-1-8 814 490 33 35 
cell-0-1-9 847 490 33 35 
cell-0-1-10 880 490 33 35 
cell-0-2-0 550 542 33 35 
cell-0-2-1 583 542 33 35 
cell-0-2-2 616 542 33 35 
cell-0-2-3 649 542 33 35 
cell-0-2-4 682 542 33 35 
cell-0-2-5 715 542 33 35 
cell-0-2-6 748 542 33 35 
cell-0-2-7 781 542 33 35 
cell-0-2-8 814 542 33 35 
cell-0-2-9 847 542 33 35 
cell-0-2-10 880 542 33 35 
cell-0-3-0 550 594 33 35 
cell-0-3-1 583 594 33 35 
cell-0-3-2 616 594 33 35 
cell-0-3-3 649 594 33 35 
cell-0-3-4 682 594 33 35 
cell-0-3-5 715 594 33 35 
cell-0-3-6 748 594 33 35 
cell-0-3-7 781 594 33 35 
cell-0-3-8 814 594 33 35 
cell-0-3-9 847 594 33 35 
cell-0-3-10 880 594 33 35 
cell-0-4-0 550 646 33 35 
cell-0-4-1 583 646 33 35 
cell-0-4-2 616 646 33 35 
cell-0-4-3 649 646 33 35 
cell-0-4-4 682 646 33 35 
cell-0-4-5 715 646 33 35 
cell-0-4-6 748 646 33 35 
cell-0-4-7 781 646 33 35 
cell-0-4-8 814 646 33 35 
cell-0-4-9 847 646 33 35 
cell-0-4-10 880 646 33 35 
cell-0-5-0 550 698 33 35 
cell-0-5-1 583 698 33 35 
cell-0-5-2 616 698 33 35 
cell-0-5-3 649 698 33 35 
cell-0-5-4 682 698 33 35 
cell-0-5-5 715 698 33 35 
cell-0-5-6 748 698 33 35 
cell-0-5-7 781 698 33 35 
cell-0-5-8 814 698 33 35 
cell-0-5-9 847 698 33 35 
cell-0-5-10 880 698 33 35 
