table-0 549 230 216 708 
cell-0-0-0 549 230 43 35 
cell-0-0-1 592 230 43 35 
cell-0-0-2 635 230 43 35 
cell-0-0-3 678 230 43 35 
cell-0-0-4 721 230 43 35 
cell-0-1-0 549 278 43 35 
cell-0-1-1 592 278 43 35 
cell-0-1-2 635 278 43 35 
cell-0-1-3 678 278 43 35 
cell-0-1-4 721 278 43 35 
cell-0-2-0 549 326 43 35 
cell-0-2-1 592 326 43 35 
cell-0-2-2 635 326 43 35 
cell-0-2-3 678 326 43 35 
cell-0-2-4 721 326 43 35 
cell-0-3-0 549 374 43 35 
cell-0-3-1 592 374 43 35 
cell-0-3-2 635 374 43 35 
cell-0-3-3 678 374 43 35 
cell-0-3-4 721 374 43 35 
cell-0-4-0 549 422 43 35 
cell-0-4-1 592 422 43 35 
cell-0-4-2 635 422 43 35 
cell-0-4-3 678 422 43 35 
cell-0-4-4 721 422 43 35 
cell-0-5-0 549 470 43 35 
cell-0-5-1 592 470 43 35 
cell-0-5-2 635 470 43 35 
cell-0-5-3 678 470 43 35 
cell-0-5-4 721 470 43 35 
cell-0-6-0 549 518 43 35 
cell-0-6-1 592 518 43 35 
cell-0-6-2 635 518 43 35 
cell-0-6-3 678 518 43 35 
cell-0-6-4 721 518 43 35 
cell-0-7-0 549 566 43 35 
cell-0-7-1 592 566 43 35 
cell-0-7-2 635 566 43 35 
cell-0-7-3 678 566 43 35 
cell-0-7-4 721 566 43 35 
cell-0-8-0 549 614 43 35 
cell-0-8-1 592 614 43 35 
cell-0-8-2 635 614 43 35 
cell-0-8-3 678 614 43 35 
cell-0-8-4 721 614 43 35 
cell-0-9-0 549 662 43 35 
cell-0-9-1 592 662 43 35 
cell-0-9-2 635 662 43 35 
cell-0-9-3 678 662 43 35 
cell-0-9-4 721 662 43 35 
cell-0-10-0 549 710 43 35 
cell-0-10-1 592 710 43 35 
cell-0-10-2 635 710 43 35 
cell-0-10-3 678 710 43 35 
cell-0-10-4 721 710 43 35 
cell-0-11-0 549 758 43 35 
cell-0-11-1 592 758 43 35 
cell-0-11-2 635 758 43 35 
cell-0-11-3 678 758 43 35 
cell-0-11-4 721 758 43 35 
cell-0-12-0 549 806 43 35 
cell-0-12-1 592 806 43 35 
cell-0-12-2 635 806 43 35 
cell-0-12-3 678 806 43 35 
cell-0-12-4 721 806 43 35 
cell-0-13-0 549 854 43 35 
cell-0-13-1 592 854 43 35 
cell-0-13-2 635 854 43 35 
cell-0-13-3 678 854 43 35 
cell-0-13-4 721 854 43 35 
cell-0-14-0 549 902 43 35 
cell-0-14-1 592 902 43 35 
cell-0-14-2 635 902 43 35 
cell-0-14-3 678 902 43 35 
cell-0-14-4 721 902 43 35 
