table-0 212 388 222 352 
cell-0-0-0 212 388 44 35 
cell-0-0-1 256 388 44 35 
cell-0-0-2 300 388 44 35 
cell-0-0-3 344 388 44 35 
cell-0-0-4 388 388 44 35 
cell-0-1-0 212 423 44 35 
cell-0-1-1 256 423 44 35 
cell-0-1-2 300 423 44 35 
cell-0-1-3 344 423 44 35 
cell-0-1-4 388 423 44 35 
cell-0-2-0 212 458 44 35 
cell-0-2-1 256 458 44 35 
cell-0-2-2 300 458 44 35 
cell-0-2-3 344 458 44 35 
cell-0-2-4 388 458 44 35 
cell-0-3-0 212 493 44 35 
cell-0-3-1 256 493 44 35 
cell-0-3-2 300 493 44 35 
cell-0-3-3 344 493 44 35 
cell-0-3-4 388 493 44 35 
cell-0-4-0 212 528 44 35 
cell-0-4-1 256 528 44 35 
cell-0-4-2 300 528 44 35 
cell-0-4-3 344 528 44 35 
cell-0-4-4 388 528 44 35 
cell-0-5-0 212 563 44 35 
cell-0-5-1 256 563 44 35 
cell-0-5-2 300 563 44 35 
cell-0-5-3 344 563 44 35 
cell-0-5-4 388 563 44 35 
cell-0-6-0 212 598 44 35 
cell-0-6-1 256 598 44 35 
cell-0-6-2 300 598 44 35 
cell-0-6-3 344 598 44 35 
cell-0-6-4 388 598 44 35 
cell-0-7-0 212 633 44 35 
cell-0-7-1 256 633 44 35 
cell-0-7-2 300 633 44 35 
cell-0-7-3 344 633 44 35 
cell-0-7-4 388 633 44 35 
cell-0-8-0 212 668 44 35 
cell-0-8-1 256 668 44 35 
cell-0-8-2 300 668 44 35 
cell-0-8-3 344 668 44 35 
cell-0-8-4 388 668 44 35 
cell-0-9-0 212 703 44 35 
cell-0-9-1 256 703 44 35 
cell-0-9-2 300 703 44 35 
cell-0-9-3 344 703 44 35 
cell-0-9-4 388 703 44 35 
header-2 319 932 718 193 
row-1-1 319 932 367 40 
row-1-2 706 932 268 40 
row-2-1 319 982 268 40 
row-2-2 607 982 424 40 
row-3-1 319 1032 631 40 
row-4-1 319 1082 598 40 
