table-0 398 379 653 368 
cell-0-1-0 398 379 38 35 
cell-0-1-1 439 379 38 35 
cell-0-1-2 480 379 38 35 
cell-0-1-3 521 379 38 35 
cell-0-1-4 562 379 38 35 
cell-0-1-5 603 379 38 35 
cell-0-1-6 644 379 38 35 
cell-0-1-7 685 379 38 35 
cell-0-1-8 726 379 38 35 
cell-0-1-9 767 379 38 35 
cell-0-1-10 808 379 38 35 
cell-0-1-11 849 379 38 35 
cell-0-1-12 890 379 38 35 
cell-0-1-13 931 379 38 35 
cell-0-1-14 972 379 38 35 
cell-0-1-15 1013 379 38 35 
cell-0-2-0 398 434 38 35 
cell-0-2-1 439 434 38 35 
cell-0-2-2 480 434 38 35 
cell-0-2-3 521 434 38 35 
cell-0-2-4 562 434 38 35 
cell-0-2-5 603 434 38 35 
cell-0-2-6 644 434 38 35 
cell-0-2-7 685 434 38 35 
cell-0-2-8 726 434 38 35 
cell-0-2-9 767 434 38 35 
cell-0-2-10 808 434 38 35 
cell-0-2-11 849 434 38 35 
cell-0-2-12 890 434 38 35 
cell-0-2-13 931 434 38 35 
cell-0-2-14 972 434 38 35 
cell-0-2-15 1013 434 38 35 
cell-0-3-0 398 489 38 35 
cell-0-3-1 439 489 38 35 
cell-0-3-2 480 489 38 35 
cell-0-3-3 521 489 38 35 
cell-0-3-4 562 489 38 35 
cell-0-3-5 603 489 38 35 
cell-0-3-6 644 489 38 35 
cell-0-3-7 685 489 38 35 
cell-0-3-8 726 489 38 35 
cell-0-3-9 767 489 38 35 
cell-0-3-10 808 489 38 35 
cell-0-3-11 849 489 38 35 
cell-0-3-12 890 489 38 35 
cell-0-3-13 931 489 38 35 
cell-0-3-14 972 489 38 35 
cell-0-3-15 1013 489 38 35 
cell-0-4-0 398 544 38 35 
cell-0-4-1 439 544 38 35 
cell-0-4-2 480 544 38 35 
cell-0-4-3 521 544 38 35 
cell-0-4-4 562 544 38 35 
cell-0-4-5 603 544 38 35 
cell-0-4-6 644 544 38 35 
cell-0-4-7 685 544 38 35 
cell-0-4-8 726 544 38 35 
cell-0-4-9 767 544 38 35 
cell-0-4-10 808 544 38 35 
cell-0-4-11 849 544 38 35 
cell-0-4-12 890 544 38 35 
cell-0-4-13 931 544 38 35 
cell-0-4-14 972 544 38 35 
cell-0-4-15 1013 544 38 35 
cell-0-5-0 398 599 38 35 
cell-0-5-1 439 599 38 35 
cell-0-5-2 480 599 38 35 
cell-0-5-3 521 599 38 35 
cell-0-5-4 562 599 38 35 
cell-0-5-5 603 599 38 35 
cell-0-5-6 644 599 38 35 
cell-0-5-7 685 599 38 35 
cell-0-5-8 726 599 38 35 
cell-0-5-9 767 599 38 35 
cell-0-5-10 808 599 38 35 
cell-0-5-11 849 599 38 35 
cell-0-5-12 890 599 38 35 
cell-0-5-13 931 599 38 35 
cell-0-5-14 972 599 38 35 
cell-0-5-15 1013 599 38 35 
cell-0-6-0 398 654 38 35 
cell-0-6-1 439 654 38 35 
cell-0-6-2 480 654 38 35 
cell-0-6-3 521 654 38 35 
cell-0-6-4 562 654 38 35 
cell-0-6-5 603 654 38 35 
cell-0-6-6 644 654 38 35 
cell-0-6-7 685 654 38 35 
cell-0-6-8 726 654 38 35 
cell-0-6-9 767 654 38 35 
cell-0-6-10 808 654 38 35 
cell-0-6-11 849 654 38 35 
cell-0-6-12 890 654 38 35 
cell-0-6-13 931 654 38 35 
cell-0-6-14 972 654 38 35 
cell-0-6-15 1013 654 38 35 
cell-0-7-0 398 709 38 35 
cell-0-7-1 439 709 38 35 
cell-0-7-2 480 709 38 35 
cell-0-7-3 521 709 38 35 
cell-0-7-4 562 709 38 35 
cell-0-7-5 603 709 38 35 
cell-0-7-6 644 709 38 35 
cell-0-7-7 685 709 38 35 
cell-0-7-8 726 709 38 35 
cell-0-7-9 767 709 38 35 
cell-0-7-10 808 709 38 35 
cell-0-7-11 849 709 38 35 
cell-0-7-12 890 709 38 35 
cell-0-7-13 931 709 38 35 
cell-0-7-14 972 709 38 35 
cell-0-7-15 1013 709 38 35 
table-2 96 1013 900 376 
cell-2-0-0 96 1013 225 51 
cell-2-0-1 321 1013 225 51 
cell-2-0-2 546 1013 225 51 
cell-2-0-3 771 1013 225 51 
cell-2-1-0 96 1067 225 51 
cell-2-1-1 321 1067 225 51 
cell-2-1-2 546 1067 225 51 
cell-2-1-3 771 1067 225 51 
cell-2-2-0 96 1121 225 51 
cell-2-2-1 321 1121 225 51 
cell-2-2-2 546 1121 225 51 
cell-2-2-3 771 1121 225 51 
cell-2-3-0 96 1175 225 51 
cell-2-3-1 321 1175 225 51 
cell-2-3-2 546 1175 225 51 
cell-2-3-3 771 1175 225 51 
cell-2-4-0 96 1229 225 51 
cell-2-4-1 321 1229 225 51 
cell-2-4-2 546 1229 225 51 
cell-2-4-3 771 1229 225 51 
cell-2-5-0 96 1283 225 51 
cell-2-5-1 321 1283 225 51 
cell-2-5-2 546 1283 225 51 
cell-2-5-3 771 1283 225 51 
cell-2-6-0 96 1337 225 51 
cell-2-6-1 321 1337 225 51 
cell-2-6-2 546 1337 225 51 
cell-2-6-3 771 1337 225 51 
