table-0 101 391 178 555 
cell-0-0-0 101 391 44 35 
cell-0-0-1 145 391 44 35 
cell-0-0-2 189 391 44 35 
cell-0-0-3 233 391 44 35 
cell-0-1-0 101 428 44 35 
cell-0-1-1 145 428 44 35 
cell-0-1-2 189 428 44 35 
cell-0-1-3 233 428 44 35 
cell-0-2-0 101 465 44 35 
cell-0-2-1 145 465 44 35 
cell-0-2-2 189 465 44 35 
cell-0-2-3 233 465 44 35 
cell-0-3-0 101 502 44 35 
cell-0-3-1 145 502 44 35 
cell-0-3-2 189 502 44 35 
cell-0-3-3 233 502 44 35 
cell-0-4-0 101 539 44 35 
cell-0-4-1 145 539 44 35 
cell-0-4-2 189 539 44 35 
cell-0-4-3 233 539 44 35 
cell-0-5-0 101 576 44 35 
cell-0-5-1 145 576 44 35 
cell-0-5-2 189 576 44 35 
cell-0-5-3 233 576 44 35 
cell-0-6-0 101 613 44 35 
cell-0-6-1 145 613 44 35 
cell-0-6-2 189 613 44 35 
cell-0-6-3 233 613 44 35 
cell-0-7-0 101 650 44 35 
cell-0-7-1 145 650 44 35 
cell-0-7-2 189 650 44 35 
cell-0-7-3 233 650 44 35 
cell-0-8-0 101 687 44 35 
cell-0-8-1 145 687 44 35 
cell-0-8-2 189 687 44 35 
cell-0-8-3 233 687 44 35 
cell-0-9-0 101 724 44 35 
cell-0-9-1 145 724 44 35 
cell-0-9-2 189 724 44 35 
cell-0-9-3 233 724 44 35 
cell-0-10-0 101 761 44 35 
cell-0-10-1 145 761 44 35 
cell-0-10-2 189 761 44 35 
cell-0-10-3 233 761 44 35 
cell-0-11-0 101 798 44 35 
cell-0-11-1 145 798 44 35 
cell-0-11-2 189 798 44 35 
cell-0-11-3 233 798 44 35 
cell-0-12-0 101 835 44 35 
cell-0-12-1 145 835 44 35 
cell-0-12-2 189 835 44 35 
cell-0-12-3 233 835 44 35 
cell-0-13-0 101 872 44 35 
cell-0-13-1 145 872 44 35 
cell-0-13-2 189 872 44 35 
cell-0-13-3 233 872 44 35 
cell-0-14-0 101 909 44 35 
cell-0-14-1 145 909 44 35 
cell-0-14-2 189 909 44 35 
cell-0-14-3 233 909 44 35 
table-2 425 757 273 478 
cell-2-0-0 425 757 45 35 
cell-2-0-1 470 757 45 35 
cell-2-0-2 515 757 45 35 
cell-2-0-3 560 757 45 35 
cell-2-0-4 605 757 45 35 
cell-2-0-5 650 757 45 35 
cell-2-1-0 425 797 45 35 
cell-2-1-1 470 797 45 35 
cell-2-1-2 515 797 45 35 
cell-2-1-3 560 797 45 35 
cell-2-1-4 605 797 45 35 
cell-2-1-5 650 797 45 35 
cell-2-2-0 425 837 45 35 
cell-2-2-1 470 837 45 35 
cell-2-2-2 515 837 45 35 
cell-2-2-3 560 837 45 35 
cell-2-2-4 605 837 45 35 
cell-2-2-5 650 837 45 35 
cell-2-3-0 425 877 45 35 
cell-2-3-1 470 877 45 35 
cell-2-3-2 515 877 45 35 
cell-2-3-3 560 877 45 35 
cell-2-3-4 605 877 45 35 
cell-2-3-5 650 877 45 35 
cell-2-4-0 425 917 45 35 
cell-2-4-1 470 917 45 35 
cell-2-4-2 515 917 45 35 
cell-2-4-3 560 917 45 35 
cell-2-4-4 605 917 45 35 
cell-2-4-5 650 917 45 35 
cell-2-5-0 425 957 45 35 
cell-2-5-1 470 957 45 35 
cell-2-5-2 515 957 45 35 
cell-2-5-3 560 957 45 35 
cell-2-5-4 605 957 45 35 
cell-2-5-5 650 957 45 35 
cell-2-6-0 425 997 45 35 
cell-2-6-1 470 997 45 35 
cell-2-6-2 515 997 45 35 
cell-2-6-3 560 997 45 35 
cell-2-6-4 605 997 45 35 
cell-2-6-5 650 997 45 35 
cell-2-7-0 425 1037 45 35 
cell-2-7-1 470 1037 45 35 
cell-2-7-2 515 1037 45 35 
cell-2-7-3 560 1037 45 35 
cell-2-7-4 605 1037 45 35 
cell-2-7-5 650 1037 45 35 
cell-2-8-0 425 1077 45 35 
cell-2-8-1 470 1077 45 35 
cell-2-8-2 515 1077 45 35 
cell-2-8-3 560 1077 45 35 
cell-2-8-4 605 1077 45 35 
cell-2-8-5 650 1077 45 35 
cell-2-9-0 425 1117 45 35 
cell-2-9-1 470 1117 45 35 
cell-2-9-2 515 1117 45 35 
cell-2-9-3 560 1117 45 35 
cell-2-9-4 605 1117 45 35 
cell-2-9-5 650 1117 45 35 
cell-2-10-0 425 1157 45 35 
cell-2-10-1 470 1157 45 35 
cell-2-10-2 515 1157 45 35 
cell-2-10-3 560 1157 45 35 
cell-2-10-4 605 1157 45 35 
cell-2-10-5 650 1157 45 35 
cell-2-11-0 425 1197 45 35 
cell-2-11-1 470 1197 45 35 
cell-2-11-2 515 1197 45 35 
cell-2-11-3 560 1197 45 35 
cell-2-11-4 605 1197 45 35 
cell-2-11-5 650 1197 45 35 
