table-0 397 857 407 233 
cell-0-1-0 397 857 38 35 
cell-0-1-1 438 857 38 35 
cell-0-1-2 479 857 38 35 
cell-0-1-3 520 857 38 35 
cell-0-1-4 561 857 38 35 
cell-0-1-5 602 857 38 35 
cell-0-1-6 643 857 38 35 
cell-0-1-7 684 857 38 35 
cell-0-1-8 725 857 38 35 
cell-0-1-9 766 857 38 35 
cell-0-2-0 397 922 38 35 
cell-0-2-1 438 922 38 35 
cell-0-2-2 479 922 38 35 
cell-0-2-3 520 922 38 35 
cell-0-2-4 561 922 38 35 
cell-0-2-5 602 922 38 35 
cell-0-2-6 643 922 38 35 
cell-0-2-7 684 922 38 35 
cell-0-2-8 725 922 38 35 
cell-0-2-9 766 922 38 35 
cell-0-3-0 397 987 38 35 
cell-0-3-1 438 987 38 35 
cell-0-3-2 479 987 38 35 
cell-0-3-3 520 987 38 35 
cell-0-3-4 561 987 38 35 
cell-0-3-5 602 987 38 35 
cell-0-3-6 643 987 38 35 
cell-0-3-7 684 987 38 35 
cell-0-3-8 725 987 38 35 
cell-0-3-9 766 987 38 35 
cell-0-4-0 397 1052 38 35 
cell-0-4-1 438 1052 38 35 
cell-0-4-2 479 1052 38 35 
cell-0-4-3 520 1052 38 35 
cell-0-4-4 561 1052 38 35 
cell-0-4-5 602 1052 38 35 
cell-0-4-6 643 1052 38 35 
cell-0-4-7 684 1052 38 35 
cell-0-4-8 725 1052 38 35 
cell-0-4-9 766 1052 38 35 
table-1 97 149 738 317 
cell-1-1-0 97 149 36 35 
cell-1-1-1 136 149 36 35 
cell-1-1-2 175 149 36 35 
cell-1-1-3 214 149 36 35 
cell-1-1-4 253 149 36 35 
cell-1-1-5 292 149 36 35 
cell-1-1-6 331 149 36 35 
cell-1-1-7 370 149 36 35 
cell-1-1-8 409 149 36 35 
cell-1-1-9 448 149 36 35 
cell-1-1-10 487 149 36 35 
cell-1-1-11 526 149 36 35 
cell-1-1-12 565 149 36 35 
cell-1-1-13 604 149 36 35 
cell-1-1-14 643 149 36 35 
cell-1-1-15 682 149 36 35 
cell-1-1-16 721 149 36 35 
cell-1-1-17 760 149 36 35 
cell-1-1-18 799 149 36 35 
cell-1-2-0 97 189 36 35 
cell-1-2-1 136 189 36 35 
cell-1-2-2 175 189 36 35 
cell-1-2-3 214 189 36 35 
cell-1-2-4 253 189 36 35 
cell-1-2-5 292 189 36 35 
cell-1-2-6 331 189 36 35 
cell-1-2-7 370 189 36 35 
cell-1-2-8 409 189 36 35 
cell-1-2-9 448 189 36 35 
cell-1-2-10 487 189 36 35 
cell-1-2-11 526 189 36 35 
cell-1-2-12 565 189 36 35 
cell-1-2-13 604 189 36 35 
cell-1-2-14 643 189 36 35 
cell-1-2-15 682 189 36 35 
cell-1-2-16 721 189 36 35 
cell-1-2-17 760 189 36 35 
cell-1-2-18 799 189 36 35 
cell-1-3-0 97 229 36 35 
cell-1-3-1 136 229 36 35 
cell-1-3-2 175 229 36 35 
cell-1-3-3 214 229 36 35 
cell-1-3-4 253 229 36 35 
cell-1-3-5 292 229 36 35 
cell-1-3-6 331 229 36 35 
cell-1-3-7 370 229 36 35 
cell-1-3-8 409 229 36 35 
cell-1-3-9 448 229 36 35 
cell-1-3-10 487 229 36 35 
cell-1-3-11 526 229 36 35 
cell-1-3-12 565 229 36 35 
cell-1-3-13 604 229 36 35 
cell-1-3-14 643 229 36 35 
cell-1-3-15 682 229 36 35 
cell-1-3-16 721 229 36 35 
cell-1-3-17 760 229 36 35 
cell-1-3-18 799 229 36 35 
cell-1-4-0 97 269 36 35 
cell-1-4-1 136 269 36 35 
cell-1-4-2 175 269 36 35 
cell-1-4-3 214 269 36 35 
cell-1-4-4 253 269 36 35 
cell-1-4-5 292 269 36 35 
cell-1-4-6 331 269 36 35 
cell-1-4-7 370 269 36 35 
cell-1-4-8 409 269 36 35 
cell-1-4-9 448 269 36 35 
cell-1-4-10 487 269 36 35 
cell-1-4-11 526 269 36 35 
cell-1-4-12 565 269 36 35 
cell-1-4-13 604 269 36 35 
cell-1-4-14 643 269 36 35 
cell-1-4-15 682 269 36 35 
cell-1-4-16 721 269 36 35 
cell-1-4-17 760 269 36 35 
cell-1-4-18 799 269 36 35 
cell-1-5-0 97 309 36 35 
cell-1-5-1 136 309 36 35 
cell-1-5-2 175 309 36 35 
cell-1-5-3 214 309 36 35 
cell-1-5-4 253 309 36 35 
cell-1-5-5 292 309 36 35 
cell-1-5-6 331 309 36 35 
cell-1-5-7 370 309 36 35 
cell-1-5-8 409 309 36 35 
cell-1-5-9 448 309 36 35 
cell-1-5-10 487 309 36 35 
cell-1-5-11 526 309 36 35 
cell-1-5-12 565 309 36 35 
cell-1-5-13 604 309 36 35 
cell-1-5-14 643 309 36 35 
cell-1-5-15 682 309 36 35 
cell-1-5-16 721 309 36 35 
cell-1-5-17 760 309 36 35 
cell-1-5-18 799 309 36 35 
cell-1-6-0 97 349 36 35 
cell-1-6-1 136 349 36 35 
cell-1-6-2 175 349 36 35 
cell-1-6-3 214 349 36 35 
cell-1-6-4 253 349 36 35 
cell-1-6-5 292 349 36 35 
cell-1-6-6 331 349 36 35 
cell-1-6-7 370 349 36 35 
cell-1-6-8 409 349 36 35 
cell-1-6-9 448 349 36 35 
cell-1-6-10 487 349 36 35 
cell-1-6-11 526 349 36 35 
cell-1-6-12 565 349 36 35 
cell-1-6-13 604 349 36 35 
cell-1-6-14 643 349 36 35 
cell-1-6-15 682 349 36 35 
cell-1-6-16 721 349 36 35 
cell-1-6-17 760 349 36 35 
cell-1-6-18 799 349 36 35 
cell-1-7-0 97 389 36 35 
cell-1-7-1 136 389 36 35 
cell-1-7-2 175 389 36 35 
cell-1-7-3 214 389 36 35 
cell-1-7-4 253 389 36 35 
cell-1-7-5 292 389 36 35 
cell-1-7-6 331 389 36 35 
cell-1-7-7 370 389 36 35 
cell-1-7-8 409 389 36 35 
cell-1-7-9 448 389 36 35 
cell-1-7-10 487 389 36 35 
cell-1-7-11 526 389 36 35 
cell-1-7-12 565 389 36 35 
cell-1-7-13 604 389 36 35 
cell-1-7-14 643 389 36 35 
cell-1-7-15 682 389 36 35 
cell-1-7-16 721 389 36 35 
cell-1-7-17 760 389 36 35 
cell-1-7-18 799 389 36 35 
cell-1-8-0 97 429 36 35 
cell-1-8-1 136 429 36 35 
cell-1-8-2 175 429 36 35 
cell-1-8-3 214 429 36 35 
cell-1-8-4 253 429 36 35 
cell-1-8-5 292 429 36 35 
cell-1-8-6 331 429 36 35 
cell-1-8-7 370 429 36 35 
cell-1-8-8 409 429 36 35 
cell-1-8-9 448 429 36 35 
cell-1-8-10 487 429 36 35 
cell-1-8-11 526 429 36 35 
cell-1-8-12 565 429 36 35 
cell-1-8-13 604 429 36 35 
cell-1-8-14 643 429 36 35 
cell-1-8-15 682 429 36 35 
cell-1-8-16 721 429 36 35 
cell-1-8-17 760 429 36 35 
cell-1-8-18 799 429 36 35 
