table-0 124 387 700 244 
cell-0-0-0 124 387 77 47 
cell-0-0-1 201 387 77 47 
cell-0-0-2 278 387 77 47 
cell-0-0-3 355 387 77 47 
cell-0-0-4 432 387 77 47 
cell-0-0-5 509 387 77 47 
cell-0-0-6 586 387 77 47 
cell-0-0-7 663 387 77 47 
cell-0-0-8 740 387 77 47 
cell-0-1-0 124 436 77 47 
cell-0-1-1 201 436 77 47 
cell-0-1-2 278 436 77 47 
cell-0-1-3 355 436 77 47 
cell-0-1-4 432 436 77 47 
cell-0-1-5 509 436 77 47 
cell-0-1-6 586 436 77 47 
cell-0-1-7 663 436 77 47 
cell-0-1-8 740 436 77 47 
cell-0-2-0 124 485 77 47 
cell-0-2-1 201 485 77 47 
cell-0-2-2 278 485 77 47 
cell-0-2-3 355 485 77 47 
cell-0-2-4 432 485 77 47 
cell-0-2-5 509 485 77 47 
cell-0-2-6 586 485 77 47 
cell-0-2-7 663 485 77 47 
cell-0-2-8 740 485 77 47 
cell-0-3-0 124 534 77 47 
cell-0-3-1 201 534 77 47 
cell-0-3-2 278 534 77 47 
cell-0-3-3 355 534 77 47 
cell-0-3-4 432 534 77 47 
cell-0-3-5 509 534 77 47 
cell-0-3-6 586 534 77 47 
cell-0-3-7 663 534 77 47 
cell-0-3-8 740 534 77 47 
cell-0-4-0 124 583 77 47 
cell-0-4-1 201 583 77 47 
cell-0-4-2 278 583 77 47 
cell-0-4-3 355 583 77 47 
cell-0-4-4 432 583 77 47 
cell-0-4-5 509 583 77 47 
cell-0-4-6 586 583 77 47 
cell-0-4-7 663 583 77 47 
cell-0-4-8 740 583 77 47 
