table-0 784 719 173 520 
cell-0-0-0 784 719 43 35 
cell-0-0-1 827 719 43 35 
cell-0-0-2 870 719 43 35 
cell-0-0-3 913 719 43 35 
cell-0-1-0 784 763 43 35 
cell-0-1-1 827 763 43 35 
cell-0-1-2 870 763 43 35 
cell-0-1-3 913 763 43 35 
cell-0-2-0 784 807 43 35 
cell-0-2-1 827 807 43 35 
cell-0-2-2 870 807 43 35 
cell-0-2-3 913 807 43 35 
cell-0-3-0 784 851 43 35 
cell-0-3-1 827 851 43 35 
cell-0-3-2 870 851 43 35 
cell-0-3-3 913 851 43 35 
cell-0-4-0 784 895 43 35 
cell-0-4-1 827 895 43 35 
cell-0-4-2 870 895 43 35 
cell-0-4-3 913 895 43 35 
cell-0-5-0 784 939 43 35 
cell-0-5-1 827 939 43 35 
cell-0-5-2 870 939 43 35 
cell-0-5-3 913 939 43 35 
cell-0-6-0 784 983 43 35 
cell-0-6-1 827 983 43 35 
cell-0-6-2 870 983 43 35 
cell-0-6-3 913 983 43 35 
cell-0-7-0 784 1027 43 35 
cell-0-7-1 827 1027 43 35 
cell-0-7-2 870 1027 43 35 
cell-0-7-3 913 1027 43 35 
cell-0-8-0 784 1071 43 35 
cell-0-8-1 827 1071 43 35 
cell-0-8-2 870 1071 43 35 
cell-0-8-3 913 1071 43 35 
cell-0-9-0 784 1115 43 35 
cell-0-9-1 827 1115 43 35 
cell-0-9-2 870 1115 43 35 
cell-0-9-3 913 1115 43 35 
cell-0-10-0 784 1159 43 35 
cell-0-10-1 827 1159 43 35 
cell-0-10-2 870 1159 43 35 
cell-0-10-3 913 1159 43 35 
cell-0-11-0 784 1203 43 35 
cell-0-11-1 827 1203 43 35 
cell-0-11-2 870 1203 43 35 
cell-0-11-3 913 1203 43 35 
