header-0 131 1227 793 195 
row-1-1 131 1227 294 41 
row-1-2 445 1227 360 41 
row-2-1 131 1278 294 41 
row-2-2 445 1278 409 41 
row-3-1 131 1329 789 41 
row-4-1 131 1380 525 41 
table-2 411 271 178 569 
cell-2-0-0 411 271 44 35 
cell-2-0-1 455 271 44 35 
cell-2-0-2 499 271 44 35 
cell-2-0-3 543 271 44 35 
cell-2-1-0 411 309 44 35 
cell-2-1-1 455 309 44 35 
cell-2-1-2 499 309 44 35 
cell-2-1-3 543 309 44 35 
cell-2-2-0 411 347 44 35 
cell-2-2-1 455 347 44 35 
cell-2-2-2 499 347 44 35 
cell-2-2-3 543 347 44 35 
cell-2-3-0 411 385 44 35 
cell-2-3-1 455 385 44 35 
cell-2-3-2 499 385 44 35 
cell-2-3-3 543 385 44 35 
cell-2-4-0 411 423 44 35 
cell-2-4-1 455 423 44 35 
cell-2-4-2 499 423 44 35 
cell-2-4-3 543 423 44 35 
cell-2-5-0 411 461 44 35 
cell-2-5-1 455 461 44 35 
cell-2-5-2 499 461 44 35 
cell-2-5-3 543 461 44 35 
cell-2-6-0 411 499 44 35 
cell-2-6-1 455 499 44 35 
cell-2-6-2 499 499 44 35 
cell-2-6-3 543 499 44 35 
cell-2-7-0 411 537 44 35 
cell-2-7-1 455 537 44 35 
cell-2-7-2 499 537 44 35 
cell-2-7-3 543 537 44 35 
cell-2-8-0 411 575 44 35 
cell-2-8-1 455 575 44 35 
cell-2-8-2 499 575 44 35 
cell-2-8-3 543 575 44 35 
cell-2-9-0 411 613 44 35 
cell-2-9-1 455 613 44 35 
cell-2-9-2 499 613 44 35 
cell-2-9-3 543 613 44 35 
cell-2-10-0 411 651 44 35 
cell-2-10-1 455 651 44 35 
cell-2-10-2 499 651 44 35 
cell-2-10-3 543 651 44 35 
cell-2-11-0 411 689 44 35 
cell-2-11-1 455 689 44 35 
cell-2-11-2 499 689 44 35 
cell-2-11-3 543 689 44 35 
cell-2-12-0 411 727 44 35 
cell-2-12-1 455 727 44 35 
cell-2-12-2 499 727 44 35 
cell-2-12-3 543 727 44 35 
cell-2-13-0 411 765 44 35 
cell-2-13-1 455 765 44 35 
cell-2-13-2 499 765 44 35 
cell-2-13-3 543 765 44 35 
cell-2-14-0 411 803 44 35 
cell-2-14-1 455 803 44 35 
cell-2-14-2 499 803 44 35 
cell-2-14-3 543 803 44 35 
header-3 97 951 882 193 
row-1-1 97 951 365 40 
row-1-2 482 951 266 40 
row-2-1 97 1001 398 40 
row-2-2 515 1001 457 40 
row-3-1 97 1051 629 40 
row-4-1 97 1101 794 40 
