table-0 243 429 817 628 
cell-0-1-0 243 429 38 35 
cell-0-1-1 284 429 38 35 
cell-0-1-2 325 429 38 35 
cell-0-1-3 366 429 38 35 
cell-0-1-4 407 429 38 35 
cell-0-1-5 448 429 38 35 
cell-0-1-6 489 429 38 35 
cell-0-1-7 530 429 38 35 
cell-0-1-8 571 429 38 35 
cell-0-1-9 612 429 38 35 
cell-0-1-10 653 429 38 35 
cell-0-1-11 694 429 38 35 
cell-0-1-12 735 429 38 35 
cell-0-1-13 776 429 38 35 
cell-0-1-14 817 429 38 35 
cell-0-1-15 858 429 38 35 
cell-0-1-16 899 429 38 35 
cell-0-1-17 940 429 38 35 
cell-0-1-18 981 429 38 35 
cell-0-1-19 1022 429 38 35 
cell-0-2-0 243 488 38 35 
cell-0-2-1 284 488 38 35 
cell-0-2-2 325 488 38 35 
cell-0-2-3 366 488 38 35 
cell-0-2-4 407 488 38 35 
cell-0-2-5 448 488 38 35 
cell-0-2-6 489 488 38 35 
cell-0-2-7 530 488 38 35 
cell-0-2-8 571 488 38 35 
cell-0-2-9 612 488 38 35 
cell-0-2-10 653 488 38 35 
cell-0-2-11 694 488 38 35 
cell-0-2-12 735 488 38 35 
cell-0-2-13 776 488 38 35 
cell-0-2-14 817 488 38 35 
cell-0-2-15 858 488 38 35 
cell-0-2-16 899 488 38 35 
cell-0-2-17 940 488 38 35 
cell-0-2-18 981 488 38 35 
cell-0-2-19 1022 488 38 35 
cell-0-3-0 243 547 38 35 
cell-0-3-1 284 547 38 35 
cell-0-3-2 325 547 38 35 
cell-0-3-3 366 547 38 35 
cell-0-3-4 407 547 38 35 
cell-0-3-5 448 547 38 35 
cell-0-3-6 489 547 38 35 
cell-0-3-7 530 547 38 35 
cell-0-3-8 571 547 38 35 
cell-0-3-9 612 547 38 35 
cell-0-3-10 653 547 38 35 
cell-0-3-11 694 547 38 35 
cell-0-3-12 735 547 38 35 
cell-0-3-13 776 547 38 35 
cell-0-3-14 817 547 38 35 
cell-0-3-15 858 547 38 35 
cell-0-3-16 899 547 38 35 
cell-0-3-17 940 547 38 35 
cell-0-3-18 981 547 38 35 
cell-0-3-19 1022 547 38 35 
cell-0-4-0 243 606 38 35 
cell-0-4-1 284 606 38 35 
cell-0-4-2 325 606 38 35 
cell-0-4-3 366 606 38 35 
cell-0-4-4 407 606 38 35 
cell-0-4-5 448 606 38 35 
cell-0-4-6 489 606 38 35 
cell-0-4-7 530 606 38 35 
cell-0-4-8 571 606 38 35 
cell-0-4-9 612 606 38 35 
cell-0-4-10 653 606 38 35 
cell-0-4-11 694 606 38 35 
cell-0-4-12 735 606 38 35 
cell-0-4-13 776 606 38 35 
cell-0-4-14 817 606 38 35 
cell-0-4-15 858 606 38 35 
cell-0-4-16 899 606 38 35 
cell-0-4-17 940 606 38 35 
cell-0-4-18 981 606 38 35 
cell-0-4-19 1022 606 38 35 
cell-0-5-0 243 665 38 35 
cell-0-5-1 284 665 38 35 
cell-0-5-2 325 665 38 35 
cell-0-5-3 366 665 38 35 
cell-0-5-4 407 665 38 35 
cell-0-5-5 448 665 38 35 
cell-0-5-6 489 665 38 35 
cell-0-5-7 530 665 38 35 
cell-0-5-8 571 665 38 35 
cell-0-5-9 612 665 38 35 
cell-0-5-10 653 665 38 35 
cell-0-5-11 694 665 38 35 
cell-0-5-12 735 665 38 35 
cell-0-5-13 776 665 38 35 
cell-0-5-14 817 665 38 35 
cell-0-5-15 858 665 38 35 
cell-0-5-16 899 665 38 35 
cell-0-5-17 940 665 38 35 
cell-0-5-18 981 665 38 35 
cell-0-5-19 1022 665 38 35 
cell-0-6-0 243 724 38 35 
cell-0-6-1 284 724 38 35 
cell-0-6-2 325 724 38 35 
cell-0-6-3 366 724 38 35 
cell-0-6-4 407 724 38 35 
cell-0-6-5 448 724 38 35 
cell-0-6-6 489 724 38 35 
cell-0-6-7 530 724 38 35 
cell-0-6-8 571 724 38 35 
cell-0-6-9 612 724 38 35 
cell-0-6-10 653 724 38 35 
cell-0-6-11 694 724 38 35 
cell-0-6-12 735 724 38 35 
cell-0-6-13 776 724 38 35 
cell-0-6-14 817 724 38 35 
cell-0-6-15 858 724 38 35 
cell-0-6-16 899 724 38 35 
cell-0-6-17 940 724 38 35 
cell-0-6-18 981 724 38 35 
cell-0-6-19 1022 724 38 35 
cell-0-7-0 243 783 38 35 
cell-0-7-1 284 783 38 35 
cell-0-7-2 325 783 38 35 
cell-0-7-3 366 783 38 35 
cell-0-7-4 407 783 38 35 
cell-0-7-5 448 783 38 35 
cell-0-7-6 489 783 38 35 
cell-0-7-7 530 783 38 35 
cell-0-7-8 571 783 38 35 
cell-0-7-9 612 783 38 35 
cell-0-7-10 653 783 38 35 
cell-0-7-11 694 783 38 35 
cell-0-7-12 735 783 38 35 
cell-0-7-13 776 783 38 35 
cell-0-7-14 817 783 38 35 
cell-0-7-15 858 783 38 35 
cell-0-7-16 899 783 38 35 
cell-0-7-17 940 783 38 35 
cell-0-7-18 981 783 38 35 
cell-0-7-19 1022 783 38 35 
cell-0-8-0 243 842 38 35 
cell-0-8-1 284 842 38 35 
cell-0-8-2 325 842 38 35 
cell-0-8-3 366 842 38 35 
cell-0-8-4 407 842 38 35 
cell-0-8-5 448 842 38 35 
cell-0-8-6 489 842 38 35 
cell-0-8-7 530 842 38 35 
cell-0-8-8 571 842 38 35 
cell-0-8-9 612 842 38 35 
cell-0-8-10 653 842 38 35 
cell-0-8-11 694 842 38 35 
cell-0-8-12 735 842 38 35 
cell-0-8-13 776 842 38 35 
cell-0-8-14 817 842 38 35 
cell-0-8-15 858 842 38 35 
cell-0-8-16 899 842 38 35 
cell-0-8-17 940 842 38 35 
cell-0-8-18 981 842 38 35 
cell-0-8-19 1022 842 38 35 
cell-0-9-0 243 901 38 35 
cell-0-9-1 284 901 38 35 
cell-0-9-2 325 901 38 35 
cell-0-9-3 366 901 38 35 
cell-0-9-4 407 901 38 35 
cell-0-9-5 448 901 38 35 
cell-0-9-6 489 901 38 35 
cell-0-9-7 530 901 38 35 
cell-0-9-8 571 901 38 35 
cell-0-9-9 612 901 38 35 
cell-0-9-10 653 901 38 35 
cell-0-9-11 694 901 38 35 
cell-0-9-12 735 901 38 35 
cell-0-9-13 776 901 38 35 
cell-0-9-14 817 901 38 35 
cell-0-9-15 858 901 38 35 
cell-0-9-16 899 901 38 35 
cell-0-9-17 940 901 38 35 
cell-0-9-18 981 901 38 35 
cell-0-9-19 1022 901 38 35 
cell-0-10-0 243 960 38 35 
cell-0-10-1 284 960 38 35 
cell-0-10-2 325 960 38 35 
cell-0-10-3 366 960 38 35 
cell-0-10-4 407 960 38 35 
cell-0-10-5 448 960 38 35 
cell-0-10-6 489 960 38 35 
cell-0-10-7 530 960 38 35 
cell-0-10-8 571 960 38 35 
cell-0-10-9 612 960 38 35 
cell-0-10-10 653 960 38 35 
cell-0-10-11 694 960 38 35 
cell-0-10-12 735 960 38 35 
cell-0-10-13 776 960 38 35 
cell-0-10-14 817 960 38 35 
cell-0-10-15 858 960 38 35 
cell-0-10-16 899 960 38 35 
cell-0-10-17 940 960 38 35 
cell-0-10-18 981 960 38 35 
cell-0-10-19 1022 960 38 35 
cell-0-11-0 243 1019 38 35 
cell-0-11-1 284 1019 38 35 
cell-0-11-2 325 1019 38 35 
cell-0-11-3 366 1019 38 35 
cell-0-11-4 407 1019 38 35 
cell-0-11-5 448 1019 38 35 
cell-0-11-6 489 1019 38 35 
cell-0-11-7 530 1019 38 35 
cell-0-11-8 571 1019 38 35 
cell-0-11-9 612 1019 38 35 
cell-0-11-10 653 1019 38 35 
cell-0-11-11 694 1019 38 35 
cell-0-11-12 735 1019 38 35 
cell-0-11-13 776 1019 38 35 
cell-0-11-14 817 1019 38 35 
cell-0-11-15 858 1019 38 35 
cell-0-11-16 899 1019 38 35 
cell-0-11-17 940 1019 38 35 
cell-0-11-18 981 1019 38 35 
cell-0-11-19 1022 1019 38 35 
