table-0 181 141 658 560 
cell-0-0-0 181 141 43 42 
cell-0-0-1 224 141 43 42 
cell-0-0-2 267 141 43 42 
cell-0-0-3 310 141 43 42 
cell-0-0-4 353 141 43 42 
cell-0-0-5 396 141 43 42 
cell-0-0-6 439 141 396 42 
cell-0-1-0 181 184 43 42 
cell-0-1-1 224 184 43 42 
cell-0-1-2 267 184 43 42 
cell-0-1-3 310 184 43 42 
cell-0-1-4 353 184 43 42 
cell-0-1-5 396 184 43 42 
cell-0-1-6 439 184 396 42 
cell-0-2-0 181 227 43 42 
cell-0-2-1 224 227 43 42 
cell-0-2-2 267 227 43 42 
cell-0-2-3 310 227 43 42 
cell-0-2-4 353 227 43 42 
cell-0-2-5 396 227 43 42 
cell-0-2-6 439 227 396 42 
cell-0-3-0 181 270 43 42 
cell-0-3-1 224 270 43 42 
cell-0-3-2 267 270 43 42 
cell-0-3-3 310 270 43 42 
cell-0-3-4 353 270 43 42 
cell-0-3-5 396 270 43 42 
cell-0-3-6 439 270 396 42 
cell-0-4-0 181 313 43 42 
cell-0-4-1 224 313 43 42 
cell-0-4-2 267 313 43 42 
cell-0-4-3 310 313 43 42 
cell-0-4-4 353 313 43 42 
cell-0-4-5 396 313 43 42 
cell-0-4-6 439 313 396 42 
cell-0-5-0 181 356 43 42 
cell-0-5-1 224 356 43 42 
cell-0-5-2 267 356 43 42 
cell-0-5-3 310 356 43 42 
cell-0-5-4 353 356 43 42 
cell-0-5-5 396 356 43 42 
cell-0-5-6 439 356 396 42 
cell-0-6-0 181 399 43 42 
cell-0-6-1 224 399 43 42 
cell-0-6-2 267 399 43 42 
cell-0-6-3 310 399 43 42 
cell-0-6-4 353 399 43 42 
cell-0-6-5 396 399 43 42 
cell-0-6-6 439 399 396 42 
cell-0-7-0 181 442 43 42 
cell-0-7-1 224 442 43 42 
cell-0-7-2 267 442 43 42 
cell-0-7-3 310 442 43 42 
cell-0-7-4 353 442 43 42 
cell-0-7-5 396 442 43 42 
cell-0-7-6 439 442 396 42 
cell-0-8-0 181 485 43 42 
cell-0-8-1 224 485 43 42 
cell-0-8-2 267 485 43 42 
cell-0-8-3 310 485 43 42 
cell-0-8-4 353 485 43 42 
cell-0-8-5 396 485 43 42 
cell-0-8-6 439 485 396 42 
cell-0-9-0 181 528 43 42 
cell-0-9-1 224 528 43 42 
cell-0-9-2 267 528 43 42 
cell-0-9-3 310 528 43 42 
cell-0-9-4 353 528 43 42 
cell-0-9-5 396 528 43 42 
cell-0-9-6 439 528 396 42 
cell-0-10-0 181 571 43 42 
cell-0-10-1 224 571 43 42 
cell-0-10-2 267 571 43 42 
cell-0-10-3 310 571 43 42 
cell-0-10-4 353 571 43 42 
cell-0-10-5 396 571 43 42 
cell-0-10-6 439 571 396 42 
cell-0-11-0 181 614 43 42 
cell-0-11-1 224 614 43 42 
cell-0-11-2 267 614 43 42 
cell-0-11-3 310 614 43 42 
cell-0-11-4 353 614 43 42 
cell-0-11-5 396 614 43 42 
cell-0-11-6 439 614 396 42 
cell-0-12-0 181 657 43 42 
cell-0-12-1 224 657 43 42 
cell-0-12-2 267 657 43 42 
cell-0-12-3 310 657 43 42 
cell-0-12-4 353 657 43 42 
cell-0-12-5 396 657 43 42 
cell-0-12-6 439 657 396 42 
