table-0 227 750 615 688 
cell-0-0-0 227 750 43 42 
cell-0-0-1 270 750 43 42 
cell-0-0-2 313 750 43 42 
cell-0-0-3 356 750 43 42 
cell-0-0-4 399 750 43 42 
cell-0-0-5 442 750 43 42 
cell-0-0-6 485 750 353 42 
cell-0-1-0 227 796 43 42 
cell-0-1-1 270 796 43 42 
cell-0-1-2 313 796 43 42 
cell-0-1-3 356 796 43 42 
cell-0-1-4 399 796 43 42 
cell-0-1-5 442 796 43 42 
cell-0-1-6 485 796 353 42 
cell-0-2-0 227 842 43 42 
cell-0-2-1 270 842 43 42 
cell-0-2-2 313 842 43 42 
cell-0-2-3 356 842 43 42 
cell-0-2-4 399 842 43 42 
cell-0-2-5 442 842 43 42 
cell-0-2-6 485 842 353 42 
cell-0-3-0 227 888 43 42 
cell-0-3-1 270 888 43 42 
cell-0-3-2 313 888 43 42 
cell-0-3-3 356 888 43 42 
cell-0-3-4 399 888 43 42 
cell-0-3-5 442 888 43 42 
cell-0-3-6 485 888 353 42 
cell-0-4-0 227 934 43 42 
cell-0-4-1 270 934 43 42 
cell-0-4-2 313 934 43 42 
cell-0-4-3 356 934 43 42 
cell-0-4-4 399 934 43 42 
cell-0-4-5 442 934 43 42 
cell-0-4-6 485 934 353 42 
cell-0-5-0 227 980 43 42 
cell-0-5-1 270 980 43 42 
cell-0-5-2 313 980 43 42 
cell-0-5-3 356 980 43 42 
cell-0-5-4 399 980 43 42 
cell-0-5-5 442 980 43 42 
cell-0-5-6 485 980 353 42 
cell-0-6-0 227 1026 43 42 
cell-0-6-1 270 1026 43 42 
cell-0-6-2 313 1026 43 42 
cell-0-6-3 356 1026 43 42 
cell-0-6-4 399 1026 43 42 
cell-0-6-5 442 1026 43 42 
cell-0-6-6 485 1026 353 42 
cell-0-7-0 227 1072 43 42 
cell-0-7-1 270 1072 43 42 
cell-0-7-2 313 1072 43 42 
cell-0-7-3 356 1072 43 42 
cell-0-7-4 399 1072 43 42 
cell-0-7-5 442 1072 43 42 
cell-0-7-6 485 1072 353 42 
cell-0-8-0 227 1118 43 42 
cell-0-8-1 270 1118 43 42 
cell-0-8-2 313 1118 43 42 
cell-0-8-3 356 1118 43 42 
cell-0-8-4 399 1118 43 42 
cell-0-8-5 442 1118 43 42 
cell-0-8-6 485 1118 353 42 
cell-0-9-0 227 1164 43 42 
cell-0-9-1 270 1164 43 42 
cell-0-9-2 313 1164 43 42 
cell-0-9-3 356 1164 43 42 
cell-0-9-4 399 1164 43 42 
cell-0-9-5 442 1164 43 42 
cell-0-9-6 485 1164 353 42 
cell-0-10-0 227 1210 43 42 
cell-0-10-1 270 1210 43 42 
cell-0-10-2 313 1210 43 42 
cell-0-10-3 356 1210 43 42 
cell-0-10-4 399 1210 43 42 
cell-0-10-5 442 1210 43 42 
cell-0-10-6 485 1210 353 42 
cell-0-11-0 227 1256 43 42 
cell-0-11-1 270 1256 43 42 
cell-0-11-2 313 1256 43 42 
cell-0-11-3 356 1256 43 42 
cell-0-11-4 399 1256 43 42 
cell-0-11-5 442 1256 43 42 
cell-0-11-6 485 1256 353 42 
cell-0-12-0 227 1302 43 42 
cell-0-12-1 270 1302 43 42 
cell-0-12-2 313 1302 43 42 
cell-0-12-3 356 1302 43 42 
cell-0-12-4 399 1302 43 42 
cell-0-12-5 442 1302 43 42 
cell-0-12-6 485 1302 353 42 
cell-0-13-0 227 1348 43 42 
cell-0-13-1 270 1348 43 42 
cell-0-13-2 313 1348 43 42 
cell-0-13-3 356 1348 43 42 
cell-0-13-4 399 1348 43 42 
cell-0-13-5 442 1348 43 42 
cell-0-13-6 485 1348 353 42 
cell-0-14-0 227 1394 43 42 
cell-0-14-1 270 1394 43 42 
cell-0-14-2 313 1394 43 42 
cell-0-14-3 356 1394 43 42 
cell-0-14-4 399 1394 43 42 
cell-0-14-5 442 1394 43 42 
cell-0-14-6 485 1394 353 42 
