table-0 60 334 1000 444 
cell-0-0-0 60 334 125 51 
cell-0-0-1 185 334 125 51 
cell-0-0-2 310 334 125 51 
cell-0-0-3 435 334 125 51 
cell-0-0-4 560 334 125 51 
cell-0-0-5 685 334 125 51 
cell-0-0-6 810 334 125 51 
cell-0-0-7 935 334 125 51 
cell-0-1-0 60 399 125 51 
cell-0-1-1 185 399 125 51 
cell-0-1-2 310 399 125 51 
cell-0-1-3 435 399 125 51 
cell-0-1-4 560 399 125 51 
cell-0-1-5 685 399 125 51 
cell-0-1-6 810 399 125 51 
cell-0-1-7 935 399 125 51 
cell-0-2-0 60 464 125 51 
cell-0-2-1 185 464 125 51 
cell-0-2-2 310 464 125 51 
cell-0-2-3 435 464 125 51 
cell-0-2-4 560 464 125 51 
cell-0-2-5 685 464 125 51 
cell-0-2-6 810 464 125 51 
cell-0-2-7 935 464 125 51 
cell-0-3-0 60 529 125 51 
cell-0-3-1 185 529 125 51 
cell-0-3-2 310 529 125 51 
cell-0-3-3 435 529 125 51 
cell-0-3-4 560 529 125 51 
cell-0-3-5 685 529 125 51 
cell-0-3-6 810 529 125 51 
cell-0-3-7 935 529 125 51 
cell-0-4-0 60 594 125 51 
cell-0-4-1 185 594 125 51 
cell-0-4-2 310 594 125 51 
cell-0-4-3 435 594 125 51 
cell-0-4-4 560 594 125 51 
cell-0-4-5 685 594 125 51 
cell-0-4-6 810 594 125 51 
cell-0-4-7 935 594 125 51 
cell-0-5-0 60 659 125 51 
cell-0-5-1 185 659 125 51 
cell-0-5-2 310 659 125 51 
cell-0-5-3 435 659 125 51 
cell-0-5-4 560 659 125 51 
cell-0-5-5 685 659 125 51 
cell-0-5-6 810 659 125 51 
cell-0-5-7 935 659 125 51 
cell-0-6-0 60 724 125 51 
cell-0-6-1 185 724 125 51 
cell-0-6-2 310 724 125 51 
cell-0-6-3 435 724 125 51 
cell-0-6-4 560 724 125 51 
cell-0-6-5 685 724 125 51 
cell-0-6-6 810 724 125 51 
cell-0-6-7 935 724 125 51 
