table-0 409 773 589 288 
cell-0-1-0 409 773 34 35 
cell-0-1-1 446 773 34 35 
cell-0-1-2 483 773 34 35 
cell-0-1-3 520 773 34 35 
cell-0-1-4 557 773 34 35 
cell-0-1-5 594 773 34 35 
cell-0-1-6 631 773 34 35 
cell-0-1-7 668 773 34 35 
cell-0-1-8 705 773 34 35 
cell-0-1-9 742 773 34 35 
cell-0-1-10 779 773 34 35 
cell-0-1-11 816 773 34 35 
cell-0-1-12 853 773 34 35 
cell-0-1-13 890 773 34 35 
cell-0-1-14 927 773 34 35 
cell-0-1-15 964 773 34 35 
cell-0-2-0 409 809 34 35 
cell-0-2-1 446 809 34 35 
cell-0-2-2 483 809 34 35 
cell-0-2-3 520 809 34 35 
cell-0-2-4 557 809 34 35 
cell-0-2-5 594 809 34 35 
cell-0-2-6 631 809 34 35 
cell-0-2-7 668 809 34 35 
cell-0-2-8 705 809 34 35 
cell-0-2-9 742 809 34 35 
cell-0-2-10 779 809 34 35 
cell-0-2-11 816 809 34 35 
cell-0-2-12 853 809 34 35 
cell-0-2-13 890 809 34 35 
cell-0-2-14 927 809 34 35 
cell-0-2-15 964 809 34 35 
cell-0-3-0 409 845 34 35 
cell-0-3-1 446 845 34 35 
cell-0-3-2 483 845 34 35 
cell-0-3-3 520 845 34 35 
cell-0-3-4 557 845 34 35 
cell-0-3-5 594 845 34 35 
cell-0-3-6 631 845 34 35 
cell-0-3-7 668 845 34 35 
cell-0-3-8 705 845 34 35 
cell-0-3-9 742 845 34 35 
cell-0-3-10 779 845 34 35 
cell-0-3-11 816 845 34 35 
cell-0-3-12 853 845 34 35 
cell-0-3-13 890 845 34 35 
cell-0-3-14 927 845 34 35 
cell-0-3-15 964 845 34 35 
cell-0-4-0 409 881 34 35 
cell-0-4-1 446 881 34 35 
cell-0-4-2 483 881 34 35 
cell-0-4-3 520 881 34 35 
cell-0-4-4 557 881 34 35 
cell-0-4-5 594 881 34 35 
cell-0-4-6 631 881 34 35 
cell-0-4-7 668 881 34 35 
cell-0-4-8 705 881 34 35 
cell-0-4-9 742 881 34 35 
cell-0-4-10 779 881 34 35 
cell-0-4-11 816 881 34 35 
cell-0-4-12 853 881 34 35 
cell-0-4-13 890 881 34 35 
cell-0-4-14 927 881 34 35 
cell-0-4-15 964 881 34 35 
cell-0-5-0 409 917 34 35 
cell-0-5-1 446 917 34 35 
cell-0-5-2 483 917 34 35 
cell-0-5-3 520 917 34 35 
cell-0-5-4 557 917 34 35 
cell-0-5-5 594 917 34 35 
cell-0-5-6 631 917 34 35 
cell-0-5-7 668 917 34 35 
cell-0-5-8 705 917 34 35 
cell-0-5-9 742 917 34 35 
cell-0-5-10 779 917 34 35 
cell-0-5-11 816 917 34 35 
cell-0-5-12 853 917 34 35 
cell-0-5-13 890 917 34 35 
cell-0-5-14 927 917 34 35 
cell-0-5-15 964 917 34 35 
cell-0-6-0 409 953 34 35 
cell-0-6-1 446 953 34 35 
cell-0-6-2 483 953 34 35 
cell-0-6-3 520 953 34 35 
cell-0-6-4 557 953 34 35 
cell-0-6-5 594 953 34 35 
cell-0-6-6 631 953 34 35 
cell-0-6-7 668 953 34 35 
cell-0-6-8 705 953 34 35 
cell-0-6-9 742 953 34 35 
cell-0-6-10 779 953 34 35 
cell-0-6-11 816 953 34 35 
cell-0-6-12 853 953 34 35 
cell-0-6-13 890 953 34 35 
cell-0-6-14 927 953 34 35 
cell-0-6-15 964 953 34 35 
cell-0-7-0 409 989 34 35 
cell-0-7-1 446 989 34 35 
cell-0-7-2 483 989 34 35 
cell-0-7-3 520 989 34 35 
cell-0-7-4 557 989 34 35 
cell-0-7-5 594 989 34 35 
cell-0-7-6 631 989 34 35 
cell-0-7-7 668 989 34 35 
cell-0-7-8 705 989 34 35 
cell-0-7-9 742 989 34 35 
cell-0-7-10 779 989 34 35 
cell-0-7-11 816 989 34 35 
cell-0-7-12 853 989 34 35 
cell-0-7-13 890 989 34 35 
cell-0-7-14 927 989 34 35 
cell-0-7-15 964 989 34 35 
cell-0-8-0 409 1025 34 35 
cell-0-8-1 446 1025 34 35 
cell-0-8-2 483 1025 34 35 
cell-0-8-3 520 1025 34 35 
cell-0-8-4 557 1025 34 35 
cell-0-8-5 594 1025 34 35 
cell-0-8-6 631 1025 34 35 
cell-0-8-7 668 1025 34 35 
cell-0-8-8 705 1025 34 35 
cell-0-8-9 742 1025 34 35 
cell-0-8-10 779 1025 34 35 
cell-0-8-11 816 1025 34 35 
cell-0-8-12 853 1025 34 35 
cell-0-8-13 890 1025 34 35 
cell-0-8-14 927 1025 34 35 
cell-0-8-15 964 1025 34 35 
