table-0 311 506 173 443 
cell-0-0-0 311 506 43 35 
cell-0-0-1 354 506 43 35 
cell-0-0-2 397 506 43 35 
cell-0-0-3 440 506 43 35 
cell-0-1-0 311 543 43 35 
cell-0-1-1 354 543 43 35 
cell-0-1-2 397 543 43 35 
cell-0-1-3 440 543 43 35 
cell-0-2-0 311 580 43 35 
cell-0-2-1 354 580 43 35 
cell-0-2-2 397 580 43 35 
cell-0-2-3 440 580 43 35 
cell-0-3-0 311 617 43 35 
cell-0-3-1 354 617 43 35 
cell-0-3-2 397 617 43 35 
cell-0-3-3 440 617 43 35 
cell-0-4-0 311 654 43 35 
cell-0-4-1 354 654 43 35 
cell-0-4-2 397 654 43 35 
cell-0-4-3 440 654 43 35 
cell-0-5-0 311 691 43 35 
cell-0-5-1 354 691 43 35 
cell-0-5-2 397 691 43 35 
cell-0-5-3 440 691 43 35 
cell-0-6-0 311 728 43 35 
cell-0-6-1 354 728 43 35 
cell-0-6-2 397 728 43 35 
cell-0-6-3 440 728 43 35 
cell-0-7-0 311 765 43 35 
cell-0-7-1 354 765 43 35 
cell-0-7-2 397 765 43 35 
cell-0-7-3 440 765 43 35 
cell-0-8-0 311 802 43 35 
cell-0-8-1 354 802 43 35 
cell-0-8-2 397 802 43 35 
cell-0-8-3 440 802 43 35 
cell-0-9-0 311 839 43 35 
cell-0-9-1 354 839 43 35 
cell-0-9-2 397 839 43 35 
cell-0-9-3 440 839 43 35 
cell-0-10-0 311 876 43 35 
cell-0-10-1 354 876 43 35 
cell-0-10-2 397 876 43 35 
cell-0-10-3 440 876 43 35 
cell-0-11-0 311 913 43 35 
cell-0-11-1 354 913 43 35 
cell-0-11-2 397 913 43 35 
cell-0-11-3 440 913 43 35 
