table-0 89 349 600 350 
cell-0-0-0 89 349 75 35 
cell-0-0-1 164 349 75 35 
cell-0-0-2 239 349 75 35 
cell-0-0-3 314 349 75 35 
cell-0-0-4 389 349 75 35 
cell-0-0-5 464 349 75 35 
cell-0-0-6 539 349 75 35 
cell-0-0-7 614 349 75 35 
cell-0-1-0 89 388 75 35 
cell-0-1-1 164 388 75 35 
cell-0-1-2 239 388 75 35 
cell-0-1-3 314 388 75 35 
cell-0-1-4 389 388 75 35 
cell-0-1-5 464 388 75 35 
cell-0-1-6 539 388 75 35 
cell-0-1-7 614 388 75 35 
cell-0-2-0 89 427 75 35 
cell-0-2-1 164 427 75 35 
cell-0-2-2 239 427 75 35 
cell-0-2-3 314 427 75 35 
cell-0-2-4 389 427 75 35 
cell-0-2-5 464 427 75 35 
cell-0-2-6 539 427 75 35 
cell-0-2-7 614 427 75 35 
cell-0-3-0 89 466 75 35 
cell-0-3-1 164 466 75 35 
cell-0-3-2 239 466 75 35 
cell-0-3-3 314 466 75 35 
cell-0-3-4 389 466 75 35 
cell-0-3-5 464 466 75 35 
cell-0-3-6 539 466 75 35 
cell-0-3-7 614 466 75 35 
cell-0-4-0 89 505 75 35 
cell-0-4-1 164 505 75 35 
cell-0-4-2 239 505 75 35 
cell-0-4-3 314 505 75 35 
cell-0-4-4 389 505 75 35 
cell-0-4-5 464 505 75 35 
cell-0-4-6 539 505 75 35 
cell-0-4-7 614 505 75 35 
cell-0-5-0 89 544 75 35 
cell-0-5-1 164 544 75 35 
cell-0-5-2 239 544 75 35 
cell-0-5-3 314 544 75 35 
cell-0-5-4 389 544 75 35 
cell-0-5-5 464 544 75 35 
cell-0-5-6 539 544 75 35 
cell-0-5-7 614 544 75 35 
cell-0-6-0 89 583 75 35 
cell-0-6-1 164 583 75 35 
cell-0-6-2 239 583 75 35 
cell-0-6-3 314 583 75 35 
cell-0-6-4 389 583 75 35 
cell-0-6-5 464 583 75 35 
cell-0-6-6 539 583 75 35 
cell-0-6-7 614 583 75 35 
cell-0-7-0 89 622 75 35 
cell-0-7-1 164 622 75 35 
cell-0-7-2 239 622 75 35 
cell-0-7-3 314 622 75 35 
cell-0-7-4 389 622 75 35 
cell-0-7-5 464 622 75 35 
cell-0-7-6 539 622 75 35 
cell-0-7-7 614 622 75 35 
cell-0-8-0 89 661 75 35 
cell-0-8-1 164 661 75 35 
cell-0-8-2 239 661 75 35 
cell-0-8-3 314 661 75 35 
cell-0-8-4 389 661 75 35 
cell-0-8-5 464 661 75 35 
cell-0-8-6 539 661 75 35 
cell-0-8-7 614 661 75 35 
header-2 119 999 785 193 
row-1-1 119 999 274 40 
row-1-2 413 999 274 40 
row-2-1 119 1049 307 40 
row-2-2 446 1049 455 40 
row-3-1 119 1099 538 40 
row-4-1 119 1149 703 40 
