table-0 87 126 800 481 
cell-0-0-0 87 126 133 46 
cell-0-0-1 220 126 133 46 
cell-0-0-2 353 126 133 46 
cell-0-0-3 486 126 133 46 
cell-0-0-4 619 126 133 46 
cell-0-0-5 752 126 133 46 
cell-0-1-0 87 174 133 46 
cell-0-1-1 220 174 133 46 
cell-0-1-2 353 174 133 46 
cell-0-1-3 486 174 133 46 
cell-0-1-4 619 174 133 46 
cell-0-1-5 752 174 133 46 
cell-0-2-0 87 222 133 46 
cell-0-2-1 220 222 133 46 
cell-0-2-2 353 222 133 46 
cell-0-2-3 486 222 133 46 
cell-0-2-4 619 222 133 46 
cell-0-2-5 752 222 133 46 
cell-0-3-0 87 270 133 46 
cell-0-3-1 220 270 133 46 
cell-0-3-2 353 270 133 46 
cell-0-3-3 486 270 133 46 
cell-0-3-4 619 270 133 46 
cell-0-3-5 752 270 133 46 
cell-0-4-0 87 318 133 46 
cell-0-4-1 220 318 133 46 
cell-0-4-2 353 318 133 46 
cell-0-4-3 486 318 133 46 
cell-0-4-4 619 318 133 46 
cell-0-4-5 752 318 133 46 
cell-0-5-0 87 366 133 46 
cell-0-5-1 220 366 133 46 
cell-0-5-2 353 366 133 46 
cell-0-5-3 486 366 133 46 
cell-0-5-4 619 366 133 46 
cell-0-5-5 752 366 133 46 
cell-0-6-0 87 414 133 46 
cell-0-6-1 220 414 133 46 
cell-0-6-2 353 414 133 46 
cell-0-6-3 486 414 133 46 
cell-0-6-4 619 414 133 46 
cell-0-6-5 752 414 133 46 
cell-0-7-0 87 462 133 46 
cell-0-7-1 220 462 133 46 
cell-0-7-2 353 462 133 46 
cell-0-7-3 486 462 133 46 
cell-0-7-4 619 462 133 46 
cell-0-7-5 752 462 133 46 
cell-0-8-0 87 510 133 46 
cell-0-8-1 220 510 133 46 
cell-0-8-2 353 510 133 46 
cell-0-8-3 486 510 133 46 
cell-0-8-4 619 510 133 46 
cell-0-8-5 752 510 133 46 
cell-0-9-0 87 558 133 46 
cell-0-9-1 220 558 133 46 
cell-0-9-2 353 558 133 46 
cell-0-9-3 486 558 133 46 
cell-0-9-4 619 558 133 46 
cell-0-9-5 752 558 133 46 
