table-0 382 525 600 263 
cell-0-0-0 382 525 66 46 
cell-0-0-1 448 525 66 46 
cell-0-0-2 514 525 66 46 
cell-0-0-3 580 525 66 46 
cell-0-0-4 646 525 66 46 
cell-0-0-5 712 525 66 46 
cell-0-0-6 778 525 66 46 
cell-0-0-7 844 525 66 46 
cell-0-0-8 910 525 66 46 
cell-0-1-0 382 579 66 46 
cell-0-1-1 448 579 66 46 
cell-0-1-2 514 579 66 46 
cell-0-1-3 580 579 66 46 
cell-0-1-4 646 579 66 46 
cell-0-1-5 712 579 66 46 
cell-0-1-6 778 579 66 46 
cell-0-1-7 844 579 66 46 
cell-0-1-8 910 579 66 46 
cell-0-2-0 382 633 66 46 
cell-0-2-1 448 633 66 46 
cell-0-2-2 514 633 66 46 
cell-0-2-3 580 633 66 46 
cell-0-2-4 646 633 66 46 
cell-0-2-5 712 633 66 46 
cell-0-2-6 778 633 66 46 
cell-0-2-7 844 633 66 46 
cell-0-2-8 910 633 66 46 
cell-0-3-0 382 687 66 46 
cell-0-3-1 448 687 66 46 
cell-0-3-2 514 687 66 46 
cell-0-3-3 580 687 66 46 
cell-0-3-4 646 687 66 46 
cell-0-3-5 712 687 66 46 
cell-0-3-6 778 687 66 46 
cell-0-3-7 844 687 66 46 
cell-0-3-8 910 687 66 46 
cell-0-4-0 382 741 66 46 
cell-0-4-1 448 741 66 46 
cell-0-4-2 514 741 66 46 
cell-0-4-3 580 741 66 46 
cell-0-4-4 646 741 66 46 
cell-0-4-5 712 741 66 46 
cell-0-4-6 778 741 66 46 
cell-0-4-7 844 741 66 46 
cell-0-4-8 910 741 66 46 
