table-0 158 546 635 474 
cell-0-0-0 158 546 44 42 
cell-0-0-1 202 546 44 42 
cell-0-0-2 246 546 44 42 
cell-0-0-3 290 546 44 42 
cell-0-0-4 334 546 44 42 
cell-0-0-5 378 546 415 42 
cell-0-1-0 158 589 44 42 
cell-0-1-1 202 589 44 42 
cell-0-1-2 246 589 44 42 
cell-0-1-3 290 589 44 42 
cell-0-1-4 334 589 44 42 
cell-0-1-5 378 589 415 42 
cell-0-2-0 158 632 44 42 
cell-0-2-1 202 632 44 42 
cell-0-2-2 246 632 44 42 
cell-0-2-3 290 632 44 42 
cell-0-2-4 334 632 44 42 
cell-0-2-5 378 632 415 42 
cell-0-3-0 158 675 44 42 
cell-0-3-1 202 675 44 42 
cell-0-3-2 246 675 44 42 
cell-0-3-3 290 675 44 42 
cell-0-3-4 334 675 44 42 
cell-0-3-5 378 675 415 42 
cell-0-4-0 158 718 44 42 
cell-0-4-1 202 718 44 42 
cell-0-4-2 246 718 44 42 
cell-0-4-3 290 718 44 42 
cell-0-4-4 334 718 44 42 
cell-0-4-5 378 718 415 42 
cell-0-5-0 158 761 44 42 
cell-0-5-1 202 761 44 42 
cell-0-5-2 246 761 44 42 
cell-0-5-3 290 761 44 42 
cell-0-5-4 334 761 44 42 
cell-0-5-5 378 761 415 42 
cell-0-6-0 158 804 44 42 
cell-0-6-1 202 804 44 42 
cell-0-6-2 246 804 44 42 
cell-0-6-3 290 804 44 42 
cell-0-6-4 334 804 44 42 
cell-0-6-5 378 804 415 42 
cell-0-7-0 158 847 44 42 
cell-0-7-1 202 847 44 42 
cell-0-7-2 246 847 44 42 
cell-0-7-3 290 847 44 42 
cell-0-7-4 334 847 44 42 
cell-0-7-5 378 847 415 42 
cell-0-8-0 158 890 44 42 
cell-0-8-1 202 890 44 42 
cell-0-8-2 246 890 44 42 
cell-0-8-3 290 890 44 42 
cell-0-8-4 334 890 44 42 
cell-0-8-5 378 890 415 42 
cell-0-9-0 158 933 44 42 
cell-0-9-1 202 933 44 42 
cell-0-9-2 246 933 44 42 
cell-0-9-3 290 933 44 42 
cell-0-9-4 334 933 44 42 
cell-0-9-5 378 933 415 42 
cell-0-10-0 158 976 44 42 
cell-0-10-1 202 976 44 42 
cell-0-10-2 246 976 44 42 
cell-0-10-3 290 976 44 42 
cell-0-10-4 334 976 44 42 
cell-0-10-5 378 976 415 42 
