table-0 305 255 410 233 
cell-0-1-0 305 255 34 35 
cell-0-1-1 339 255 34 35 
cell-0-1-2 373 255 34 35 
cell-0-1-3 407 255 34 35 
cell-0-1-4 441 255 34 35 
cell-0-1-5 475 255 34 35 
cell-0-1-6 509 255 34 35 
cell-0-1-7 543 255 34 35 
cell-0-1-8 577 255 34 35 
cell-0-1-9 611 255 34 35 
cell-0-1-10 645 255 34 35 
cell-0-1-11 679 255 34 35 
cell-0-2-0 305 304 34 35 
cell-0-2-1 339 304 34 35 
cell-0-2-2 373 304 34 35 
cell-0-2-3 407 304 34 35 
cell-0-2-4 441 304 34 35 
cell-0-2-5 475 304 34 35 
cell-0-2-6 509 304 34 35 
cell-0-2-7 543 304 34 35 
cell-0-2-8 577 304 34 35 
cell-0-2-9 611 304 34 35 
cell-0-2-10 645 304 34 35 
cell-0-2-11 679 304 34 35 
cell-0-3-0 305 353 34 35 
cell-0-3-1 339 353 34 35 
cell-0-3-2 373 353 34 35 
cell-0-3-3 407 353 34 35 
cell-0-3-4 441 353 34 35 
cell-0-3-5 475 353 34 35 
cell-0-3-6 509 353 34 35 
cell-0-3-7 543 353 34 35 
cell-0-3-8 577 353 34 35 
cell-0-3-9 611 353 34 35 
cell-0-3-10 645 353 34 35 
cell-0-3-11 679 353 34 35 
cell-0-4-0 305 402 34 35 
cell-0-4-1 339 402 34 35 
cell-0-4-2 373 402 34 35 
cell-0-4-3 407 402 34 35 
cell-0-4-4 441 402 34 35 
cell-0-4-5 475 402 34 35 
cell-0-4-6 509 402 34 35 
cell-0-4-7 543 402 34 35 
cell-0-4-8 577 402 34 35 
cell-0-4-9 611 402 34 35 
cell-0-4-10 645 402 34 35 
cell-0-4-11 679 402 34 35 
cell-0-5-0 305 451 34 35 
cell-0-5-1 339 451 34 35 
cell-0-5-2 373 451 34 35 
cell-0-5-3 407 451 34 35 
cell-0-5-4 441 451 34 35 
cell-0-5-5 475 451 34 35 
cell-0-5-6 509 451 34 35 
cell-0-5-7 543 451 34 35 
cell-0-5-8 577 451 34 35 
cell-0-5-9 611 451 34 35 
cell-0-5-10 645 451 34 35 
cell-0-5-11 679 451 34 35 
