table-0 452 345 448 284 
cell-0-1-0 452 345 38 35 
cell-0-1-1 493 345 38 35 
cell-0-1-2 534 345 38 35 
cell-0-1-3 575 345 38 35 
cell-0-1-4 616 345 38 35 
cell-0-1-5 657 345 38 35 
cell-0-1-6 698 345 38 35 
cell-0-1-7 739 345 38 35 
cell-0-1-8 780 345 38 35 
cell-0-1-9 821 345 38 35 
cell-0-1-10 862 345 38 35 
cell-0-2-0 452 386 38 35 
cell-0-2-1 493 386 38 35 
cell-0-2-2 534 386 38 35 
cell-0-2-3 575 386 38 35 
cell-0-2-4 616 386 38 35 
cell-0-2-5 657 386 38 35 
cell-0-2-6 698 386 38 35 
cell-0-2-7 739 386 38 35 
cell-0-2-8 780 386 38 35 
cell-0-2-9 821 386 38 35 
cell-0-2-10 862 386 38 35 
cell-0-3-0 452 427 38 35 
cell-0-3-1 493 427 38 35 
cell-0-3-2 534 427 38 35 
cell-0-3-3 575 427 38 35 
cell-0-3-4 616 427 38 35 
cell-0-3-5 657 427 38 35 
cell-0-3-6 698 427 38 35 
cell-0-3-7 739 427 38 35 
cell-0-3-8 780 427 38 35 
cell-0-3-9 821 427 38 35 
cell-0-3-10 862 427 38 35 
cell-0-4-0 452 468 38 35 
cell-0-4-1 493 468 38 35 
cell-0-4-2 534 468 38 35 
cell-0-4-3 575 468 38 35 
cell-0-4-4 616 468 38 35 
cell-0-4-5 657 468 38 35 
cell-0-4-6 698 468 38 35 
cell-0-4-7 739 468 38 35 
cell-0-4-8 780 468 38 35 
cell-0-4-9 821 468 38 35 
cell-0-4-10 862 468 38 35 
cell-0-5-0 452 509 38 35 
cell-0-5-1 493 509 38 35 
cell-0-5-2 534 509 38 35 
cell-0-5-3 575 509 38 35 
cell-0-5-4 616 509 38 35 
cell-0-5-5 657 509 38 35 
cell-0-5-6 698 509 38 35 
cell-0-5-7 739 509 38 35 
cell-0-5-8 780 509 38 35 
cell-0-5-9 821 509 38 35 
cell-0-5-10 862 509 38 35 
cell-0-6-0 452 550 38 35 
cell-0-6-1 493 550 38 35 
cell-0-6-2 534 550 38 35 
cell-0-6-3 575 550 38 35 
cell-0-6-4 616 550 38 35 
cell-0-6-5 657 550 38 35 
cell-0-6-6 698 550 38 35 
cell-0-6-7 739 550 38 35 
cell-0-6-8 780 550 38 35 
cell-0-6-9 821 550 38 35 
cell-0-6-10 862 550 38 35 
cell-0-7-0 452 591 38 35 
cell-0-7-1 493 591 38 35 
cell-0-7-2 534 591 38 35 
cell-0-7-3 575 591 38 35 
cell-0-7-4 616 591 38 35 
cell-0-7-5 657 591 38 35 
cell-0-7-6 698 591 38 35 
cell-0-7-7 739 591 38 35 
cell-0-7-8 780 591 38 35 
cell-0-7-9 821 591 38 35 
cell-0-7-10 862 591 38 35 
