header-0 111 144 903 193 
row-1-1 111 144 379 40 
row-1-2 510 144 313 40 
row-2-1 111 194 412 40 
row-2-2 543 194 464 40 
row-3-1 111 244 577 40 
row-4-1 111 294 478 40 
table-2 97 530 668 374 
cell-2-1-0 97 530 35 35 
cell-2-1-1 132 530 35 35 
cell-2-1-2 167 530 35 35 
cell-2-1-3 202 530 35 35 
cell-2-1-4 237 530 35 35 
cell-2-1-5 272 530 35 35 
cell-2-1-6 307 530 35 35 
cell-2-1-7 342 530 35 35 
cell-2-1-8 377 530 35 35 
cell-2-1-9 412 530 35 35 
cell-2-1-10 447 530 35 35 
cell-2-1-11 482 530 35 35 
cell-2-1-12 517 530 35 35 
cell-2-1-13 552 530 35 35 
cell-2-1-14 587 530 35 35 
cell-2-1-15 622 530 35 35 
cell-2-1-16 657 530 35 35 
cell-2-1-17 692 530 35 35 
cell-2-1-18 727 530 35 35 
cell-2-2-0 97 572 35 35 
cell-2-2-1 132 572 35 35 
cell-2-2-2 167 572 35 35 
cell-2-2-3 202 572 35 35 
cell-2-2-4 237 572 35 35 
cell-2-2-5 272 572 35 35 
cell-2-2-6 307 572 35 35 
cell-2-2-7 342 572 35 35 
cell-2-2-8 377 572 35 35 
cell-2-2-9 412 572 35 35 
cell-2-2-10 447 572 35 35 
cell-2-2-11 482 572 35 35 
cell-2-2-12 517 572 35 35 
cell-2-2-13 552 572 35 35 
cell-2-2-14 587 572 35 35 
cell-2-2-15 622 572 35 35 
cell-2-2-16 657 572 35 35 
cell-2-2-17 692 572 35 35 
cell-2-2-18 727 572 35 35 
cell-2-3-0 97 614 35 35 
cell-2-3-1 132 614 35 35 
cell-2-3-2 167 614 35 35 
cell-2-3-3 202 614 35 35 
cell-2-3-4 237 614 35 35 
cell-2-3-5 272 614 35 35 
cell-2-3-6 307 614 35 35 
cell-2-3-7 342 614 35 35 
cell-2-3-8 377 614 35 35 
cell-2-3-9 412 614 35 35 
cell-2-3-10 447 614 35 35 
cell-2-3-11 482 614 35 35 
cell-2-3-12 517 614 35 35 
cell-2-3-13 552 614 35 35 
cell-2-3-14 587 614 35 35 
cell-2-3-15 622 614 35 35 
cell-2-3-16 657 614 35 35 
cell-2-3-17 692 614 35 35 
cell-2-3-18 727 614 35 35 
cell-2-4-0 97 656 35 35 
cell-2-4-1 132 656 35 35 
cell-2-4-2 167 656 35 35 
cell-2-4-3 202 656 35 35 
cell-2-4-4 237 656 35 35 
cell-2-4-5 272 656 35 35 
cell-2-4-6 307 656 35 35 
cell-2-4-7 342 656 35 35 
cell-2-4-8 377 656 35 35 
cell-2-4-9 412 656 35 35 
cell-2-4-10 447 656 35 35 
cell-2-4-11 482 656 35 35 
cell-2-4-12 517 656 35 35 
cell-2-4-13 552 656 35 35 
cell-2-4-14 587 656 35 35 
cell-2-4-15 622 656 35 35 
cell-2-4-16 657 656 35 35 
cell-2-4-17 692 656 35 35 
cell-2-4-18 727 656 35 35 
cell-2-5-0 97 698 35 35 
cell-2-5-1 132 698 35 35 
cell-2-5-2 167 698 35 35 
cell-2-5-3 202 698 35 35 
cell-2-5-4 237 698 35 35 
cell-2-5-5 272 698 35 35 
cell-2-5-6 307 698 35 35 
cell-2-5-7 342 698 35 35 
cell-2-5-8 377 698 35 35 
cell-2-5-9 412 698 35 35 
cell-2-5-10 447 698 35 35 
cell-2-5-11 482 698 35 35 
cell-2-5-12 517 698 35 35 
cell-2-5-13 552 698 35 35 
cell-2-5-14 587 698 35 35 
cell-2-5-15 622 698 35 35 
cell-2-5-16 657 698 35 35 
cell-2-5-17 692 698 35 35 
cell-2-5-18 727 698 35 35 
cell-2-6-0 97 740 35 35 
cell-2-6-1 132 740 35 35 
cell-2-6-2 167 740 35 35 
cell-2-6-3 202 740 35 35 
cell-2-6-4 237 740 35 35 
cell-2-6-5 272 740 35 35 
cell-2-6-6 307 740 35 35 
cell-2-6-7 342 740 35 35 
cell-2-6-8 377 740 35 35 
cell-2-6-9 412 740 35 35 
cell-2-6-10 447 740 35 35 
cell-2-6-11 482 740 35 35 
cell-2-6-12 517 740 35 35 
cell-2-6-13 552 740 35 35 
cell-2-6-14 587 740 35 35 
cell-2-6-15 622 740 35 35 
cell-2-6-16 657 740 35 35 
cell-2-6-17 692 740 35 35 
cell-2-6-18 727 740 35 35 
cell-2-7-0 97 782 35 35 
cell-2-7-1 132 782 35 35 
cell-2-7-2 167 782 35 35 
cell-2-7-3 202 782 35 35 
cell-2-7-4 237 782 35 35 
cell-2-7-5 272 782 35 35 
cell-2-7-6 307 782 35 35 
cell-2-7-7 342 782 35 35 
cell-2-7-8 377 782 35 35 
cell-2-7-9 412 782 35 35 
cell-2-7-10 447 782 35 35 
cell-2-7-11 482 782 35 35 
cell-2-7-12 517 782 35 35 
cell-2-7-13 552 782 35 35 
cell-2-7-14 587 782 35 35 
cell-2-7-15 622 782 35 35 
cell-2-7-16 657 782 35 35 
cell-2-7-17 692 782 35 35 
cell-2-7-18 727 782 35 35 
cell-2-8-0 97 824 35 35 
cell-2-8-1 132 824 35 35 
cell-2-8-2 167 824 35 35 
cell-2-8-3 202 824 35 35 
cell-2-8-4 237 824 35 35 
cell-2-8-5 272 824 35 35 
cell-2-8-6 307 824 35 35 
cell-2-8-7 342 824 35 35 
cell-2-8-8 377 824 35 35 
cell-2-8-9 412 824 35 35 
cell-2-8-10 447 824 35 35 
cell-2-8-11 482 824 35 35 
cell-2-8-12 517 824 35 35 
cell-2-8-13 552 824 35 35 
cell-2-8-14 587 824 35 35 
cell-2-8-15 622 824 35 35 
cell-2-8-16 657 824 35 35 
cell-2-8-17 692 824 35 35 
cell-2-8-18 727 824 35 35 
cell-2-9-0 97 866 35 35 
cell-2-9-1 132 866 35 35 
cell-2-9-2 167 866 35 35 
cell-2-9-3 202 866 35 35 
cell-2-9-4 237 866 35 35 
cell-2-9-5 272 866 35 35 
cell-2-9-6 307 866 35 35 
cell-2-9-7 342 866 35 35 
cell-2-9-8 377 866 35 35 
cell-2-9-9 412 866 35 35 
cell-2-9-10 447 866 35 35 
cell-2-9-11 482 866 35 35 
cell-2-9-12 517 866 35 35 
cell-2-9-13 552 866 35 35 
cell-2-9-14 587 866 35 35 
cell-2-9-15 622 866 35 35 
cell-2-9-16 657 866 35 35 
cell-2-9-17 692 866 35 35 
cell-2-9-18 727 866 35 35 
