table-0 101 558 738 387 
cell-0-1-0 101 558 36 35 
cell-0-1-1 140 558 36 35 
cell-0-1-2 179 558 36 35 
cell-0-1-3 218 558 36 35 
cell-0-1-4 257 558 36 35 
cell-0-1-5 296 558 36 35 
cell-0-1-6 335 558 36 35 
cell-0-1-7 374 558 36 35 
cell-0-1-8 413 558 36 35 
cell-0-1-9 452 558 36 35 
cell-0-1-10 491 558 36 35 
cell-0-1-11 530 558 36 35 
cell-0-1-12 569 558 36 35 
cell-0-1-13 608 558 36 35 
cell-0-1-14 647 558 36 35 
cell-0-1-15 686 558 36 35 
cell-0-1-16 725 558 36 35 
cell-0-1-17 764 558 36 35 
cell-0-1-18 803 558 36 35 
cell-0-2-0 101 608 36 35 
cell-0-2-1 140 608 36 35 
cell-0-2-2 179 608 36 35 
cell-0-2-3 218 608 36 35 
cell-0-2-4 257 608 36 35 
cell-0-2-5 296 608 36 35 
cell-0-2-6 335 608 36 35 
cell-0-2-7 374 608 36 35 
cell-0-2-8 413 608 36 35 
cell-0-2-9 452 608 36 35 
cell-0-2-10 491 608 36 35 
cell-0-2-11 530 608 36 35 
cell-0-2-12 569 608 36 35 
cell-0-2-13 608 608 36 35 
cell-0-2-14 647 608 36 35 
cell-0-2-15 686 608 36 35 
cell-0-2-16 725 608 36 35 
cell-0-2-17 764 608 36 35 
cell-0-2-18 803 608 36 35 
cell-0-3-0 101 658 36 35 
cell-0-3-1 140 658 36 35 
cell-0-3-2 179 658 36 35 
cell-0-3-3 218 658 36 35 
cell-0-3-4 257 658 36 35 
cell-0-3-5 296 658 36 35 
cell-0-3-6 335 658 36 35 
cell-0-3-7 374 658 36 35 
cell-0-3-8 413 658 36 35 
cell-0-3-9 452 658 36 35 
cell-0-3-10 491 658 36 35 
cell-0-3-11 530 658 36 35 
cell-0-3-12 569 658 36 35 
cell-0-3-13 608 658 36 35 
cell-0-3-14 647 658 36 35 
cell-0-3-15 686 658 36 35 
cell-0-3-16 725 658 36 35 
cell-0-3-17 764 658 36 35 
cell-0-3-18 803 658 36 35 
cell-0-4-0 101 708 36 35 
cell-0-4-1 140 708 36 35 
cell-0-4-2 179 708 36 35 
cell-0-4-3 218 708 36 35 
cell-0-4-4 257 708 36 35 
cell-0-4-5 296 708 36 35 
cell-0-4-6 335 708 36 35 
cell-0-4-7 374 708 36 35 
cell-0-4-8 413 708 36 35 
cell-0-4-9 452 708 36 35 
cell-0-4-10 491 708 36 35 
cell-0-4-11 530 708 36 35 
cell-0-4-12 569 708 36 35 
cell-0-4-13 608 708 36 35 
cell-0-4-14 647 708 36 35 
cell-0-4-15 686 708 36 35 
cell-0-4-16 725 708 36 35 
cell-0-4-17 764 708 36 35 
cell-0-4-18 803 708 36 35 
cell-0-5-0 101 758 36 35 
cell-0-5-1 140 758 36 35 
cell-0-5-2 179 758 36 35 
cell-0-5-3 218 758 36 35 
cell-0-5-4 257 758 36 35 
cell-0-5-5 296 758 36 35 
cell-0-5-6 335 758 36 35 
cell-0-5-7 374 758 36 35 
cell-0-5-8 413 758 36 35 
cell-0-5-9 452 758 36 35 
cell-0-5-10 491 758 36 35 
cell-0-5-11 530 758 36 35 
cell-0-5-12 569 758 36 35 
cell-0-5-13 608 758 36 35 
cell-0-5-14 647 758 36 35 
cell-0-5-15 686 758 36 35 
cell-0-5-16 725 758 36 35 
cell-0-5-17 764 758 36 35 
cell-0-5-18 803 758 36 35 
cell-0-6-0 101 808 36 35 
cell-0-6-1 140 808 36 35 
cell-0-6-2 179 808 36 35 
cell-0-6-3 218 808 36 35 
cell-0-6-4 257 808 36 35 
cell-0-6-5 296 808 36 35 
cell-0-6-6 335 808 36 35 
cell-0-6-7 374 808 36 35 
cell-0-6-8 413 808 36 35 
cell-0-6-9 452 808 36 35 
cell-0-6-10 491 808 36 35 
cell-0-6-11 530 808 36 35 
cell-0-6-12 569 808 36 35 
cell-0-6-13 608 808 36 35 
cell-0-6-14 647 808 36 35 
cell-0-6-15 686 808 36 35 
cell-0-6-16 725 808 36 35 
cell-0-6-17 764 808 36 35 
cell-0-6-18 803 808 36 35 
cell-0-7-0 101 858 36 35 
cell-0-7-1 140 858 36 35 
cell-0-7-2 179 858 36 35 
cell-0-7-3 218 858 36 35 
cell-0-7-4 257 858 36 35 
cell-0-7-5 296 858 36 35 
cell-0-7-6 335 858 36 35 
cell-0-7-7 374 858 36 35 
cell-0-7-8 413 858 36 35 
cell-0-7-9 452 858 36 35 
cell-0-7-10 491 858 36 35 
cell-0-7-11 530 858 36 35 
cell-0-7-12 569 858 36 35 
cell-0-7-13 608 858 36 35 
cell-0-7-14 647 858 36 35 
cell-0-7-15 686 858 36 35 
cell-0-7-16 725 858 36 35 
cell-0-7-17 764 858 36 35 
cell-0-7-18 803 858 36 35 
cell-0-8-0 101 908 36 35 
cell-0-8-1 140 908 36 35 
cell-0-8-2 179 908 36 35 
cell-0-8-3 218 908 36 35 
cell-0-8-4 257 908 36 35 
cell-0-8-5 296 908 36 35 
cell-0-8-6 335 908 36 35 
cell-0-8-7 374 908 36 35 
cell-0-8-8 413 908 36 35 
cell-0-8-9 452 908 36 35 
cell-0-8-10 491 908 36 35 
cell-0-8-11 530 908 36 35 
cell-0-8-12 569 908 36 35 
cell-0-8-13 608 908 36 35 
cell-0-8-14 647 908 36 35 
cell-0-8-15 686 908 36 35 
cell-0-8-16 725 908 36 35 
cell-0-8-17 764 908 36 35 
cell-0-8-18 803 908 36 35 
