table-0 614 245 273 407 
cell-0-0-0 614 245 45 35 
cell-0-0-1 659 245 45 35 
cell-0-0-2 704 245 45 35 
cell-0-0-3 749 245 45 35 
cell-0-0-4 794 245 45 35 
cell-0-0-5 839 245 45 35 
cell-0-1-0 614 286 45 35 
cell-0-1-1 659 286 45 35 
cell-0-1-2 704 286 45 35 
cell-0-1-3 749 286 45 35 
cell-0-1-4 794 286 45 35 
cell-0-1-5 839 286 45 35 
cell-0-2-0 614 327 45 35 
cell-0-2-1 659 327 45 35 
cell-0-2-2 704 327 45 35 
cell-0-2-3 749 327 45 35 
cell-0-2-4 794 327 45 35 
cell-0-2-5 839 327 45 35 
cell-0-3-0 614 368 45 35 
cell-0-3-1 659 368 45 35 
cell-0-3-2 704 368 45 35 
cell-0-3-3 749 368 45 35 
cell-0-3-4 794 368 45 35 
cell-0-3-5 839 368 45 35 
cell-0-4-0 614 409 45 35 
cell-0-4-1 659 409 45 35 
cell-0-4-2 704 409 45 35 
cell-0-4-3 749 409 45 35 
cell-0-4-4 794 409 45 35 
cell-0-4-5 839 409 45 35 
cell-0-5-0 614 450 45 35 
cell-0-5-1 659 450 45 35 
cell-0-5-2 704 450 45 35 
cell-0-5-3 749 450 45 35 
cell-0-5-4 794 450 45 35 
cell-0-5-5 839 450 45 35 
cell-0-6-0 614 491 45 35 
cell-0-6-1 659 491 45 35 
cell-0-6-2 704 491 45 35 
cell-0-6-3 749 491 45 35 
cell-0-6-4 794 491 45 35 
cell-0-6-5 839 491 45 35 
cell-0-7-0 614 532 45 35 
cell-0-7-1 659 532 45 35 
cell-0-7-2 704 532 45 35 
cell-0-7-3 749 532 45 35 
cell-0-7-4 794 532 45 35 
cell-0-7-5 839 532 45 35 
cell-0-8-0 614 573 45 35 
cell-0-8-1 659 573 45 35 
cell-0-8-2 704 573 45 35 
cell-0-8-3 749 573 45 35 
cell-0-8-4 794 573 45 35 
cell-0-8-5 839 573 45 35 
cell-0-9-0 614 614 45 35 
cell-0-9-1 659 614 45 35 
cell-0-9-2 704 614 45 35 
cell-0-9-3 749 614 45 35 
cell-0-9-4 794 614 45 35 
cell-0-9-5 839 614 45 35 
header-1 89 858 863 193 
row-1-1 89 858 271 40 
row-1-2 380 858 304 40 
row-2-1 89 908 403 40 
row-2-2 512 908 436 40 
row-3-1 89 958 799 40 
row-4-1 89 1008 601 40 
