table-0 377 350 653 644 
cell-0-0-0 377 350 43 41 
cell-0-0-1 420 350 43 41 
cell-0-0-2 463 350 43 41 
cell-0-0-3 506 350 43 41 
cell-0-0-4 549 350 43 41 
cell-0-0-5 592 350 43 41 
cell-0-0-6 635 350 395 41 
cell-0-1-0 377 393 43 41 
cell-0-1-1 420 393 43 41 
cell-0-1-2 463 393 43 41 
cell-0-1-3 506 393 43 41 
cell-0-1-4 549 393 43 41 
cell-0-1-5 592 393 43 41 
cell-0-1-6 635 393 395 41 
cell-0-2-0 377 436 43 41 
cell-0-2-1 420 436 43 41 
cell-0-2-2 463 436 43 41 
cell-0-2-3 506 436 43 41 
cell-0-2-4 549 436 43 41 
cell-0-2-5 592 436 43 41 
cell-0-2-6 635 436 395 41 
cell-0-3-0 377 479 43 41 
cell-0-3-1 420 479 43 41 
cell-0-3-2 463 479 43 41 
cell-0-3-3 506 479 43 41 
cell-0-3-4 549 479 43 41 
cell-0-3-5 592 479 43 41 
cell-0-3-6 635 479 395 41 
cell-0-4-0 377 522 43 41 
cell-0-4-1 420 522 43 41 
cell-0-4-2 463 522 43 41 
cell-0-4-3 506 522 43 41 
cell-0-4-4 549 522 43 41 
cell-0-4-5 592 522 43 41 
cell-0-4-6 635 522 395 41 
cell-0-5-0 377 565 43 41 
cell-0-5-1 420 565 43 41 
cell-0-5-2 463 565 43 41 
cell-0-5-3 506 565 43 41 
cell-0-5-4 549 565 43 41 
cell-0-5-5 592 565 43 41 
cell-0-5-6 635 565 395 41 
cell-0-6-0 377 608 43 41 
cell-0-6-1 420 608 43 41 
cell-0-6-2 463 608 43 41 
cell-0-6-3 506 608 43 41 
cell-0-6-4 549 608 43 41 
cell-0-6-5 592 608 43 41 
cell-0-6-6 635 608 395 41 
cell-0-7-0 377 651 43 41 
cell-0-7-1 420 651 43 41 
cell-0-7-2 463 651 43 41 
cell-0-7-3 506 651 43 41 
cell-0-7-4 549 651 43 41 
cell-0-7-5 592 651 43 41 
cell-0-7-6 635 651 395 41 
cell-0-8-0 377 694 43 41 
cell-0-8-1 420 694 43 41 
cell-0-8-2 463 694 43 41 
cell-0-8-3 506 694 43 41 
cell-0-8-4 549 694 43 41 
cell-0-8-5 592 694 43 41 
cell-0-8-6 635 694 395 41 
cell-0-9-0 377 737 43 41 
cell-0-9-1 420 737 43 41 
cell-0-9-2 463 737 43 41 
cell-0-9-3 506 737 43 41 
cell-0-9-4 549 737 43 41 
cell-0-9-5 592 737 43 41 
cell-0-9-6 635 737 395 41 
cell-0-10-0 377 780 43 41 
cell-0-10-1 420 780 43 41 
cell-0-10-2 463 780 43 41 
cell-0-10-3 506 780 43 41 
cell-0-10-4 549 780 43 41 
cell-0-10-5 592 780 43 41 
cell-0-10-6 635 780 395 41 
cell-0-11-0 377 823 43 41 
cell-0-11-1 420 823 43 41 
cell-0-11-2 463 823 43 41 
cell-0-11-3 506 823 43 41 
cell-0-11-4 549 823 43 41 
cell-0-11-5 592 823 43 41 
cell-0-11-6 635 823 395 41 
cell-0-12-0 377 866 43 41 
cell-0-12-1 420 866 43 41 
cell-0-12-2 463 866 43 41 
cell-0-12-3 506 866 43 41 
cell-0-12-4 549 866 43 41 
cell-0-12-5 592 866 43 41 
cell-0-12-6 635 866 395 41 
cell-0-13-0 377 909 43 41 
cell-0-13-1 420 909 43 41 
cell-0-13-2 463 909 43 41 
cell-0-13-3 506 909 43 41 
cell-0-13-4 549 909 43 41 
cell-0-13-5 592 909 43 41 
cell-0-13-6 635 909 395 41 
cell-0-14-0 377 952 43 41 
cell-0-14-1 420 952 43 41 
cell-0-14-2 463 952 43 41 
cell-0-14-3 506 952 43 41 
cell-0-14-4 549 952 43 41 
cell-0-14-5 592 952 43 41 
cell-0-14-6 635 952 395 41 
