table-0 96 841 595 456 
cell-0-1-0 96 841 33 35 
cell-0-1-1 129 841 33 35 
cell-0-1-2 162 841 33 35 
cell-0-1-3 195 841 33 35 
cell-0-1-4 228 841 33 35 
cell-0-1-5 261 841 33 35 
cell-0-1-6 294 841 33 35 
cell-0-1-7 327 841 33 35 
cell-0-1-8 360 841 33 35 
cell-0-1-9 393 841 33 35 
cell-0-1-10 426 841 33 35 
cell-0-1-11 459 841 33 35 
cell-0-1-12 492 841 33 35 
cell-0-1-13 525 841 33 35 
cell-0-1-14 558 841 33 35 
cell-0-1-15 591 841 33 35 
cell-0-1-16 624 841 33 35 
cell-0-1-17 657 841 33 35 
cell-0-2-0 96 901 33 35 
cell-0-2-1 129 901 33 35 
cell-0-2-2 162 901 33 35 
cell-0-2-3 195 901 33 35 
cell-0-2-4 228 901 33 35 
cell-0-2-5 261 901 33 35 
cell-0-2-6 294 901 33 35 
cell-0-2-7 327 901 33 35 
cell-0-2-8 360 901 33 35 
cell-0-2-9 393 901 33 35 
cell-0-2-10 426 901 33 35 
cell-0-2-11 459 901 33 35 
cell-0-2-12 492 901 33 35 
cell-0-2-13 525 901 33 35 
cell-0-2-14 558 901 33 35 
cell-0-2-15 591 901 33 35 
cell-0-2-16 624 901 33 35 
cell-0-2-17 657 901 33 35 
cell-0-3-0 96 961 33 35 
cell-0-3-1 129 961 33 35 
cell-0-3-2 162 961 33 35 
cell-0-3-3 195 961 33 35 
cell-0-3-4 228 961 33 35 
cell-0-3-5 261 961 33 35 
cell-0-3-6 294 961 33 35 
cell-0-3-7 327 961 33 35 
cell-0-3-8 360 961 33 35 
cell-0-3-9 393 961 33 35 
cell-0-3-10 426 961 33 35 
cell-0-3-11 459 961 33 35 
cell-0-3-12 492 961 33 35 
cell-0-3-13 525 961 33 35 
cell-0-3-14 558 961 33 35 
cell-0-3-15 591 961 33 35 
cell-0-3-16 624 961 33 35 
cell-0-3-17 657 961 33 35 
cell-0-4-0 96 1021 33 35 
cell-0-4-1 129 1021 33 35 
cell-0-4-2 162 1021 33 35 
cell-0-4-3 195 1021 33 35 
cell-0-4-4 228 1021 33 35 
cell-0-4-5 261 1021 33 35 
cell-0-4-6 294 1021 33 35 
cell-0-4-7 327 1021 33 35 
cell-0-4-8 360 1021 33 35 
cell-0-4-9 393 1021 33 35 
cell-0-4-10 426 1021 33 35 
cell-0-4-11 459 1021 33 35 
cell-0-4-12 492 1021 33 35 
cell-0-4-13 525 1021 33 35 
cell-0-4-14 558 1021 33 35 
cell-0-4-15 591 1021 33 35 
cell-0-4-16 624 1021 33 35 
cell-0-4-17 657 1021 33 35 
cell-0-5-0 96 1081 33 35 
cell-0-5-1 129 1081 33 35 
cell-0-5-2 162 1081 33 35 
cell-0-5-3 195 1081 33 35 
cell-0-5-4 228 1081 33 35 
cell-0-5-5 261 1081 33 35 
cell-0-5-6 294 1081 33 35 
cell-0-5-7 327 1081 33 35 
cell-0-5-8 360 1081 33 35 
cell-0-5-9 393 1081 33 35 
cell-0-5-10 426 1081 33 35 
cell-0-5-11 459 1081 33 35 
cell-0-5-12 492 1081 33 35 
cell-0-5-13 525 1081 33 35 
cell-0-5-14 558 1081 33 35 
cell-0-5-15 591 1081 33 35 
cell-0-5-16 624 1081 33 35 
cell-0-5-17 657 1081 33 35 
cell-0-6-0 96 1141 33 35 
cell-0-6-1 129 1141 33 35 
cell-0-6-2 162 1141 33 35 
cell-0-6-3 195 1141 33 35 
cell-0-6-4 228 1141 33 35 
cell-0-6-5 261 1141 33 35 
cell-0-6-6 294 1141 33 35 
cell-0-6-7 327 1141 33 35 
cell-0-6-8 360 1141 33 35 
cell-0-6-9 393 1141 33 35 
cell-0-6-10 426 1141 33 35 
cell-0-6-11 459 1141 33 35 
cell-0-6-12 492 1141 33 35 
cell-0-6-13 525 1141 33 35 
cell-0-6-14 558 1141 33 35 
cell-0-6-15 591 1141 33 35 
cell-0-6-16 624 1141 33 35 
cell-0-6-17 657 1141 33 35 
cell-0-7-0 96 1201 33 35 
cell-0-7-1 129 1201 33 35 
cell-0-7-2 162 1201 33 35 
cell-0-7-3 195 1201 33 35 
cell-0-7-4 228 1201 33 35 
cell-0-7-5 261 1201 33 35 
cell-0-7-6 294 1201 33 35 
cell-0-7-7 327 1201 33 35 
cell-0-7-8 360 1201 33 35 
cell-0-7-9 393 1201 33 35 
cell-0-7-10 426 1201 33 35 
cell-0-7-11 459 1201 33 35 
cell-0-7-12 492 1201 33 35 
cell-0-7-13 525 1201 33 35 
cell-0-7-14 558 1201 33 35 
cell-0-7-15 591 1201 33 35 
cell-0-7-16 624 1201 33 35 
cell-0-7-17 657 1201 33 35 
cell-0-8-0 96 1261 33 35 
cell-0-8-1 129 1261 33 35 
cell-0-8-2 162 1261 33 35 
cell-0-8-3 195 1261 33 35 
cell-0-8-4 228 1261 33 35 
cell-0-8-5 261 1261 33 35 
cell-0-8-6 294 1261 33 35 
cell-0-8-7 327 1261 33 35 
cell-0-8-8 360 1261 33 35 
cell-0-8-9 393 1261 33 35 
cell-0-8-10 426 1261 33 35 
cell-0-8-11 459 1261 33 35 
cell-0-8-12 492 1261 33 35 
cell-0-8-13 525 1261 33 35 
cell-0-8-14 558 1261 33 35 
cell-0-8-15 591 1261 33 35 
cell-0-8-16 624 1261 33 35 
cell-0-8-17 657 1261 33 35 
