table-0 444 931 544 506 
cell-0-0-0 444 931 44 42 
cell-0-0-1 488 931 44 42 
cell-0-0-2 532 931 44 42 
cell-0-0-3 576 931 44 42 
cell-0-0-4 620 931 366 42 
cell-0-1-0 444 973 44 42 
cell-0-1-1 488 973 44 42 
cell-0-1-2 532 973 44 42 
cell-0-1-3 576 973 44 42 
cell-0-1-4 620 973 366 42 
cell-0-2-0 444 1015 44 42 
cell-0-2-1 488 1015 44 42 
cell-0-2-2 532 1015 44 42 
cell-0-2-3 576 1015 44 42 
cell-0-2-4 620 1015 366 42 
cell-0-3-0 444 1057 44 42 
cell-0-3-1 488 1057 44 42 
cell-0-3-2 532 1057 44 42 
cell-0-3-3 576 1057 44 42 
cell-0-3-4 620 1057 366 42 
cell-0-4-0 444 1099 44 42 
cell-0-4-1 488 1099 44 42 
cell-0-4-2 532 1099 44 42 
cell-0-4-3 576 1099 44 42 
cell-0-4-4 620 1099 366 42 
cell-0-5-0 444 1141 44 42 
cell-0-5-1 488 1141 44 42 
cell-0-5-2 532 1141 44 42 
cell-0-5-3 576 1141 44 42 
cell-0-5-4 620 1141 366 42 
cell-0-6-0 444 1183 44 42 
cell-0-6-1 488 1183 44 42 
cell-0-6-2 532 1183 44 42 
cell-0-6-3 576 1183 44 42 
cell-0-6-4 620 1183 366 42 
cell-0-7-0 444 1225 44 42 
cell-0-7-1 488 1225 44 42 
cell-0-7-2 532 1225 44 42 
cell-0-7-3 576 1225 44 42 
cell-0-7-4 620 1225 366 42 
cell-0-8-0 444 1267 44 42 
cell-0-8-1 488 1267 44 42 
cell-0-8-2 532 1267 44 42 
cell-0-8-3 576 1267 44 42 
cell-0-8-4 620 1267 366 42 
cell-0-9-0 444 1309 44 42 
cell-0-9-1 488 1309 44 42 
cell-0-9-2 532 1309 44 42 
cell-0-9-3 576 1309 44 42 
cell-0-9-4 620 1309 366 42 
cell-0-10-0 444 1351 44 42 
cell-0-10-1 488 1351 44 42 
cell-0-10-2 532 1351 44 42 
cell-0-10-3 576 1351 44 42 
cell-0-10-4 620 1351 366 42 
cell-0-11-0 444 1393 44 42 
cell-0-11-1 488 1393 44 42 
cell-0-11-2 532 1393 44 42 
cell-0-11-3 576 1393 44 42 
cell-0-11-4 620 1393 366 42 
table-1 390 405 660 413 
cell-1-1-0 390 405 36 35 
cell-1-1-1 429 405 36 35 
cell-1-1-2 468 405 36 35 
cell-1-1-3 507 405 36 35 
cell-1-1-4 546 405 36 35 
cell-1-1-5 585 405 36 35 
cell-1-1-6 624 405 36 35 
cell-1-1-7 663 405 36 35 
cell-1-1-8 702 405 36 35 
cell-1-1-9 741 405 36 35 
cell-1-1-10 780 405 36 35 
cell-1-1-11 819 405 36 35 
cell-1-1-12 858 405 36 35 
cell-1-1-13 897 405 36 35 
cell-1-1-14 936 405 36 35 
cell-1-1-15 975 405 36 35 
cell-1-1-16 1014 405 36 35 
cell-1-2-0 390 452 36 35 
cell-1-2-1 429 452 36 35 
cell-1-2-2 468 452 36 35 
cell-1-2-3 507 452 36 35 
cell-1-2-4 546 452 36 35 
cell-1-2-5 585 452 36 35 
cell-1-2-6 624 452 36 35 
cell-1-2-7 663 452 36 35 
cell-1-2-8 702 452 36 35 
cell-1-2-9 741 452 36 35 
cell-1-2-10 780 452 36 35 
cell-1-2-11 819 452 36 35 
cell-1-2-12 858 452 36 35 
cell-1-2-13 897 452 36 35 
cell-1-2-14 936 452 36 35 
cell-1-2-15 975 452 36 35 
cell-1-2-16 1014 452 36 35 
cell-1-3-0 390 499 36 35 
cell-1-3-1 429 499 36 35 
cell-1-3-2 468 499 36 35 
cell-1-3-3 507 499 36 35 
cell-1-3-4 546 499 36 35 
cell-1-3-5 585 499 36 35 
cell-1-3-6 624 499 36 35 
cell-1-3-7 663 499 36 35 
cell-1-3-8 702 499 36 35 
cell-1-3-9 741 499 36 35 
cell-1-3-10 780 499 36 35 
cell-1-3-11 819 499 36 35 
cell-1-3-12 858 499 36 35 
cell-1-3-13 897 499 36 35 
cell-1-3-14 936 499 36 35 
cell-1-3-15 975 499 36 35 
cell-1-3-16 1014 499 36 35 
cell-1-4-0 390 546 36 35 
cell-1-4-1 429 546 36 35 
cell-1-4-2 468 546 36 35 
cell-1-4-3 507 546 36 35 
cell-1-4-4 546 546 36 35 
cell-1-4-5 585 546 36 35 
cell-1-4-6 624 546 36 35 
cell-1-4-7 663 546 36 35 
cell-1-4-8 702 546 36 35 
cell-1-4-9 741 546 36 35 
cell-1-4-10 780 546 36 35 
cell-1-4-11 819 546 36 35 
cell-1-4-12 858 546 36 35 
cell-1-4-13 897 546 36 35 
cell-1-4-14 936 546 36 35 
cell-1-4-15 975 546 36 35 
cell-1-4-16 1014 546 36 35 
cell-1-5-0 390 593 36 35 
cell-1-5-1 429 593 36 35 
cell-1-5-2 468 593 36 35 
cell-1-5-3 507 593 36 35 
cell-1-5-4 546 593 36 35 
cell-1-5-5 585 593 36 35 
cell-1-5-6 624 593 36 35 
cell-1-5-7 663 593 36 35 
cell-1-5-8 702 593 36 35 
cell-1-5-9 741 593 36 35 
cell-1-5-10 780 593 36 35 
cell-1-5-11 819 593 36 35 
cell-1-5-12 858 593 36 35 
cell-1-5-13 897 593 36 35 
cell-1-5-14 936 593 36 35 
cell-1-5-15 975 593 36 35 
cell-1-5-16 1014 593 36 35 
cell-1-6-0 390 640 36 35 
cell-1-6-1 429 640 36 35 
cell-1-6-2 468 640 36 35 
cell-1-6-3 507 640 36 35 
cell-1-6-4 546 640 36 35 
cell-1-6-5 585 640 36 35 
cell-1-6-6 624 640 36 35 
cell-1-6-7 663 640 36 35 
cell-1-6-8 702 640 36 35 
cell-1-6-9 741 640 36 35 
cell-1-6-10 780 640 36 35 
cell-1-6-11 819 640 36 35 
cell-1-6-12 858 640 36 35 
cell-1-6-13 897 640 36 35 
cell-1-6-14 936 640 36 35 
cell-1-6-15 975 640 36 35 
cell-1-6-16 1014 640 36 35 
cell-1-7-0 390 687 36 35 
cell-1-7-1 429 687 36 35 
cell-1-7-2 468 687 36 35 
cell-1-7-3 507 687 36 35 
cell-1-7-4 546 687 36 35 
cell-1-7-5 585 687 36 35 
cell-1-7-6 624 687 36 35 
cell-1-7-7 663 687 36 35 
cell-1-7-8 702 687 36 35 
cell-1-7-9 741 687 36 35 
cell-1-7-10 780 687 36 35 
cell-1-7-11 819 687 36 35 
cell-1-7-12 858 687 36 35 
cell-1-7-13 897 687 36 35 
cell-1-7-14 936 687 36 35 
cell-1-7-15 975 687 36 35 
cell-1-7-16 1014 687 36 35 
cell-1-8-0 390 734 36 35 
cell-1-8-1 429 734 36 35 
cell-1-8-2 468 734 36 35 
cell-1-8-3 507 734 36 35 
cell-1-8-4 546 734 36 35 
cell-1-8-5 585 734 36 35 
cell-1-8-6 624 734 36 35 
cell-1-8-7 663 734 36 35 
cell-1-8-8 702 734 36 35 
cell-1-8-9 741 734 36 35 
cell-1-8-10 780 734 36 35 
cell-1-8-11 819 734 36 35 
cell-1-8-12 858 734 36 35 
cell-1-8-13 897 734 36 35 
cell-1-8-14 936 734 36 35 
cell-1-8-15 975 734 36 35 
cell-1-8-16 1014 734 36 35 
cell-1-9-0 390 781 36 35 
cell-1-9-1 429 781 36 35 
cell-1-9-2 468 781 36 35 
cell-1-9-3 507 781 36 35 
cell-1-9-4 546 781 36 35 
cell-1-9-5 585 781 36 35 
cell-1-9-6 624 781 36 35 
cell-1-9-7 663 781 36 35 
cell-1-9-8 702 781 36 35 
cell-1-9-9 741 781 36 35 
cell-1-9-10 780 781 36 35 
cell-1-9-11 819 781 36 35 
cell-1-9-12 858 781 36 35 
cell-1-9-13 897 781 36 35 
cell-1-9-14 936 781 36 35 
cell-1-9-15 975 781 36 35 
cell-1-9-16 1014 781 36 35 
