table-0 149 771 222 667 
cell-0-0-0 149 771 44 35 
cell-0-0-1 193 771 44 35 
cell-0-0-2 237 771 44 35 
cell-0-0-3 281 771 44 35 
cell-0-0-4 325 771 44 35 
cell-0-1-0 149 816 44 35 
cell-0-1-1 193 816 44 35 
cell-0-1-2 237 816 44 35 
cell-0-1-3 281 816 44 35 
cell-0-1-4 325 816 44 35 
cell-0-2-0 149 861 44 35 
cell-0-2-1 193 861 44 35 
cell-0-2-2 237 861 44 35 
cell-0-2-3 281 861 44 35 
cell-0-2-4 325 861 44 35 
cell-0-3-0 149 906 44 35 
cell-0-3-1 193 906 44 35 
cell-0-3-2 237 906 44 35 
cell-0-3-3 281 906 44 35 
cell-0-3-4 325 906 44 35 
cell-0-4-0 149 951 44 35 
cell-0-4-1 193 951 44 35 
cell-0-4-2 237 951 44 35 
cell-0-4-3 281 951 44 35 
cell-0-4-4 325 951 44 35 
cell-0-5-0 149 996 44 35 
cell-0-5-1 193 996 44 35 
cell-0-5-2 237 996 44 35 
cell-0-5-3 281 996 44 35 
cell-0-5-4 325 996 44 35 
cell-0-6-0 149 1041 44 35 
cell-0-6-1 193 1041 44 35 
cell-0-6-2 237 1041 44 35 
cell-0-6-3 281 1041 44 35 
cell-0-6-4 325 1041 44 35 
cell-0-7-0 149 1086 44 35 
cell-0-7-1 193 1086 44 35 
cell-0-7-2 237 1086 44 35 
cell-0-7-3 281 1086 44 35 
cell-0-7-4 325 1086 44 35 
cell-0-8-0 149 1131 44 35 
cell-0-8-1 193 1131 44 35 
cell-0-8-2 237 1131 44 35 
cell-0-8-3 281 1131 44 35 
cell-0-8-4 325 1131 44 35 
cell-0-9-0 149 1176 44 35 
cell-0-9-1 193 1176 44 35 
cell-0-9-2 237 1176 44 35 
cell-0-9-3 281 1176 44 35 
cell-0-9-4 325 1176 44 35 
cell-0-10-0 149 1221 44 35 
cell-0-10-1 193 1221 44 35 
cell-0-10-2 237 1221 44 35 
cell-0-10-3 281 1221 44 35 
cell-0-10-4 325 1221 44 35 
cell-0-11-0 149 1266 44 35 
cell-0-11-1 193 1266 44 35 
cell-0-11-2 237 1266 44 35 
cell-0-11-3 281 1266 44 35 
cell-0-11-4 325 1266 44 35 
cell-0-12-0 149 1311 44 35 
cell-0-12-1 193 1311 44 35 
cell-0-12-2 237 1311 44 35 
cell-0-12-3 281 1311 44 35 
cell-0-12-4 325 1311 44 35 
cell-0-13-0 149 1356 44 35 
cell-0-13-1 193 1356 44 35 
cell-0-13-2 237 1356 44 35 
cell-0-13-3 281 1356 44 35 
cell-0-13-4 325 1356 44 35 
cell-0-14-0 149 1401 44 35 
cell-0-14-1 193 1401 44 35 
cell-0-14-2 237 1401 44 35 
cell-0-14-3 281 1401 44 35 
cell-0-14-4 325 1401 44 35 
