table-0 60 751 1000 421 
cell-0-0-0 60 751 125 53 
cell-0-0-1 185 751 125 53 
cell-0-0-2 310 751 125 53 
cell-0-0-3 435 751 125 53 
cell-0-0-4 560 751 125 53 
cell-0-0-5 685 751 125 53 
cell-0-0-6 810 751 125 53 
cell-0-0-7 935 751 125 53 
cell-0-1-0 60 812 125 53 
cell-0-1-1 185 812 125 53 
cell-0-1-2 310 812 125 53 
cell-0-1-3 435 812 125 53 
cell-0-1-4 560 812 125 53 
cell-0-1-5 685 812 125 53 
cell-0-1-6 810 812 125 53 
cell-0-1-7 935 812 125 53 
cell-0-2-0 60 873 125 53 
cell-0-2-1 185 873 125 53 
cell-0-2-2 310 873 125 53 
cell-0-2-3 435 873 125 53 
cell-0-2-4 560 873 125 53 
cell-0-2-5 685 873 125 53 
cell-0-2-6 810 873 125 53 
cell-0-2-7 935 873 125 53 
cell-0-3-0 60 934 125 53 
cell-0-3-1 185 934 125 53 
cell-0-3-2 310 934 125 53 
cell-0-3-3 435 934 125 53 
cell-0-3-4 560 934 125 53 
cell-0-3-5 685 934 125 53 
cell-0-3-6 810 934 125 53 
cell-0-3-7 935 934 125 53 
cell-0-4-0 60 995 125 53 
cell-0-4-1 185 995 125 53 
cell-0-4-2 310 995 125 53 
cell-0-4-3 435 995 125 53 
cell-0-4-4 560 995 125 53 
cell-0-4-5 685 995 125 53 
cell-0-4-6 810 995 125 53 
cell-0-4-7 935 995 125 53 
cell-0-5-0 60 1056 125 53 
cell-0-5-1 185 1056 125 53 
cell-0-5-2 310 1056 125 53 
cell-0-5-3 435 1056 125 53 
cell-0-5-4 560 1056 125 53 
cell-0-5-5 685 1056 125 53 
cell-0-5-6 810 1056 125 53 
cell-0-5-7 935 1056 125 53 
cell-0-6-0 60 1117 125 53 
cell-0-6-1 185 1117 125 53 
cell-0-6-2 310 1117 125 53 
cell-0-6-3 435 1117 125 53 
cell-0-6-4 560 1117 125 53 
cell-0-6-5 685 1117 125 53 
cell-0-6-6 810 1117 125 53 
cell-0-6-7 935 1117 125 53 
