table-0 223 504 776 353 
cell-0-1-0 223 504 38 35 
cell-0-1-1 264 504 38 35 
cell-0-1-2 305 504 38 35 
cell-0-1-3 346 504 38 35 
cell-0-1-4 387 504 38 35 
cell-0-1-5 428 504 38 35 
cell-0-1-6 469 504 38 35 
cell-0-1-7 510 504 38 35 
cell-0-1-8 551 504 38 35 
cell-0-1-9 592 504 38 35 
cell-0-1-10 633 504 38 35 
cell-0-1-11 674 504 38 35 
cell-0-1-12 715 504 38 35 
cell-0-1-13 756 504 38 35 
cell-0-1-14 797 504 38 35 
cell-0-1-15 838 504 38 35 
cell-0-1-16 879 504 38 35 
cell-0-1-17 920 504 38 35 
cell-0-1-18 961 504 38 35 
cell-0-2-0 223 567 38 35 
cell-0-2-1 264 567 38 35 
cell-0-2-2 305 567 38 35 
cell-0-2-3 346 567 38 35 
cell-0-2-4 387 567 38 35 
cell-0-2-5 428 567 38 35 
cell-0-2-6 469 567 38 35 
cell-0-2-7 510 567 38 35 
cell-0-2-8 551 567 38 35 
cell-0-2-9 592 567 38 35 
cell-0-2-10 633 567 38 35 
cell-0-2-11 674 567 38 35 
cell-0-2-12 715 567 38 35 
cell-0-2-13 756 567 38 35 
cell-0-2-14 797 567 38 35 
cell-0-2-15 838 567 38 35 
cell-0-2-16 879 567 38 35 
cell-0-2-17 920 567 38 35 
cell-0-2-18 961 567 38 35 
cell-0-3-0 223 630 38 35 
cell-0-3-1 264 630 38 35 
cell-0-3-2 305 630 38 35 
cell-0-3-3 346 630 38 35 
cell-0-3-4 387 630 38 35 
cell-0-3-5 428 630 38 35 
cell-0-3-6 469 630 38 35 
cell-0-3-7 510 630 38 35 
cell-0-3-8 551 630 38 35 
cell-0-3-9 592 630 38 35 
cell-0-3-10 633 630 38 35 
cell-0-3-11 674 630 38 35 
cell-0-3-12 715 630 38 35 
cell-0-3-13 756 630 38 35 
cell-0-3-14 797 630 38 35 
cell-0-3-15 838 630 38 35 
cell-0-3-16 879 630 38 35 
cell-0-3-17 920 630 38 35 
cell-0-3-18 961 630 38 35 
cell-0-4-0 223 693 38 35 
cell-0-4-1 264 693 38 35 
cell-0-4-2 305 693 38 35 
cell-0-4-3 346 693 38 35 
cell-0-4-4 387 693 38 35 
cell-0-4-5 428 693 38 35 
cell-0-4-6 469 693 38 35 
cell-0-4-7 510 693 38 35 
cell-0-4-8 551 693 38 35 
cell-0-4-9 592 693 38 35 
cell-0-4-10 633 693 38 35 
cell-0-4-11 674 693 38 35 
cell-0-4-12 715 693 38 35 
cell-0-4-13 756 693 38 35 
cell-0-4-14 797 693 38 35 
cell-0-4-15 838 693 38 35 
cell-0-4-16 879 693 38 35 
cell-0-4-17 920 693 38 35 
cell-0-4-18 961 693 38 35 
cell-0-5-0 223 756 38 35 
cell-0-5-1 264 756 38 35 
cell-0-5-2 305 756 38 35 
cell-0-5-3 346 756 38 35 
cell-0-5-4 387 756 38 35 
cell-0-5-5 428 756 38 35 
cell-0-5-6 469 756 38 35 
cell-0-5-7 510 756 38 35 
cell-0-5-8 551 756 38 35 
cell-0-5-9 592 756 38 35 
cell-0-5-10 633 756 38 35 
cell-0-5-11 674 756 38 35 
cell-0-5-12 715 756 38 35 
cell-0-5-13 756 756 38 35 
cell-0-5-14 797 756 38 35 
cell-0-5-15 838 756 38 35 
cell-0-5-16 879 756 38 35 
cell-0-5-17 920 756 38 35 
cell-0-5-18 961 756 38 35 
cell-0-6-0 223 819 38 35 
cell-0-6-1 264 819 38 35 
cell-0-6-2 305 819 38 35 
cell-0-6-3 346 819 38 35 
cell-0-6-4 387 819 38 35 
cell-0-6-5 428 819 38 35 
cell-0-6-6 469 819 38 35 
cell-0-6-7 510 819 38 35 
cell-0-6-8 551 819 38 35 
cell-0-6-9 592 819 38 35 
cell-0-6-10 633 819 38 35 
cell-0-6-11 674 819 38 35 
cell-0-6-12 715 819 38 35 
cell-0-6-13 756 819 38 35 
cell-0-6-14 797 819 38 35 
cell-0-6-15 838 819 38 35 
cell-0-6-16 879 819 38 35 
cell-0-6-17 920 819 38 35 
cell-0-6-18 961 819 38 35 
