table-0 314 385 700 388 
cell-0-0-0 314 385 116 60 
cell-0-0-1 430 385 116 60 
cell-0-0-2 546 385 116 60 
cell-0-0-3 662 385 116 60 
cell-0-0-4 778 385 116 60 
cell-0-0-5 894 385 116 60 
cell-0-1-0 314 450 116 60 
cell-0-1-1 430 450 116 60 
cell-0-1-2 546 450 116 60 
cell-0-1-3 662 450 116 60 
cell-0-1-4 778 450 116 60 
cell-0-1-5 894 450 116 60 
cell-0-2-0 314 515 116 60 
cell-0-2-1 430 515 116 60 
cell-0-2-2 546 515 116 60 
cell-0-2-3 662 515 116 60 
cell-0-2-4 778 515 116 60 
cell-0-2-5 894 515 116 60 
cell-0-3-0 314 580 116 60 
cell-0-3-1 430 580 116 60 
cell-0-3-2 546 580 116 60 
cell-0-3-3 662 580 116 60 
cell-0-3-4 778 580 116 60 
cell-0-3-5 894 580 116 60 
cell-0-4-0 314 645 116 60 
cell-0-4-1 430 645 116 60 
cell-0-4-2 546 645 116 60 
cell-0-4-3 662 645 116 60 
cell-0-4-4 778 645 116 60 
cell-0-4-5 894 645 116 60 
cell-0-5-0 314 710 116 60 
cell-0-5-1 430 710 116 60 
cell-0-5-2 546 710 116 60 
cell-0-5-3 662 710 116 60 
cell-0-5-4 778 710 116 60 
cell-0-5-5 894 710 116 60 
