table-0 450 789 216 636 
cell-0-0-0 450 789 43 35 
cell-0-0-1 493 789 43 35 
cell-0-0-2 536 789 43 35 
cell-0-0-3 579 789 43 35 
cell-0-0-4 622 789 43 35 
cell-0-1-0 450 839 43 35 
cell-0-1-1 493 839 43 35 
cell-0-1-2 536 839 43 35 
cell-0-1-3 579 839 43 35 
cell-0-1-4 622 839 43 35 
cell-0-2-0 450 889 43 35 
cell-0-2-1 493 889 43 35 
cell-0-2-2 536 889 43 35 
cell-0-2-3 579 889 43 35 
cell-0-2-4 622 889 43 35 
cell-0-3-0 450 939 43 35 
cell-0-3-1 493 939 43 35 
cell-0-3-2 536 939 43 35 
cell-0-3-3 579 939 43 35 
cell-0-3-4 622 939 43 35 
cell-0-4-0 450 989 43 35 
cell-0-4-1 493 989 43 35 
cell-0-4-2 536 989 43 35 
cell-0-4-3 579 989 43 35 
cell-0-4-4 622 989 43 35 
cell-0-5-0 450 1039 43 35 
cell-0-5-1 493 1039 43 35 
cell-0-5-2 536 1039 43 35 
cell-0-5-3 579 1039 43 35 
cell-0-5-4 622 1039 43 35 
cell-0-6-0 450 1089 43 35 
cell-0-6-1 493 1089 43 35 
cell-0-6-2 536 1089 43 35 
cell-0-6-3 579 1089 43 35 
cell-0-6-4 622 1089 43 35 
cell-0-7-0 450 1139 43 35 
cell-0-7-1 493 1139 43 35 
cell-0-7-2 536 1139 43 35 
cell-0-7-3 579 1139 43 35 
cell-0-7-4 622 1139 43 35 
cell-0-8-0 450 1189 43 35 
cell-0-8-1 493 1189 43 35 
cell-0-8-2 536 1189 43 35 
cell-0-8-3 579 1189 43 35 
cell-0-8-4 622 1189 43 35 
cell-0-9-0 450 1239 43 35 
cell-0-9-1 493 1239 43 35 
cell-0-9-2 536 1239 43 35 
cell-0-9-3 579 1239 43 35 
cell-0-9-4 622 1239 43 35 
cell-0-10-0 450 1289 43 35 
cell-0-10-1 493 1289 43 35 
cell-0-10-2 536 1289 43 35 
cell-0-10-3 579 1289 43 35 
cell-0-10-4 622 1289 43 35 
cell-0-11-0 450 1339 43 35 
cell-0-11-1 493 1339 43 35 
cell-0-11-2 536 1339 43 35 
cell-0-11-3 579 1339 43 35 
cell-0-11-4 622 1339 43 35 
cell-0-12-0 450 1389 43 35 
cell-0-12-1 493 1389 43 35 
cell-0-12-2 536 1389 43 35 
cell-0-12-3 579 1389 43 35 
cell-0-12-4 622 1389 43 35 
