table-0 132 709 259 536 
cell-0-0-0 132 709 43 35 
cell-0-0-1 175 709 43 35 
cell-0-0-2 218 709 43 35 
cell-0-0-3 261 709 43 35 
cell-0-0-4 304 709 43 35 
cell-0-0-5 347 709 43 35 
cell-0-1-0 132 759 43 35 
cell-0-1-1 175 759 43 35 
cell-0-1-2 218 759 43 35 
cell-0-1-3 261 759 43 35 
cell-0-1-4 304 759 43 35 
cell-0-1-5 347 759 43 35 
cell-0-2-0 132 809 43 35 
cell-0-2-1 175 809 43 35 
cell-0-2-2 218 809 43 35 
cell-0-2-3 261 809 43 35 
cell-0-2-4 304 809 43 35 
cell-0-2-5 347 809 43 35 
cell-0-3-0 132 859 43 35 
cell-0-3-1 175 859 43 35 
cell-0-3-2 218 859 43 35 
cell-0-3-3 261 859 43 35 
cell-0-3-4 304 859 43 35 
cell-0-3-5 347 859 43 35 
cell-0-4-0 132 909 43 35 
cell-0-4-1 175 909 43 35 
cell-0-4-2 218 909 43 35 
cell-0-4-3 261 909 43 35 
cell-0-4-4 304 909 43 35 
cell-0-4-5 347 909 43 35 
cell-0-5-0 132 959 43 35 
cell-0-5-1 175 959 43 35 
cell-0-5-2 218 959 43 35 
cell-0-5-3 261 959 43 35 
cell-0-5-4 304 959 43 35 
cell-0-5-5 347 959 43 35 
cell-0-6-0 132 1009 43 35 
cell-0-6-1 175 1009 43 35 
cell-0-6-2 218 1009 43 35 
cell-0-6-3 261 1009 43 35 
cell-0-6-4 304 1009 43 35 
cell-0-6-5 347 1009 43 35 
cell-0-7-0 132 1059 43 35 
cell-0-7-1 175 1059 43 35 
cell-0-7-2 218 1059 43 35 
cell-0-7-3 261 1059 43 35 
cell-0-7-4 304 1059 43 35 
cell-0-7-5 347 1059 43 35 
cell-0-8-0 132 1109 43 35 
cell-0-8-1 175 1109 43 35 
cell-0-8-2 218 1109 43 35 
cell-0-8-3 261 1109 43 35 
cell-0-8-4 304 1109 43 35 
cell-0-8-5 347 1109 43 35 
cell-0-9-0 132 1159 43 35 
cell-0-9-1 175 1159 43 35 
cell-0-9-2 218 1159 43 35 
cell-0-9-3 261 1159 43 35 
cell-0-9-4 304 1159 43 35 
cell-0-9-5 347 1159 43 35 
cell-0-10-0 132 1209 43 35 
cell-0-10-1 175 1209 43 35 
cell-0-10-2 218 1209 43 35 
cell-0-10-3 261 1209 43 35 
cell-0-10-4 304 1209 43 35 
cell-0-10-5 347 1209 43 35 
table-1 649 518 266 565 
cell-1-0-0 649 518 44 35 
cell-1-0-1 693 518 44 35 
cell-1-0-2 737 518 44 35 
cell-1-0-3 781 518 44 35 
cell-1-0-4 825 518 44 35 
cell-1-0-5 869 518 44 35 
cell-1-1-0 649 562 44 35 
cell-1-1-1 693 562 44 35 
cell-1-1-2 737 562 44 35 
cell-1-1-3 781 562 44 35 
cell-1-1-4 825 562 44 35 
cell-1-1-5 869 562 44 35 
cell-1-2-0 649 606 44 35 
cell-1-2-1 693 606 44 35 
cell-1-2-2 737 606 44 35 
cell-1-2-3 781 606 44 35 
cell-1-2-4 825 606 44 35 
cell-1-2-5 869 606 44 35 
cell-1-3-0 649 650 44 35 
cell-1-3-1 693 650 44 35 
cell-1-3-2 737 650 44 35 
cell-1-3-3 781 650 44 35 
cell-1-3-4 825 650 44 35 
cell-1-3-5 869 650 44 35 
cell-1-4-0 649 694 44 35 
cell-1-4-1 693 694 44 35 
cell-1-4-2 737 694 44 35 
cell-1-4-3 781 694 44 35 
cell-1-4-4 825 694 44 35 
cell-1-4-5 869 694 44 35 
cell-1-5-0 649 738 44 35 
cell-1-5-1 693 738 44 35 
cell-1-5-2 737 738 44 35 
cell-1-5-3 781 738 44 35 
cell-1-5-4 825 738 44 35 
cell-1-5-5 869 738 44 35 
cell-1-6-0 649 782 44 35 
cell-1-6-1 693 782 44 35 
cell-1-6-2 737 782 44 35 
cell-1-6-3 781 782 44 35 
cell-1-6-4 825 782 44 35 
cell-1-6-5 869 782 44 35 
cell-1-7-0 649 826 44 35 
cell-1-7-1 693 826 44 35 
cell-1-7-2 737 826 44 35 
cell-1-7-3 781 826 44 35 
cell-1-7-4 825 826 44 35 
cell-1-7-5 869 826 44 35 
cell-1-8-0 649 870 44 35 
cell-1-8-1 693 870 44 35 
cell-1-8-2 737 870 44 35 
cell-1-8-3 781 870 44 35 
cell-1-8-4 825 870 44 35 
cell-1-8-5 869 870 44 35 
cell-1-9-0 649 914 44 35 
cell-1-9-1 693 914 44 35 
cell-1-9-2 737 914 44 35 
cell-1-9-3 781 914 44 35 
cell-1-9-4 825 914 44 35 
cell-1-9-5 869 914 44 35 
cell-1-10-0 649 958 44 35 
cell-1-10-1 693 958 44 35 
cell-1-10-2 737 958 44 35 
cell-1-10-3 781 958 44 35 
cell-1-10-4 825 958 44 35 
cell-1-10-5 869 958 44 35 
cell-1-11-0 649 1002 44 35 
cell-1-11-1 693 1002 44 35 
cell-1-11-2 737 1002 44 35 
cell-1-11-3 781 1002 44 35 
cell-1-11-4 825 1002 44 35 
cell-1-11-5 869 1002 44 35 
cell-1-12-0 649 1046 44 35 
cell-1-12-1 693 1046 44 35 
cell-1-12-2 737 1046 44 35 
cell-1-12-3 781 1046 44 35 
cell-1-12-4 825 1046 44 35 
cell-1-12-5 869 1046 44 35 
