header-0 77 667 780 193 
row-1-1 77 667 405 40 
row-1-2 502 667 273 40 
row-2-1 77 717 273 40 
row-2-2 370 717 484 40 
row-3-1 77 767 702 40 
row-4-1 77 817 570 40 
table-2 60 105 1000 466 
cell-2-0-0 60 105 166 58 
cell-2-0-1 226 105 166 58 
cell-2-0-2 392 105 166 58 
cell-2-0-3 558 105 166 58 
cell-2-0-4 724 105 166 58 
cell-2-0-5 890 105 166 58 
cell-2-1-0 60 163 166 58 
cell-2-1-1 226 163 166 58 
cell-2-1-2 392 163 166 58 
cell-2-1-3 558 163 166 58 
cell-2-1-4 724 163 166 58 
cell-2-1-5 890 163 166 58 
cell-2-2-0 60 221 166 58 
cell-2-2-1 226 221 166 58 
cell-2-2-2 392 221 166 58 
cell-2-2-3 558 221 166 58 
cell-2-2-4 724 221 166 58 
cell-2-2-5 890 221 166 58 
cell-2-3-0 60 279 166 58 
cell-2-3-1 226 279 166 58 
cell-2-3-2 392 279 166 58 
cell-2-3-3 558 279 166 58 
cell-2-3-4 724 279 166 58 
cell-2-3-5 890 279 166 58 
cell-2-4-0 60 337 166 58 
cell-2-4-1 226 337 166 58 
cell-2-4-2 392 337 166 58 
cell-2-4-3 558 337 166 58 
cell-2-4-4 724 337 166 58 
cell-2-4-5 890 337 166 58 
cell-2-5-0 60 395 166 58 
cell-2-5-1 226 395 166 58 
cell-2-5-2 392 395 166 58 
cell-2-5-3 558 395 166 58 
cell-2-5-4 724 395 166 58 
cell-2-5-5 890 395 166 58 
cell-2-6-0 60 453 166 58 
cell-2-6-1 226 453 166 58 
cell-2-6-2 392 453 166 58 
cell-2-6-3 558 453 166 58 
cell-2-6-4 724 453 166 58 
cell-2-6-5 890 453 166 58 
cell-2-7-0 60 511 166 58 
cell-2-7-1 226 511 166 58 
cell-2-7-2 392 511 166 58 
cell-2-7-3 558 511 166 58 
cell-2-7-4 724 511 166 58 
cell-2-7-5 890 511 166 58 
