table-0 293 624 571 560 
cell-0-1-0 293 624 38 35 
cell-0-1-1 334 624 38 35 
cell-0-1-2 375 624 38 35 
cell-0-1-3 416 624 38 35 
cell-0-1-4 457 624 38 35 
cell-0-1-5 498 624 38 35 
cell-0-1-6 539 624 38 35 
cell-0-1-7 580 624 38 35 
cell-0-1-8 621 624 38 35 
cell-0-1-9 662 624 38 35 
cell-0-1-10 703 624 38 35 
cell-0-1-11 744 624 38 35 
cell-0-1-12 785 624 38 35 
cell-0-1-13 826 624 38 35 
cell-0-2-0 293 682 38 35 
cell-0-2-1 334 682 38 35 
cell-0-2-2 375 682 38 35 
cell-0-2-3 416 682 38 35 
cell-0-2-4 457 682 38 35 
cell-0-2-5 498 682 38 35 
cell-0-2-6 539 682 38 35 
cell-0-2-7 580 682 38 35 
cell-0-2-8 621 682 38 35 
cell-0-2-9 662 682 38 35 
cell-0-2-10 703 682 38 35 
cell-0-2-11 744 682 38 35 
cell-0-2-12 785 682 38 35 
cell-0-2-13 826 682 38 35 
cell-0-3-0 293 740 38 35 
cell-0-3-1 334 740 38 35 
cell-0-3-2 375 740 38 35 
cell-0-3-3 416 740 38 35 
cell-0-3-4 457 740 38 35 
cell-0-3-5 498 740 38 35 
cell-0-3-6 539 740 38 35 
cell-0-3-7 580 740 38 35 
cell-0-3-8 621 740 38 35 
cell-0-3-9 662 740 38 35 
cell-0-3-10 703 740 38 35 
cell-0-3-11 744 740 38 35 
cell-0-3-12 785 740 38 35 
cell-0-3-13 826 740 38 35 
cell-0-4-0 293 798 38 35 
cell-0-4-1 334 798 38 35 
cell-0-4-2 375 798 38 35 
cell-0-4-3 416 798 38 35 
cell-0-4-4 457 798 38 35 
cell-0-4-5 498 798 38 35 
cell-0-4-6 539 798 38 35 
cell-0-4-7 580 798 38 35 
cell-0-4-8 621 798 38 35 
cell-0-4-9 662 798 38 35 
cell-0-4-10 703 798 38 35 
cell-0-4-11 744 798 38 35 
cell-0-4-12 785 798 38 35 
cell-0-4-13 826 798 38 35 
cell-0-5-0 293 856 38 35 
cell-0-5-1 334 856 38 35 
cell-0-5-2 375 856 38 35 
cell-0-5-3 416 856 38 35 
cell-0-5-4 457 856 38 35 
cell-0-5-5 498 856 38 35 
cell-0-5-6 539 856 38 35 
cell-0-5-7 580 856 38 35 
cell-0-5-8 621 856 38 35 
cell-0-5-9 662 856 38 35 
cell-0-5-10 703 856 38 35 
cell-0-5-11 744 856 38 35 
cell-0-5-12 785 856 38 35 
cell-0-5-13 826 856 38 35 
cell-0-6-0 293 914 38 35 
cell-0-6-1 334 914 38 35 
cell-0-6-2 375 914 38 35 
cell-0-6-3 416 914 38 35 
cell-0-6-4 457 914 38 35 
cell-0-6-5 498 914 38 35 
cell-0-6-6 539 914 38 35 
cell-0-6-7 580 914 38 35 
cell-0-6-8 621 914 38 35 
cell-0-6-9 662 914 38 35 
cell-0-6-10 703 914 38 35 
cell-0-6-11 744 914 38 35 
cell-0-6-12 785 914 38 35 
cell-0-6-13 826 914 38 35 
cell-0-7-0 293 972 38 35 
cell-0-7-1 334 972 38 35 
cell-0-7-2 375 972 38 35 
cell-0-7-3 416 972 38 35 
cell-0-7-4 457 972 38 35 
cell-0-7-5 498 972 38 35 
cell-0-7-6 539 972 38 35 
cell-0-7-7 580 972 38 35 
cell-0-7-8 621 972 38 35 
cell-0-7-9 662 972 38 35 
cell-0-7-10 703 972 38 35 
cell-0-7-11 744 972 38 35 
cell-0-7-12 785 972 38 35 
cell-0-7-13 826 972 38 35 
cell-0-8-0 293 1030 38 35 
cell-0-8-1 334 1030 38 35 
cell-0-8-2 375 1030 38 35 
cell-0-8-3 416 1030 38 35 
cell-0-8-4 457 1030 38 35 
cell-0-8-5 498 1030 38 35 
cell-0-8-6 539 1030 38 35 
cell-0-8-7 580 1030 38 35 
cell-0-8-8 621 1030 38 35 
cell-0-8-9 662 1030 38 35 
cell-0-8-10 703 1030 38 35 
cell-0-8-11 744 1030 38 35 
cell-0-8-12 785 1030 38 35 
cell-0-8-13 826 1030 38 35 
cell-0-9-0 293 1088 38 35 
cell-0-9-1 334 1088 38 35 
cell-0-9-2 375 1088 38 35 
cell-0-9-3 416 1088 38 35 
cell-0-9-4 457 1088 38 35 
cell-0-9-5 498 1088 38 35 
cell-0-9-6 539 1088 38 35 
cell-0-9-7 580 1088 38 35 
cell-0-9-8 621 1088 38 35 
cell-0-9-9 662 1088 38 35 
cell-0-9-10 703 1088 38 35 
cell-0-9-11 744 1088 38 35 
cell-0-9-12 785 1088 38 35 
cell-0-9-13 826 1088 38 35 
cell-0-10-0 293 1146 38 35 
cell-0-10-1 334 1146 38 35 
cell-0-10-2 375 1146 38 35 
cell-0-10-3 416 1146 38 35 
cell-0-10-4 457 1146 38 35 
cell-0-10-5 498 1146 38 35 
cell-0-10-6 539 1146 38 35 
cell-0-10-7 580 1146 38 35 
cell-0-10-8 621 1146 38 35 
cell-0-10-9 662 1146 38 35 
cell-0-10-10 703 1146 38 35 
cell-0-10-11 744 1146 38 35 
cell-0-10-12 785 1146 38 35 
cell-0-10-13 826 1146 38 35 
