table-0 376 167 595 581 
cell-0-0-0 376 167 43 41 
cell-0-0-1 419 167 43 41 
cell-0-0-2 462 167 43 41 
cell-0-0-3 505 167 43 41 
cell-0-0-4 548 167 421 41 
cell-0-1-0 376 216 43 41 
cell-0-1-1 419 216 43 41 
cell-0-1-2 462 216 43 41 
cell-0-1-3 505 216 43 41 
cell-0-1-4 548 216 421 41 
cell-0-2-0 376 265 43 41 
cell-0-2-1 419 265 43 41 
cell-0-2-2 462 265 43 41 
cell-0-2-3 505 265 43 41 
cell-0-2-4 548 265 421 41 
cell-0-3-0 376 314 43 41 
cell-0-3-1 419 314 43 41 
cell-0-3-2 462 314 43 41 
cell-0-3-3 505 314 43 41 
cell-0-3-4 548 314 421 41 
cell-0-4-0 376 363 43 41 
cell-0-4-1 419 363 43 41 
cell-0-4-2 462 363 43 41 
cell-0-4-3 505 363 43 41 
cell-0-4-4 548 363 421 41 
cell-0-5-0 376 412 43 41 
cell-0-5-1 419 412 43 41 
cell-0-5-2 462 412 43 41 
cell-0-5-3 505 412 43 41 
cell-0-5-4 548 412 421 41 
cell-0-6-0 376 461 43 41 
cell-0-6-1 419 461 43 41 
cell-0-6-2 462 461 43 41 
cell-0-6-3 505 461 43 41 
cell-0-6-4 548 461 421 41 
cell-0-7-0 376 510 43 41 
cell-0-7-1 419 510 43 41 
cell-0-7-2 462 510 43 41 
cell-0-7-3 505 510 43 41 
cell-0-7-4 548 510 421 41 
cell-0-8-0 376 559 43 41 
cell-0-8-1 419 559 43 41 
cell-0-8-2 462 559 43 41 
cell-0-8-3 505 559 43 41 
cell-0-8-4 548 559 421 41 
cell-0-9-0 376 608 43 41 
cell-0-9-1 419 608 43 41 
cell-0-9-2 462 608 43 41 
cell-0-9-3 505 608 43 41 
cell-0-9-4 548 608 421 41 
cell-0-10-0 376 657 43 41 
cell-0-10-1 419 657 43 41 
cell-0-10-2 462 657 43 41 
cell-0-10-3 505 657 43 41 
cell-0-10-4 548 657 421 41 
cell-0-11-0 376 706 43 41 
cell-0-11-1 419 706 43 41 
cell-0-11-2 462 706 43 41 
cell-0-11-3 505 706 43 41 
cell-0-11-4 548 706 421 41 
