table-0 175 409 700 501 
cell-0-0-0 175 409 87 42 
cell-0-0-1 262 409 87 42 
cell-0-0-2 349 409 87 42 
cell-0-0-3 436 409 87 42 
cell-0-0-4 523 409 87 42 
cell-0-0-5 610 409 87 42 
cell-0-0-6 697 409 87 42 
cell-0-0-7 784 409 87 42 
cell-0-1-0 175 466 87 42 
cell-0-1-1 262 466 87 42 
cell-0-1-2 349 466 87 42 
cell-0-1-3 436 466 87 42 
cell-0-1-4 523 466 87 42 
cell-0-1-5 610 466 87 42 
cell-0-1-6 697 466 87 42 
cell-0-1-7 784 466 87 42 
cell-0-2-0 175 523 87 42 
cell-0-2-1 262 523 87 42 
cell-0-2-2 349 523 87 42 
cell-0-2-3 436 523 87 42 
cell-0-2-4 523 523 87 42 
cell-0-2-5 610 523 87 42 
cell-0-2-6 697 523 87 42 
cell-0-2-7 784 523 87 42 
cell-0-3-0 175 580 87 42 
cell-0-3-1 262 580 87 42 
cell-0-3-2 349 580 87 42 
cell-0-3-3 436 580 87 42 
cell-0-3-4 523 580 87 42 
cell-0-3-5 610 580 87 42 
cell-0-3-6 697 580 87 42 
cell-0-3-7 784 580 87 42 
cell-0-4-0 175 637 87 42 
cell-0-4-1 262 637 87 42 
cell-0-4-2 349 637 87 42 
cell-0-4-3 436 637 87 42 
cell-0-4-4 523 637 87 42 
cell-0-4-5 610 637 87 42 
cell-0-4-6 697 637 87 42 
cell-0-4-7 784 637 87 42 
cell-0-5-0 175 694 87 42 
cell-0-5-1 262 694 87 42 
cell-0-5-2 349 694 87 42 
cell-0-5-3 436 694 87 42 
cell-0-5-4 523 694 87 42 
cell-0-5-5 610 694 87 42 
cell-0-5-6 697 694 87 42 
cell-0-5-7 784 694 87 42 
cell-0-6-0 175 751 87 42 
cell-0-6-1 262 751 87 42 
cell-0-6-2 349 751 87 42 
cell-0-6-3 436 751 87 42 
cell-0-6-4 523 751 87 42 
cell-0-6-5 610 751 87 42 
cell-0-6-6 697 751 87 42 
cell-0-6-7 784 751 87 42 
cell-0-7-0 175 808 87 42 
cell-0-7-1 262 808 87 42 
cell-0-7-2 349 808 87 42 
cell-0-7-3 436 808 87 42 
cell-0-7-4 523 808 87 42 
cell-0-7-5 610 808 87 42 
cell-0-7-6 697 808 87 42 
cell-0-7-7 784 808 87 42 
cell-0-8-0 175 865 87 42 
cell-0-8-1 262 865 87 42 
cell-0-8-2 349 865 87 42 
cell-0-8-3 436 865 87 42 
cell-0-8-4 523 865 87 42 
cell-0-8-5 610 865 87 42 
cell-0-8-6 697 865 87 42 
cell-0-8-7 784 865 87 42 
