table-0 218 461 614 307 
cell-0-1-0 218 461 34 35 
cell-0-1-1 252 461 34 35 
cell-0-1-2 286 461 34 35 
cell-0-1-3 320 461 34 35 
cell-0-1-4 354 461 34 35 
cell-0-1-5 388 461 34 35 
cell-0-1-6 422 461 34 35 
cell-0-1-7 456 461 34 35 
cell-0-1-8 490 461 34 35 
cell-0-1-9 524 461 34 35 
cell-0-1-10 558 461 34 35 
cell-0-1-11 592 461 34 35 
cell-0-1-12 626 461 34 35 
cell-0-1-13 660 461 34 35 
cell-0-1-14 694 461 34 35 
cell-0-1-15 728 461 34 35 
cell-0-1-16 762 461 34 35 
cell-0-1-17 796 461 34 35 
cell-0-2-0 218 515 34 35 
cell-0-2-1 252 515 34 35 
cell-0-2-2 286 515 34 35 
cell-0-2-3 320 515 34 35 
cell-0-2-4 354 515 34 35 
cell-0-2-5 388 515 34 35 
cell-0-2-6 422 515 34 35 
cell-0-2-7 456 515 34 35 
cell-0-2-8 490 515 34 35 
cell-0-2-9 524 515 34 35 
cell-0-2-10 558 515 34 35 
cell-0-2-11 592 515 34 35 
cell-0-2-12 626 515 34 35 
cell-0-2-13 660 515 34 35 
cell-0-2-14 694 515 34 35 
cell-0-2-15 728 515 34 35 
cell-0-2-16 762 515 34 35 
cell-0-2-17 796 515 34 35 
cell-0-3-0 218 569 34 35 
cell-0-3-1 252 569 34 35 
cell-0-3-2 286 569 34 35 
cell-0-3-3 320 569 34 35 
cell-0-3-4 354 569 34 35 
cell-0-3-5 388 569 34 35 
cell-0-3-6 422 569 34 35 
cell-0-3-7 456 569 34 35 
cell-0-3-8 490 569 34 35 
cell-0-3-9 524 569 34 35 
cell-0-3-10 558 569 34 35 
cell-0-3-11 592 569 34 35 
cell-0-3-12 626 569 34 35 
cell-0-3-13 660 569 34 35 
cell-0-3-14 694 569 34 35 
cell-0-3-15 728 569 34 35 
cell-0-3-16 762 569 34 35 
cell-0-3-17 796 569 34 35 
cell-0-4-0 218 623 34 35 
cell-0-4-1 252 623 34 35 
cell-0-4-2 286 623 34 35 
cell-0-4-3 320 623 34 35 
cell-0-4-4 354 623 34 35 
cell-0-4-5 388 623 34 35 
cell-0-4-6 422 623 34 35 
cell-0-4-7 456 623 34 35 
cell-0-4-8 490 623 34 35 
cell-0-4-9 524 623 34 35 
cell-0-4-10 558 623 34 35 
cell-0-4-11 592 623 34 35 
cell-0-4-12 626 623 34 35 
cell-0-4-13 660 623 34 35 
cell-0-4-14 694 623 34 35 
cell-0-4-15 728 623 34 35 
cell-0-4-16 762 623 34 35 
cell-0-4-17 796 623 34 35 
cell-0-5-0 218 677 34 35 
cell-0-5-1 252 677 34 35 
cell-0-5-2 286 677 34 35 
cell-0-5-3 320 677 34 35 
cell-0-5-4 354 677 34 35 
cell-0-5-5 388 677 34 35 
cell-0-5-6 422 677 34 35 
cell-0-5-7 456 677 34 35 
cell-0-5-8 490 677 34 35 
cell-0-5-9 524 677 34 35 
cell-0-5-10 558 677 34 35 
cell-0-5-11 592 677 34 35 
cell-0-5-12 626 677 34 35 
cell-0-5-13 660 677 34 35 
cell-0-5-14 694 677 34 35 
cell-0-5-15 728 677 34 35 
cell-0-5-16 762 677 34 35 
cell-0-5-17 796 677 34 35 
cell-0-6-0 218 731 34 35 
cell-0-6-1 252 731 34 35 
cell-0-6-2 286 731 34 35 
cell-0-6-3 320 731 34 35 
cell-0-6-4 354 731 34 35 
cell-0-6-5 388 731 34 35 
cell-0-6-6 422 731 34 35 
cell-0-6-7 456 731 34 35 
cell-0-6-8 490 731 34 35 
cell-0-6-9 524 731 34 35 
cell-0-6-10 558 731 34 35 
cell-0-6-11 592 731 34 35 
cell-0-6-12 626 731 34 35 
cell-0-6-13 660 731 34 35 
cell-0-6-14 694 731 34 35 
cell-0-6-15 728 731 34 35 
cell-0-6-16 762 731 34 35 
cell-0-6-17 796 731 34 35 
