table-0 429 561 600 329 
cell-0-0-0 429 561 150 40 
cell-0-0-1 579 561 150 40 
cell-0-0-2 729 561 150 40 
cell-0-0-3 879 561 150 40 
cell-0-1-0 429 602 150 40 
cell-0-1-1 579 602 150 40 
cell-0-1-2 729 602 150 40 
cell-0-1-3 879 602 150 40 
cell-0-2-0 429 643 150 40 
cell-0-2-1 579 643 150 40 
cell-0-2-2 729 643 150 40 
cell-0-2-3 879 643 150 40 
cell-0-3-0 429 684 150 40 
cell-0-3-1 579 684 150 40 
cell-0-3-2 729 684 150 40 
cell-0-3-3 879 684 150 40 
cell-0-4-0 429 725 150 40 
cell-0-4-1 579 725 150 40 
cell-0-4-2 729 725 150 40 
cell-0-4-3 879 725 150 40 
cell-0-5-0 429 766 150 40 
cell-0-5-1 579 766 150 40 
cell-0-5-2 729 766 150 40 
cell-0-5-3 879 766 150 40 
cell-0-6-0 429 807 150 40 
cell-0-6-1 579 807 150 40 
cell-0-6-2 729 807 150 40 
cell-0-6-3 879 807 150 40 
cell-0-7-0 429 848 150 40 
cell-0-7-1 579 848 150 40 
cell-0-7-2 729 848 150 40 
cell-0-7-3 879 848 150 40 
header-3 83 1205 930 193 
row-1-1 83 1205 280 40 
row-1-2 383 1205 346 40 
row-2-1 83 1255 412 40 
row-2-2 515 1255 491 40 
row-3-1 83 1305 610 40 
row-4-1 83 1355 610 40 
