table-0 167 522 183 738 
cell-0-0-0 167 522 45 35 
cell-0-0-1 212 522 45 35 
cell-0-0-2 257 522 45 35 
cell-0-0-3 302 522 45 35 
cell-0-1-0 167 572 45 35 
cell-0-1-1 212 572 45 35 
cell-0-1-2 257 572 45 35 
cell-0-1-3 302 572 45 35 
cell-0-2-0 167 622 45 35 
cell-0-2-1 212 622 45 35 
cell-0-2-2 257 622 45 35 
cell-0-2-3 302 622 45 35 
cell-0-3-0 167 672 45 35 
cell-0-3-1 212 672 45 35 
cell-0-3-2 257 672 45 35 
cell-0-3-3 302 672 45 35 
cell-0-4-0 167 722 45 35 
cell-0-4-1 212 722 45 35 
cell-0-4-2 257 722 45 35 
cell-0-4-3 302 722 45 35 
cell-0-5-0 167 772 45 35 
cell-0-5-1 212 772 45 35 
cell-0-5-2 257 772 45 35 
cell-0-5-3 302 772 45 35 
cell-0-6-0 167 822 45 35 
cell-0-6-1 212 822 45 35 
cell-0-6-2 257 822 45 35 
cell-0-6-3 302 822 45 35 
cell-0-7-0 167 872 45 35 
cell-0-7-1 212 872 45 35 
cell-0-7-2 257 872 45 35 
cell-0-7-3 302 872 45 35 
cell-0-8-0 167 922 45 35 
cell-0-8-1 212 922 45 35 
cell-0-8-2 257 922 45 35 
cell-0-8-3 302 922 45 35 
cell-0-9-0 167 972 45 35 
cell-0-9-1 212 972 45 35 
cell-0-9-2 257 972 45 35 
cell-0-9-3 302 972 45 35 
cell-0-10-0 167 1022 45 35 
cell-0-10-1 212 1022 45 35 
cell-0-10-2 257 1022 45 35 
cell-0-10-3 302 1022 45 35 
cell-0-11-0 167 1072 45 35 
cell-0-11-1 212 1072 45 35 
cell-0-11-2 257 1072 45 35 
cell-0-11-3 302 1072 45 35 
cell-0-12-0 167 1122 45 35 
cell-0-12-1 212 1122 45 35 
cell-0-12-2 257 1122 45 35 
cell-0-12-3 302 1122 45 35 
cell-0-13-0 167 1172 45 35 
cell-0-13-1 212 1172 45 35 
cell-0-13-2 257 1172 45 35 
cell-0-13-3 302 1172 45 35 
cell-0-14-0 167 1222 45 35 
cell-0-14-1 212 1222 45 35 
cell-0-14-2 257 1222 45 35 
cell-0-14-3 302 1222 45 35 
