table-0 62 823 673 544 
cell-0-0-0 62 823 44 42 
cell-0-0-1 106 823 44 42 
cell-0-0-2 150 823 44 42 
cell-0-0-3 194 823 44 42 
cell-0-0-4 238 823 44 42 
cell-0-0-5 282 823 453 42 
cell-0-1-0 62 873 44 42 
cell-0-1-1 106 873 44 42 
cell-0-1-2 150 873 44 42 
cell-0-1-3 194 873 44 42 
cell-0-1-4 238 873 44 42 
cell-0-1-5 282 873 453 42 
cell-0-2-0 62 923 44 42 
cell-0-2-1 106 923 44 42 
cell-0-2-2 150 923 44 42 
cell-0-2-3 194 923 44 42 
cell-0-2-4 238 923 44 42 
cell-0-2-5 282 923 453 42 
cell-0-3-0 62 973 44 42 
cell-0-3-1 106 973 44 42 
cell-0-3-2 150 973 44 42 
cell-0-3-3 194 973 44 42 
cell-0-3-4 238 973 44 42 
cell-0-3-5 282 973 453 42 
cell-0-4-0 62 1023 44 42 
cell-0-4-1 106 1023 44 42 
cell-0-4-2 150 1023 44 42 
cell-0-4-3 194 1023 44 42 
cell-0-4-4 238 1023 44 42 
cell-0-4-5 282 1023 453 42 
cell-0-5-0 62 1073 44 42 
cell-0-5-1 106 1073 44 42 
cell-0-5-2 150 1073 44 42 
cell-0-5-3 194 1073 44 42 
cell-0-5-4 238 1073 44 42 
cell-0-5-5 282 1073 453 42 
cell-0-6-0 62 1123 44 42 
cell-0-6-1 106 1123 44 42 
cell-0-6-2 150 1123 44 42 
cell-0-6-3 194 1123 44 42 
cell-0-6-4 238 1123 44 42 
cell-0-6-5 282 1123 453 42 
cell-0-7-0 62 1173 44 42 
cell-0-7-1 106 1173 44 42 
cell-0-7-2 150 1173 44 42 
cell-0-7-3 194 1173 44 42 
cell-0-7-4 238 1173 44 42 
cell-0-7-5 282 1173 453 42 
cell-0-8-0 62 1223 44 42 
cell-0-8-1 106 1223 44 42 
cell-0-8-2 150 1223 44 42 
cell-0-8-3 194 1223 44 42 
cell-0-8-4 238 1223 44 42 
cell-0-8-5 282 1223 453 42 
cell-0-9-0 62 1273 44 42 
cell-0-9-1 106 1273 44 42 
cell-0-9-2 150 1273 44 42 
cell-0-9-3 194 1273 44 42 
cell-0-9-4 238 1273 44 42 
cell-0-9-5 282 1273 453 42 
cell-0-10-0 62 1323 44 42 
cell-0-10-1 106 1323 44 42 
cell-0-10-2 150 1323 44 42 
cell-0-10-3 194 1323 44 42 
cell-0-10-4 238 1323 44 42 
cell-0-10-5 282 1323 453 42 
