header-0 90 1094 923 193 
row-1-1 90 1094 320 40 
row-1-2 430 1094 320 40 
row-2-1 90 1144 419 40 
row-2-2 529 1144 480 40 
row-3-1 90 1194 815 40 
row-4-1 90 1244 815 40 
table-3 517 169 178 415 
cell-3-0-0 517 169 44 35 
cell-3-0-1 561 169 44 35 
cell-3-0-2 605 169 44 35 
cell-3-0-3 649 169 44 35 
cell-3-1-0 517 211 44 35 
cell-3-1-1 561 211 44 35 
cell-3-1-2 605 211 44 35 
cell-3-1-3 649 211 44 35 
cell-3-2-0 517 253 44 35 
cell-3-2-1 561 253 44 35 
cell-3-2-2 605 253 44 35 
cell-3-2-3 649 253 44 35 
cell-3-3-0 517 295 44 35 
cell-3-3-1 561 295 44 35 
cell-3-3-2 605 295 44 35 
cell-3-3-3 649 295 44 35 
cell-3-4-0 517 337 44 35 
cell-3-4-1 561 337 44 35 
cell-3-4-2 605 337 44 35 
cell-3-4-3 649 337 44 35 
cell-3-5-0 517 379 44 35 
cell-3-5-1 561 379 44 35 
cell-3-5-2 605 379 44 35 
cell-3-5-3 649 379 44 35 
cell-3-6-0 517 421 44 35 
cell-3-6-1 561 421 44 35 
cell-3-6-2 605 421 44 35 
cell-3-6-3 649 421 44 35 
cell-3-7-0 517 463 44 35 
cell-3-7-1 561 463 44 35 
cell-3-7-2 605 463 44 35 
cell-3-7-3 649 463 44 35 
cell-3-8-0 517 505 44 35 
cell-3-8-1 561 505 44 35 
cell-3-8-2 605 505 44 35 
cell-3-8-3 649 505 44 35 
cell-3-9-0 517 547 44 35 
cell-3-9-1 561 547 44 35 
cell-3-9-2 605 547 44 35 
cell-3-9-3 649 547 44 35 
table-5 780 95 222 370 
cell-5-0-0 780 95 44 35 
cell-5-0-1 824 95 44 35 
cell-5-0-2 868 95 44 35 
cell-5-0-3 912 95 44 35 
cell-5-0-4 956 95 44 35 
cell-5-1-0 780 132 44 35 
cell-5-1-1 824 132 44 35 
cell-5-1-2 868 132 44 35 
cell-5-1-3 912 132 44 35 
cell-5-1-4 956 132 44 35 
cell-5-2-0 780 169 44 35 
cell-5-2-1 824 169 44 35 
cell-5-2-2 868 169 44 35 
cell-5-2-3 912 169 44 35 
cell-5-2-4 956 169 44 35 
cell-5-3-0 780 206 44 35 
cell-5-3-1 824 206 44 35 
cell-5-3-2 868 206 44 35 
cell-5-3-3 912 206 44 35 
cell-5-3-4 956 206 44 35 
cell-5-4-0 780 243 44 35 
cell-5-4-1 824 243 44 35 
cell-5-4-2 868 243 44 35 
cell-5-4-3 912 243 44 35 
cell-5-4-4 956 243 44 35 
cell-5-5-0 780 280 44 35 
cell-5-5-1 824 280 44 35 
cell-5-5-2 868 280 44 35 
cell-5-5-3 912 280 44 35 
cell-5-5-4 956 280 44 35 
cell-5-6-0 780 317 44 35 
cell-5-6-1 824 317 44 35 
cell-5-6-2 868 317 44 35 
cell-5-6-3 912 317 44 35 
cell-5-6-4 956 317 44 35 
cell-5-7-0 780 354 44 35 
cell-5-7-1 824 354 44 35 
cell-5-7-2 868 354 44 35 
cell-5-7-3 912 354 44 35 
cell-5-7-4 956 354 44 35 
cell-5-8-0 780 391 44 35 
cell-5-8-1 824 391 44 35 
cell-5-8-2 868 391 44 35 
cell-5-8-3 912 391 44 35 
cell-5-8-4 956 391 44 35 
cell-5-9-0 780 428 44 35 
cell-5-9-1 824 428 44 35 
cell-5-9-2 868 428 44 35 
cell-5-9-3 912 428 44 35 
cell-5-9-4 956 428 44 35 
