table-0 332 454 273 443 
cell-0-0-0 332 454 45 35 
cell-0-0-1 377 454 45 35 
cell-0-0-2 422 454 45 35 
cell-0-0-3 467 454 45 35 
cell-0-0-4 512 454 45 35 
cell-0-0-5 557 454 45 35 
cell-0-1-0 332 499 45 35 
cell-0-1-1 377 499 45 35 
cell-0-1-2 422 499 45 35 
cell-0-1-3 467 499 45 35 
cell-0-1-4 512 499 45 35 
cell-0-1-5 557 499 45 35 
cell-0-2-0 332 544 45 35 
cell-0-2-1 377 544 45 35 
cell-0-2-2 422 544 45 35 
cell-0-2-3 467 544 45 35 
cell-0-2-4 512 544 45 35 
cell-0-2-5 557 544 45 35 
cell-0-3-0 332 589 45 35 
cell-0-3-1 377 589 45 35 
cell-0-3-2 422 589 45 35 
cell-0-3-3 467 589 45 35 
cell-0-3-4 512 589 45 35 
cell-0-3-5 557 589 45 35 
cell-0-4-0 332 634 45 35 
cell-0-4-1 377 634 45 35 
cell-0-4-2 422 634 45 35 
cell-0-4-3 467 634 45 35 
cell-0-4-4 512 634 45 35 
cell-0-4-5 557 634 45 35 
cell-0-5-0 332 679 45 35 
cell-0-5-1 377 679 45 35 
cell-0-5-2 422 679 45 35 
cell-0-5-3 467 679 45 35 
cell-0-5-4 512 679 45 35 
cell-0-5-5 557 679 45 35 
cell-0-6-0 332 724 45 35 
cell-0-6-1 377 724 45 35 
cell-0-6-2 422 724 45 35 
cell-0-6-3 467 724 45 35 
cell-0-6-4 512 724 45 35 
cell-0-6-5 557 724 45 35 
cell-0-7-0 332 769 45 35 
cell-0-7-1 377 769 45 35 
cell-0-7-2 422 769 45 35 
cell-0-7-3 467 769 45 35 
cell-0-7-4 512 769 45 35 
cell-0-7-5 557 769 45 35 
cell-0-8-0 332 814 45 35 
cell-0-8-1 377 814 45 35 
cell-0-8-2 422 814 45 35 
cell-0-8-3 467 814 45 35 
cell-0-8-4 512 814 45 35 
cell-0-8-5 557 814 45 35 
cell-0-9-0 332 859 45 35 
cell-0-9-1 377 859 45 35 
cell-0-9-2 422 859 45 35 
cell-0-9-3 467 859 45 35 
cell-0-9-4 512 859 45 35 
cell-0-9-5 557 859 45 35 
table-2 710 323 178 541 
cell-2-0-0 710 323 44 35 
cell-2-0-1 754 323 44 35 
cell-2-0-2 798 323 44 35 
cell-2-0-3 842 323 44 35 
cell-2-1-0 710 359 44 35 
cell-2-1-1 754 359 44 35 
cell-2-1-2 798 359 44 35 
cell-2-1-3 842 359 44 35 
cell-2-2-0 710 395 44 35 
cell-2-2-1 754 395 44 35 
cell-2-2-2 798 395 44 35 
cell-2-2-3 842 395 44 35 
cell-2-3-0 710 431 44 35 
cell-2-3-1 754 431 44 35 
cell-2-3-2 798 431 44 35 
cell-2-3-3 842 431 44 35 
cell-2-4-0 710 467 44 35 
cell-2-4-1 754 467 44 35 
cell-2-4-2 798 467 44 35 
cell-2-4-3 842 467 44 35 
cell-2-5-0 710 503 44 35 
cell-2-5-1 754 503 44 35 
cell-2-5-2 798 503 44 35 
cell-2-5-3 842 503 44 35 
cell-2-6-0 710 539 44 35 
cell-2-6-1 754 539 44 35 
cell-2-6-2 798 539 44 35 
cell-2-6-3 842 539 44 35 
cell-2-7-0 710 575 44 35 
cell-2-7-1 754 575 44 35 
cell-2-7-2 798 575 44 35 
cell-2-7-3 842 575 44 35 
cell-2-8-0 710 611 44 35 
cell-2-8-1 754 611 44 35 
cell-2-8-2 798 611 44 35 
cell-2-8-3 842 611 44 35 
cell-2-9-0 710 647 44 35 
cell-2-9-1 754 647 44 35 
cell-2-9-2 798 647 44 35 
cell-2-9-3 842 647 44 35 
cell-2-10-0 710 683 44 35 
cell-2-10-1 754 683 44 35 
cell-2-10-2 798 683 44 35 
cell-2-10-3 842 683 44 35 
cell-2-11-0 710 719 44 35 
cell-2-11-1 754 719 44 35 
cell-2-11-2 798 719 44 35 
cell-2-11-3 842 719 44 35 
cell-2-12-0 710 755 44 35 
cell-2-12-1 754 755 44 35 
cell-2-12-2 798 755 44 35 
cell-2-12-3 842 755 44 35 
cell-2-13-0 710 791 44 35 
cell-2-13-1 754 791 44 35 
cell-2-13-2 798 791 44 35 
cell-2-13-3 842 791 44 35 
cell-2-14-0 710 827 44 35 
cell-2-14-1 754 827 44 35 
cell-2-14-2 798 827 44 35 
cell-2-14-3 842 827 44 35 
