table-0 313 324 505 774 
cell-0-0-0 313 324 45 43 
cell-0-0-1 358 324 45 43 
cell-0-0-2 403 324 45 43 
cell-0-0-3 448 324 45 43 
cell-0-0-4 493 324 323 43 
cell-0-1-0 313 380 45 43 
cell-0-1-1 358 380 45 43 
cell-0-1-2 403 380 45 43 
cell-0-1-3 448 380 45 43 
cell-0-1-4 493 380 323 43 
cell-0-2-0 313 436 45 43 
cell-0-2-1 358 436 45 43 
cell-0-2-2 403 436 45 43 
cell-0-2-3 448 436 45 43 
cell-0-2-4 493 436 323 43 
cell-0-3-0 313 492 45 43 
cell-0-3-1 358 492 45 43 
cell-0-3-2 403 492 45 43 
cell-0-3-3 448 492 45 43 
cell-0-3-4 493 492 323 43 
cell-0-4-0 313 548 45 43 
cell-0-4-1 358 548 45 43 
cell-0-4-2 403 548 45 43 
cell-0-4-3 448 548 45 43 
cell-0-4-4 493 548 323 43 
cell-0-5-0 313 604 45 43 
cell-0-5-1 358 604 45 43 
cell-0-5-2 403 604 45 43 
cell-0-5-3 448 604 45 43 
cell-0-5-4 493 604 323 43 
cell-0-6-0 313 660 45 43 
cell-0-6-1 358 660 45 43 
cell-0-6-2 403 660 45 43 
cell-0-6-3 448 660 45 43 
cell-0-6-4 493 660 323 43 
cell-0-7-0 313 716 45 43 
cell-0-7-1 358 716 45 43 
cell-0-7-2 403 716 45 43 
cell-0-7-3 448 716 45 43 
cell-0-7-4 493 716 323 43 
cell-0-8-0 313 772 45 43 
cell-0-8-1 358 772 45 43 
cell-0-8-2 403 772 45 43 
cell-0-8-3 448 772 45 43 
cell-0-8-4 493 772 323 43 
cell-0-9-0 313 828 45 43 
cell-0-9-1 358 828 45 43 
cell-0-9-2 403 828 45 43 
cell-0-9-3 448 828 45 43 
cell-0-9-4 493 828 323 43 
cell-0-10-0 313 884 45 43 
cell-0-10-1 358 884 45 43 
cell-0-10-2 403 884 45 43 
cell-0-10-3 448 884 45 43 
cell-0-10-4 493 884 323 43 
cell-0-11-0 313 940 45 43 
cell-0-11-1 358 940 45 43 
cell-0-11-2 403 940 45 43 
cell-0-11-3 448 940 45 43 
cell-0-11-4 493 940 323 43 
cell-0-12-0 313 996 45 43 
cell-0-12-1 358 996 45 43 
cell-0-12-2 403 996 45 43 
cell-0-12-3 448 996 45 43 
cell-0-12-4 493 996 323 43 
cell-0-13-0 313 1052 45 43 
cell-0-13-1 358 1052 45 43 
cell-0-13-2 403 1052 45 43 
cell-0-13-3 448 1052 45 43 
cell-0-13-4 493 1052 323 43 
