table-0 605 590 183 467 
cell-0-0-0 605 590 45 35 
cell-0-0-1 650 590 45 35 
cell-0-0-2 695 590 45 35 
cell-0-0-3 740 590 45 35 
cell-0-1-0 605 629 45 35 
cell-0-1-1 650 629 45 35 
cell-0-1-2 695 629 45 35 
cell-0-1-3 740 629 45 35 
cell-0-2-0 605 668 45 35 
cell-0-2-1 650 668 45 35 
cell-0-2-2 695 668 45 35 
cell-0-2-3 740 668 45 35 
cell-0-3-0 605 707 45 35 
cell-0-3-1 650 707 45 35 
cell-0-3-2 695 707 45 35 
cell-0-3-3 740 707 45 35 
cell-0-4-0 605 746 45 35 
cell-0-4-1 650 746 45 35 
cell-0-4-2 695 746 45 35 
cell-0-4-3 740 746 45 35 
cell-0-5-0 605 785 45 35 
cell-0-5-1 650 785 45 35 
cell-0-5-2 695 785 45 35 
cell-0-5-3 740 785 45 35 
cell-0-6-0 605 824 45 35 
cell-0-6-1 650 824 45 35 
cell-0-6-2 695 824 45 35 
cell-0-6-3 740 824 45 35 
cell-0-7-0 605 863 45 35 
cell-0-7-1 650 863 45 35 
cell-0-7-2 695 863 45 35 
cell-0-7-3 740 863 45 35 
cell-0-8-0 605 902 45 35 
cell-0-8-1 650 902 45 35 
cell-0-8-2 695 902 45 35 
cell-0-8-3 740 902 45 35 
cell-0-9-0 605 941 45 35 
cell-0-9-1 650 941 45 35 
cell-0-9-2 695 941 45 35 
cell-0-9-3 740 941 45 35 
cell-0-10-0 605 980 45 35 
cell-0-10-1 650 980 45 35 
cell-0-10-2 695 980 45 35 
cell-0-10-3 740 980 45 35 
cell-0-11-0 605 1019 45 35 
cell-0-11-1 650 1019 45 35 
cell-0-11-2 695 1019 45 35 
cell-0-11-3 740 1019 45 35 
