table-0 301 519 682 421 
cell-0-1-0 301 519 34 35 
cell-0-1-1 335 519 34 35 
cell-0-1-2 369 519 34 35 
cell-0-1-3 403 519 34 35 
cell-0-1-4 437 519 34 35 
cell-0-1-5 471 519 34 35 
cell-0-1-6 505 519 34 35 
cell-0-1-7 539 519 34 35 
cell-0-1-8 573 519 34 35 
cell-0-1-9 607 519 34 35 
cell-0-1-10 641 519 34 35 
cell-0-1-11 675 519 34 35 
cell-0-1-12 709 519 34 35 
cell-0-1-13 743 519 34 35 
cell-0-1-14 777 519 34 35 
cell-0-1-15 811 519 34 35 
cell-0-1-16 845 519 34 35 
cell-0-1-17 879 519 34 35 
cell-0-1-18 913 519 34 35 
cell-0-1-19 947 519 34 35 
cell-0-2-0 301 583 34 35 
cell-0-2-1 335 583 34 35 
cell-0-2-2 369 583 34 35 
cell-0-2-3 403 583 34 35 
cell-0-2-4 437 583 34 35 
cell-0-2-5 471 583 34 35 
cell-0-2-6 505 583 34 35 
cell-0-2-7 539 583 34 35 
cell-0-2-8 573 583 34 35 
cell-0-2-9 607 583 34 35 
cell-0-2-10 641 583 34 35 
cell-0-2-11 675 583 34 35 
cell-0-2-12 709 583 34 35 
cell-0-2-13 743 583 34 35 
cell-0-2-14 777 583 34 35 
cell-0-2-15 811 583 34 35 
cell-0-2-16 845 583 34 35 
cell-0-2-17 879 583 34 35 
cell-0-2-18 913 583 34 35 
cell-0-2-19 947 583 34 35 
cell-0-3-0 301 647 34 35 
cell-0-3-1 335 647 34 35 
cell-0-3-2 369 647 34 35 
cell-0-3-3 403 647 34 35 
cell-0-3-4 437 647 34 35 
cell-0-3-5 471 647 34 35 
cell-0-3-6 505 647 34 35 
cell-0-3-7 539 647 34 35 
cell-0-3-8 573 647 34 35 
cell-0-3-9 607 647 34 35 
cell-0-3-10 641 647 34 35 
cell-0-3-11 675 647 34 35 
cell-0-3-12 709 647 34 35 
cell-0-3-13 743 647 34 35 
cell-0-3-14 777 647 34 35 
cell-0-3-15 811 647 34 35 
cell-0-3-16 845 647 34 35 
cell-0-3-17 879 647 34 35 
cell-0-3-18 913 647 34 35 
cell-0-3-19 947 647 34 35 
cell-0-4-0 301 711 34 35 
cell-0-4-1 335 711 34 35 
cell-0-4-2 369 711 34 35 
cell-0-4-3 403 711 34 35 
cell-0-4-4 437 711 34 35 
cell-0-4-5 471 711 34 35 
cell-0-4-6 505 711 34 35 
cell-0-4-7 539 711 34 35 
cell-0-4-8 573 711 34 35 
cell-0-4-9 607 711 34 35 
cell-0-4-10 641 711 34 35 
cell-0-4-11 675 711 34 35 
cell-0-4-12 709 711 34 35 
cell-0-4-13 743 711 34 35 
cell-0-4-14 777 711 34 35 
cell-0-4-15 811 711 34 35 
cell-0-4-16 845 711 34 35 
cell-0-4-17 879 711 34 35 
cell-0-4-18 913 711 34 35 
cell-0-4-19 947 711 34 35 
cell-0-5-0 301 775 34 35 
cell-0-5-1 335 775 34 35 
cell-0-5-2 369 775 34 35 
cell-0-5-3 403 775 34 35 
cell-0-5-4 437 775 34 35 
cell-0-5-5 471 775 34 35 
cell-0-5-6 505 775 34 35 
cell-0-5-7 539 775 34 35 
cell-0-5-8 573 775 34 35 
cell-0-5-9 607 775 34 35 
cell-0-5-10 641 775 34 35 
cell-0-5-11 675 775 34 35 
cell-0-5-12 709 775 34 35 
cell-0-5-13 743 775 34 35 
cell-0-5-14 777 775 34 35 
cell-0-5-15 811 775 34 35 
cell-0-5-16 845 775 34 35 
cell-0-5-17 879 775 34 35 
cell-0-5-18 913 775 34 35 
cell-0-5-19 947 775 34 35 
cell-0-6-0 301 839 34 35 
cell-0-6-1 335 839 34 35 
cell-0-6-2 369 839 34 35 
cell-0-6-3 403 839 34 35 
cell-0-6-4 437 839 34 35 
cell-0-6-5 471 839 34 35 
cell-0-6-6 505 839 34 35 
cell-0-6-7 539 839 34 35 
cell-0-6-8 573 839 34 35 
cell-0-6-9 607 839 34 35 
cell-0-6-10 641 839 34 35 
cell-0-6-11 675 839 34 35 
cell-0-6-12 709 839 34 35 
cell-0-6-13 743 839 34 35 
cell-0-6-14 777 839 34 35 
cell-0-6-15 811 839 34 35 
cell-0-6-16 845 839 34 35 
cell-0-6-17 879 839 34 35 
cell-0-6-18 913 839 34 35 
cell-0-6-19 947 839 34 35 
cell-0-7-0 301 903 34 35 
cell-0-7-1 335 903 34 35 
cell-0-7-2 369 903 34 35 
cell-0-7-3 403 903 34 35 
cell-0-7-4 437 903 34 35 
cell-0-7-5 471 903 34 35 
cell-0-7-6 505 903 34 35 
cell-0-7-7 539 903 34 35 
cell-0-7-8 573 903 34 35 
cell-0-7-9 607 903 34 35 
cell-0-7-10 641 903 34 35 
cell-0-7-11 675 903 34 35 
cell-0-7-12 709 903 34 35 
cell-0-7-13 743 903 34 35 
cell-0-7-14 777 903 34 35 
cell-0-7-15 811 903 34 35 
cell-0-7-16 845 903 34 35 
cell-0-7-17 879 903 34 35 
cell-0-7-18 913 903 34 35 
cell-0-7-19 947 903 34 35 
header-2 208 169 838 193 
row-1-1 208 169 263 40 
row-1-2 491 169 362 40 
row-2-1 208 219 329 40 
row-2-2 557 219 481 40 
row-3-1 208 269 725 40 
row-4-1 208 319 527 40 
