table-0 356 964 580 272 
cell-0-1-0 356 964 34 35 
cell-0-1-1 390 964 34 35 
cell-0-1-2 424 964 34 35 
cell-0-1-3 458 964 34 35 
cell-0-1-4 492 964 34 35 
cell-0-1-5 526 964 34 35 
cell-0-1-6 560 964 34 35 
cell-0-1-7 594 964 34 35 
cell-0-1-8 628 964 34 35 
cell-0-1-9 662 964 34 35 
cell-0-1-10 696 964 34 35 
cell-0-1-11 730 964 34 35 
cell-0-1-12 764 964 34 35 
cell-0-1-13 798 964 34 35 
cell-0-1-14 832 964 34 35 
cell-0-1-15 866 964 34 35 
cell-0-1-16 900 964 34 35 
cell-0-2-0 356 1011 34 35 
cell-0-2-1 390 1011 34 35 
cell-0-2-2 424 1011 34 35 
cell-0-2-3 458 1011 34 35 
cell-0-2-4 492 1011 34 35 
cell-0-2-5 526 1011 34 35 
cell-0-2-6 560 1011 34 35 
cell-0-2-7 594 1011 34 35 
cell-0-2-8 628 1011 34 35 
cell-0-2-9 662 1011 34 35 
cell-0-2-10 696 1011 34 35 
cell-0-2-11 730 1011 34 35 
cell-0-2-12 764 1011 34 35 
cell-0-2-13 798 1011 34 35 
cell-0-2-14 832 1011 34 35 
cell-0-2-15 866 1011 34 35 
cell-0-2-16 900 1011 34 35 
cell-0-3-0 356 1058 34 35 
cell-0-3-1 390 1058 34 35 
cell-0-3-2 424 1058 34 35 
cell-0-3-3 458 1058 34 35 
cell-0-3-4 492 1058 34 35 
cell-0-3-5 526 1058 34 35 
cell-0-3-6 560 1058 34 35 
cell-0-3-7 594 1058 34 35 
cell-0-3-8 628 1058 34 35 
cell-0-3-9 662 1058 34 35 
cell-0-3-10 696 1058 34 35 
cell-0-3-11 730 1058 34 35 
cell-0-3-12 764 1058 34 35 
cell-0-3-13 798 1058 34 35 
cell-0-3-14 832 1058 34 35 
cell-0-3-15 866 1058 34 35 
cell-0-3-16 900 1058 34 35 
cell-0-4-0 356 1105 34 35 
cell-0-4-1 390 1105 34 35 
cell-0-4-2 424 1105 34 35 
cell-0-4-3 458 1105 34 35 
cell-0-4-4 492 1105 34 35 
cell-0-4-5 526 1105 34 35 
cell-0-4-6 560 1105 34 35 
cell-0-4-7 594 1105 34 35 
cell-0-4-8 628 1105 34 35 
cell-0-4-9 662 1105 34 35 
cell-0-4-10 696 1105 34 35 
cell-0-4-11 730 1105 34 35 
cell-0-4-12 764 1105 34 35 
cell-0-4-13 798 1105 34 35 
cell-0-4-14 832 1105 34 35 
cell-0-4-15 866 1105 34 35 
cell-0-4-16 900 1105 34 35 
cell-0-5-0 356 1152 34 35 
cell-0-5-1 390 1152 34 35 
cell-0-5-2 424 1152 34 35 
cell-0-5-3 458 1152 34 35 
cell-0-5-4 492 1152 34 35 
cell-0-5-5 526 1152 34 35 
cell-0-5-6 560 1152 34 35 
cell-0-5-7 594 1152 34 35 
cell-0-5-8 628 1152 34 35 
cell-0-5-9 662 1152 34 35 
cell-0-5-10 696 1152 34 35 
cell-0-5-11 730 1152 34 35 
cell-0-5-12 764 1152 34 35 
cell-0-5-13 798 1152 34 35 
cell-0-5-14 832 1152 34 35 
cell-0-5-15 866 1152 34 35 
cell-0-5-16 900 1152 34 35 
cell-0-6-0 356 1199 34 35 
cell-0-6-1 390 1199 34 35 
cell-0-6-2 424 1199 34 35 
cell-0-6-3 458 1199 34 35 
cell-0-6-4 492 1199 34 35 
cell-0-6-5 526 1199 34 35 
cell-0-6-6 560 1199 34 35 
cell-0-6-7 594 1199 34 35 
cell-0-6-8 628 1199 34 35 
cell-0-6-9 662 1199 34 35 
cell-0-6-10 696 1199 34 35 
cell-0-6-11 730 1199 34 35 
cell-0-6-12 764 1199 34 35 
cell-0-6-13 798 1199 34 35 
cell-0-6-14 832 1199 34 35 
cell-0-6-15 866 1199 34 35 
cell-0-6-16 900 1199 34 35 
table-1 375 341 663 346 
cell-1-1-0 375 341 34 35 
cell-1-1-1 412 341 34 35 
cell-1-1-2 449 341 34 35 
cell-1-1-3 486 341 34 35 
cell-1-1-4 523 341 34 35 
cell-1-1-5 560 341 34 35 
cell-1-1-6 597 341 34 35 
cell-1-1-7 634 341 34 35 
cell-1-1-8 671 341 34 35 
cell-1-1-9 708 341 34 35 
cell-1-1-10 745 341 34 35 
cell-1-1-11 782 341 34 35 
cell-1-1-12 819 341 34 35 
cell-1-1-13 856 341 34 35 
cell-1-1-14 893 341 34 35 
cell-1-1-15 930 341 34 35 
cell-1-1-16 967 341 34 35 
cell-1-1-17 1004 341 34 35 
cell-1-2-0 375 403 34 35 
cell-1-2-1 412 403 34 35 
cell-1-2-2 449 403 34 35 
cell-1-2-3 486 403 34 35 
cell-1-2-4 523 403 34 35 
cell-1-2-5 560 403 34 35 
cell-1-2-6 597 403 34 35 
cell-1-2-7 634 403 34 35 
cell-1-2-8 671 403 34 35 
cell-1-2-9 708 403 34 35 
cell-1-2-10 745 403 34 35 
cell-1-2-11 782 403 34 35 
cell-1-2-12 819 403 34 35 
cell-1-2-13 856 403 34 35 
cell-1-2-14 893 403 34 35 
cell-1-2-15 930 403 34 35 
cell-1-2-16 967 403 34 35 
cell-1-2-17 1004 403 34 35 
cell-1-3-0 375 465 34 35 
cell-1-3-1 412 465 34 35 
cell-1-3-2 449 465 34 35 
cell-1-3-3 486 465 34 35 
cell-1-3-4 523 465 34 35 
cell-1-3-5 560 465 34 35 
cell-1-3-6 597 465 34 35 
cell-1-3-7 634 465 34 35 
cell-1-3-8 671 465 34 35 
cell-1-3-9 708 465 34 35 
cell-1-3-10 745 465 34 35 
cell-1-3-11 782 465 34 35 
cell-1-3-12 819 465 34 35 
cell-1-3-13 856 465 34 35 
cell-1-3-14 893 465 34 35 
cell-1-3-15 930 465 34 35 
cell-1-3-16 967 465 34 35 
cell-1-3-17 1004 465 34 35 
cell-1-4-0 375 527 34 35 
cell-1-4-1 412 527 34 35 
cell-1-4-2 449 527 34 35 
cell-1-4-3 486 527 34 35 
cell-1-4-4 523 527 34 35 
cell-1-4-5 560 527 34 35 
cell-1-4-6 597 527 34 35 
cell-1-4-7 634 527 34 35 
cell-1-4-8 671 527 34 35 
cell-1-4-9 708 527 34 35 
cell-1-4-10 745 527 34 35 
cell-1-4-11 782 527 34 35 
cell-1-4-12 819 527 34 35 
cell-1-4-13 856 527 34 35 
cell-1-4-14 893 527 34 35 
cell-1-4-15 930 527 34 35 
cell-1-4-16 967 527 34 35 
cell-1-4-17 1004 527 34 35 
cell-1-5-0 375 589 34 35 
cell-1-5-1 412 589 34 35 
cell-1-5-2 449 589 34 35 
cell-1-5-3 486 589 34 35 
cell-1-5-4 523 589 34 35 
cell-1-5-5 560 589 34 35 
cell-1-5-6 597 589 34 35 
cell-1-5-7 634 589 34 35 
cell-1-5-8 671 589 34 35 
cell-1-5-9 708 589 34 35 
cell-1-5-10 745 589 34 35 
cell-1-5-11 782 589 34 35 
cell-1-5-12 819 589 34 35 
cell-1-5-13 856 589 34 35 
cell-1-5-14 893 589 34 35 
cell-1-5-15 930 589 34 35 
cell-1-5-16 967 589 34 35 
cell-1-5-17 1004 589 34 35 
cell-1-6-0 375 651 34 35 
cell-1-6-1 412 651 34 35 
cell-1-6-2 449 651 34 35 
cell-1-6-3 486 651 34 35 
cell-1-6-4 523 651 34 35 
cell-1-6-5 560 651 34 35 
cell-1-6-6 597 651 34 35 
cell-1-6-7 634 651 34 35 
cell-1-6-8 671 651 34 35 
cell-1-6-9 708 651 34 35 
cell-1-6-10 745 651 34 35 
cell-1-6-11 782 651 34 35 
cell-1-6-12 819 651 34 35 
cell-1-6-13 856 651 34 35 
cell-1-6-14 893 651 34 35 
cell-1-6-15 930 651 34 35 
cell-1-6-16 967 651 34 35 
cell-1-6-17 1004 651 34 35 
