table-0 139 291 800 458 
cell-0-0-0 139 291 114 55 
cell-0-0-1 253 291 114 55 
cell-0-0-2 367 291 114 55 
cell-0-0-3 481 291 114 55 
cell-0-0-4 595 291 114 55 
cell-0-0-5 709 291 114 55 
cell-0-0-6 823 291 114 55 
cell-0-1-0 139 358 114 55 
cell-0-1-1 253 358 114 55 
cell-0-1-2 367 358 114 55 
cell-0-1-3 481 358 114 55 
cell-0-1-4 595 358 114 55 
cell-0-1-5 709 358 114 55 
cell-0-1-6 823 358 114 55 
cell-0-2-0 139 425 114 55 
cell-0-2-1 253 425 114 55 
cell-0-2-2 367 425 114 55 
cell-0-2-3 481 425 114 55 
cell-0-2-4 595 425 114 55 
cell-0-2-5 709 425 114 55 
cell-0-2-6 823 425 114 55 
cell-0-3-0 139 492 114 55 
cell-0-3-1 253 492 114 55 
cell-0-3-2 367 492 114 55 
cell-0-3-3 481 492 114 55 
cell-0-3-4 595 492 114 55 
cell-0-3-5 709 492 114 55 
cell-0-3-6 823 492 114 55 
cell-0-4-0 139 559 114 55 
cell-0-4-1 253 559 114 55 
cell-0-4-2 367 559 114 55 
cell-0-4-3 481 559 114 55 
cell-0-4-4 595 559 114 55 
cell-0-4-5 709 559 114 55 
cell-0-4-6 823 559 114 55 
cell-0-5-0 139 626 114 55 
cell-0-5-1 253 626 114 55 
cell-0-5-2 367 626 114 55 
cell-0-5-3 481 626 114 55 
cell-0-5-4 595 626 114 55 
cell-0-5-5 709 626 114 55 
cell-0-5-6 823 626 114 55 
cell-0-6-0 139 693 114 55 
cell-0-6-1 253 693 114 55 
cell-0-6-2 367 693 114 55 
cell-0-6-3 481 693 114 55 
cell-0-6-4 595 693 114 55 
cell-0-6-5 709 693 114 55 
cell-0-6-6 823 693 114 55 
table-2 381 1221 448 158 
cell-2-1-0 381 1221 38 35 
cell-2-1-1 422 1221 38 35 
cell-2-1-2 463 1221 38 35 
cell-2-1-3 504 1221 38 35 
cell-2-1-4 545 1221 38 35 
cell-2-1-5 586 1221 38 35 
cell-2-1-6 627 1221 38 35 
cell-2-1-7 668 1221 38 35 
cell-2-1-8 709 1221 38 35 
cell-2-1-9 750 1221 38 35 
cell-2-1-10 791 1221 38 35 
cell-2-2-0 381 1261 38 35 
cell-2-2-1 422 1261 38 35 
cell-2-2-2 463 1261 38 35 
cell-2-2-3 504 1261 38 35 
cell-2-2-4 545 1261 38 35 
cell-2-2-5 586 1261 38 35 
cell-2-2-6 627 1261 38 35 
cell-2-2-7 668 1261 38 35 
cell-2-2-8 709 1261 38 35 
cell-2-2-9 750 1261 38 35 
cell-2-2-10 791 1261 38 35 
cell-2-3-0 381 1301 38 35 
cell-2-3-1 422 1301 38 35 
cell-2-3-2 463 1301 38 35 
cell-2-3-3 504 1301 38 35 
cell-2-3-4 545 1301 38 35 
cell-2-3-5 586 1301 38 35 
cell-2-3-6 627 1301 38 35 
cell-2-3-7 668 1301 38 35 
cell-2-3-8 709 1301 38 35 
cell-2-3-9 750 1301 38 35 
cell-2-3-10 791 1301 38 35 
cell-2-4-0 381 1341 38 35 
cell-2-4-1 422 1341 38 35 
cell-2-4-2 463 1341 38 35 
cell-2-4-3 504 1341 38 35 
cell-2-4-4 545 1341 38 35 
cell-2-4-5 586 1341 38 35 
cell-2-4-6 627 1341 38 35 
cell-2-4-7 668 1341 38 35 
cell-2-4-8 709 1341 38 35 
cell-2-4-9 750 1341 38 35 
cell-2-4-10 791 1341 38 35 
