table-0 494 126 537 626 
cell-0-0-0 494 126 44 43 
cell-0-0-1 538 126 44 43 
cell-0-0-2 582 126 44 43 
cell-0-0-3 626 126 44 43 
cell-0-0-4 670 126 44 43 
cell-0-0-5 714 126 313 43 
cell-0-1-0 494 184 44 43 
cell-0-1-1 538 184 44 43 
cell-0-1-2 582 184 44 43 
cell-0-1-3 626 184 44 43 
cell-0-1-4 670 184 44 43 
cell-0-1-5 714 184 313 43 
cell-0-2-0 494 242 44 43 
cell-0-2-1 538 242 44 43 
cell-0-2-2 582 242 44 43 
cell-0-2-3 626 242 44 43 
cell-0-2-4 670 242 44 43 
cell-0-2-5 714 242 313 43 
cell-0-3-0 494 300 44 43 
cell-0-3-1 538 300 44 43 
cell-0-3-2 582 300 44 43 
cell-0-3-3 626 300 44 43 
cell-0-3-4 670 300 44 43 
cell-0-3-5 714 300 313 43 
cell-0-4-0 494 358 44 43 
cell-0-4-1 538 358 44 43 
cell-0-4-2 582 358 44 43 
cell-0-4-3 626 358 44 43 
cell-0-4-4 670 358 44 43 
cell-0-4-5 714 358 313 43 
cell-0-5-0 494 416 44 43 
cell-0-5-1 538 416 44 43 
cell-0-5-2 582 416 44 43 
cell-0-5-3 626 416 44 43 
cell-0-5-4 670 416 44 43 
cell-0-5-5 714 416 313 43 
cell-0-6-0 494 474 44 43 
cell-0-6-1 538 474 44 43 
cell-0-6-2 582 474 44 43 
cell-0-6-3 626 474 44 43 
cell-0-6-4 670 474 44 43 
cell-0-6-5 714 474 313 43 
cell-0-7-0 494 532 44 43 
cell-0-7-1 538 532 44 43 
cell-0-7-2 582 532 44 43 
cell-0-7-3 626 532 44 43 
cell-0-7-4 670 532 44 43 
cell-0-7-5 714 532 313 43 
cell-0-8-0 494 590 44 43 
cell-0-8-1 538 590 44 43 
cell-0-8-2 582 590 44 43 
cell-0-8-3 626 590 44 43 
cell-0-8-4 670 590 44 43 
cell-0-8-5 714 590 313 43 
cell-0-9-0 494 648 44 43 
cell-0-9-1 538 648 44 43 
cell-0-9-2 582 648 44 43 
cell-0-9-3 626 648 44 43 
cell-0-9-4 670 648 44 43 
cell-0-9-5 714 648 313 43 
cell-0-10-0 494 706 44 43 
cell-0-10-1 538 706 44 43 
cell-0-10-2 582 706 44 43 
cell-0-10-3 626 706 44 43 
cell-0-10-4 670 706 44 43 
cell-0-10-5 714 706 313 43 
