table-0 255 1122 528 318 
cell-0-1-0 255 1122 35 35 
cell-0-1-1 290 1122 35 35 
cell-0-1-2 325 1122 35 35 
cell-0-1-3 360 1122 35 35 
cell-0-1-4 395 1122 35 35 
cell-0-1-5 430 1122 35 35 
cell-0-1-6 465 1122 35 35 
cell-0-1-7 500 1122 35 35 
cell-0-1-8 535 1122 35 35 
cell-0-1-9 570 1122 35 35 
cell-0-1-10 605 1122 35 35 
cell-0-1-11 640 1122 35 35 
cell-0-1-12 675 1122 35 35 
cell-0-1-13 710 1122 35 35 
cell-0-1-14 745 1122 35 35 
cell-0-2-0 255 1178 35 35 
cell-0-2-1 290 1178 35 35 
cell-0-2-2 325 1178 35 35 
cell-0-2-3 360 1178 35 35 
cell-0-2-4 395 1178 35 35 
cell-0-2-5 430 1178 35 35 
cell-0-2-6 465 1178 35 35 
cell-0-2-7 500 1178 35 35 
cell-0-2-8 535 1178 35 35 
cell-0-2-9 570 1178 35 35 
cell-0-2-10 605 1178 35 35 
cell-0-2-11 640 1178 35 35 
cell-0-2-12 675 1178 35 35 
cell-0-2-13 710 1178 35 35 
cell-0-2-14 745 1178 35 35 
cell-0-3-0 255 1234 35 35 
cell-0-3-1 290 1234 35 35 
cell-0-3-2 325 1234 35 35 
cell-0-3-3 360 1234 35 35 
cell-0-3-4 395 1234 35 35 
cell-0-3-5 430 1234 35 35 
cell-0-3-6 465 1234 35 35 
cell-0-3-7 500 1234 35 35 
cell-0-3-8 535 1234 35 35 
cell-0-3-9 570 1234 35 35 
cell-0-3-10 605 1234 35 35 
cell-0-3-11 640 1234 35 35 
cell-0-3-12 675 1234 35 35 
cell-0-3-13 710 1234 35 35 
cell-0-3-14 745 1234 35 35 
cell-0-4-0 255 1290 35 35 
cell-0-4-1 290 1290 35 35 
cell-0-4-2 325 1290 35 35 
cell-0-4-3 360 1290 35 35 
cell-0-4-4 395 1290 35 35 
cell-0-4-5 430 1290 35 35 
cell-0-4-6 465 1290 35 35 
cell-0-4-7 500 1290 35 35 
cell-0-4-8 535 1290 35 35 
cell-0-4-9 570 1290 35 35 
cell-0-4-10 605 1290 35 35 
cell-0-4-11 640 1290 35 35 
cell-0-4-12 675 1290 35 35 
cell-0-4-13 710 1290 35 35 
cell-0-4-14 745 1290 35 35 
cell-0-5-0 255 1346 35 35 
cell-0-5-1 290 1346 35 35 
cell-0-5-2 325 1346 35 35 
cell-0-5-3 360 1346 35 35 
cell-0-5-4 395 1346 35 35 
cell-0-5-5 430 1346 35 35 
cell-0-5-6 465 1346 35 35 
cell-0-5-7 500 1346 35 35 
cell-0-5-8 535 1346 35 35 
cell-0-5-9 570 1346 35 35 
cell-0-5-10 605 1346 35 35 
cell-0-5-11 640 1346 35 35 
cell-0-5-12 675 1346 35 35 
cell-0-5-13 710 1346 35 35 
cell-0-5-14 745 1346 35 35 
cell-0-6-0 255 1402 35 35 
cell-0-6-1 290 1402 35 35 
cell-0-6-2 325 1402 35 35 
cell-0-6-3 360 1402 35 35 
cell-0-6-4 395 1402 35 35 
cell-0-6-5 430 1402 35 35 
cell-0-6-6 465 1402 35 35 
cell-0-6-7 500 1402 35 35 
cell-0-6-8 535 1402 35 35 
cell-0-6-9 570 1402 35 35 
cell-0-6-10 605 1402 35 35 
cell-0-6-11 640 1402 35 35 
cell-0-6-12 675 1402 35 35 
cell-0-6-13 710 1402 35 35 
cell-0-6-14 745 1402 35 35 
header-1 81 265 783 195 
row-1-1 81 265 259 41 
row-1-2 360 265 358 41 
row-2-1 81 316 292 41 
row-2-2 393 316 432 41 
row-3-1 81 367 787 41 
row-4-1 81 418 523 41 
