table-0 315 519 703 598 
cell-0-1-0 315 519 35 35 
cell-0-1-1 350 519 35 35 
cell-0-1-2 385 519 35 35 
cell-0-1-3 420 519 35 35 
cell-0-1-4 455 519 35 35 
cell-0-1-5 490 519 35 35 
cell-0-1-6 525 519 35 35 
cell-0-1-7 560 519 35 35 
cell-0-1-8 595 519 35 35 
cell-0-1-9 630 519 35 35 
cell-0-1-10 665 519 35 35 
cell-0-1-11 700 519 35 35 
cell-0-1-12 735 519 35 35 
cell-0-1-13 770 519 35 35 
cell-0-1-14 805 519 35 35 
cell-0-1-15 840 519 35 35 
cell-0-1-16 875 519 35 35 
cell-0-1-17 910 519 35 35 
cell-0-1-18 945 519 35 35 
cell-0-1-19 980 519 35 35 
cell-0-2-0 315 575 35 35 
cell-0-2-1 350 575 35 35 
cell-0-2-2 385 575 35 35 
cell-0-2-3 420 575 35 35 
cell-0-2-4 455 575 35 35 
cell-0-2-5 490 575 35 35 
cell-0-2-6 525 575 35 35 
cell-0-2-7 560 575 35 35 
cell-0-2-8 595 575 35 35 
cell-0-2-9 630 575 35 35 
cell-0-2-10 665 575 35 35 
cell-0-2-11 700 575 35 35 
cell-0-2-12 735 575 35 35 
cell-0-2-13 770 575 35 35 
cell-0-2-14 805 575 35 35 
cell-0-2-15 840 575 35 35 
cell-0-2-16 875 575 35 35 
cell-0-2-17 910 575 35 35 
cell-0-2-18 945 575 35 35 
cell-0-2-19 980 575 35 35 
cell-0-3-0 315 631 35 35 
cell-0-3-1 350 631 35 35 
cell-0-3-2 385 631 35 35 
cell-0-3-3 420 631 35 35 
cell-0-3-4 455 631 35 35 
cell-0-3-5 490 631 35 35 
cell-0-3-6 525 631 35 35 
cell-0-3-7 560 631 35 35 
cell-0-3-8 595 631 35 35 
cell-0-3-9 630 631 35 35 
cell-0-3-10 665 631 35 35 
cell-0-3-11 700 631 35 35 
cell-0-3-12 735 631 35 35 
cell-0-3-13 770 631 35 35 
cell-0-3-14 805 631 35 35 
cell-0-3-15 840 631 35 35 
cell-0-3-16 875 631 35 35 
cell-0-3-17 910 631 35 35 
cell-0-3-18 945 631 35 35 
cell-0-3-19 980 631 35 35 
cell-0-4-0 315 687 35 35 
cell-0-4-1 350 687 35 35 
cell-0-4-2 385 687 35 35 
cell-0-4-3 420 687 35 35 
cell-0-4-4 455 687 35 35 
cell-0-4-5 490 687 35 35 
cell-0-4-6 525 687 35 35 
cell-0-4-7 560 687 35 35 
cell-0-4-8 595 687 35 35 
cell-0-4-9 630 687 35 35 
cell-0-4-10 665 687 35 35 
cell-0-4-11 700 687 35 35 
cell-0-4-12 735 687 35 35 
cell-0-4-13 770 687 35 35 
cell-0-4-14 805 687 35 35 
cell-0-4-15 840 687 35 35 
cell-0-4-16 875 687 35 35 
cell-0-4-17 910 687 35 35 
cell-0-4-18 945 687 35 35 
cell-0-4-19 980 687 35 35 
cell-0-5-0 315 743 35 35 
cell-0-5-1 350 743 35 35 
cell-0-5-2 385 743 35 35 
cell-0-5-3 420 743 35 35 
cell-0-5-4 455 743 35 35 
cell-0-5-5 490 743 35 35 
cell-0-5-6 525 743 35 35 
cell-0-5-7 560 743 35 35 
cell-0-5-8 595 743 35 35 
cell-0-5-9 630 743 35 35 
cell-0-5-10 665 743 35 35 
cell-0-5-11 700 743 35 35 
cell-0-5-12 735 743 35 35 
cell-0-5-13 770 743 35 35 
cell-0-5-14 805 743 35 35 
cell-0-5-15 840 743 35 35 
cell-0-5-16 875 743 35 35 
cell-0-5-17 910 743 35 35 
cell-0-5-18 945 743 35 35 
cell-0-5-19 980 743 35 35 
cell-0-6-0 315 799 35 35 
cell-0-6-1 350 799 35 35 
cell-0-6-2 385 799 35 35 
cell-0-6-3 420 799 35 35 
cell-0-6-4 455 799 35 35 
cell-0-6-5 490 799 35 35 
cell-0-6-6 525 799 35 35 
cell-0-6-7 560 799 35 35 
cell-0-6-8 595 799 35 35 
cell-0-6-9 630 799 35 35 
cell-0-6-10 665 799 35 35 
cell-0-6-11 700 799 35 35 
cell-0-6-12 735 799 35 35 
cell-0-6-13 770 799 35 35 
cell-0-6-14 805 799 35 35 
cell-0-6-15 840 799 35 35 
cell-0-6-16 875 799 35 35 
cell-0-6-17 910 799 35 35 
cell-0-6-18 945 799 35 35 
cell-0-6-19 980 799 35 35 
cell-0-7-0 315 855 35 35 
cell-0-7-1 350 855 35 35 
cell-0-7-2 385 855 35 35 
cell-0-7-3 420 855 35 35 
cell-0-7-4 455 855 35 35 
cell-0-7-5 490 855 35 35 
cell-0-7-6 525 855 35 35 
cell-0-7-7 560 855 35 35 
cell-0-7-8 595 855 35 35 
cell-0-7-9 630 855 35 35 
cell-0-7-10 665 855 35 35 
cell-0-7-11 700 855 35 35 
cell-0-7-12 735 855 35 35 
cell-0-7-13 770 855 35 35 
cell-0-7-14 805 855 35 35 
cell-0-7-15 840 855 35 35 
cell-0-7-16 875 855 35 35 
cell-0-7-17 910 855 35 35 
cell-0-7-18 945 855 35 35 
cell-0-7-19 980 855 35 35 
cell-0-8-0 315 911 35 35 
cell-0-8-1 350 911 35 35 
cell-0-8-2 385 911 35 35 
cell-0-8-3 420 911 35 35 
cell-0-8-4 455 911 35 35 
cell-0-8-5 490 911 35 35 
cell-0-8-6 525 911 35 35 
cell-0-8-7 560 911 35 35 
cell-0-8-8 595 911 35 35 
cell-0-8-9 630 911 35 35 
cell-0-8-10 665 911 35 35 
cell-0-8-11 700 911 35 35 
cell-0-8-12 735 911 35 35 
cell-0-8-13 770 911 35 35 
cell-0-8-14 805 911 35 35 
cell-0-8-15 840 911 35 35 
cell-0-8-16 875 911 35 35 
cell-0-8-17 910 911 35 35 
cell-0-8-18 945 911 35 35 
cell-0-8-19 980 911 35 35 
cell-0-9-0 315 967 35 35 
cell-0-9-1 350 967 35 35 
cell-0-9-2 385 967 35 35 
cell-0-9-3 420 967 35 35 
cell-0-9-4 455 967 35 35 
cell-0-9-5 490 967 35 35 
cell-0-9-6 525 967 35 35 
cell-0-9-7 560 967 35 35 
cell-0-9-8 595 967 35 35 
cell-0-9-9 630 967 35 35 
cell-0-9-10 665 967 35 35 
cell-0-9-11 700 967 35 35 
cell-0-9-12 735 967 35 35 
cell-0-9-13 770 967 35 35 
cell-0-9-14 805 967 35 35 
cell-0-9-15 840 967 35 35 
cell-0-9-16 875 967 35 35 
cell-0-9-17 910 967 35 35 
cell-0-9-18 945 967 35 35 
cell-0-9-19 980 967 35 35 
cell-0-10-0 315 1023 35 35 
cell-0-10-1 350 1023 35 35 
cell-0-10-2 385 1023 35 35 
cell-0-10-3 420 1023 35 35 
cell-0-10-4 455 1023 35 35 
cell-0-10-5 490 1023 35 35 
cell-0-10-6 525 1023 35 35 
cell-0-10-7 560 1023 35 35 
cell-0-10-8 595 1023 35 35 
cell-0-10-9 630 1023 35 35 
cell-0-10-10 665 1023 35 35 
cell-0-10-11 700 1023 35 35 
cell-0-10-12 735 1023 35 35 
cell-0-10-13 770 1023 35 35 
cell-0-10-14 805 1023 35 35 
cell-0-10-15 840 1023 35 35 
cell-0-10-16 875 1023 35 35 
cell-0-10-17 910 1023 35 35 
cell-0-10-18 945 1023 35 35 
cell-0-10-19 980 1023 35 35 
cell-0-11-0 315 1079 35 35 
cell-0-11-1 350 1079 35 35 
cell-0-11-2 385 1079 35 35 
cell-0-11-3 420 1079 35 35 
cell-0-11-4 455 1079 35 35 
cell-0-11-5 490 1079 35 35 
cell-0-11-6 525 1079 35 35 
cell-0-11-7 560 1079 35 35 
cell-0-11-8 595 1079 35 35 
cell-0-11-9 630 1079 35 35 
cell-0-11-10 665 1079 35 35 
cell-0-11-11 700 1079 35 35 
cell-0-11-12 735 1079 35 35 
cell-0-11-13 770 1079 35 35 
cell-0-11-14 805 1079 35 35 
cell-0-11-15 840 1079 35 35 
cell-0-11-16 875 1079 35 35 
cell-0-11-17 910 1079 35 35 
cell-0-11-18 945 1079 35 35 
cell-0-11-19 980 1079 35 35 
