table-0 215 803 800 544 
cell-0-0-0 215 803 100 47 
cell-0-0-1 315 803 100 47 
cell-0-0-2 415 803 100 47 
cell-0-0-3 515 803 100 47 
cell-0-0-4 615 803 100 47 
cell-0-0-5 715 803 100 47 
cell-0-0-6 815 803 100 47 
cell-0-0-7 915 803 100 47 
cell-0-1-0 215 858 100 47 
cell-0-1-1 315 858 100 47 
cell-0-1-2 415 858 100 47 
cell-0-1-3 515 858 100 47 
cell-0-1-4 615 858 100 47 
cell-0-1-5 715 858 100 47 
cell-0-1-6 815 858 100 47 
cell-0-1-7 915 858 100 47 
cell-0-2-0 215 913 100 47 
cell-0-2-1 315 913 100 47 
cell-0-2-2 415 913 100 47 
cell-0-2-3 515 913 100 47 
cell-0-2-4 615 913 100 47 
cell-0-2-5 715 913 100 47 
cell-0-2-6 815 913 100 47 
cell-0-2-7 915 913 100 47 
cell-0-3-0 215 968 100 47 
cell-0-3-1 315 968 100 47 
cell-0-3-2 415 968 100 47 
cell-0-3-3 515 968 100 47 
cell-0-3-4 615 968 100 47 
cell-0-3-5 715 968 100 47 
cell-0-3-6 815 968 100 47 
cell-0-3-7 915 968 100 47 
cell-0-4-0 215 1023 100 47 
cell-0-4-1 315 1023 100 47 
cell-0-4-2 415 1023 100 47 
cell-0-4-3 515 1023 100 47 
cell-0-4-4 615 1023 100 47 
cell-0-4-5 715 1023 100 47 
cell-0-4-6 815 1023 100 47 
cell-0-4-7 915 1023 100 47 
cell-0-5-0 215 1078 100 47 
cell-0-5-1 315 1078 100 47 
cell-0-5-2 415 1078 100 47 
cell-0-5-3 515 1078 100 47 
cell-0-5-4 615 1078 100 47 
cell-0-5-5 715 1078 100 47 
cell-0-5-6 815 1078 100 47 
cell-0-5-7 915 1078 100 47 
cell-0-6-0 215 1133 100 47 
cell-0-6-1 315 1133 100 47 
cell-0-6-2 415 1133 100 47 
cell-0-6-3 515 1133 100 47 
cell-0-6-4 615 1133 100 47 
cell-0-6-5 715 1133 100 47 
cell-0-6-6 815 1133 100 47 
cell-0-6-7 915 1133 100 47 
cell-0-7-0 215 1188 100 47 
cell-0-7-1 315 1188 100 47 
cell-0-7-2 415 1188 100 47 
cell-0-7-3 515 1188 100 47 
cell-0-7-4 615 1188 100 47 
cell-0-7-5 715 1188 100 47 
cell-0-7-6 815 1188 100 47 
cell-0-7-7 915 1188 100 47 
cell-0-8-0 215 1243 100 47 
cell-0-8-1 315 1243 100 47 
cell-0-8-2 415 1243 100 47 
cell-0-8-3 515 1243 100 47 
cell-0-8-4 615 1243 100 47 
cell-0-8-5 715 1243 100 47 
cell-0-8-6 815 1243 100 47 
cell-0-8-7 915 1243 100 47 
cell-0-9-0 215 1298 100 47 
cell-0-9-1 315 1298 100 47 
cell-0-9-2 415 1298 100 47 
cell-0-9-3 515 1298 100 47 
cell-0-9-4 615 1298 100 47 
cell-0-9-5 715 1298 100 47 
cell-0-9-6 815 1298 100 47 
cell-0-9-7 915 1298 100 47 
header-1 101 268 788 193 
row-1-1 101 268 365 40 
row-1-2 486 268 266 40 
row-2-1 101 318 299 40 
row-2-2 420 318 462 40 
row-3-1 101 368 761 40 
row-4-1 101 418 530 40 
