table-0 560 397 367 351 
cell-0-1-0 560 397 34 35 
cell-0-1-1 597 397 34 35 
cell-0-1-2 634 397 34 35 
cell-0-1-3 671 397 34 35 
cell-0-1-4 708 397 34 35 
cell-0-1-5 745 397 34 35 
cell-0-1-6 782 397 34 35 
cell-0-1-7 819 397 34 35 
cell-0-1-8 856 397 34 35 
cell-0-1-9 893 397 34 35 
cell-0-2-0 560 442 34 35 
cell-0-2-1 597 442 34 35 
cell-0-2-2 634 442 34 35 
cell-0-2-3 671 442 34 35 
cell-0-2-4 708 442 34 35 
cell-0-2-5 745 442 34 35 
cell-0-2-6 782 442 34 35 
cell-0-2-7 819 442 34 35 
cell-0-2-8 856 442 34 35 
cell-0-2-9 893 442 34 35 
cell-0-3-0 560 487 34 35 
cell-0-3-1 597 487 34 35 
cell-0-3-2 634 487 34 35 
cell-0-3-3 671 487 34 35 
cell-0-3-4 708 487 34 35 
cell-0-3-5 745 487 34 35 
cell-0-3-6 782 487 34 35 
cell-0-3-7 819 487 34 35 
cell-0-3-8 856 487 34 35 
cell-0-3-9 893 487 34 35 
cell-0-4-0 560 532 34 35 
cell-0-4-1 597 532 34 35 
cell-0-4-2 634 532 34 35 
cell-0-4-3 671 532 34 35 
cell-0-4-4 708 532 34 35 
cell-0-4-5 745 532 34 35 
cell-0-4-6 782 532 34 35 
cell-0-4-7 819 532 34 35 
cell-0-4-8 856 532 34 35 
cell-0-4-9 893 532 34 35 
cell-0-5-0 560 577 34 35 
cell-0-5-1 597 577 34 35 
cell-0-5-2 634 577 34 35 
cell-0-5-3 671 577 34 35 
cell-0-5-4 708 577 34 35 
cell-0-5-5 745 577 34 35 
cell-0-5-6 782 577 34 35 
cell-0-5-7 819 577 34 35 
cell-0-5-8 856 577 34 35 
cell-0-5-9 893 577 34 35 
cell-0-6-0 560 622 34 35 
cell-0-6-1 597 622 34 35 
cell-0-6-2 634 622 34 35 
cell-0-6-3 671 622 34 35 
cell-0-6-4 708 622 34 35 
cell-0-6-5 745 622 34 35 
cell-0-6-6 782 622 34 35 
cell-0-6-7 819 622 34 35 
cell-0-6-8 856 622 34 35 
cell-0-6-9 893 622 34 35 
cell-0-7-0 560 667 34 35 
cell-0-7-1 597 667 34 35 
cell-0-7-2 634 667 34 35 
cell-0-7-3 671 667 34 35 
cell-0-7-4 708 667 34 35 
cell-0-7-5 745 667 34 35 
cell-0-7-6 782 667 34 35 
cell-0-7-7 819 667 34 35 
cell-0-7-8 856 667 34 35 
cell-0-7-9 893 667 34 35 
cell-0-8-0 560 712 34 35 
cell-0-8-1 597 712 34 35 
cell-0-8-2 634 712 34 35 
cell-0-8-3 671 712 34 35 
cell-0-8-4 708 712 34 35 
cell-0-8-5 745 712 34 35 
cell-0-8-6 782 712 34 35 
cell-0-8-7 819 712 34 35 
cell-0-8-8 856 712 34 35 
cell-0-8-9 893 712 34 35 
table-2 128 487 183 675 
cell-2-0-0 128 487 45 35 
cell-2-0-1 173 487 45 35 
cell-2-0-2 218 487 45 35 
cell-2-0-3 263 487 45 35 
cell-2-1-0 128 536 45 35 
cell-2-1-1 173 536 45 35 
cell-2-1-2 218 536 45 35 
cell-2-1-3 263 536 45 35 
cell-2-2-0 128 585 45 35 
cell-2-2-1 173 585 45 35 
cell-2-2-2 218 585 45 35 
cell-2-2-3 263 585 45 35 
cell-2-3-0 128 634 45 35 
cell-2-3-1 173 634 45 35 
cell-2-3-2 218 634 45 35 
cell-2-3-3 263 634 45 35 
cell-2-4-0 128 683 45 35 
cell-2-4-1 173 683 45 35 
cell-2-4-2 218 683 45 35 
cell-2-4-3 263 683 45 35 
cell-2-5-0 128 732 45 35 
cell-2-5-1 173 732 45 35 
cell-2-5-2 218 732 45 35 
cell-2-5-3 263 732 45 35 
cell-2-6-0 128 781 45 35 
cell-2-6-1 173 781 45 35 
cell-2-6-2 218 781 45 35 
cell-2-6-3 263 781 45 35 
cell-2-7-0 128 830 45 35 
cell-2-7-1 173 830 45 35 
cell-2-7-2 218 830 45 35 
cell-2-7-3 263 830 45 35 
cell-2-8-0 128 879 45 35 
cell-2-8-1 173 879 45 35 
cell-2-8-2 218 879 45 35 
cell-2-8-3 263 879 45 35 
cell-2-9-0 128 928 45 35 
cell-2-9-1 173 928 45 35 
cell-2-9-2 218 928 45 35 
cell-2-9-3 263 928 45 35 
cell-2-10-0 128 977 45 35 
cell-2-10-1 173 977 45 35 
cell-2-10-2 218 977 45 35 
cell-2-10-3 263 977 45 35 
cell-2-11-0 128 1026 45 35 
cell-2-11-1 173 1026 45 35 
cell-2-11-2 218 1026 45 35 
cell-2-11-3 263 1026 45 35 
cell-2-12-0 128 1075 45 35 
cell-2-12-1 173 1075 45 35 
cell-2-12-2 218 1075 45 35 
cell-2-12-3 263 1075 45 35 
cell-2-13-0 128 1124 45 35 
cell-2-13-1 173 1124 45 35 
cell-2-13-2 218 1124 45 35 
cell-2-13-3 263 1124 45 35 
