table-0 164 912 273 500 
cell-0-0-0 164 912 45 35 
cell-0-0-1 209 912 45 35 
cell-0-0-2 254 912 45 35 
cell-0-0-3 299 912 45 35 
cell-0-0-4 344 912 45 35 
cell-0-0-5 389 912 45 35 
cell-0-1-0 164 954 45 35 
cell-0-1-1 209 954 45 35 
cell-0-1-2 254 954 45 35 
cell-0-1-3 299 954 45 35 
cell-0-1-4 344 954 45 35 
cell-0-1-5 389 954 45 35 
cell-0-2-0 164 996 45 35 
cell-0-2-1 209 996 45 35 
cell-0-2-2 254 996 45 35 
cell-0-2-3 299 996 45 35 
cell-0-2-4 344 996 45 35 
cell-0-2-5 389 996 45 35 
cell-0-3-0 164 1038 45 35 
cell-0-3-1 209 1038 45 35 
cell-0-3-2 254 1038 45 35 
cell-0-3-3 299 1038 45 35 
cell-0-3-4 344 1038 45 35 
cell-0-3-5 389 1038 45 35 
cell-0-4-0 164 1080 45 35 
cell-0-4-1 209 1080 45 35 
cell-0-4-2 254 1080 45 35 
cell-0-4-3 299 1080 45 35 
cell-0-4-4 344 1080 45 35 
cell-0-4-5 389 1080 45 35 
cell-0-5-0 164 1122 45 35 
cell-0-5-1 209 1122 45 35 
cell-0-5-2 254 1122 45 35 
cell-0-5-3 299 1122 45 35 
cell-0-5-4 344 1122 45 35 
cell-0-5-5 389 1122 45 35 
cell-0-6-0 164 1164 45 35 
cell-0-6-1 209 1164 45 35 
cell-0-6-2 254 1164 45 35 
cell-0-6-3 299 1164 45 35 
cell-0-6-4 344 1164 45 35 
cell-0-6-5 389 1164 45 35 
cell-0-7-0 164 1206 45 35 
cell-0-7-1 209 1206 45 35 
cell-0-7-2 254 1206 45 35 
cell-0-7-3 299 1206 45 35 
cell-0-7-4 344 1206 45 35 
cell-0-7-5 389 1206 45 35 
cell-0-8-0 164 1248 45 35 
cell-0-8-1 209 1248 45 35 
cell-0-8-2 254 1248 45 35 
cell-0-8-3 299 1248 45 35 
cell-0-8-4 344 1248 45 35 
cell-0-8-5 389 1248 45 35 
cell-0-9-0 164 1290 45 35 
cell-0-9-1 209 1290 45 35 
cell-0-9-2 254 1290 45 35 
cell-0-9-3 299 1290 45 35 
cell-0-9-4 344 1290 45 35 
cell-0-9-5 389 1290 45 35 
cell-0-10-0 164 1332 45 35 
cell-0-10-1 209 1332 45 35 
cell-0-10-2 254 1332 45 35 
cell-0-10-3 299 1332 45 35 
cell-0-10-4 344 1332 45 35 
cell-0-10-5 389 1332 45 35 
cell-0-11-0 164 1374 45 35 
cell-0-11-1 209 1374 45 35 
cell-0-11-2 254 1374 45 35 
cell-0-11-3 299 1374 45 35 
cell-0-11-4 344 1374 45 35 
cell-0-11-5 389 1374 45 35 
