table-0 611 403 331 174 
cell-0-1-0 611 403 33 35 
cell-0-1-1 644 403 33 35 
cell-0-1-2 677 403 33 35 
cell-0-1-3 710 403 33 35 
cell-0-1-4 743 403 33 35 
cell-0-1-5 776 403 33 35 
cell-0-1-6 809 403 33 35 
cell-0-1-7 842 403 33 35 
cell-0-1-8 875 403 33 35 
cell-0-1-9 908 403 33 35 
cell-0-2-0 611 449 33 35 
cell-0-2-1 644 449 33 35 
cell-0-2-2 677 449 33 35 
cell-0-2-3 710 449 33 35 
cell-0-2-4 743 449 33 35 
cell-0-2-5 776 449 33 35 
cell-0-2-6 809 449 33 35 
cell-0-2-7 842 449 33 35 
cell-0-2-8 875 449 33 35 
cell-0-2-9 908 449 33 35 
cell-0-3-0 611 495 33 35 
cell-0-3-1 644 495 33 35 
cell-0-3-2 677 495 33 35 
cell-0-3-3 710 495 33 35 
cell-0-3-4 743 495 33 35 
cell-0-3-5 776 495 33 35 
cell-0-3-6 809 495 33 35 
cell-0-3-7 842 495 33 35 
cell-0-3-8 875 495 33 35 
cell-0-3-9 908 495 33 35 
cell-0-4-0 611 541 33 35 
cell-0-4-1 644 541 33 35 
cell-0-4-2 677 541 33 35 
cell-0-4-3 710 541 33 35 
cell-0-4-4 743 541 33 35 
cell-0-4-5 776 541 33 35 
cell-0-4-6 809 541 33 35 
cell-0-4-7 842 541 33 35 
cell-0-4-8 875 541 33 35 
cell-0-4-9 908 541 33 35 
