table-0 155 871 259 564 
cell-0-0-0 155 871 43 35 
cell-0-0-1 198 871 43 35 
cell-0-0-2 241 871 43 35 
cell-0-0-3 284 871 43 35 
cell-0-0-4 327 871 43 35 
cell-0-0-5 370 871 43 35 
cell-0-1-0 155 915 43 35 
cell-0-1-1 198 915 43 35 
cell-0-1-2 241 915 43 35 
cell-0-1-3 284 915 43 35 
cell-0-1-4 327 915 43 35 
cell-0-1-5 370 915 43 35 
cell-0-2-0 155 959 43 35 
cell-0-2-1 198 959 43 35 
cell-0-2-2 241 959 43 35 
cell-0-2-3 284 959 43 35 
cell-0-2-4 327 959 43 35 
cell-0-2-5 370 959 43 35 
cell-0-3-0 155 1003 43 35 
cell-0-3-1 198 1003 43 35 
cell-0-3-2 241 1003 43 35 
cell-0-3-3 284 1003 43 35 
cell-0-3-4 327 1003 43 35 
cell-0-3-5 370 1003 43 35 
cell-0-4-0 155 1047 43 35 
cell-0-4-1 198 1047 43 35 
cell-0-4-2 241 1047 43 35 
cell-0-4-3 284 1047 43 35 
cell-0-4-4 327 1047 43 35 
cell-0-4-5 370 1047 43 35 
cell-0-5-0 155 1091 43 35 
cell-0-5-1 198 1091 43 35 
cell-0-5-2 241 1091 43 35 
cell-0-5-3 284 1091 43 35 
cell-0-5-4 327 1091 43 35 
cell-0-5-5 370 1091 43 35 
cell-0-6-0 155 1135 43 35 
cell-0-6-1 198 1135 43 35 
cell-0-6-2 241 1135 43 35 
cell-0-6-3 284 1135 43 35 
cell-0-6-4 327 1135 43 35 
cell-0-6-5 370 1135 43 35 
cell-0-7-0 155 1179 43 35 
cell-0-7-1 198 1179 43 35 
cell-0-7-2 241 1179 43 35 
cell-0-7-3 284 1179 43 35 
cell-0-7-4 327 1179 43 35 
cell-0-7-5 370 1179 43 35 
cell-0-8-0 155 1223 43 35 
cell-0-8-1 198 1223 43 35 
cell-0-8-2 241 1223 43 35 
cell-0-8-3 284 1223 43 35 
cell-0-8-4 327 1223 43 35 
cell-0-8-5 370 1223 43 35 
cell-0-9-0 155 1267 43 35 
cell-0-9-1 198 1267 43 35 
cell-0-9-2 241 1267 43 35 
cell-0-9-3 284 1267 43 35 
cell-0-9-4 327 1267 43 35 
cell-0-9-5 370 1267 43 35 
cell-0-10-0 155 1311 43 35 
cell-0-10-1 198 1311 43 35 
cell-0-10-2 241 1311 43 35 
cell-0-10-3 284 1311 43 35 
cell-0-10-4 327 1311 43 35 
cell-0-10-5 370 1311 43 35 
cell-0-11-0 155 1355 43 35 
cell-0-11-1 198 1355 43 35 
cell-0-11-2 241 1355 43 35 
cell-0-11-3 284 1355 43 35 
cell-0-11-4 327 1355 43 35 
cell-0-11-5 370 1355 43 35 
cell-0-12-0 155 1399 43 35 
cell-0-12-1 198 1399 43 35 
cell-0-12-2 241 1399 43 35 
cell-0-12-3 284 1399 43 35 
cell-0-12-4 327 1399 43 35 
cell-0-12-5 370 1399 43 35 
table-1 76 63 494 653 
cell-1-0-0 76 63 43 41 
cell-1-0-1 119 63 43 41 
cell-1-0-2 162 63 43 41 
cell-1-0-3 205 63 43 41 
cell-1-0-4 248 63 320 41 
cell-1-1-0 76 110 43 41 
cell-1-1-1 119 110 43 41 
cell-1-1-2 162 110 43 41 
cell-1-1-3 205 110 43 41 
cell-1-1-4 248 110 320 41 
cell-1-2-0 76 157 43 41 
cell-1-2-1 119 157 43 41 
cell-1-2-2 162 157 43 41 
cell-1-2-3 205 157 43 41 
cell-1-2-4 248 157 320 41 
cell-1-3-0 76 204 43 41 
cell-1-3-1 119 204 43 41 
cell-1-3-2 162 204 43 41 
cell-1-3-3 205 204 43 41 
cell-1-3-4 248 204 320 41 
cell-1-4-0 76 251 43 41 
cell-1-4-1 119 251 43 41 
cell-1-4-2 162 251 43 41 
cell-1-4-3 205 251 43 41 
cell-1-4-4 248 251 320 41 
cell-1-5-0 76 298 43 41 
cell-1-5-1 119 298 43 41 
cell-1-5-2 162 298 43 41 
cell-1-5-3 205 298 43 41 
cell-1-5-4 248 298 320 41 
cell-1-6-0 76 345 43 41 
cell-1-6-1 119 345 43 41 
cell-1-6-2 162 345 43 41 
cell-1-6-3 205 345 43 41 
cell-1-6-4 248 345 320 41 
cell-1-7-0 76 392 43 41 
cell-1-7-1 119 392 43 41 
cell-1-7-2 162 392 43 41 
cell-1-7-3 205 392 43 41 
cell-1-7-4 248 392 320 41 
cell-1-8-0 76 439 43 41 
cell-1-8-1 119 439 43 41 
cell-1-8-2 162 439 43 41 
cell-1-8-3 205 439 43 41 
cell-1-8-4 248 439 320 41 
cell-1-9-0 76 486 43 41 
cell-1-9-1 119 486 43 41 
cell-1-9-2 162 486 43 41 
cell-1-9-3 205 486 43 41 
cell-1-9-4 248 486 320 41 
cell-1-10-0 76 533 43 41 
cell-1-10-1 119 533 43 41 
cell-1-10-2 162 533 43 41 
cell-1-10-3 205 533 43 41 
cell-1-10-4 248 533 320 41 
cell-1-11-0 76 580 43 41 
cell-1-11-1 119 580 43 41 
cell-1-11-2 162 580 43 41 
cell-1-11-3 205 580 43 41 
cell-1-11-4 248 580 320 41 
cell-1-12-0 76 627 43 41 
cell-1-12-1 119 627 43 41 
cell-1-12-2 162 627 43 41 
cell-1-12-3 205 627 43 41 
cell-1-12-4 248 627 320 41 
cell-1-13-0 76 674 43 41 
cell-1-13-1 119 674 43 41 
cell-1-13-2 162 674 43 41 
cell-1-13-3 205 674 43 41 
cell-1-13-4 248 674 320 41 
