table-0 234 87 228 448 
cell-0-0-0 234 87 45 35 
cell-0-0-1 279 87 45 35 
cell-0-0-2 324 87 45 35 
cell-0-0-3 369 87 45 35 
cell-0-0-4 414 87 45 35 
cell-0-1-0 234 128 45 35 
cell-0-1-1 279 128 45 35 
cell-0-1-2 324 128 45 35 
cell-0-1-3 369 128 45 35 
cell-0-1-4 414 128 45 35 
cell-0-2-0 234 169 45 35 
cell-0-2-1 279 169 45 35 
cell-0-2-2 324 169 45 35 
cell-0-2-3 369 169 45 35 
cell-0-2-4 414 169 45 35 
cell-0-3-0 234 210 45 35 
cell-0-3-1 279 210 45 35 
cell-0-3-2 324 210 45 35 
cell-0-3-3 369 210 45 35 
cell-0-3-4 414 210 45 35 
cell-0-4-0 234 251 45 35 
cell-0-4-1 279 251 45 35 
cell-0-4-2 324 251 45 35 
cell-0-4-3 369 251 45 35 
cell-0-4-4 414 251 45 35 
cell-0-5-0 234 292 45 35 
cell-0-5-1 279 292 45 35 
cell-0-5-2 324 292 45 35 
cell-0-5-3 369 292 45 35 
cell-0-5-4 414 292 45 35 
cell-0-6-0 234 333 45 35 
cell-0-6-1 279 333 45 35 
cell-0-6-2 324 333 45 35 
cell-0-6-3 369 333 45 35 
cell-0-6-4 414 333 45 35 
cell-0-7-0 234 374 45 35 
cell-0-7-1 279 374 45 35 
cell-0-7-2 324 374 45 35 
cell-0-7-3 369 374 45 35 
cell-0-7-4 414 374 45 35 
cell-0-8-0 234 415 45 35 
cell-0-8-1 279 415 45 35 
cell-0-8-2 324 415 45 35 
cell-0-8-3 369 415 45 35 
cell-0-8-4 414 415 45 35 
cell-0-9-0 234 456 45 35 
cell-0-9-1 279 456 45 35 
cell-0-9-2 324 456 45 35 
cell-0-9-3 369 456 45 35 
cell-0-9-4 414 456 45 35 
cell-0-10-0 234 497 45 35 
cell-0-10-1 279 497 45 35 
cell-0-10-2 324 497 45 35 
cell-0-10-3 369 497 45 35 
cell-0-10-4 414 497 45 35 
header-4 264 1254 723 195 
row-1-1 264 1254 290 41 
row-1-2 574 1254 389 41 
row-2-1 264 1305 257 41 
row-2-2 541 1305 444 41 
row-3-1 264 1356 620 41 
row-4-1 264 1407 521 41 
