table-0 360 99 216 396 
cell-0-0-0 360 99 43 35 
cell-0-0-1 403 99 43 35 
cell-0-0-2 446 99 43 35 
cell-0-0-3 489 99 43 35 
cell-0-0-4 532 99 43 35 
cell-0-1-0 360 139 43 35 
cell-0-1-1 403 139 43 35 
cell-0-1-2 446 139 43 35 
cell-0-1-3 489 139 43 35 
cell-0-1-4 532 139 43 35 
cell-0-2-0 360 179 43 35 
cell-0-2-1 403 179 43 35 
cell-0-2-2 446 179 43 35 
cell-0-2-3 489 179 43 35 
cell-0-2-4 532 179 43 35 
cell-0-3-0 360 219 43 35 
cell-0-3-1 403 219 43 35 
cell-0-3-2 446 219 43 35 
cell-0-3-3 489 219 43 35 
cell-0-3-4 532 219 43 35 
cell-0-4-0 360 259 43 35 
cell-0-4-1 403 259 43 35 
cell-0-4-2 446 259 43 35 
cell-0-4-3 489 259 43 35 
cell-0-4-4 532 259 43 35 
cell-0-5-0 360 299 43 35 
cell-0-5-1 403 299 43 35 
cell-0-5-2 446 299 43 35 
cell-0-5-3 489 299 43 35 
cell-0-5-4 532 299 43 35 
cell-0-6-0 360 339 43 35 
cell-0-6-1 403 339 43 35 
cell-0-6-2 446 339 43 35 
cell-0-6-3 489 339 43 35 
cell-0-6-4 532 339 43 35 
cell-0-7-0 360 379 43 35 
cell-0-7-1 403 379 43 35 
cell-0-7-2 446 379 43 35 
cell-0-7-3 489 379 43 35 
cell-0-7-4 532 379 43 35 
cell-0-8-0 360 419 43 35 
cell-0-8-1 403 419 43 35 
cell-0-8-2 446 419 43 35 
cell-0-8-3 489 419 43 35 
cell-0-8-4 532 419 43 35 
cell-0-9-0 360 459 43 35 
cell-0-9-1 403 459 43 35 
cell-0-9-2 446 459 43 35 
cell-0-9-3 489 459 43 35 
cell-0-9-4 532 459 43 35 
table-1 301 1138 621 154 
cell-1-1-0 301 1138 36 35 
cell-1-1-1 340 1138 36 35 
cell-1-1-2 379 1138 36 35 
cell-1-1-3 418 1138 36 35 
cell-1-1-4 457 1138 36 35 
cell-1-1-5 496 1138 36 35 
cell-1-1-6 535 1138 36 35 
cell-1-1-7 574 1138 36 35 
cell-1-1-8 613 1138 36 35 
cell-1-1-9 652 1138 36 35 
cell-1-1-10 691 1138 36 35 
cell-1-1-11 730 1138 36 35 
cell-1-1-12 769 1138 36 35 
cell-1-1-13 808 1138 36 35 
cell-1-1-14 847 1138 36 35 
cell-1-1-15 886 1138 36 35 
cell-1-2-0 301 1177 36 35 
cell-1-2-1 340 1177 36 35 
cell-1-2-2 379 1177 36 35 
cell-1-2-3 418 1177 36 35 
cell-1-2-4 457 1177 36 35 
cell-1-2-5 496 1177 36 35 
cell-1-2-6 535 1177 36 35 
cell-1-2-7 574 1177 36 35 
cell-1-2-8 613 1177 36 35 
cell-1-2-9 652 1177 36 35 
cell-1-2-10 691 1177 36 35 
cell-1-2-11 730 1177 36 35 
cell-1-2-12 769 1177 36 35 
cell-1-2-13 808 1177 36 35 
cell-1-2-14 847 1177 36 35 
cell-1-2-15 886 1177 36 35 
cell-1-3-0 301 1216 36 35 
cell-1-3-1 340 1216 36 35 
cell-1-3-2 379 1216 36 35 
cell-1-3-3 418 1216 36 35 
cell-1-3-4 457 1216 36 35 
cell-1-3-5 496 1216 36 35 
cell-1-3-6 535 1216 36 35 
cell-1-3-7 574 1216 36 35 
cell-1-3-8 613 1216 36 35 
cell-1-3-9 652 1216 36 35 
cell-1-3-10 691 1216 36 35 
cell-1-3-11 730 1216 36 35 
cell-1-3-12 769 1216 36 35 
cell-1-3-13 808 1216 36 35 
cell-1-3-14 847 1216 36 35 
cell-1-3-15 886 1216 36 35 
cell-1-4-0 301 1255 36 35 
cell-1-4-1 340 1255 36 35 
cell-1-4-2 379 1255 36 35 
cell-1-4-3 418 1255 36 35 
cell-1-4-4 457 1255 36 35 
cell-1-4-5 496 1255 36 35 
cell-1-4-6 535 1255 36 35 
cell-1-4-7 574 1255 36 35 
cell-1-4-8 613 1255 36 35 
cell-1-4-9 652 1255 36 35 
cell-1-4-10 691 1255 36 35 
cell-1-4-11 730 1255 36 35 
cell-1-4-12 769 1255 36 35 
cell-1-4-13 808 1255 36 35 
cell-1-4-14 847 1255 36 35 
cell-1-4-15 886 1255 36 35 
