table-0 289 948 600 341 
cell-0-0-0 289 948 66 32 
cell-0-0-1 355 948 66 32 
cell-0-0-2 421 948 66 32 
cell-0-0-3 487 948 66 32 
cell-0-0-4 553 948 66 32 
cell-0-0-5 619 948 66 32 
cell-0-0-6 685 948 66 32 
cell-0-0-7 751 948 66 32 
cell-0-0-8 817 948 66 32 
cell-0-1-0 289 982 66 32 
cell-0-1-1 355 982 66 32 
cell-0-1-2 421 982 66 32 
cell-0-1-3 487 982 66 32 
cell-0-1-4 553 982 66 32 
cell-0-1-5 619 982 66 32 
cell-0-1-6 685 982 66 32 
cell-0-1-7 751 982 66 32 
cell-0-1-8 817 982 66 32 
cell-0-2-0 289 1016 66 32 
cell-0-2-1 355 1016 66 32 
cell-0-2-2 421 1016 66 32 
cell-0-2-3 487 1016 66 32 
cell-0-2-4 553 1016 66 32 
cell-0-2-5 619 1016 66 32 
cell-0-2-6 685 1016 66 32 
cell-0-2-7 751 1016 66 32 
cell-0-2-8 817 1016 66 32 
cell-0-3-0 289 1050 66 32 
cell-0-3-1 355 1050 66 32 
cell-0-3-2 421 1050 66 32 
cell-0-3-3 487 1050 66 32 
cell-0-3-4 553 1050 66 32 
cell-0-3-5 619 1050 66 32 
cell-0-3-6 685 1050 66 32 
cell-0-3-7 751 1050 66 32 
cell-0-3-8 817 1050 66 32 
cell-0-4-0 289 1084 66 32 
cell-0-4-1 355 1084 66 32 
cell-0-4-2 421 1084 66 32 
cell-0-4-3 487 1084 66 32 
cell-0-4-4 553 1084 66 32 
cell-0-4-5 619 1084 66 32 
cell-0-4-6 685 1084 66 32 
cell-0-4-7 751 1084 66 32 
cell-0-4-8 817 1084 66 32 
cell-0-5-0 289 1118 66 32 
cell-0-5-1 355 1118 66 32 
cell-0-5-2 421 1118 66 32 
cell-0-5-3 487 1118 66 32 
cell-0-5-4 553 1118 66 32 
cell-0-5-5 619 1118 66 32 
cell-0-5-6 685 1118 66 32 
cell-0-5-7 751 1118 66 32 
cell-0-5-8 817 1118 66 32 
cell-0-6-0 289 1152 66 32 
cell-0-6-1 355 1152 66 32 
cell-0-6-2 421 1152 66 32 
cell-0-6-3 487 1152 66 32 
cell-0-6-4 553 1152 66 32 
cell-0-6-5 619 1152 66 32 
cell-0-6-6 685 1152 66 32 
cell-0-6-7 751 1152 66 32 
cell-0-6-8 817 1152 66 32 
cell-0-7-0 289 1186 66 32 
cell-0-7-1 355 1186 66 32 
cell-0-7-2 421 1186 66 32 
cell-0-7-3 487 1186 66 32 
cell-0-7-4 553 1186 66 32 
cell-0-7-5 619 1186 66 32 
cell-0-7-6 685 1186 66 32 
cell-0-7-7 751 1186 66 32 
cell-0-7-8 817 1186 66 32 
cell-0-8-0 289 1220 66 32 
cell-0-8-1 355 1220 66 32 
cell-0-8-2 421 1220 66 32 
cell-0-8-3 487 1220 66 32 
cell-0-8-4 553 1220 66 32 
cell-0-8-5 619 1220 66 32 
cell-0-8-6 685 1220 66 32 
cell-0-8-7 751 1220 66 32 
cell-0-8-8 817 1220 66 32 
cell-0-9-0 289 1254 66 32 
cell-0-9-1 355 1254 66 32 
cell-0-9-2 421 1254 66 32 
cell-0-9-3 487 1254 66 32 
cell-0-9-4 553 1254 66 32 
cell-0-9-5 619 1254 66 32 
cell-0-9-6 685 1254 66 32 
cell-0-9-7 751 1254 66 32 
cell-0-9-8 817 1254 66 32 
table-1 289 363 580 289 
cell-1-1-0 289 363 34 35 
cell-1-1-1 323 363 34 35 
cell-1-1-2 357 363 34 35 
cell-1-1-3 391 363 34 35 
cell-1-1-4 425 363 34 35 
cell-1-1-5 459 363 34 35 
cell-1-1-6 493 363 34 35 
cell-1-1-7 527 363 34 35 
cell-1-1-8 561 363 34 35 
cell-1-1-9 595 363 34 35 
cell-1-1-10 629 363 34 35 
cell-1-1-11 663 363 34 35 
cell-1-1-12 697 363 34 35 
cell-1-1-13 731 363 34 35 
cell-1-1-14 765 363 34 35 
cell-1-1-15 799 363 34 35 
cell-1-1-16 833 363 34 35 
cell-1-2-0 289 405 34 35 
cell-1-2-1 323 405 34 35 
cell-1-2-2 357 405 34 35 
cell-1-2-3 391 405 34 35 
cell-1-2-4 425 405 34 35 
cell-1-2-5 459 405 34 35 
cell-1-2-6 493 405 34 35 
cell-1-2-7 527 405 34 35 
cell-1-2-8 561 405 34 35 
cell-1-2-9 595 405 34 35 
cell-1-2-10 629 405 34 35 
cell-1-2-11 663 405 34 35 
cell-1-2-12 697 405 34 35 
cell-1-2-13 731 405 34 35 
cell-1-2-14 765 405 34 35 
cell-1-2-15 799 405 34 35 
cell-1-2-16 833 405 34 35 
cell-1-3-0 289 447 34 35 
cell-1-3-1 323 447 34 35 
cell-1-3-2 357 447 34 35 
cell-1-3-3 391 447 34 35 
cell-1-3-4 425 447 34 35 
cell-1-3-5 459 447 34 35 
cell-1-3-6 493 447 34 35 
cell-1-3-7 527 447 34 35 
cell-1-3-8 561 447 34 35 
cell-1-3-9 595 447 34 35 
cell-1-3-10 629 447 34 35 
cell-1-3-11 663 447 34 35 
cell-1-3-12 697 447 34 35 
cell-1-3-13 731 447 34 35 
cell-1-3-14 765 447 34 35 
cell-1-3-15 799 447 34 35 
cell-1-3-16 833 447 34 35 
cell-1-4-0 289 489 34 35 
cell-1-4-1 323 489 34 35 
cell-1-4-2 357 489 34 35 
cell-1-4-3 391 489 34 35 
cell-1-4-4 425 489 34 35 
cell-1-4-5 459 489 34 35 
cell-1-4-6 493 489 34 35 
cell-1-4-7 527 489 34 35 
cell-1-4-8 561 489 34 35 
cell-1-4-9 595 489 34 35 
cell-1-4-10 629 489 34 35 
cell-1-4-11 663 489 34 35 
cell-1-4-12 697 489 34 35 
cell-1-4-13 731 489 34 35 
cell-1-4-14 765 489 34 35 
cell-1-4-15 799 489 34 35 
cell-1-4-16 833 489 34 35 
cell-1-5-0 289 531 34 35 
cell-1-5-1 323 531 34 35 
cell-1-5-2 357 531 34 35 
cell-1-5-3 391 531 34 35 
cell-1-5-4 425 531 34 35 
cell-1-5-5 459 531 34 35 
cell-1-5-6 493 531 34 35 
cell-1-5-7 527 531 34 35 
cell-1-5-8 561 531 34 35 
cell-1-5-9 595 531 34 35 
cell-1-5-10 629 531 34 35 
cell-1-5-11 663 531 34 35 
cell-1-5-12 697 531 34 35 
cell-1-5-13 731 531 34 35 
cell-1-5-14 765 531 34 35 
cell-1-5-15 799 531 34 35 
cell-1-5-16 833 531 34 35 
cell-1-6-0 289 573 34 35 
cell-1-6-1 323 573 34 35 
cell-1-6-2 357 573 34 35 
cell-1-6-3 391 573 34 35 
cell-1-6-4 425 573 34 35 
cell-1-6-5 459 573 34 35 
cell-1-6-6 493 573 34 35 
cell-1-6-7 527 573 34 35 
cell-1-6-8 561 573 34 35 
cell-1-6-9 595 573 34 35 
cell-1-6-10 629 573 34 35 
cell-1-6-11 663 573 34 35 
cell-1-6-12 697 573 34 35 
cell-1-6-13 731 573 34 35 
cell-1-6-14 765 573 34 35 
cell-1-6-15 799 573 34 35 
cell-1-6-16 833 573 34 35 
cell-1-7-0 289 615 34 35 
cell-1-7-1 323 615 34 35 
cell-1-7-2 357 615 34 35 
cell-1-7-3 391 615 34 35 
cell-1-7-4 425 615 34 35 
cell-1-7-5 459 615 34 35 
cell-1-7-6 493 615 34 35 
cell-1-7-7 527 615 34 35 
cell-1-7-8 561 615 34 35 
cell-1-7-9 595 615 34 35 
cell-1-7-10 629 615 34 35 
cell-1-7-11 663 615 34 35 
cell-1-7-12 697 615 34 35 
cell-1-7-13 731 615 34 35 
cell-1-7-14 765 615 34 35 
cell-1-7-15 799 615 34 35 
cell-1-7-16 833 615 34 35 
