table-0 418 297 592 732 
cell-0-0-0 418 297 45 43 
cell-0-0-1 463 297 45 43 
cell-0-0-2 508 297 45 43 
cell-0-0-3 553 297 45 43 
cell-0-0-4 598 297 410 43 
cell-0-1-0 418 346 45 43 
cell-0-1-1 463 346 45 43 
cell-0-1-2 508 346 45 43 
cell-0-1-3 553 346 45 43 
cell-0-1-4 598 346 410 43 
cell-0-2-0 418 395 45 43 
cell-0-2-1 463 395 45 43 
cell-0-2-2 508 395 45 43 
cell-0-2-3 553 395 45 43 
cell-0-2-4 598 395 410 43 
cell-0-3-0 418 444 45 43 
cell-0-3-1 463 444 45 43 
cell-0-3-2 508 444 45 43 
cell-0-3-3 553 444 45 43 
cell-0-3-4 598 444 410 43 
cell-0-4-0 418 493 45 43 
cell-0-4-1 463 493 45 43 
cell-0-4-2 508 493 45 43 
cell-0-4-3 553 493 45 43 
cell-0-4-4 598 493 410 43 
cell-0-5-0 418 542 45 43 
cell-0-5-1 463 542 45 43 
cell-0-5-2 508 542 45 43 
cell-0-5-3 553 542 45 43 
cell-0-5-4 598 542 410 43 
cell-0-6-0 418 591 45 43 
cell-0-6-1 463 591 45 43 
cell-0-6-2 508 591 45 43 
cell-0-6-3 553 591 45 43 
cell-0-6-4 598 591 410 43 
cell-0-7-0 418 640 45 43 
cell-0-7-1 463 640 45 43 
cell-0-7-2 508 640 45 43 
cell-0-7-3 553 640 45 43 
cell-0-7-4 598 640 410 43 
cell-0-8-0 418 689 45 43 
cell-0-8-1 463 689 45 43 
cell-0-8-2 508 689 45 43 
cell-0-8-3 553 689 45 43 
cell-0-8-4 598 689 410 43 
cell-0-9-0 418 738 45 43 
cell-0-9-1 463 738 45 43 
cell-0-9-2 508 738 45 43 
cell-0-9-3 553 738 45 43 
cell-0-9-4 598 738 410 43 
cell-0-10-0 418 787 45 43 
cell-0-10-1 463 787 45 43 
cell-0-10-2 508 787 45 43 
cell-0-10-3 553 787 45 43 
cell-0-10-4 598 787 410 43 
cell-0-11-0 418 836 45 43 
cell-0-11-1 463 836 45 43 
cell-0-11-2 508 836 45 43 
cell-0-11-3 553 836 45 43 
cell-0-11-4 598 836 410 43 
cell-0-12-0 418 885 45 43 
cell-0-12-1 463 885 45 43 
cell-0-12-2 508 885 45 43 
cell-0-12-3 553 885 45 43 
cell-0-12-4 598 885 410 43 
cell-0-13-0 418 934 45 43 
cell-0-13-1 463 934 45 43 
cell-0-13-2 508 934 45 43 
cell-0-13-3 553 934 45 43 
cell-0-13-4 598 934 410 43 
cell-0-14-0 418 983 45 43 
cell-0-14-1 463 983 45 43 
cell-0-14-2 508 983 45 43 
cell-0-14-3 553 983 45 43 
cell-0-14-4 598 983 410 43 
