table-0 60 847 1000 396 
cell-0-0-0 60 847 111 41 
cell-0-0-1 171 847 111 41 
cell-0-0-2 282 847 111 41 
cell-0-0-3 393 847 111 41 
cell-0-0-4 504 847 111 41 
cell-0-0-5 615 847 111 41 
cell-0-0-6 726 847 111 41 
cell-0-0-7 837 847 111 41 
cell-0-0-8 948 847 111 41 
cell-0-1-0 60 891 111 41 
cell-0-1-1 171 891 111 41 
cell-0-1-2 282 891 111 41 
cell-0-1-3 393 891 111 41 
cell-0-1-4 504 891 111 41 
cell-0-1-5 615 891 111 41 
cell-0-1-6 726 891 111 41 
cell-0-1-7 837 891 111 41 
cell-0-1-8 948 891 111 41 
cell-0-2-0 60 935 111 41 
cell-0-2-1 171 935 111 41 
cell-0-2-2 282 935 111 41 
cell-0-2-3 393 935 111 41 
cell-0-2-4 504 935 111 41 
cell-0-2-5 615 935 111 41 
cell-0-2-6 726 935 111 41 
cell-0-2-7 837 935 111 41 
cell-0-2-8 948 935 111 41 
cell-0-3-0 60 979 111 41 
cell-0-3-1 171 979 111 41 
cell-0-3-2 282 979 111 41 
cell-0-3-3 393 979 111 41 
cell-0-3-4 504 979 111 41 
cell-0-3-5 615 979 111 41 
cell-0-3-6 726 979 111 41 
cell-0-3-7 837 979 111 41 
cell-0-3-8 948 979 111 41 
cell-0-4-0 60 1023 111 41 
cell-0-4-1 171 1023 111 41 
cell-0-4-2 282 1023 111 41 
cell-0-4-3 393 1023 111 41 
cell-0-4-4 504 1023 111 41 
cell-0-4-5 615 1023 111 41 
cell-0-4-6 726 1023 111 41 
cell-0-4-7 837 1023 111 41 
cell-0-4-8 948 1023 111 41 
cell-0-5-0 60 1067 111 41 
cell-0-5-1 171 1067 111 41 
cell-0-5-2 282 1067 111 41 
cell-0-5-3 393 1067 111 41 
cell-0-5-4 504 1067 111 41 
cell-0-5-5 615 1067 111 41 
cell-0-5-6 726 1067 111 41 
cell-0-5-7 837 1067 111 41 
cell-0-5-8 948 1067 111 41 
cell-0-6-0 60 1111 111 41 
cell-0-6-1 171 1111 111 41 
cell-0-6-2 282 1111 111 41 
cell-0-6-3 393 1111 111 41 
cell-0-6-4 504 1111 111 41 
cell-0-6-5 615 1111 111 41 
cell-0-6-6 726 1111 111 41 
cell-0-6-7 837 1111 111 41 
cell-0-6-8 948 1111 111 41 
cell-0-7-0 60 1155 111 41 
cell-0-7-1 171 1155 111 41 
cell-0-7-2 282 1155 111 41 
cell-0-7-3 393 1155 111 41 
cell-0-7-4 504 1155 111 41 
cell-0-7-5 615 1155 111 41 
cell-0-7-6 726 1155 111 41 
cell-0-7-7 837 1155 111 41 
cell-0-7-8 948 1155 111 41 
cell-0-8-0 60 1199 111 41 
cell-0-8-1 171 1199 111 41 
cell-0-8-2 282 1199 111 41 
cell-0-8-3 393 1199 111 41 
cell-0-8-4 504 1199 111 41 
cell-0-8-5 615 1199 111 41 
cell-0-8-6 726 1199 111 41 
cell-0-8-7 837 1199 111 41 
cell-0-8-8 948 1199 111 41 
