table-0 316 183 693 660 
cell-0-0-0 316 183 43 42 
cell-0-0-1 359 183 43 42 
cell-0-0-2 402 183 43 42 
cell-0-0-3 445 183 43 42 
cell-0-0-4 488 183 43 42 
cell-0-0-5 531 183 43 42 
cell-0-0-6 574 183 431 42 
cell-0-1-0 316 239 43 42 
cell-0-1-1 359 239 43 42 
cell-0-1-2 402 239 43 42 
cell-0-1-3 445 239 43 42 
cell-0-1-4 488 239 43 42 
cell-0-1-5 531 239 43 42 
cell-0-1-6 574 239 431 42 
cell-0-2-0 316 295 43 42 
cell-0-2-1 359 295 43 42 
cell-0-2-2 402 295 43 42 
cell-0-2-3 445 295 43 42 
cell-0-2-4 488 295 43 42 
cell-0-2-5 531 295 43 42 
cell-0-2-6 574 295 431 42 
cell-0-3-0 316 351 43 42 
cell-0-3-1 359 351 43 42 
cell-0-3-2 402 351 43 42 
cell-0-3-3 445 351 43 42 
cell-0-3-4 488 351 43 42 
cell-0-3-5 531 351 43 42 
cell-0-3-6 574 351 431 42 
cell-0-4-0 316 407 43 42 
cell-0-4-1 359 407 43 42 
cell-0-4-2 402 407 43 42 
cell-0-4-3 445 407 43 42 
cell-0-4-4 488 407 43 42 
cell-0-4-5 531 407 43 42 
cell-0-4-6 574 407 431 42 
cell-0-5-0 316 463 43 42 
cell-0-5-1 359 463 43 42 
cell-0-5-2 402 463 43 42 
cell-0-5-3 445 463 43 42 
cell-0-5-4 488 463 43 42 
cell-0-5-5 531 463 43 42 
cell-0-5-6 574 463 431 42 
cell-0-6-0 316 519 43 42 
cell-0-6-1 359 519 43 42 
cell-0-6-2 402 519 43 42 
cell-0-6-3 445 519 43 42 
cell-0-6-4 488 519 43 42 
cell-0-6-5 531 519 43 42 
cell-0-6-6 574 519 431 42 
cell-0-7-0 316 575 43 42 
cell-0-7-1 359 575 43 42 
cell-0-7-2 402 575 43 42 
cell-0-7-3 445 575 43 42 
cell-0-7-4 488 575 43 42 
cell-0-7-5 531 575 43 42 
cell-0-7-6 574 575 431 42 
cell-0-8-0 316 631 43 42 
cell-0-8-1 359 631 43 42 
cell-0-8-2 402 631 43 42 
cell-0-8-3 445 631 43 42 
cell-0-8-4 488 631 43 42 
cell-0-8-5 531 631 43 42 
cell-0-8-6 574 631 431 42 
cell-0-9-0 316 687 43 42 
cell-0-9-1 359 687 43 42 
cell-0-9-2 402 687 43 42 
cell-0-9-3 445 687 43 42 
cell-0-9-4 488 687 43 42 
cell-0-9-5 531 687 43 42 
cell-0-9-6 574 687 431 42 
cell-0-10-0 316 743 43 42 
cell-0-10-1 359 743 43 42 
cell-0-10-2 402 743 43 42 
cell-0-10-3 445 743 43 42 
cell-0-10-4 488 743 43 42 
cell-0-10-5 531 743 43 42 
cell-0-10-6 574 743 431 42 
cell-0-11-0 316 799 43 42 
cell-0-11-1 359 799 43 42 
cell-0-11-2 402 799 43 42 
cell-0-11-3 445 799 43 42 
cell-0-11-4 488 799 43 42 
cell-0-11-5 531 799 43 42 
cell-0-11-6 574 799 431 42 
table-2 106 970 512 388 
cell-2-1-0 106 970 34 35 
cell-2-1-1 140 970 34 35 
cell-2-1-2 174 970 34 35 
cell-2-1-3 208 970 34 35 
cell-2-1-4 242 970 34 35 
cell-2-1-5 276 970 34 35 
cell-2-1-6 310 970 34 35 
cell-2-1-7 344 970 34 35 
cell-2-1-8 378 970 34 35 
cell-2-1-9 412 970 34 35 
cell-2-1-10 446 970 34 35 
cell-2-1-11 480 970 34 35 
cell-2-1-12 514 970 34 35 
cell-2-1-13 548 970 34 35 
cell-2-1-14 582 970 34 35 
cell-2-2-0 106 1009 34 35 
cell-2-2-1 140 1009 34 35 
cell-2-2-2 174 1009 34 35 
cell-2-2-3 208 1009 34 35 
cell-2-2-4 242 1009 34 35 
cell-2-2-5 276 1009 34 35 
cell-2-2-6 310 1009 34 35 
cell-2-2-7 344 1009 34 35 
cell-2-2-8 378 1009 34 35 
cell-2-2-9 412 1009 34 35 
cell-2-2-10 446 1009 34 35 
cell-2-2-11 480 1009 34 35 
cell-2-2-12 514 1009 34 35 
cell-2-2-13 548 1009 34 35 
cell-2-2-14 582 1009 34 35 
cell-2-3-0 106 1048 34 35 
cell-2-3-1 140 1048 34 35 
cell-2-3-2 174 1048 34 35 
cell-2-3-3 208 1048 34 35 
cell-2-3-4 242 1048 34 35 
cell-2-3-5 276 1048 34 35 
cell-2-3-6 310 1048 34 35 
cell-2-3-7 344 1048 34 35 
cell-2-3-8 378 1048 34 35 
cell-2-3-9 412 1048 34 35 
cell-2-3-10 446 1048 34 35 
cell-2-3-11 480 1048 34 35 
cell-2-3-12 514 1048 34 35 
cell-2-3-13 548 1048 34 35 
cell-2-3-14 582 1048 34 35 
cell-2-4-0 106 1087 34 35 
cell-2-4-1 140 1087 34 35 
cell-2-4-2 174 1087 34 35 
cell-2-4-3 208 1087 34 35 
cell-2-4-4 242 1087 34 35 
cell-2-4-5 276 1087 34 35 
cell-2-4-6 310 1087 34 35 
cell-2-4-7 344 1087 34 35 
cell-2-4-8 378 1087 34 35 
cell-2-4-9 412 1087 34 35 
cell-2-4-10 446 1087 34 35 
cell-2-4-11 480 1087 34 35 
cell-2-4-12 514 1087 34 35 
cell-2-4-13 548 1087 34 35 
cell-2-4-14 582 1087 34 35 
cell-2-5-0 106 1126 34 35 
cell-2-5-1 140 1126 34 35 
cell-2-5-2 174 1126 34 35 
cell-2-5-3 208 1126 34 35 
cell-2-5-4 242 1126 34 35 
cell-2-5-5 276 1126 34 35 
cell-2-5-6 310 1126 34 35 
cell-2-5-7 344 1126 34 35 
cell-2-5-8 378 1126 34 35 
cell-2-5-9 412 1126 34 35 
cell-2-5-10 446 1126 34 35 
cell-2-5-11 480 1126 34 35 
cell-2-5-12 514 1126 34 35 
cell-2-5-13 548 1126 34 35 
cell-2-5-14 582 1126 34 35 
cell-2-6-0 106 1165 34 35 
cell-2-6-1 140 1165 34 35 
cell-2-6-2 174 1165 34 35 
cell-2-6-3 208 1165 34 35 
cell-2-6-4 242 1165 34 35 
cell-2-6-5 276 1165 34 35 
cell-2-6-6 310 1165 34 35 
cell-2-6-7 344 1165 34 35 
cell-2-6-8 378 1165 34 35 
cell-2-6-9 412 1165 34 35 
cell-2-6-10 446 1165 34 35 
cell-2-6-11 480 1165 34 35 
cell-2-6-12 514 1165 34 35 
cell-2-6-13 548 1165 34 35 
cell-2-6-14 582 1165 34 35 
cell-2-7-0 106 1204 34 35 
cell-2-7-1 140 1204 34 35 
cell-2-7-2 174 1204 34 35 
cell-2-7-3 208 1204 34 35 
cell-2-7-4 242 1204 34 35 
cell-2-7-5 276 1204 34 35 
cell-2-7-6 310 1204 34 35 
cell-2-7-7 344 1204 34 35 
cell-2-7-8 378 1204 34 35 
cell-2-7-9 412 1204 34 35 
cell-2-7-10 446 1204 34 35 
cell-2-7-11 480 1204 34 35 
cell-2-7-12 514 1204 34 35 
cell-2-7-13 548 1204 34 35 
cell-2-7-14 582 1204 34 35 
cell-2-8-0 106 1243 34 35 
cell-2-8-1 140 1243 34 35 
cell-2-8-2 174 1243 34 35 
cell-2-8-3 208 1243 34 35 
cell-2-8-4 242 1243 34 35 
cell-2-8-5 276 1243 34 35 
cell-2-8-6 310 1243 34 35 
cell-2-8-7 344 1243 34 35 
cell-2-8-8 378 1243 34 35 
cell-2-8-9 412 1243 34 35 
cell-2-8-10 446 1243 34 35 
cell-2-8-11 480 1243 34 35 
cell-2-8-12 514 1243 34 35 
cell-2-8-13 548 1243 34 35 
cell-2-8-14 582 1243 34 35 
cell-2-9-0 106 1282 34 35 
cell-2-9-1 140 1282 34 35 
cell-2-9-2 174 1282 34 35 
cell-2-9-3 208 1282 34 35 
cell-2-9-4 242 1282 34 35 
cell-2-9-5 276 1282 34 35 
cell-2-9-6 310 1282 34 35 
cell-2-9-7 344 1282 34 35 
cell-2-9-8 378 1282 34 35 
cell-2-9-9 412 1282 34 35 
cell-2-9-10 446 1282 34 35 
cell-2-9-11 480 1282 34 35 
cell-2-9-12 514 1282 34 35 
cell-2-9-13 548 1282 34 35 
cell-2-9-14 582 1282 34 35 
cell-2-10-0 106 1321 34 35 
cell-2-10-1 140 1321 34 35 
cell-2-10-2 174 1321 34 35 
cell-2-10-3 208 1321 34 35 
cell-2-10-4 242 1321 34 35 
cell-2-10-5 276 1321 34 35 
cell-2-10-6 310 1321 34 35 
cell-2-10-7 344 1321 34 35 
cell-2-10-8 378 1321 34 35 
cell-2-10-9 412 1321 34 35 
cell-2-10-10 446 1321 34 35 
cell-2-10-11 480 1321 34 35 
cell-2-10-12 514 1321 34 35 
cell-2-10-13 548 1321 34 35 
cell-2-10-14 582 1321 34 35 
