table-0 176 832 546 232 
cell-0-1-0 176 832 34 35 
cell-0-1-1 210 832 34 35 
cell-0-1-2 244 832 34 35 
cell-0-1-3 278 832 34 35 
cell-0-1-4 312 832 34 35 
cell-0-1-5 346 832 34 35 
cell-0-1-6 380 832 34 35 
cell-0-1-7 414 832 34 35 
cell-0-1-8 448 832 34 35 
cell-0-1-9 482 832 34 35 
cell-0-1-10 516 832 34 35 
cell-0-1-11 550 832 34 35 
cell-0-1-12 584 832 34 35 
cell-0-1-13 618 832 34 35 
cell-0-1-14 652 832 34 35 
cell-0-1-15 686 832 34 35 
cell-0-2-0 176 871 34 35 
cell-0-2-1 210 871 34 35 
cell-0-2-2 244 871 34 35 
cell-0-2-3 278 871 34 35 
cell-0-2-4 312 871 34 35 
cell-0-2-5 346 871 34 35 
cell-0-2-6 380 871 34 35 
cell-0-2-7 414 871 34 35 
cell-0-2-8 448 871 34 35 
cell-0-2-9 482 871 34 35 
cell-0-2-10 516 871 34 35 
cell-0-2-11 550 871 34 35 
cell-0-2-12 584 871 34 35 
cell-0-2-13 618 871 34 35 
cell-0-2-14 652 871 34 35 
cell-0-2-15 686 871 34 35 
cell-0-3-0 176 910 34 35 
cell-0-3-1 210 910 34 35 
cell-0-3-2 244 910 34 35 
cell-0-3-3 278 910 34 35 
cell-0-3-4 312 910 34 35 
cell-0-3-5 346 910 34 35 
cell-0-3-6 380 910 34 35 
cell-0-3-7 414 910 34 35 
cell-0-3-8 448 910 34 35 
cell-0-3-9 482 910 34 35 
cell-0-3-10 516 910 34 35 
cell-0-3-11 550 910 34 35 
cell-0-3-12 584 910 34 35 
cell-0-3-13 618 910 34 35 
cell-0-3-14 652 910 34 35 
cell-0-3-15 686 910 34 35 
cell-0-4-0 176 949 34 35 
cell-0-4-1 210 949 34 35 
cell-0-4-2 244 949 34 35 
cell-0-4-3 278 949 34 35 
cell-0-4-4 312 949 34 35 
cell-0-4-5 346 949 34 35 
cell-0-4-6 380 949 34 35 
cell-0-4-7 414 949 34 35 
cell-0-4-8 448 949 34 35 
cell-0-4-9 482 949 34 35 
cell-0-4-10 516 949 34 35 
cell-0-4-11 550 949 34 35 
cell-0-4-12 584 949 34 35 
cell-0-4-13 618 949 34 35 
cell-0-4-14 652 949 34 35 
cell-0-4-15 686 949 34 35 
cell-0-5-0 176 988 34 35 
cell-0-5-1 210 988 34 35 
cell-0-5-2 244 988 34 35 
cell-0-5-3 278 988 34 35 
cell-0-5-4 312 988 34 35 
cell-0-5-5 346 988 34 35 
cell-0-5-6 380 988 34 35 
cell-0-5-7 414 988 34 35 
cell-0-5-8 448 988 34 35 
cell-0-5-9 482 988 34 35 
cell-0-5-10 516 988 34 35 
cell-0-5-11 550 988 34 35 
cell-0-5-12 584 988 34 35 
cell-0-5-13 618 988 34 35 
cell-0-5-14 652 988 34 35 
cell-0-5-15 686 988 34 35 
cell-0-6-0 176 1027 34 35 
cell-0-6-1 210 1027 34 35 
cell-0-6-2 244 1027 34 35 
cell-0-6-3 278 1027 34 35 
cell-0-6-4 312 1027 34 35 
cell-0-6-5 346 1027 34 35 
cell-0-6-6 380 1027 34 35 
cell-0-6-7 414 1027 34 35 
cell-0-6-8 448 1027 34 35 
cell-0-6-9 482 1027 34 35 
cell-0-6-10 516 1027 34 35 
cell-0-6-11 550 1027 34 35 
cell-0-6-12 584 1027 34 35 
cell-0-6-13 618 1027 34 35 
cell-0-6-14 652 1027 34 35 
cell-0-6-15 686 1027 34 35 
table-1 654 222 266 442 
cell-1-0-0 654 222 44 35 
cell-1-0-1 698 222 44 35 
cell-1-0-2 742 222 44 35 
cell-1-0-3 786 222 44 35 
cell-1-0-4 830 222 44 35 
cell-1-0-5 874 222 44 35 
cell-1-1-0 654 267 44 35 
cell-1-1-1 698 267 44 35 
cell-1-1-2 742 267 44 35 
cell-1-1-3 786 267 44 35 
cell-1-1-4 830 267 44 35 
cell-1-1-5 874 267 44 35 
cell-1-2-0 654 312 44 35 
cell-1-2-1 698 312 44 35 
cell-1-2-2 742 312 44 35 
cell-1-2-3 786 312 44 35 
cell-1-2-4 830 312 44 35 
cell-1-2-5 874 312 44 35 
cell-1-3-0 654 357 44 35 
cell-1-3-1 698 357 44 35 
cell-1-3-2 742 357 44 35 
cell-1-3-3 786 357 44 35 
cell-1-3-4 830 357 44 35 
cell-1-3-5 874 357 44 35 
cell-1-4-0 654 402 44 35 
cell-1-4-1 698 402 44 35 
cell-1-4-2 742 402 44 35 
cell-1-4-3 786 402 44 35 
cell-1-4-4 830 402 44 35 
cell-1-4-5 874 402 44 35 
cell-1-5-0 654 447 44 35 
cell-1-5-1 698 447 44 35 
cell-1-5-2 742 447 44 35 
cell-1-5-3 786 447 44 35 
cell-1-5-4 830 447 44 35 
cell-1-5-5 874 447 44 35 
cell-1-6-0 654 492 44 35 
cell-1-6-1 698 492 44 35 
cell-1-6-2 742 492 44 35 
cell-1-6-3 786 492 44 35 
cell-1-6-4 830 492 44 35 
cell-1-6-5 874 492 44 35 
cell-1-7-0 654 537 44 35 
cell-1-7-1 698 537 44 35 
cell-1-7-2 742 537 44 35 
cell-1-7-3 786 537 44 35 
cell-1-7-4 830 537 44 35 
cell-1-7-5 874 537 44 35 
cell-1-8-0 654 582 44 35 
cell-1-8-1 698 582 44 35 
cell-1-8-2 742 582 44 35 
cell-1-8-3 786 582 44 35 
cell-1-8-4 830 582 44 35 
cell-1-8-5 874 582 44 35 
cell-1-9-0 654 627 44 35 
cell-1-9-1 698 627 44 35 
cell-1-9-2 742 627 44 35 
cell-1-9-3 786 627 44 35 
cell-1-9-4 830 627 44 35 
cell-1-9-5 874 627 44 35 
