table-0 584 682 173 423 
cell-0-0-0 584 682 43 35 
cell-0-0-1 627 682 43 35 
cell-0-0-2 670 682 43 35 
cell-0-0-3 713 682 43 35 
cell-0-1-0 584 725 43 35 
cell-0-1-1 627 725 43 35 
cell-0-1-2 670 725 43 35 
cell-0-1-3 713 725 43 35 
cell-0-2-0 584 768 43 35 
cell-0-2-1 627 768 43 35 
cell-0-2-2 670 768 43 35 
cell-0-2-3 713 768 43 35 
cell-0-3-0 584 811 43 35 
cell-0-3-1 627 811 43 35 
cell-0-3-2 670 811 43 35 
cell-0-3-3 713 811 43 35 
cell-0-4-0 584 854 43 35 
cell-0-4-1 627 854 43 35 
cell-0-4-2 670 854 43 35 
cell-0-4-3 713 854 43 35 
cell-0-5-0 584 897 43 35 
cell-0-5-1 627 897 43 35 
cell-0-5-2 670 897 43 35 
cell-0-5-3 713 897 43 35 
cell-0-6-0 584 940 43 35 
cell-0-6-1 627 940 43 35 
cell-0-6-2 670 940 43 35 
cell-0-6-3 713 940 43 35 
cell-0-7-0 584 983 43 35 
cell-0-7-1 627 983 43 35 
cell-0-7-2 670 983 43 35 
cell-0-7-3 713 983 43 35 
cell-0-8-0 584 1026 43 35 
cell-0-8-1 627 1026 43 35 
cell-0-8-2 670 1026 43 35 
cell-0-8-3 713 1026 43 35 
cell-0-9-0 584 1069 43 35 
cell-0-9-1 627 1069 43 35 
cell-0-9-2 670 1069 43 35 
cell-0-9-3 713 1069 43 35 
