table-0 101 487 367 346 
cell-0-1-0 101 487 34 35 
cell-0-1-1 138 487 34 35 
cell-0-1-2 175 487 34 35 
cell-0-1-3 212 487 34 35 
cell-0-1-4 249 487 34 35 
cell-0-1-5 286 487 34 35 
cell-0-1-6 323 487 34 35 
cell-0-1-7 360 487 34 35 
cell-0-1-8 397 487 34 35 
cell-0-1-9 434 487 34 35 
cell-0-2-0 101 549 34 35 
cell-0-2-1 138 549 34 35 
cell-0-2-2 175 549 34 35 
cell-0-2-3 212 549 34 35 
cell-0-2-4 249 549 34 35 
cell-0-2-5 286 549 34 35 
cell-0-2-6 323 549 34 35 
cell-0-2-7 360 549 34 35 
cell-0-2-8 397 549 34 35 
cell-0-2-9 434 549 34 35 
cell-0-3-0 101 611 34 35 
cell-0-3-1 138 611 34 35 
cell-0-3-2 175 611 34 35 
cell-0-3-3 212 611 34 35 
cell-0-3-4 249 611 34 35 
cell-0-3-5 286 611 34 35 
cell-0-3-6 323 611 34 35 
cell-0-3-7 360 611 34 35 
cell-0-3-8 397 611 34 35 
cell-0-3-9 434 611 34 35 
cell-0-4-0 101 673 34 35 
cell-0-4-1 138 673 34 35 
cell-0-4-2 175 673 34 35 
cell-0-4-3 212 673 34 35 
cell-0-4-4 249 673 34 35 
cell-0-4-5 286 673 34 35 
cell-0-4-6 323 673 34 35 
cell-0-4-7 360 673 34 35 
cell-0-4-8 397 673 34 35 
cell-0-4-9 434 673 34 35 
cell-0-5-0 101 735 34 35 
cell-0-5-1 138 735 34 35 
cell-0-5-2 175 735 34 35 
cell-0-5-3 212 735 34 35 
cell-0-5-4 249 735 34 35 
cell-0-5-5 286 735 34 35 
cell-0-5-6 323 735 34 35 
cell-0-5-7 360 735 34 35 
cell-0-5-8 397 735 34 35 
cell-0-5-9 434 735 34 35 
cell-0-6-0 101 797 34 35 
cell-0-6-1 138 797 34 35 
cell-0-6-2 175 797 34 35 
cell-0-6-3 212 797 34 35 
cell-0-6-4 249 797 34 35 
cell-0-6-5 286 797 34 35 
cell-0-6-6 323 797 34 35 
cell-0-6-7 360 797 34 35 
cell-0-6-8 397 797 34 35 
cell-0-6-9 434 797 34 35 
table-1 638 410 216 426 
cell-1-0-0 638 410 43 35 
cell-1-0-1 681 410 43 35 
cell-1-0-2 724 410 43 35 
cell-1-0-3 767 410 43 35 
cell-1-0-4 810 410 43 35 
cell-1-1-0 638 449 43 35 
cell-1-1-1 681 449 43 35 
cell-1-1-2 724 449 43 35 
cell-1-1-3 767 449 43 35 
cell-1-1-4 810 449 43 35 
cell-1-2-0 638 488 43 35 
cell-1-2-1 681 488 43 35 
cell-1-2-2 724 488 43 35 
cell-1-2-3 767 488 43 35 
cell-1-2-4 810 488 43 35 
cell-1-3-0 638 527 43 35 
cell-1-3-1 681 527 43 35 
cell-1-3-2 724 527 43 35 
cell-1-3-3 767 527 43 35 
cell-1-3-4 810 527 43 35 
cell-1-4-0 638 566 43 35 
cell-1-4-1 681 566 43 35 
cell-1-4-2 724 566 43 35 
cell-1-4-3 767 566 43 35 
cell-1-4-4 810 566 43 35 
cell-1-5-0 638 605 43 35 
cell-1-5-1 681 605 43 35 
cell-1-5-2 724 605 43 35 
cell-1-5-3 767 605 43 35 
cell-1-5-4 810 605 43 35 
cell-1-6-0 638 644 43 35 
cell-1-6-1 681 644 43 35 
cell-1-6-2 724 644 43 35 
cell-1-6-3 767 644 43 35 
cell-1-6-4 810 644 43 35 
cell-1-7-0 638 683 43 35 
cell-1-7-1 681 683 43 35 
cell-1-7-2 724 683 43 35 
cell-1-7-3 767 683 43 35 
cell-1-7-4 810 683 43 35 
cell-1-8-0 638 722 43 35 
cell-1-8-1 681 722 43 35 
cell-1-8-2 724 722 43 35 
cell-1-8-3 767 722 43 35 
cell-1-8-4 810 722 43 35 
cell-1-9-0 638 761 43 35 
cell-1-9-1 681 761 43 35 
cell-1-9-2 724 761 43 35 
cell-1-9-3 767 761 43 35 
cell-1-9-4 810 761 43 35 
cell-1-10-0 638 800 43 35 
cell-1-10-1 681 800 43 35 
cell-1-10-2 724 800 43 35 
cell-1-10-3 767 800 43 35 
cell-1-10-4 810 800 43 35 
