header-0 63 344 834 195 
row-1-1 63 344 295 41 
row-1-2 378 344 262 41 
row-2-1 63 395 361 41 
row-2-2 444 395 444 41 
row-3-1 63 446 790 41 
row-4-1 63 497 493 41 
table-1 291 822 500 574 
cell-1-0-0 291 822 100 60 
cell-1-0-1 391 822 100 60 
cell-1-0-2 491 822 100 60 
cell-1-0-3 591 822 100 60 
cell-1-0-4 691 822 100 60 
cell-1-1-0 291 886 100 60 
cell-1-1-1 391 886 100 60 
cell-1-1-2 491 886 100 60 
cell-1-1-3 591 886 100 60 
cell-1-1-4 691 886 100 60 
cell-1-2-0 291 950 100 60 
cell-1-2-1 391 950 100 60 
cell-1-2-2 491 950 100 60 
cell-1-2-3 591 950 100 60 
cell-1-2-4 691 950 100 60 
cell-1-3-0 291 1014 100 60 
cell-1-3-1 391 1014 100 60 
cell-1-3-2 491 1014 100 60 
cell-1-3-3 591 1014 100 60 
cell-1-3-4 691 1014 100 60 
cell-1-4-0 291 1078 100 60 
cell-1-4-1 391 1078 100 60 
cell-1-4-2 491 1078 100 60 
cell-1-4-3 591 1078 100 60 
cell-1-4-4 691 1078 100 60 
cell-1-5-0 291 1142 100 60 
cell-1-5-1 391 1142 100 60 
cell-1-5-2 491 1142 100 60 
cell-1-5-3 591 1142 100 60 
cell-1-5-4 691 1142 100 60 
cell-1-6-0 291 1206 100 60 
cell-1-6-1 391 1206 100 60 
cell-1-6-2 491 1206 100 60 
cell-1-6-3 591 1206 100 60 
cell-1-6-4 691 1206 100 60 
cell-1-7-0 291 1270 100 60 
cell-1-7-1 391 1270 100 60 
cell-1-7-2 491 1270 100 60 
cell-1-7-3 591 1270 100 60 
cell-1-7-4 691 1270 100 60 
cell-1-8-0 291 1334 100 60 
cell-1-8-1 391 1334 100 60 
cell-1-8-2 491 1334 100 60 
cell-1-8-3 591 1334 100 60 
cell-1-8-4 691 1334 100 60 
