table-0 490 203 364 318 
cell-0-1-0 490 203 33 35 
cell-0-1-1 523 203 33 35 
cell-0-1-2 556 203 33 35 
cell-0-1-3 589 203 33 35 
cell-0-1-4 622 203 33 35 
cell-0-1-5 655 203 33 35 
cell-0-1-6 688 203 33 35 
cell-0-1-7 721 203 33 35 
cell-0-1-8 754 203 33 35 
cell-0-1-9 787 203 33 35 
cell-0-1-10 820 203 33 35 
cell-0-2-0 490 250 33 35 
cell-0-2-1 523 250 33 35 
cell-0-2-2 556 250 33 35 
cell-0-2-3 589 250 33 35 
cell-0-2-4 622 250 33 35 
cell-0-2-5 655 250 33 35 
cell-0-2-6 688 250 33 35 
cell-0-2-7 721 250 33 35 
cell-0-2-8 754 250 33 35 
cell-0-2-9 787 250 33 35 
cell-0-2-10 820 250 33 35 
cell-0-3-0 490 297 33 35 
cell-0-3-1 523 297 33 35 
cell-0-3-2 556 297 33 35 
cell-0-3-3 589 297 33 35 
cell-0-3-4 622 297 33 35 
cell-0-3-5 655 297 33 35 
cell-0-3-6 688 297 33 35 
cell-0-3-7 721 297 33 35 
cell-0-3-8 754 297 33 35 
cell-0-3-9 787 297 33 35 
cell-0-3-10 820 297 33 35 
cell-0-4-0 490 344 33 35 
cell-0-4-1 523 344 33 35 
cell-0-4-2 556 344 33 35 
cell-0-4-3 589 344 33 35 
cell-0-4-4 622 344 33 35 
cell-0-4-5 655 344 33 35 
cell-0-4-6 688 344 33 35 
cell-0-4-7 721 344 33 35 
cell-0-4-8 754 344 33 35 
cell-0-4-9 787 344 33 35 
cell-0-4-10 820 344 33 35 
cell-0-5-0 490 391 33 35 
cell-0-5-1 523 391 33 35 
cell-0-5-2 556 391 33 35 
cell-0-5-3 589 391 33 35 
cell-0-5-4 622 391 33 35 
cell-0-5-5 655 391 33 35 
cell-0-5-6 688 391 33 35 
cell-0-5-7 721 391 33 35 
cell-0-5-8 754 391 33 35 
cell-0-5-9 787 391 33 35 
cell-0-5-10 820 391 33 35 
cell-0-6-0 490 438 33 35 
cell-0-6-1 523 438 33 35 
cell-0-6-2 556 438 33 35 
cell-0-6-3 589 438 33 35 
cell-0-6-4 622 438 33 35 
cell-0-6-5 655 438 33 35 
cell-0-6-6 688 438 33 35 
cell-0-6-7 721 438 33 35 
cell-0-6-8 754 438 33 35 
cell-0-6-9 787 438 33 35 
cell-0-6-10 820 438 33 35 
cell-0-7-0 490 485 33 35 
cell-0-7-1 523 485 33 35 
cell-0-7-2 556 485 33 35 
cell-0-7-3 589 485 33 35 
cell-0-7-4 622 485 33 35 
cell-0-7-5 655 485 33 35 
cell-0-7-6 688 485 33 35 
cell-0-7-7 721 485 33 35 
cell-0-7-8 754 485 33 35 
cell-0-7-9 787 485 33 35 
cell-0-7-10 820 485 33 35 
