table-0 60 605 1000 432 
cell-0-0-0 60 605 125 45 
cell-0-0-1 185 605 125 45 
cell-0-0-2 310 605 125 45 
cell-0-0-3 435 605 125 45 
cell-0-0-4 560 605 125 45 
cell-0-0-5 685 605 125 45 
cell-0-0-6 810 605 125 45 
cell-0-0-7 935 605 125 45 
cell-0-1-0 60 653 125 45 
cell-0-1-1 185 653 125 45 
cell-0-1-2 310 653 125 45 
cell-0-1-3 435 653 125 45 
cell-0-1-4 560 653 125 45 
cell-0-1-5 685 653 125 45 
cell-0-1-6 810 653 125 45 
cell-0-1-7 935 653 125 45 
cell-0-2-0 60 701 125 45 
cell-0-2-1 185 701 125 45 
cell-0-2-2 310 701 125 45 
cell-0-2-3 435 701 125 45 
cell-0-2-4 560 701 125 45 
cell-0-2-5 685 701 125 45 
cell-0-2-6 810 701 125 45 
cell-0-2-7 935 701 125 45 
cell-0-3-0 60 749 125 45 
cell-0-3-1 185 749 125 45 
cell-0-3-2 310 749 125 45 
cell-0-3-3 435 749 125 45 
cell-0-3-4 560 749 125 45 
cell-0-3-5 685 749 125 45 
cell-0-3-6 810 749 125 45 
cell-0-3-7 935 749 125 45 
cell-0-4-0 60 797 125 45 
cell-0-4-1 185 797 125 45 
cell-0-4-2 310 797 125 45 
cell-0-4-3 435 797 125 45 
cell-0-4-4 560 797 125 45 
cell-0-4-5 685 797 125 45 
cell-0-4-6 810 797 125 45 
cell-0-4-7 935 797 125 45 
cell-0-5-0 60 845 125 45 
cell-0-5-1 185 845 125 45 
cell-0-5-2 310 845 125 45 
cell-0-5-3 435 845 125 45 
cell-0-5-4 560 845 125 45 
cell-0-5-5 685 845 125 45 
cell-0-5-6 810 845 125 45 
cell-0-5-7 935 845 125 45 
cell-0-6-0 60 893 125 45 
cell-0-6-1 185 893 125 45 
cell-0-6-2 310 893 125 45 
cell-0-6-3 435 893 125 45 
cell-0-6-4 560 893 125 45 
cell-0-6-5 685 893 125 45 
cell-0-6-6 810 893 125 45 
cell-0-6-7 935 893 125 45 
cell-0-7-0 60 941 125 45 
cell-0-7-1 185 941 125 45 
cell-0-7-2 310 941 125 45 
cell-0-7-3 435 941 125 45 
cell-0-7-4 560 941 125 45 
cell-0-7-5 685 941 125 45 
cell-0-7-6 810 941 125 45 
cell-0-7-7 935 941 125 45 
cell-0-8-0 60 989 125 45 
cell-0-8-1 185 989 125 45 
cell-0-8-2 310 989 125 45 
cell-0-8-3 435 989 125 45 
cell-0-8-4 560 989 125 45 
cell-0-8-5 685 989 125 45 
cell-0-8-6 810 989 125 45 
cell-0-8-7 935 989 125 45 
