table-0 161 934 364 248 
cell-0-1-0 161 934 33 35 
cell-0-1-1 194 934 33 35 
cell-0-1-2 227 934 33 35 
cell-0-1-3 260 934 33 35 
cell-0-1-4 293 934 33 35 
cell-0-1-5 326 934 33 35 
cell-0-1-6 359 934 33 35 
cell-0-1-7 392 934 33 35 
cell-0-1-8 425 934 33 35 
cell-0-1-9 458 934 33 35 
cell-0-1-10 491 934 33 35 
cell-0-2-0 161 987 33 35 
cell-0-2-1 194 987 33 35 
cell-0-2-2 227 987 33 35 
cell-0-2-3 260 987 33 35 
cell-0-2-4 293 987 33 35 
cell-0-2-5 326 987 33 35 
cell-0-2-6 359 987 33 35 
cell-0-2-7 392 987 33 35 
cell-0-2-8 425 987 33 35 
cell-0-2-9 458 987 33 35 
cell-0-2-10 491 987 33 35 
cell-0-3-0 161 1040 33 35 
cell-0-3-1 194 1040 33 35 
cell-0-3-2 227 1040 33 35 
cell-0-3-3 260 1040 33 35 
cell-0-3-4 293 1040 33 35 
cell-0-3-5 326 1040 33 35 
cell-0-3-6 359 1040 33 35 
cell-0-3-7 392 1040 33 35 
cell-0-3-8 425 1040 33 35 
cell-0-3-9 458 1040 33 35 
cell-0-3-10 491 1040 33 35 
cell-0-4-0 161 1093 33 35 
cell-0-4-1 194 1093 33 35 
cell-0-4-2 227 1093 33 35 
cell-0-4-3 260 1093 33 35 
cell-0-4-4 293 1093 33 35 
cell-0-4-5 326 1093 33 35 
cell-0-4-6 359 1093 33 35 
cell-0-4-7 392 1093 33 35 
cell-0-4-8 425 1093 33 35 
cell-0-4-9 458 1093 33 35 
cell-0-4-10 491 1093 33 35 
cell-0-5-0 161 1146 33 35 
cell-0-5-1 194 1146 33 35 
cell-0-5-2 227 1146 33 35 
cell-0-5-3 260 1146 33 35 
cell-0-5-4 293 1146 33 35 
cell-0-5-5 326 1146 33 35 
cell-0-5-6 359 1146 33 35 
cell-0-5-7 392 1146 33 35 
cell-0-5-8 425 1146 33 35 
cell-0-5-9 458 1146 33 35 
cell-0-5-10 491 1146 33 35 
table-2 367 249 444 208 
cell-2-1-0 367 249 34 35 
cell-2-1-1 401 249 34 35 
cell-2-1-2 435 249 34 35 
cell-2-1-3 469 249 34 35 
cell-2-1-4 503 249 34 35 
cell-2-1-5 537 249 34 35 
cell-2-1-6 571 249 34 35 
cell-2-1-7 605 249 34 35 
cell-2-1-8 639 249 34 35 
cell-2-1-9 673 249 34 35 
cell-2-1-10 707 249 34 35 
cell-2-1-11 741 249 34 35 
cell-2-1-12 775 249 34 35 
cell-2-2-0 367 306 34 35 
cell-2-2-1 401 306 34 35 
cell-2-2-2 435 306 34 35 
cell-2-2-3 469 306 34 35 
cell-2-2-4 503 306 34 35 
cell-2-2-5 537 306 34 35 
cell-2-2-6 571 306 34 35 
cell-2-2-7 605 306 34 35 
cell-2-2-8 639 306 34 35 
cell-2-2-9 673 306 34 35 
cell-2-2-10 707 306 34 35 
cell-2-2-11 741 306 34 35 
cell-2-2-12 775 306 34 35 
cell-2-3-0 367 363 34 35 
cell-2-3-1 401 363 34 35 
cell-2-3-2 435 363 34 35 
cell-2-3-3 469 363 34 35 
cell-2-3-4 503 363 34 35 
cell-2-3-5 537 363 34 35 
cell-2-3-6 571 363 34 35 
cell-2-3-7 605 363 34 35 
cell-2-3-8 639 363 34 35 
cell-2-3-9 673 363 34 35 
cell-2-3-10 707 363 34 35 
cell-2-3-11 741 363 34 35 
cell-2-3-12 775 363 34 35 
cell-2-4-0 367 420 34 35 
cell-2-4-1 401 420 34 35 
cell-2-4-2 435 420 34 35 
cell-2-4-3 469 420 34 35 
cell-2-4-4 503 420 34 35 
cell-2-4-5 537 420 34 35 
cell-2-4-6 571 420 34 35 
cell-2-4-7 605 420 34 35 
cell-2-4-8 639 420 34 35 
cell-2-4-9 673 420 34 35 
cell-2-4-10 707 420 34 35 
cell-2-4-11 741 420 34 35 
cell-2-4-12 775 420 34 35 
