table-0 64 403 500 384 
cell-0-0-0 64 403 55 45 
cell-0-0-1 119 403 55 45 
cell-0-0-2 174 403 55 45 
cell-0-0-3 229 403 55 45 
cell-0-0-4 284 403 55 45 
cell-0-0-5 339 403 55 45 
cell-0-0-6 394 403 55 45 
cell-0-0-7 449 403 55 45 
cell-0-0-8 504 403 55 45 
cell-0-1-0 64 451 55 45 
cell-0-1-1 119 451 55 45 
cell-0-1-2 174 451 55 45 
cell-0-1-3 229 451 55 45 
cell-0-1-4 284 451 55 45 
cell-0-1-5 339 451 55 45 
cell-0-1-6 394 451 55 45 
cell-0-1-7 449 451 55 45 
cell-0-1-8 504 451 55 45 
cell-0-2-0 64 499 55 45 
cell-0-2-1 119 499 55 45 
cell-0-2-2 174 499 55 45 
cell-0-2-3 229 499 55 45 
cell-0-2-4 284 499 55 45 
cell-0-2-5 339 499 55 45 
cell-0-2-6 394 499 55 45 
cell-0-2-7 449 499 55 45 
cell-0-2-8 504 499 55 45 
cell-0-3-0 64 547 55 45 
cell-0-3-1 119 547 55 45 
cell-0-3-2 174 547 55 45 
cell-0-3-3 229 547 55 45 
cell-0-3-4 284 547 55 45 
cell-0-3-5 339 547 55 45 
cell-0-3-6 394 547 55 45 
cell-0-3-7 449 547 55 45 
cell-0-3-8 504 547 55 45 
cell-0-4-0 64 595 55 45 
cell-0-4-1 119 595 55 45 
cell-0-4-2 174 595 55 45 
cell-0-4-3 229 595 55 45 
cell-0-4-4 284 595 55 45 
cell-0-4-5 339 595 55 45 
cell-0-4-6 394 595 55 45 
cell-0-4-7 449 595 55 45 
cell-0-4-8 504 595 55 45 
cell-0-5-0 64 643 55 45 
cell-0-5-1 119 643 55 45 
cell-0-5-2 174 643 55 45 
cell-0-5-3 229 643 55 45 
cell-0-5-4 284 643 55 45 
cell-0-5-5 339 643 55 45 
cell-0-5-6 394 643 55 45 
cell-0-5-7 449 643 55 45 
cell-0-5-8 504 643 55 45 
cell-0-6-0 64 691 55 45 
cell-0-6-1 119 691 55 45 
cell-0-6-2 174 691 55 45 
cell-0-6-3 229 691 55 45 
cell-0-6-4 284 691 55 45 
cell-0-6-5 339 691 55 45 
cell-0-6-6 394 691 55 45 
cell-0-6-7 449 691 55 45 
cell-0-6-8 504 691 55 45 
cell-0-7-0 64 739 55 45 
cell-0-7-1 119 739 55 45 
cell-0-7-2 174 739 55 45 
cell-0-7-3 229 739 55 45 
cell-0-7-4 284 739 55 45 
cell-0-7-5 339 739 55 45 
cell-0-7-6 394 739 55 45 
cell-0-7-7 449 739 55 45 
cell-0-7-8 504 739 55 45 
table-2 189 898 800 441 
cell-2-0-0 189 898 200 55 
cell-2-0-1 389 898 200 55 
cell-2-0-2 589 898 200 55 
cell-2-0-3 789 898 200 55 
cell-2-1-0 189 953 200 55 
cell-2-1-1 389 953 200 55 
cell-2-1-2 589 953 200 55 
cell-2-1-3 789 953 200 55 
cell-2-2-0 189 1008 200 55 
cell-2-2-1 389 1008 200 55 
cell-2-2-2 589 1008 200 55 
cell-2-2-3 789 1008 200 55 
cell-2-3-0 189 1063 200 55 
cell-2-3-1 389 1063 200 55 
cell-2-3-2 589 1063 200 55 
cell-2-3-3 789 1063 200 55 
cell-2-4-0 189 1118 200 55 
cell-2-4-1 389 1118 200 55 
cell-2-4-2 589 1118 200 55 
cell-2-4-3 789 1118 200 55 
cell-2-5-0 189 1173 200 55 
cell-2-5-1 389 1173 200 55 
cell-2-5-2 589 1173 200 55 
cell-2-5-3 789 1173 200 55 
cell-2-6-0 189 1228 200 55 
cell-2-6-1 389 1228 200 55 
cell-2-6-2 589 1228 200 55 
cell-2-6-3 789 1228 200 55 
cell-2-7-0 189 1283 200 55 
cell-2-7-1 389 1283 200 55 
cell-2-7-2 589 1283 200 55 
cell-2-7-3 789 1283 200 55 
