table-0 307 515 404 386 
cell-0-1-0 307 515 34 35 
cell-0-1-1 344 515 34 35 
cell-0-1-2 381 515 34 35 
cell-0-1-3 418 515 34 35 
cell-0-1-4 455 515 34 35 
cell-0-1-5 492 515 34 35 
cell-0-1-6 529 515 34 35 
cell-0-1-7 566 515 34 35 
cell-0-1-8 603 515 34 35 
cell-0-1-9 640 515 34 35 
cell-0-1-10 677 515 34 35 
cell-0-2-0 307 565 34 35 
cell-0-2-1 344 565 34 35 
cell-0-2-2 381 565 34 35 
cell-0-2-3 418 565 34 35 
cell-0-2-4 455 565 34 35 
cell-0-2-5 492 565 34 35 
cell-0-2-6 529 565 34 35 
cell-0-2-7 566 565 34 35 
cell-0-2-8 603 565 34 35 
cell-0-2-9 640 565 34 35 
cell-0-2-10 677 565 34 35 
cell-0-3-0 307 615 34 35 
cell-0-3-1 344 615 34 35 
cell-0-3-2 381 615 34 35 
cell-0-3-3 418 615 34 35 
cell-0-3-4 455 615 34 35 
cell-0-3-5 492 615 34 35 
cell-0-3-6 529 615 34 35 
cell-0-3-7 566 615 34 35 
cell-0-3-8 603 615 34 35 
cell-0-3-9 640 615 34 35 
cell-0-3-10 677 615 34 35 
cell-0-4-0 307 665 34 35 
cell-0-4-1 344 665 34 35 
cell-0-4-2 381 665 34 35 
cell-0-4-3 418 665 34 35 
cell-0-4-4 455 665 34 35 
cell-0-4-5 492 665 34 35 
cell-0-4-6 529 665 34 35 
cell-0-4-7 566 665 34 35 
cell-0-4-8 603 665 34 35 
cell-0-4-9 640 665 34 35 
cell-0-4-10 677 665 34 35 
cell-0-5-0 307 715 34 35 
cell-0-5-1 344 715 34 35 
cell-0-5-2 381 715 34 35 
cell-0-5-3 418 715 34 35 
cell-0-5-4 455 715 34 35 
cell-0-5-5 492 715 34 35 
cell-0-5-6 529 715 34 35 
cell-0-5-7 566 715 34 35 
cell-0-5-8 603 715 34 35 
cell-0-5-9 640 715 34 35 
cell-0-5-10 677 715 34 35 
cell-0-6-0 307 765 34 35 
cell-0-6-1 344 765 34 35 
cell-0-6-2 381 765 34 35 
cell-0-6-3 418 765 34 35 
cell-0-6-4 455 765 34 35 
cell-0-6-5 492 765 34 35 
cell-0-6-6 529 765 34 35 
cell-0-6-7 566 765 34 35 
cell-0-6-8 603 765 34 35 
cell-0-6-9 640 765 34 35 
cell-0-6-10 677 765 34 35 
cell-0-7-0 307 815 34 35 
cell-0-7-1 344 815 34 35 
cell-0-7-2 381 815 34 35 
cell-0-7-3 418 815 34 35 
cell-0-7-4 455 815 34 35 
cell-0-7-5 492 815 34 35 
cell-0-7-6 529 815 34 35 
cell-0-7-7 566 815 34 35 
cell-0-7-8 603 815 34 35 
cell-0-7-9 640 815 34 35 
cell-0-7-10 677 815 34 35 
cell-0-8-0 307 865 34 35 
cell-0-8-1 344 865 34 35 
cell-0-8-2 381 865 34 35 
cell-0-8-3 418 865 34 35 
cell-0-8-4 455 865 34 35 
cell-0-8-5 492 865 34 35 
cell-0-8-6 529 865 34 35 
cell-0-8-7 566 865 34 35 
cell-0-8-8 603 865 34 35 
cell-0-8-9 640 865 34 35 
cell-0-8-10 677 865 34 35 
