header-0 106 373 792 193 
row-1-1 106 373 398 40 
row-1-2 524 373 332 40 
row-2-1 106 423 332 40 
row-2-2 458 423 433 40 
row-3-1 106 473 596 40 
row-4-1 106 523 629 40 
table-1 213 899 580 507 
cell-1-1-0 213 899 34 35 
cell-1-1-1 247 899 34 35 
cell-1-1-2 281 899 34 35 
cell-1-1-3 315 899 34 35 
cell-1-1-4 349 899 34 35 
cell-1-1-5 383 899 34 35 
cell-1-1-6 417 899 34 35 
cell-1-1-7 451 899 34 35 
cell-1-1-8 485 899 34 35 
cell-1-1-9 519 899 34 35 
cell-1-1-10 553 899 34 35 
cell-1-1-11 587 899 34 35 
cell-1-1-12 621 899 34 35 
cell-1-1-13 655 899 34 35 
cell-1-1-14 689 899 34 35 
cell-1-1-15 723 899 34 35 
cell-1-1-16 757 899 34 35 
cell-1-2-0 213 946 34 35 
cell-1-2-1 247 946 34 35 
cell-1-2-2 281 946 34 35 
cell-1-2-3 315 946 34 35 
cell-1-2-4 349 946 34 35 
cell-1-2-5 383 946 34 35 
cell-1-2-6 417 946 34 35 
cell-1-2-7 451 946 34 35 
cell-1-2-8 485 946 34 35 
cell-1-2-9 519 946 34 35 
cell-1-2-10 553 946 34 35 
cell-1-2-11 587 946 34 35 
cell-1-2-12 621 946 34 35 
cell-1-2-13 655 946 34 35 
cell-1-2-14 689 946 34 35 
cell-1-2-15 723 946 34 35 
cell-1-2-16 757 946 34 35 
cell-1-3-0 213 993 34 35 
cell-1-3-1 247 993 34 35 
cell-1-3-2 281 993 34 35 
cell-1-3-3 315 993 34 35 
cell-1-3-4 349 993 34 35 
cell-1-3-5 383 993 34 35 
cell-1-3-6 417 993 34 35 
cell-1-3-7 451 993 34 35 
cell-1-3-8 485 993 34 35 
cell-1-3-9 519 993 34 35 
cell-1-3-10 553 993 34 35 
cell-1-3-11 587 993 34 35 
cell-1-3-12 621 993 34 35 
cell-1-3-13 655 993 34 35 
cell-1-3-14 689 993 34 35 
cell-1-3-15 723 993 34 35 
cell-1-3-16 757 993 34 35 
cell-1-4-0 213 1040 34 35 
cell-1-4-1 247 1040 34 35 
cell-1-4-2 281 1040 34 35 
cell-1-4-3 315 1040 34 35 
cell-1-4-4 349 1040 34 35 
cell-1-4-5 383 1040 34 35 
cell-1-4-6 417 1040 34 35 
cell-1-4-7 451 1040 34 35 
cell-1-4-8 485 1040 34 35 
cell-1-4-9 519 1040 34 35 
cell-1-4-10 553 1040 34 35 
cell-1-4-11 587 1040 34 35 
cell-1-4-12 621 1040 34 35 
cell-1-4-13 655 1040 34 35 
cell-1-4-14 689 1040 34 35 
cell-1-4-15 723 1040 34 35 
cell-1-4-16 757 1040 34 35 
cell-1-5-0 213 1087 34 35 
cell-1-5-1 247 1087 34 35 
cell-1-5-2 281 1087 34 35 
cell-1-5-3 315 1087 34 35 
cell-1-5-4 349 1087 34 35 
cell-1-5-5 383 1087 34 35 
cell-1-5-6 417 1087 34 35 
cell-1-5-7 451 1087 34 35 
cell-1-5-8 485 1087 34 35 
cell-1-5-9 519 1087 34 35 
cell-1-5-10 553 1087 34 35 
cell-1-5-11 587 1087 34 35 
cell-1-5-12 621 1087 34 35 
cell-1-5-13 655 1087 34 35 
cell-1-5-14 689 1087 34 35 
cell-1-5-15 723 1087 34 35 
cell-1-5-16 757 1087 34 35 
cell-1-6-0 213 1134 34 35 
cell-1-6-1 247 1134 34 35 
cell-1-6-2 281 1134 34 35 
cell-1-6-3 315 1134 34 35 
cell-1-6-4 349 1134 34 35 
cell-1-6-5 383 1134 34 35 
cell-1-6-6 417 1134 34 35 
cell-1-6-7 451 1134 34 35 
cell-1-6-8 485 1134 34 35 
cell-1-6-9 519 1134 34 35 
cell-1-6-10 553 1134 34 35 
cell-1-6-11 587 1134 34 35 
cell-1-6-12 621 1134 34 35 
cell-1-6-13 655 1134 34 35 
cell-1-6-14 689 1134 34 35 
cell-1-6-15 723 1134 34 35 
cell-1-6-16 757 1134 34 35 
cell-1-7-0 213 1181 34 35 
cell-1-7-1 247 1181 34 35 
cell-1-7-2 281 1181 34 35 
cell-1-7-3 315 1181 34 35 
cell-1-7-4 349 1181 34 35 
cell-1-7-5 383 1181 34 35 
cell-1-7-6 417 1181 34 35 
cell-1-7-7 451 1181 34 35 
cell-1-7-8 485 1181 34 35 
cell-1-7-9 519 1181 34 35 
cell-1-7-10 553 1181 34 35 
cell-1-7-11 587 1181 34 35 
cell-1-7-12 621 1181 34 35 
cell-1-7-13 655 1181 34 35 
cell-1-7-14 689 1181 34 35 
cell-1-7-15 723 1181 34 35 
cell-1-7-16 757 1181 34 35 
cell-1-8-0 213 1228 34 35 
cell-1-8-1 247 1228 34 35 
cell-1-8-2 281 1228 34 35 
cell-1-8-3 315 1228 34 35 
cell-1-8-4 349 1228 34 35 
cell-1-8-5 383 1228 34 35 
cell-1-8-6 417 1228 34 35 
cell-1-8-7 451 1228 34 35 
cell-1-8-8 485 1228 34 35 
cell-1-8-9 519 1228 34 35 
cell-1-8-10 553 1228 34 35 
cell-1-8-11 587 1228 34 35 
cell-1-8-12 621 1228 34 35 
cell-1-8-13 655 1228 34 35 
cell-1-8-14 689 1228 34 35 
cell-1-8-15 723 1228 34 35 
cell-1-8-16 757 1228 34 35 
cell-1-9-0 213 1275 34 35 
cell-1-9-1 247 1275 34 35 
cell-1-9-2 281 1275 34 35 
cell-1-9-3 315 1275 34 35 
cell-1-9-4 349 1275 34 35 
cell-1-9-5 383 1275 34 35 
cell-1-9-6 417 1275 34 35 
cell-1-9-7 451 1275 34 35 
cell-1-9-8 485 1275 34 35 
cell-1-9-9 519 1275 34 35 
cell-1-9-10 553 1275 34 35 
cell-1-9-11 587 1275 34 35 
cell-1-9-12 621 1275 34 35 
cell-1-9-13 655 1275 34 35 
cell-1-9-14 689 1275 34 35 
cell-1-9-15 723 1275 34 35 
cell-1-9-16 757 1275 34 35 
cell-1-10-0 213 1322 34 35 
cell-1-10-1 247 1322 34 35 
cell-1-10-2 281 1322 34 35 
cell-1-10-3 315 1322 34 35 
cell-1-10-4 349 1322 34 35 
cell-1-10-5 383 1322 34 35 
cell-1-10-6 417 1322 34 35 
cell-1-10-7 451 1322 34 35 
cell-1-10-8 485 1322 34 35 
cell-1-10-9 519 1322 34 35 
cell-1-10-10 553 1322 34 35 
cell-1-10-11 587 1322 34 35 
cell-1-10-12 621 1322 34 35 
cell-1-10-13 655 1322 34 35 
cell-1-10-14 689 1322 34 35 
cell-1-10-15 723 1322 34 35 
cell-1-10-16 757 1322 34 35 
cell-1-11-0 213 1369 34 35 
cell-1-11-1 247 1369 34 35 
cell-1-11-2 281 1369 34 35 
cell-1-11-3 315 1369 34 35 
cell-1-11-4 349 1369 34 35 
cell-1-11-5 383 1369 34 35 
cell-1-11-6 417 1369 34 35 
cell-1-11-7 451 1369 34 35 
cell-1-11-8 485 1369 34 35 
cell-1-11-9 519 1369 34 35 
cell-1-11-10 553 1369 34 35 
cell-1-11-11 587 1369 34 35 
cell-1-11-12 621 1369 34 35 
cell-1-11-13 655 1369 34 35 
cell-1-11-14 689 1369 34 35 
cell-1-11-15 723 1369 34 35 
cell-1-11-16 757 1369 34 35 
