table-0 71 452 500 345 
cell-0-0-0 71 452 83 38 
cell-0-0-1 154 452 83 38 
cell-0-0-2 237 452 83 38 
cell-0-0-3 320 452 83 38 
cell-0-0-4 403 452 83 38 
cell-0-0-5 486 452 83 38 
cell-0-1-0 71 490 83 38 
cell-0-1-1 154 490 83 38 
cell-0-1-2 237 490 83 38 
cell-0-1-3 320 490 83 38 
cell-0-1-4 403 490 83 38 
cell-0-1-5 486 490 83 38 
cell-0-2-0 71 528 83 38 
cell-0-2-1 154 528 83 38 
cell-0-2-2 237 528 83 38 
cell-0-2-3 320 528 83 38 
cell-0-2-4 403 528 83 38 
cell-0-2-5 486 528 83 38 
cell-0-3-0 71 566 83 38 
cell-0-3-1 154 566 83 38 
cell-0-3-2 237 566 83 38 
cell-0-3-3 320 566 83 38 
cell-0-3-4 403 566 83 38 
cell-0-3-5 486 566 83 38 
cell-0-4-0 71 604 83 38 
cell-0-4-1 154 604 83 38 
cell-0-4-2 237 604 83 38 
cell-0-4-3 320 604 83 38 
cell-0-4-4 403 604 83 38 
cell-0-4-5 486 604 83 38 
cell-0-5-0 71 642 83 38 
cell-0-5-1 154 642 83 38 
cell-0-5-2 237 642 83 38 
cell-0-5-3 320 642 83 38 
cell-0-5-4 403 642 83 38 
cell-0-5-5 486 642 83 38 
cell-0-6-0 71 680 83 38 
cell-0-6-1 154 680 83 38 
cell-0-6-2 237 680 83 38 
cell-0-6-3 320 680 83 38 
cell-0-6-4 403 680 83 38 
cell-0-6-5 486 680 83 38 
cell-0-7-0 71 718 83 38 
cell-0-7-1 154 718 83 38 
cell-0-7-2 237 718 83 38 
cell-0-7-3 320 718 83 38 
cell-0-7-4 403 718 83 38 
cell-0-7-5 486 718 83 38 
cell-0-8-0 71 756 83 38 
cell-0-8-1 154 756 83 38 
cell-0-8-2 237 756 83 38 
cell-0-8-3 320 756 83 38 
cell-0-8-4 403 756 83 38 
cell-0-8-5 486 756 83 38 
header-1 176 97 875 195 
row-1-1 176 97 361 41 
row-1-2 557 97 295 41 
row-2-1 176 148 394 41 
row-2-2 590 148 452 41 
row-3-1 176 199 526 41 
row-4-1 176 250 526 41 
