table-0 386 439 500 261 
cell-0-0-0 386 439 55 37 
cell-0-0-1 441 439 55 37 
cell-0-0-2 496 439 55 37 
cell-0-0-3 551 439 55 37 
cell-0-0-4 606 439 55 37 
cell-0-0-5 661 439 55 37 
cell-0-0-6 716 439 55 37 
cell-0-0-7 771 439 55 37 
cell-0-0-8 826 439 55 37 
cell-0-1-0 386 476 55 37 
cell-0-1-1 441 476 55 37 
cell-0-1-2 496 476 55 37 
cell-0-1-3 551 476 55 37 
cell-0-1-4 606 476 55 37 
cell-0-1-5 661 476 55 37 
cell-0-1-6 716 476 55 37 
cell-0-1-7 771 476 55 37 
cell-0-1-8 826 476 55 37 
cell-0-2-0 386 513 55 37 
cell-0-2-1 441 513 55 37 
cell-0-2-2 496 513 55 37 
cell-0-2-3 551 513 55 37 
cell-0-2-4 606 513 55 37 
cell-0-2-5 661 513 55 37 
cell-0-2-6 716 513 55 37 
cell-0-2-7 771 513 55 37 
cell-0-2-8 826 513 55 37 
cell-0-3-0 386 550 55 37 
cell-0-3-1 441 550 55 37 
cell-0-3-2 496 550 55 37 
cell-0-3-3 551 550 55 37 
cell-0-3-4 606 550 55 37 
cell-0-3-5 661 550 55 37 
cell-0-3-6 716 550 55 37 
cell-0-3-7 771 550 55 37 
cell-0-3-8 826 550 55 37 
cell-0-4-0 386 587 55 37 
cell-0-4-1 441 587 55 37 
cell-0-4-2 496 587 55 37 
cell-0-4-3 551 587 55 37 
cell-0-4-4 606 587 55 37 
cell-0-4-5 661 587 55 37 
cell-0-4-6 716 587 55 37 
cell-0-4-7 771 587 55 37 
cell-0-4-8 826 587 55 37 
cell-0-5-0 386 624 55 37 
cell-0-5-1 441 624 55 37 
cell-0-5-2 496 624 55 37 
cell-0-5-3 551 624 55 37 
cell-0-5-4 606 624 55 37 
cell-0-5-5 661 624 55 37 
cell-0-5-6 716 624 55 37 
cell-0-5-7 771 624 55 37 
cell-0-5-8 826 624 55 37 
cell-0-6-0 386 661 55 37 
cell-0-6-1 441 661 55 37 
cell-0-6-2 496 661 55 37 
cell-0-6-3 551 661 55 37 
cell-0-6-4 606 661 55 37 
cell-0-6-5 661 661 55 37 
cell-0-6-6 716 661 55 37 
cell-0-6-7 771 661 55 37 
cell-0-6-8 826 661 55 37 
table-3 568 875 216 540 
cell-3-0-0 568 875 43 35 
cell-3-0-1 611 875 43 35 
cell-3-0-2 654 875 43 35 
cell-3-0-3 697 875 43 35 
cell-3-0-4 740 875 43 35 
cell-3-1-0 568 911 43 35 
cell-3-1-1 611 911 43 35 
cell-3-1-2 654 911 43 35 
cell-3-1-3 697 911 43 35 
cell-3-1-4 740 911 43 35 
cell-3-2-0 568 947 43 35 
cell-3-2-1 611 947 43 35 
cell-3-2-2 654 947 43 35 
cell-3-2-3 697 947 43 35 
cell-3-2-4 740 947 43 35 
cell-3-3-0 568 983 43 35 
cell-3-3-1 611 983 43 35 
cell-3-3-2 654 983 43 35 
cell-3-3-3 697 983 43 35 
cell-3-3-4 740 983 43 35 
cell-3-4-0 568 1019 43 35 
cell-3-4-1 611 1019 43 35 
cell-3-4-2 654 1019 43 35 
cell-3-4-3 697 1019 43 35 
cell-3-4-4 740 1019 43 35 
cell-3-5-0 568 1055 43 35 
cell-3-5-1 611 1055 43 35 
cell-3-5-2 654 1055 43 35 
cell-3-5-3 697 1055 43 35 
cell-3-5-4 740 1055 43 35 
cell-3-6-0 568 1091 43 35 
cell-3-6-1 611 1091 43 35 
cell-3-6-2 654 1091 43 35 
cell-3-6-3 697 1091 43 35 
cell-3-6-4 740 1091 43 35 
cell-3-7-0 568 1127 43 35 
cell-3-7-1 611 1127 43 35 
cell-3-7-2 654 1127 43 35 
cell-3-7-3 697 1127 43 35 
cell-3-7-4 740 1127 43 35 
cell-3-8-0 568 1163 43 35 
cell-3-8-1 611 1163 43 35 
cell-3-8-2 654 1163 43 35 
cell-3-8-3 697 1163 43 35 
cell-3-8-4 740 1163 43 35 
cell-3-9-0 568 1199 43 35 
cell-3-9-1 611 1199 43 35 
cell-3-9-2 654 1199 43 35 
cell-3-9-3 697 1199 43 35 
cell-3-9-4 740 1199 43 35 
cell-3-10-0 568 1235 43 35 
cell-3-10-1 611 1235 43 35 
cell-3-10-2 654 1235 43 35 
cell-3-10-3 697 1235 43 35 
cell-3-10-4 740 1235 43 35 
cell-3-11-0 568 1271 43 35 
cell-3-11-1 611 1271 43 35 
cell-3-11-2 654 1271 43 35 
cell-3-11-3 697 1271 43 35 
cell-3-11-4 740 1271 43 35 
cell-3-12-0 568 1307 43 35 
cell-3-12-1 611 1307 43 35 
cell-3-12-2 654 1307 43 35 
cell-3-12-3 697 1307 43 35 
cell-3-12-4 740 1307 43 35 
cell-3-13-0 568 1343 43 35 
cell-3-13-1 611 1343 43 35 
cell-3-13-2 654 1343 43 35 
cell-3-13-3 697 1343 43 35 
cell-3-13-4 740 1343 43 35 
cell-3-14-0 568 1379 43 35 
cell-3-14-1 611 1379 43 35 
cell-3-14-2 654 1379 43 35 
cell-3-14-3 697 1379 43 35 
cell-3-14-4 740 1379 43 35 
