table-0 394 407 581 554 
cell-0-0-0 394 407 44 42 
cell-0-0-1 438 407 44 42 
cell-0-0-2 482 407 44 42 
cell-0-0-3 526 407 44 42 
cell-0-0-4 570 407 44 42 
cell-0-0-5 614 407 361 42 
cell-0-1-0 394 458 44 42 
cell-0-1-1 438 458 44 42 
cell-0-1-2 482 458 44 42 
cell-0-1-3 526 458 44 42 
cell-0-1-4 570 458 44 42 
cell-0-1-5 614 458 361 42 
cell-0-2-0 394 509 44 42 
cell-0-2-1 438 509 44 42 
cell-0-2-2 482 509 44 42 
cell-0-2-3 526 509 44 42 
cell-0-2-4 570 509 44 42 
cell-0-2-5 614 509 361 42 
cell-0-3-0 394 560 44 42 
cell-0-3-1 438 560 44 42 
cell-0-3-2 482 560 44 42 
cell-0-3-3 526 560 44 42 
cell-0-3-4 570 560 44 42 
cell-0-3-5 614 560 361 42 
cell-0-4-0 394 611 44 42 
cell-0-4-1 438 611 44 42 
cell-0-4-2 482 611 44 42 
cell-0-4-3 526 611 44 42 
cell-0-4-4 570 611 44 42 
cell-0-4-5 614 611 361 42 
cell-0-5-0 394 662 44 42 
cell-0-5-1 438 662 44 42 
cell-0-5-2 482 662 44 42 
cell-0-5-3 526 662 44 42 
cell-0-5-4 570 662 44 42 
cell-0-5-5 614 662 361 42 
cell-0-6-0 394 713 44 42 
cell-0-6-1 438 713 44 42 
cell-0-6-2 482 713 44 42 
cell-0-6-3 526 713 44 42 
cell-0-6-4 570 713 44 42 
cell-0-6-5 614 713 361 42 
cell-0-7-0 394 764 44 42 
cell-0-7-1 438 764 44 42 
cell-0-7-2 482 764 44 42 
cell-0-7-3 526 764 44 42 
cell-0-7-4 570 764 44 42 
cell-0-7-5 614 764 361 42 
cell-0-8-0 394 815 44 42 
cell-0-8-1 438 815 44 42 
cell-0-8-2 482 815 44 42 
cell-0-8-3 526 815 44 42 
cell-0-8-4 570 815 44 42 
cell-0-8-5 614 815 361 42 
cell-0-9-0 394 866 44 42 
cell-0-9-1 438 866 44 42 
cell-0-9-2 482 866 44 42 
cell-0-9-3 526 866 44 42 
cell-0-9-4 570 866 44 42 
cell-0-9-5 614 866 361 42 
cell-0-10-0 394 917 44 42 
cell-0-10-1 438 917 44 42 
cell-0-10-2 482 917 44 42 
cell-0-10-3 526 917 44 42 
cell-0-10-4 570 917 44 42 
cell-0-10-5 614 917 361 42 
header-1 99 1234 758 193 
row-1-1 99 1234 286 40 
row-1-2 405 1234 286 40 
row-2-1 99 1284 286 40 
row-2-2 405 1284 448 40 
row-3-1 99 1334 517 40 
row-4-1 99 1384 583 40 
