table-0 189 742 543 338 
cell-0-1-0 189 742 36 35 
cell-0-1-1 228 742 36 35 
cell-0-1-2 267 742 36 35 
cell-0-1-3 306 742 36 35 
cell-0-1-4 345 742 36 35 
cell-0-1-5 384 742 36 35 
cell-0-1-6 423 742 36 35 
cell-0-1-7 462 742 36 35 
cell-0-1-8 501 742 36 35 
cell-0-1-9 540 742 36 35 
cell-0-1-10 579 742 36 35 
cell-0-1-11 618 742 36 35 
cell-0-1-12 657 742 36 35 
cell-0-1-13 696 742 36 35 
cell-0-2-0 189 785 36 35 
cell-0-2-1 228 785 36 35 
cell-0-2-2 267 785 36 35 
cell-0-2-3 306 785 36 35 
cell-0-2-4 345 785 36 35 
cell-0-2-5 384 785 36 35 
cell-0-2-6 423 785 36 35 
cell-0-2-7 462 785 36 35 
cell-0-2-8 501 785 36 35 
cell-0-2-9 540 785 36 35 
cell-0-2-10 579 785 36 35 
cell-0-2-11 618 785 36 35 
cell-0-2-12 657 785 36 35 
cell-0-2-13 696 785 36 35 
cell-0-3-0 189 828 36 35 
cell-0-3-1 228 828 36 35 
cell-0-3-2 267 828 36 35 
cell-0-3-3 306 828 36 35 
cell-0-3-4 345 828 36 35 
cell-0-3-5 384 828 36 35 
cell-0-3-6 423 828 36 35 
cell-0-3-7 462 828 36 35 
cell-0-3-8 501 828 36 35 
cell-0-3-9 540 828 36 35 
cell-0-3-10 579 828 36 35 
cell-0-3-11 618 828 36 35 
cell-0-3-12 657 828 36 35 
cell-0-3-13 696 828 36 35 
cell-0-4-0 189 871 36 35 
cell-0-4-1 228 871 36 35 
cell-0-4-2 267 871 36 35 
cell-0-4-3 306 871 36 35 
cell-0-4-4 345 871 36 35 
cell-0-4-5 384 871 36 35 
cell-0-4-6 423 871 36 35 
cell-0-4-7 462 871 36 35 
cell-0-4-8 501 871 36 35 
cell-0-4-9 540 871 36 35 
cell-0-4-10 579 871 36 35 
cell-0-4-11 618 871 36 35 
cell-0-4-12 657 871 36 35 
cell-0-4-13 696 871 36 35 
cell-0-5-0 189 914 36 35 
cell-0-5-1 228 914 36 35 
cell-0-5-2 267 914 36 35 
cell-0-5-3 306 914 36 35 
cell-0-5-4 345 914 36 35 
cell-0-5-5 384 914 36 35 
cell-0-5-6 423 914 36 35 
cell-0-5-7 462 914 36 35 
cell-0-5-8 501 914 36 35 
cell-0-5-9 540 914 36 35 
cell-0-5-10 579 914 36 35 
cell-0-5-11 618 914 36 35 
cell-0-5-12 657 914 36 35 
cell-0-5-13 696 914 36 35 
cell-0-6-0 189 957 36 35 
cell-0-6-1 228 957 36 35 
cell-0-6-2 267 957 36 35 
cell-0-6-3 306 957 36 35 
cell-0-6-4 345 957 36 35 
cell-0-6-5 384 957 36 35 
cell-0-6-6 423 957 36 35 
cell-0-6-7 462 957 36 35 
cell-0-6-8 501 957 36 35 
cell-0-6-9 540 957 36 35 
cell-0-6-10 579 957 36 35 
cell-0-6-11 618 957 36 35 
cell-0-6-12 657 957 36 35 
cell-0-6-13 696 957 36 35 
cell-0-7-0 189 1000 36 35 
cell-0-7-1 228 1000 36 35 
cell-0-7-2 267 1000 36 35 
cell-0-7-3 306 1000 36 35 
cell-0-7-4 345 1000 36 35 
cell-0-7-5 384 1000 36 35 
cell-0-7-6 423 1000 36 35 
cell-0-7-7 462 1000 36 35 
cell-0-7-8 501 1000 36 35 
cell-0-7-9 540 1000 36 35 
cell-0-7-10 579 1000 36 35 
cell-0-7-11 618 1000 36 35 
cell-0-7-12 657 1000 36 35 
cell-0-7-13 696 1000 36 35 
cell-0-8-0 189 1043 36 35 
cell-0-8-1 228 1043 36 35 
cell-0-8-2 267 1043 36 35 
cell-0-8-3 306 1043 36 35 
cell-0-8-4 345 1043 36 35 
cell-0-8-5 384 1043 36 35 
cell-0-8-6 423 1043 36 35 
cell-0-8-7 462 1043 36 35 
cell-0-8-8 501 1043 36 35 
cell-0-8-9 540 1043 36 35 
cell-0-8-10 579 1043 36 35 
cell-0-8-11 618 1043 36 35 
cell-0-8-12 657 1043 36 35 
cell-0-8-13 696 1043 36 35 
