table-0 663 1155 353 283 
cell-0-1-0 663 1155 35 35 
cell-0-1-1 698 1155 35 35 
cell-0-1-2 733 1155 35 35 
cell-0-1-3 768 1155 35 35 
cell-0-1-4 803 1155 35 35 
cell-0-1-5 838 1155 35 35 
cell-0-1-6 873 1155 35 35 
cell-0-1-7 908 1155 35 35 
cell-0-1-8 943 1155 35 35 
cell-0-1-9 978 1155 35 35 
cell-0-2-0 663 1190 35 35 
cell-0-2-1 698 1190 35 35 
cell-0-2-2 733 1190 35 35 
cell-0-2-3 768 1190 35 35 
cell-0-2-4 803 1190 35 35 
cell-0-2-5 838 1190 35 35 
cell-0-2-6 873 1190 35 35 
cell-0-2-7 908 1190 35 35 
cell-0-2-8 943 1190 35 35 
cell-0-2-9 978 1190 35 35 
cell-0-3-0 663 1225 35 35 
cell-0-3-1 698 1225 35 35 
cell-0-3-2 733 1225 35 35 
cell-0-3-3 768 1225 35 35 
cell-0-3-4 803 1225 35 35 
cell-0-3-5 838 1225 35 35 
cell-0-3-6 873 1225 35 35 
cell-0-3-7 908 1225 35 35 
cell-0-3-8 943 1225 35 35 
cell-0-3-9 978 1225 35 35 
cell-0-4-0 663 1260 35 35 
cell-0-4-1 698 1260 35 35 
cell-0-4-2 733 1260 35 35 
cell-0-4-3 768 1260 35 35 
cell-0-4-4 803 1260 35 35 
cell-0-4-5 838 1260 35 35 
cell-0-4-6 873 1260 35 35 
cell-0-4-7 908 1260 35 35 
cell-0-4-8 943 1260 35 35 
cell-0-4-9 978 1260 35 35 
cell-0-5-0 663 1295 35 35 
cell-0-5-1 698 1295 35 35 
cell-0-5-2 733 1295 35 35 
cell-0-5-3 768 1295 35 35 
cell-0-5-4 803 1295 35 35 
cell-0-5-5 838 1295 35 35 
cell-0-5-6 873 1295 35 35 
cell-0-5-7 908 1295 35 35 
cell-0-5-8 943 1295 35 35 
cell-0-5-9 978 1295 35 35 
cell-0-6-0 663 1330 35 35 
cell-0-6-1 698 1330 35 35 
cell-0-6-2 733 1330 35 35 
cell-0-6-3 768 1330 35 35 
cell-0-6-4 803 1330 35 35 
cell-0-6-5 838 1330 35 35 
cell-0-6-6 873 1330 35 35 
cell-0-6-7 908 1330 35 35 
cell-0-6-8 943 1330 35 35 
cell-0-6-9 978 1330 35 35 
cell-0-7-0 663 1365 35 35 
cell-0-7-1 698 1365 35 35 
cell-0-7-2 733 1365 35 35 
cell-0-7-3 768 1365 35 35 
cell-0-7-4 803 1365 35 35 
cell-0-7-5 838 1365 35 35 
cell-0-7-6 873 1365 35 35 
cell-0-7-7 908 1365 35 35 
cell-0-7-8 943 1365 35 35 
cell-0-7-9 978 1365 35 35 
cell-0-8-0 663 1400 35 35 
cell-0-8-1 698 1400 35 35 
cell-0-8-2 733 1400 35 35 
cell-0-8-3 768 1400 35 35 
cell-0-8-4 803 1400 35 35 
cell-0-8-5 838 1400 35 35 
cell-0-8-6 873 1400 35 35 
cell-0-8-7 908 1400 35 35 
cell-0-8-8 943 1400 35 35 
cell-0-8-9 978 1400 35 35 
