table-0 148 751 259 686 
cell-0-0-0 148 751 43 35 
cell-0-0-1 191 751 43 35 
cell-0-0-2 234 751 43 35 
cell-0-0-3 277 751 43 35 
cell-0-0-4 320 751 43 35 
cell-0-0-5 363 751 43 35 
cell-0-1-0 148 801 43 35 
cell-0-1-1 191 801 43 35 
cell-0-1-2 234 801 43 35 
cell-0-1-3 277 801 43 35 
cell-0-1-4 320 801 43 35 
cell-0-1-5 363 801 43 35 
cell-0-2-0 148 851 43 35 
cell-0-2-1 191 851 43 35 
cell-0-2-2 234 851 43 35 
cell-0-2-3 277 851 43 35 
cell-0-2-4 320 851 43 35 
cell-0-2-5 363 851 43 35 
cell-0-3-0 148 901 43 35 
cell-0-3-1 191 901 43 35 
cell-0-3-2 234 901 43 35 
cell-0-3-3 277 901 43 35 
cell-0-3-4 320 901 43 35 
cell-0-3-5 363 901 43 35 
cell-0-4-0 148 951 43 35 
cell-0-4-1 191 951 43 35 
cell-0-4-2 234 951 43 35 
cell-0-4-3 277 951 43 35 
cell-0-4-4 320 951 43 35 
cell-0-4-5 363 951 43 35 
cell-0-5-0 148 1001 43 35 
cell-0-5-1 191 1001 43 35 
cell-0-5-2 234 1001 43 35 
cell-0-5-3 277 1001 43 35 
cell-0-5-4 320 1001 43 35 
cell-0-5-5 363 1001 43 35 
cell-0-6-0 148 1051 43 35 
cell-0-6-1 191 1051 43 35 
cell-0-6-2 234 1051 43 35 
cell-0-6-3 277 1051 43 35 
cell-0-6-4 320 1051 43 35 
cell-0-6-5 363 1051 43 35 
cell-0-7-0 148 1101 43 35 
cell-0-7-1 191 1101 43 35 
cell-0-7-2 234 1101 43 35 
cell-0-7-3 277 1101 43 35 
cell-0-7-4 320 1101 43 35 
cell-0-7-5 363 1101 43 35 
cell-0-8-0 148 1151 43 35 
cell-0-8-1 191 1151 43 35 
cell-0-8-2 234 1151 43 35 
cell-0-8-3 277 1151 43 35 
cell-0-8-4 320 1151 43 35 
cell-0-8-5 363 1151 43 35 
cell-0-9-0 148 1201 43 35 
cell-0-9-1 191 1201 43 35 
cell-0-9-2 234 1201 43 35 
cell-0-9-3 277 1201 43 35 
cell-0-9-4 320 1201 43 35 
cell-0-9-5 363 1201 43 35 
cell-0-10-0 148 1251 43 35 
cell-0-10-1 191 1251 43 35 
cell-0-10-2 234 1251 43 35 
cell-0-10-3 277 1251 43 35 
cell-0-10-4 320 1251 43 35 
cell-0-10-5 363 1251 43 35 
cell-0-11-0 148 1301 43 35 
cell-0-11-1 191 1301 43 35 
cell-0-11-2 234 1301 43 35 
cell-0-11-3 277 1301 43 35 
cell-0-11-4 320 1301 43 35 
cell-0-11-5 363 1301 43 35 
cell-0-12-0 148 1351 43 35 
cell-0-12-1 191 1351 43 35 
cell-0-12-2 234 1351 43 35 
cell-0-12-3 277 1351 43 35 
cell-0-12-4 320 1351 43 35 
cell-0-12-5 363 1351 43 35 
cell-0-13-0 148 1401 43 35 
cell-0-13-1 191 1401 43 35 
cell-0-13-2 234 1401 43 35 
cell-0-13-3 277 1401 43 35 
cell-0-13-4 320 1401 43 35 
cell-0-13-5 363 1401 43 35 
header-1 141 350 847 193 
row-1-1 141 350 273 40 
row-1-2 434 350 306 40 
row-2-1 141 400 372 40 
row-2-2 533 400 452 40 
row-3-1 141 450 768 40 
row-4-1 141 500 471 40 
