table-0 832 845 222 387 
cell-0-0-0 832 845 44 35 
cell-0-0-1 876 845 44 35 
cell-0-0-2 920 845 44 35 
cell-0-0-3 964 845 44 35 
cell-0-0-4 1008 845 44 35 
cell-0-1-0 832 880 44 35 
cell-0-1-1 876 880 44 35 
cell-0-1-2 920 880 44 35 
cell-0-1-3 964 880 44 35 
cell-0-1-4 1008 880 44 35 
cell-0-2-0 832 915 44 35 
cell-0-2-1 876 915 44 35 
cell-0-2-2 920 915 44 35 
cell-0-2-3 964 915 44 35 
cell-0-2-4 1008 915 44 35 
cell-0-3-0 832 950 44 35 
cell-0-3-1 876 950 44 35 
cell-0-3-2 920 950 44 35 
cell-0-3-3 964 950 44 35 
cell-0-3-4 1008 950 44 35 
cell-0-4-0 832 985 44 35 
cell-0-4-1 876 985 44 35 
cell-0-4-2 920 985 44 35 
cell-0-4-3 964 985 44 35 
cell-0-4-4 1008 985 44 35 
cell-0-5-0 832 1020 44 35 
cell-0-5-1 876 1020 44 35 
cell-0-5-2 920 1020 44 35 
cell-0-5-3 964 1020 44 35 
cell-0-5-4 1008 1020 44 35 
cell-0-6-0 832 1055 44 35 
cell-0-6-1 876 1055 44 35 
cell-0-6-2 920 1055 44 35 
cell-0-6-3 964 1055 44 35 
cell-0-6-4 1008 1055 44 35 
cell-0-7-0 832 1090 44 35 
cell-0-7-1 876 1090 44 35 
cell-0-7-2 920 1090 44 35 
cell-0-7-3 964 1090 44 35 
cell-0-7-4 1008 1090 44 35 
cell-0-8-0 832 1125 44 35 
cell-0-8-1 876 1125 44 35 
cell-0-8-2 920 1125 44 35 
cell-0-8-3 964 1125 44 35 
cell-0-8-4 1008 1125 44 35 
cell-0-9-0 832 1160 44 35 
cell-0-9-1 876 1160 44 35 
cell-0-9-2 920 1160 44 35 
cell-0-9-3 964 1160 44 35 
cell-0-9-4 1008 1160 44 35 
cell-0-10-0 832 1195 44 35 
cell-0-10-1 876 1195 44 35 
cell-0-10-2 920 1195 44 35 
cell-0-10-3 964 1195 44 35 
cell-0-10-4 1008 1195 44 35 
header-1 98 86 821 193 
row-1-1 98 86 399 40 
row-1-2 517 86 399 40 
row-2-1 98 136 300 40 
row-2-2 418 136 415 40 
row-3-1 98 186 564 40 
row-4-1 98 236 630 40 
