table-0 296 574 376 604 
cell-0-1-0 296 574 34 35 
cell-0-1-1 330 574 34 35 
cell-0-1-2 364 574 34 35 
cell-0-1-3 398 574 34 35 
cell-0-1-4 432 574 34 35 
cell-0-1-5 466 574 34 35 
cell-0-1-6 500 574 34 35 
cell-0-1-7 534 574 34 35 
cell-0-1-8 568 574 34 35 
cell-0-1-9 602 574 34 35 
cell-0-1-10 636 574 34 35 
cell-0-2-0 296 637 34 35 
cell-0-2-1 330 637 34 35 
cell-0-2-2 364 637 34 35 
cell-0-2-3 398 637 34 35 
cell-0-2-4 432 637 34 35 
cell-0-2-5 466 637 34 35 
cell-0-2-6 500 637 34 35 
cell-0-2-7 534 637 34 35 
cell-0-2-8 568 637 34 35 
cell-0-2-9 602 637 34 35 
cell-0-2-10 636 637 34 35 
cell-0-3-0 296 700 34 35 
cell-0-3-1 330 700 34 35 
cell-0-3-2 364 700 34 35 
cell-0-3-3 398 700 34 35 
cell-0-3-4 432 700 34 35 
cell-0-3-5 466 700 34 35 
cell-0-3-6 500 700 34 35 
cell-0-3-7 534 700 34 35 
cell-0-3-8 568 700 34 35 
cell-0-3-9 602 700 34 35 
cell-0-3-10 636 700 34 35 
cell-0-4-0 296 763 34 35 
cell-0-4-1 330 763 34 35 
cell-0-4-2 364 763 34 35 
cell-0-4-3 398 763 34 35 
cell-0-4-4 432 763 34 35 
cell-0-4-5 466 763 34 35 
cell-0-4-6 500 763 34 35 
cell-0-4-7 534 763 34 35 
cell-0-4-8 568 763 34 35 
cell-0-4-9 602 763 34 35 
cell-0-4-10 636 763 34 35 
cell-0-5-0 296 826 34 35 
cell-0-5-1 330 826 34 35 
cell-0-5-2 364 826 34 35 
cell-0-5-3 398 826 34 35 
cell-0-5-4 432 826 34 35 
cell-0-5-5 466 826 34 35 
cell-0-5-6 500 826 34 35 
cell-0-5-7 534 826 34 35 
cell-0-5-8 568 826 34 35 
cell-0-5-9 602 826 34 35 
cell-0-5-10 636 826 34 35 
cell-0-6-0 296 889 34 35 
cell-0-6-1 330 889 34 35 
cell-0-6-2 364 889 34 35 
cell-0-6-3 398 889 34 35 
cell-0-6-4 432 889 34 35 
cell-0-6-5 466 889 34 35 
cell-0-6-6 500 889 34 35 
cell-0-6-7 534 889 34 35 
cell-0-6-8 568 889 34 35 
cell-0-6-9 602 889 34 35 
cell-0-6-10 636 889 34 35 
cell-0-7-0 296 952 34 35 
cell-0-7-1 330 952 34 35 
cell-0-7-2 364 952 34 35 
cell-0-7-3 398 952 34 35 
cell-0-7-4 432 952 34 35 
cell-0-7-5 466 952 34 35 
cell-0-7-6 500 952 34 35 
cell-0-7-7 534 952 34 35 
cell-0-7-8 568 952 34 35 
cell-0-7-9 602 952 34 35 
cell-0-7-10 636 952 34 35 
cell-0-8-0 296 1015 34 35 
cell-0-8-1 330 1015 34 35 
cell-0-8-2 364 1015 34 35 
cell-0-8-3 398 1015 34 35 
cell-0-8-4 432 1015 34 35 
cell-0-8-5 466 1015 34 35 
cell-0-8-6 500 1015 34 35 
cell-0-8-7 534 1015 34 35 
cell-0-8-8 568 1015 34 35 
cell-0-8-9 602 1015 34 35 
cell-0-8-10 636 1015 34 35 
cell-0-9-0 296 1078 34 35 
cell-0-9-1 330 1078 34 35 
cell-0-9-2 364 1078 34 35 
cell-0-9-3 398 1078 34 35 
cell-0-9-4 432 1078 34 35 
cell-0-9-5 466 1078 34 35 
cell-0-9-6 500 1078 34 35 
cell-0-9-7 534 1078 34 35 
cell-0-9-8 568 1078 34 35 
cell-0-9-9 602 1078 34 35 
cell-0-9-10 636 1078 34 35 
cell-0-10-0 296 1141 34 35 
cell-0-10-1 330 1141 34 35 
cell-0-10-2 364 1141 34 35 
cell-0-10-3 398 1141 34 35 
cell-0-10-4 432 1141 34 35 
cell-0-10-5 466 1141 34 35 
cell-0-10-6 500 1141 34 35 
cell-0-10-7 534 1141 34 35 
cell-0-10-8 568 1141 34 35 
cell-0-10-9 602 1141 34 35 
cell-0-10-10 636 1141 34 35 
