header-0 177 1031 860 193 
row-1-1 177 1031 409 40 
row-1-2 606 1031 376 40 
row-2-1 177 1081 409 40 
row-2-2 606 1081 430 40 
row-3-1 177 1131 475 40 
row-4-1 177 1181 541 40 
table-1 281 220 680 574 
cell-1-0-0 281 220 43 42 
cell-1-0-1 324 220 43 42 
cell-1-0-2 367 220 43 42 
cell-1-0-3 410 220 43 42 
cell-1-0-4 453 220 43 42 
cell-1-0-5 496 220 43 42 
cell-1-0-6 539 220 418 42 
cell-1-1-0 281 273 43 42 
cell-1-1-1 324 273 43 42 
cell-1-1-2 367 273 43 42 
cell-1-1-3 410 273 43 42 
cell-1-1-4 453 273 43 42 
cell-1-1-5 496 273 43 42 
cell-1-1-6 539 273 418 42 
cell-1-2-0 281 326 43 42 
cell-1-2-1 324 326 43 42 
cell-1-2-2 367 326 43 42 
cell-1-2-3 410 326 43 42 
cell-1-2-4 453 326 43 42 
cell-1-2-5 496 326 43 42 
cell-1-2-6 539 326 418 42 
cell-1-3-0 281 379 43 42 
cell-1-3-1 324 379 43 42 
cell-1-3-2 367 379 43 42 
cell-1-3-3 410 379 43 42 
cell-1-3-4 453 379 43 42 
cell-1-3-5 496 379 43 42 
cell-1-3-6 539 379 418 42 
cell-1-4-0 281 432 43 42 
cell-1-4-1 324 432 43 42 
cell-1-4-2 367 432 43 42 
cell-1-4-3 410 432 43 42 
cell-1-4-4 453 432 43 42 
cell-1-4-5 496 432 43 42 
cell-1-4-6 539 432 418 42 
cell-1-5-0 281 485 43 42 
cell-1-5-1 324 485 43 42 
cell-1-5-2 367 485 43 42 
cell-1-5-3 410 485 43 42 
cell-1-5-4 453 485 43 42 
cell-1-5-5 496 485 43 42 
cell-1-5-6 539 485 418 42 
cell-1-6-0 281 538 43 42 
cell-1-6-1 324 538 43 42 
cell-1-6-2 367 538 43 42 
cell-1-6-3 410 538 43 42 
cell-1-6-4 453 538 43 42 
cell-1-6-5 496 538 43 42 
cell-1-6-6 539 538 418 42 
cell-1-7-0 281 591 43 42 
cell-1-7-1 324 591 43 42 
cell-1-7-2 367 591 43 42 
cell-1-7-3 410 591 43 42 
cell-1-7-4 453 591 43 42 
cell-1-7-5 496 591 43 42 
cell-1-7-6 539 591 418 42 
cell-1-8-0 281 644 43 42 
cell-1-8-1 324 644 43 42 
cell-1-8-2 367 644 43 42 
cell-1-8-3 410 644 43 42 
cell-1-8-4 453 644 43 42 
cell-1-8-5 496 644 43 42 
cell-1-8-6 539 644 418 42 
cell-1-9-0 281 697 43 42 
cell-1-9-1 324 697 43 42 
cell-1-9-2 367 697 43 42 
cell-1-9-3 410 697 43 42 
cell-1-9-4 453 697 43 42 
cell-1-9-5 496 697 43 42 
cell-1-9-6 539 697 418 42 
cell-1-10-0 281 750 43 42 
cell-1-10-1 324 750 43 42 
cell-1-10-2 367 750 43 42 
cell-1-10-3 410 750 43 42 
cell-1-10-4 453 750 43 42 
cell-1-10-5 496 750 43 42 
cell-1-10-6 539 750 418 42 
