table-0 96 742 900 410 
cell-0-0-0 96 742 225 49 
cell-0-0-1 321 742 225 49 
cell-0-0-2 546 742 225 49 
cell-0-0-3 771 742 225 49 
cell-0-1-0 96 802 225 49 
cell-0-1-1 321 802 225 49 
cell-0-1-2 546 802 225 49 
cell-0-1-3 771 802 225 49 
cell-0-2-0 96 862 225 49 
cell-0-2-1 321 862 225 49 
cell-0-2-2 546 862 225 49 
cell-0-2-3 771 862 225 49 
cell-0-3-0 96 922 225 49 
cell-0-3-1 321 922 225 49 
cell-0-3-2 546 922 225 49 
cell-0-3-3 771 922 225 49 
cell-0-4-0 96 982 225 49 
cell-0-4-1 321 982 225 49 
cell-0-4-2 546 982 225 49 
cell-0-4-3 771 982 225 49 
cell-0-5-0 96 1042 225 49 
cell-0-5-1 321 1042 225 49 
cell-0-5-2 546 1042 225 49 
cell-0-5-3 771 1042 225 49 
cell-0-6-0 96 1102 225 49 
cell-0-6-1 321 1102 225 49 
cell-0-6-2 546 1102 225 49 
cell-0-6-3 771 1102 225 49 
