table-0 271 449 535 728 
cell-0-0-0 271 449 43 41 
cell-0-0-1 314 449 43 41 
cell-0-0-2 357 449 43 41 
cell-0-0-3 400 449 43 41 
cell-0-0-4 443 449 43 41 
cell-0-0-5 486 449 319 41 
cell-0-1-0 271 498 43 41 
cell-0-1-1 314 498 43 41 
cell-0-1-2 357 498 43 41 
cell-0-1-3 400 498 43 41 
cell-0-1-4 443 498 43 41 
cell-0-1-5 486 498 319 41 
cell-0-2-0 271 547 43 41 
cell-0-2-1 314 547 43 41 
cell-0-2-2 357 547 43 41 
cell-0-2-3 400 547 43 41 
cell-0-2-4 443 547 43 41 
cell-0-2-5 486 547 319 41 
cell-0-3-0 271 596 43 41 
cell-0-3-1 314 596 43 41 
cell-0-3-2 357 596 43 41 
cell-0-3-3 400 596 43 41 
cell-0-3-4 443 596 43 41 
cell-0-3-5 486 596 319 41 
cell-0-4-0 271 645 43 41 
cell-0-4-1 314 645 43 41 
cell-0-4-2 357 645 43 41 
cell-0-4-3 400 645 43 41 
cell-0-4-4 443 645 43 41 
cell-0-4-5 486 645 319 41 
cell-0-5-0 271 694 43 41 
cell-0-5-1 314 694 43 41 
cell-0-5-2 357 694 43 41 
cell-0-5-3 400 694 43 41 
cell-0-5-4 443 694 43 41 
cell-0-5-5 486 694 319 41 
cell-0-6-0 271 743 43 41 
cell-0-6-1 314 743 43 41 
cell-0-6-2 357 743 43 41 
cell-0-6-3 400 743 43 41 
cell-0-6-4 443 743 43 41 
cell-0-6-5 486 743 319 41 
cell-0-7-0 271 792 43 41 
cell-0-7-1 314 792 43 41 
cell-0-7-2 357 792 43 41 
cell-0-7-3 400 792 43 41 
cell-0-7-4 443 792 43 41 
cell-0-7-5 486 792 319 41 
cell-0-8-0 271 841 43 41 
cell-0-8-1 314 841 43 41 
cell-0-8-2 357 841 43 41 
cell-0-8-3 400 841 43 41 
cell-0-8-4 443 841 43 41 
cell-0-8-5 486 841 319 41 
cell-0-9-0 271 890 43 41 
cell-0-9-1 314 890 43 41 
cell-0-9-2 357 890 43 41 
cell-0-9-3 400 890 43 41 
cell-0-9-4 443 890 43 41 
cell-0-9-5 486 890 319 41 
cell-0-10-0 271 939 43 41 
cell-0-10-1 314 939 43 41 
cell-0-10-2 357 939 43 41 
cell-0-10-3 400 939 43 41 
cell-0-10-4 443 939 43 41 
cell-0-10-5 486 939 319 41 
cell-0-11-0 271 988 43 41 
cell-0-11-1 314 988 43 41 
cell-0-11-2 357 988 43 41 
cell-0-11-3 400 988 43 41 
cell-0-11-4 443 988 43 41 
cell-0-11-5 486 988 319 41 
cell-0-12-0 271 1037 43 41 
cell-0-12-1 314 1037 43 41 
cell-0-12-2 357 1037 43 41 
cell-0-12-3 400 1037 43 41 
cell-0-12-4 443 1037 43 41 
cell-0-12-5 486 1037 319 41 
cell-0-13-0 271 1086 43 41 
cell-0-13-1 314 1086 43 41 
cell-0-13-2 357 1086 43 41 
cell-0-13-3 400 1086 43 41 
cell-0-13-4 443 1086 43 41 
cell-0-13-5 486 1086 319 41 
cell-0-14-0 271 1135 43 41 
cell-0-14-1 314 1135 43 41 
cell-0-14-2 357 1135 43 41 
cell-0-14-3 400 1135 43 41 
cell-0-14-4 443 1135 43 41 
cell-0-14-5 486 1135 319 41 
