header-0 213 1079 715 195 
row-1-1 213 1079 294 41 
row-1-2 527 1079 327 41 
row-2-1 213 1130 261 41 
row-2-2 494 1130 425 41 
row-3-1 213 1181 591 41 
row-4-1 213 1232 591 41 
table-1 766 128 259 456 
cell-1-0-0 766 128 43 35 
cell-1-0-1 809 128 43 35 
cell-1-0-2 852 128 43 35 
cell-1-0-3 895 128 43 35 
cell-1-0-4 938 128 43 35 
cell-1-0-5 981 128 43 35 
cell-1-1-0 766 170 43 35 
cell-1-1-1 809 170 43 35 
cell-1-1-2 852 170 43 35 
cell-1-1-3 895 170 43 35 
cell-1-1-4 938 170 43 35 
cell-1-1-5 981 170 43 35 
cell-1-2-0 766 212 43 35 
cell-1-2-1 809 212 43 35 
cell-1-2-2 852 212 43 35 
cell-1-2-3 895 212 43 35 
cell-1-2-4 938 212 43 35 
cell-1-2-5 981 212 43 35 
cell-1-3-0 766 254 43 35 
cell-1-3-1 809 254 43 35 
cell-1-3-2 852 254 43 35 
cell-1-3-3 895 254 43 35 
cell-1-3-4 938 254 43 35 
cell-1-3-5 981 254 43 35 
cell-1-4-0 766 296 43 35 
cell-1-4-1 809 296 43 35 
cell-1-4-2 852 296 43 35 
cell-1-4-3 895 296 43 35 
cell-1-4-4 938 296 43 35 
cell-1-4-5 981 296 43 35 
cell-1-5-0 766 338 43 35 
cell-1-5-1 809 338 43 35 
cell-1-5-2 852 338 43 35 
cell-1-5-3 895 338 43 35 
cell-1-5-4 938 338 43 35 
cell-1-5-5 981 338 43 35 
cell-1-6-0 766 380 43 35 
cell-1-6-1 809 380 43 35 
cell-1-6-2 852 380 43 35 
cell-1-6-3 895 380 43 35 
cell-1-6-4 938 380 43 35 
cell-1-6-5 981 380 43 35 
cell-1-7-0 766 422 43 35 
cell-1-7-1 809 422 43 35 
cell-1-7-2 852 422 43 35 
cell-1-7-3 895 422 43 35 
cell-1-7-4 938 422 43 35 
cell-1-7-5 981 422 43 35 
cell-1-8-0 766 464 43 35 
cell-1-8-1 809 464 43 35 
cell-1-8-2 852 464 43 35 
cell-1-8-3 895 464 43 35 
cell-1-8-4 938 464 43 35 
cell-1-8-5 981 464 43 35 
cell-1-9-0 766 506 43 35 
cell-1-9-1 809 506 43 35 
cell-1-9-2 852 506 43 35 
cell-1-9-3 895 506 43 35 
cell-1-9-4 938 506 43 35 
cell-1-9-5 981 506 43 35 
cell-1-10-0 766 548 43 35 
cell-1-10-1 809 548 43 35 
cell-1-10-2 852 548 43 35 
cell-1-10-3 895 548 43 35 
cell-1-10-4 938 548 43 35 
cell-1-10-5 981 548 43 35 
table-2 251 190 173 568 
cell-2-0-0 251 190 43 35 
cell-2-0-1 294 190 43 35 
cell-2-0-2 337 190 43 35 
cell-2-0-3 380 190 43 35 
cell-2-1-0 251 228 43 35 
cell-2-1-1 294 228 43 35 
cell-2-1-2 337 228 43 35 
cell-2-1-3 380 228 43 35 
cell-2-2-0 251 266 43 35 
cell-2-2-1 294 266 43 35 
cell-2-2-2 337 266 43 35 
cell-2-2-3 380 266 43 35 
cell-2-3-0 251 304 43 35 
cell-2-3-1 294 304 43 35 
cell-2-3-2 337 304 43 35 
cell-2-3-3 380 304 43 35 
cell-2-4-0 251 342 43 35 
cell-2-4-1 294 342 43 35 
cell-2-4-2 337 342 43 35 
cell-2-4-3 380 342 43 35 
cell-2-5-0 251 380 43 35 
cell-2-5-1 294 380 43 35 
cell-2-5-2 337 380 43 35 
cell-2-5-3 380 380 43 35 
cell-2-6-0 251 418 43 35 
cell-2-6-1 294 418 43 35 
cell-2-6-2 337 418 43 35 
cell-2-6-3 380 418 43 35 
cell-2-7-0 251 456 43 35 
cell-2-7-1 294 456 43 35 
cell-2-7-2 337 456 43 35 
cell-2-7-3 380 456 43 35 
cell-2-8-0 251 494 43 35 
cell-2-8-1 294 494 43 35 
cell-2-8-2 337 494 43 35 
cell-2-8-3 380 494 43 35 
cell-2-9-0 251 532 43 35 
cell-2-9-1 294 532 43 35 
cell-2-9-2 337 532 43 35 
cell-2-9-3 380 532 43 35 
cell-2-10-0 251 570 43 35 
cell-2-10-1 294 570 43 35 
cell-2-10-2 337 570 43 35 
cell-2-10-3 380 570 43 35 
cell-2-11-0 251 608 43 35 
cell-2-11-1 294 608 43 35 
cell-2-11-2 337 608 43 35 
cell-2-11-3 380 608 43 35 
cell-2-12-0 251 646 43 35 
cell-2-12-1 294 646 43 35 
cell-2-12-2 337 646 43 35 
cell-2-12-3 380 646 43 35 
cell-2-13-0 251 684 43 35 
cell-2-13-1 294 684 43 35 
cell-2-13-2 337 684 43 35 
cell-2-13-3 380 684 43 35 
cell-2-14-0 251 722 43 35 
cell-2-14-1 294 722 43 35 
cell-2-14-2 337 722 43 35 
cell-2-14-3 380 722 43 35 
