header-0 151 434 845 193 
row-1-1 151 434 372 40 
row-1-2 543 434 339 40 
row-2-1 151 484 372 40 
row-2-2 543 484 450 40 
row-3-1 151 534 735 40 
row-4-1 151 584 702 40 
table-1 169 819 648 237 
cell-1-1-0 169 819 34 35 
cell-1-1-1 203 819 34 35 
cell-1-1-2 237 819 34 35 
cell-1-1-3 271 819 34 35 
cell-1-1-4 305 819 34 35 
cell-1-1-5 339 819 34 35 
cell-1-1-6 373 819 34 35 
cell-1-1-7 407 819 34 35 
cell-1-1-8 441 819 34 35 
cell-1-1-9 475 819 34 35 
cell-1-1-10 509 819 34 35 
cell-1-1-11 543 819 34 35 
cell-1-1-12 577 819 34 35 
cell-1-1-13 611 819 34 35 
cell-1-1-14 645 819 34 35 
cell-1-1-15 679 819 34 35 
cell-1-1-16 713 819 34 35 
cell-1-1-17 747 819 34 35 
cell-1-1-18 781 819 34 35 
cell-1-2-0 169 859 34 35 
cell-1-2-1 203 859 34 35 
cell-1-2-2 237 859 34 35 
cell-1-2-3 271 859 34 35 
cell-1-2-4 305 859 34 35 
cell-1-2-5 339 859 34 35 
cell-1-2-6 373 859 34 35 
cell-1-2-7 407 859 34 35 
cell-1-2-8 441 859 34 35 
cell-1-2-9 475 859 34 35 
cell-1-2-10 509 859 34 35 
cell-1-2-11 543 859 34 35 
cell-1-2-12 577 859 34 35 
cell-1-2-13 611 859 34 35 
cell-1-2-14 645 859 34 35 
cell-1-2-15 679 859 34 35 
cell-1-2-16 713 859 34 35 
cell-1-2-17 747 859 34 35 
cell-1-2-18 781 859 34 35 
cell-1-3-0 169 899 34 35 
cell-1-3-1 203 899 34 35 
cell-1-3-2 237 899 34 35 
cell-1-3-3 271 899 34 35 
cell-1-3-4 305 899 34 35 
cell-1-3-5 339 899 34 35 
cell-1-3-6 373 899 34 35 
cell-1-3-7 407 899 34 35 
cell-1-3-8 441 899 34 35 
cell-1-3-9 475 899 34 35 
cell-1-3-10 509 899 34 35 
cell-1-3-11 543 899 34 35 
cell-1-3-12 577 899 34 35 
cell-1-3-13 611 899 34 35 
cell-1-3-14 645 899 34 35 
cell-1-3-15 679 899 34 35 
cell-1-3-16 713 899 34 35 
cell-1-3-17 747 899 34 35 
cell-1-3-18 781 899 34 35 
cell-1-4-0 169 939 34 35 
cell-1-4-1 203 939 34 35 
cell-1-4-2 237 939 34 35 
cell-1-4-3 271 939 34 35 
cell-1-4-4 305 939 34 35 
cell-1-4-5 339 939 34 35 
cell-1-4-6 373 939 34 35 
cell-1-4-7 407 939 34 35 
cell-1-4-8 441 939 34 35 
cell-1-4-9 475 939 34 35 
cell-1-4-10 509 939 34 35 
cell-1-4-11 543 939 34 35 
cell-1-4-12 577 939 34 35 
cell-1-4-13 611 939 34 35 
cell-1-4-14 645 939 34 35 
cell-1-4-15 679 939 34 35 
cell-1-4-16 713 939 34 35 
cell-1-4-17 747 939 34 35 
cell-1-4-18 781 939 34 35 
cell-1-5-0 169 979 34 35 
cell-1-5-1 203 979 34 35 
cell-1-5-2 237 979 34 35 
cell-1-5-3 271 979 34 35 
cell-1-5-4 305 979 34 35 
cell-1-5-5 339 979 34 35 
cell-1-5-6 373 979 34 35 
cell-1-5-7 407 979 34 35 
cell-1-5-8 441 979 34 35 
cell-1-5-9 475 979 34 35 
cell-1-5-10 509 979 34 35 
cell-1-5-11 543 979 34 35 
cell-1-5-12 577 979 34 35 
cell-1-5-13 611 979 34 35 
cell-1-5-14 645 979 34 35 
cell-1-5-15 679 979 34 35 
cell-1-5-16 713 979 34 35 
cell-1-5-17 747 979 34 35 
cell-1-5-18 781 979 34 35 
cell-1-6-0 169 1019 34 35 
cell-1-6-1 203 1019 34 35 
cell-1-6-2 237 1019 34 35 
cell-1-6-3 271 1019 34 35 
cell-1-6-4 305 1019 34 35 
cell-1-6-5 339 1019 34 35 
cell-1-6-6 373 1019 34 35 
cell-1-6-7 407 1019 34 35 
cell-1-6-8 441 1019 34 35 
cell-1-6-9 475 1019 34 35 
cell-1-6-10 509 1019 34 35 
cell-1-6-11 543 1019 34 35 
cell-1-6-12 577 1019 34 35 
cell-1-6-13 611 1019 34 35 
cell-1-6-14 645 1019 34 35 
cell-1-6-15 679 1019 34 35 
cell-1-6-16 713 1019 34 35 
cell-1-6-17 747 1019 34 35 
cell-1-6-18 781 1019 34 35 
