table-0 359 181 500 554 
cell-0-0-0 359 181 62 49 
cell-0-0-1 421 181 62 49 
cell-0-0-2 483 181 62 49 
cell-0-0-3 545 181 62 49 
cell-0-0-4 607 181 62 49 
cell-0-0-5 669 181 62 49 
cell-0-0-6 731 181 62 49 
cell-0-0-7 793 181 62 49 
cell-0-1-0 359 244 62 49 
cell-0-1-1 421 244 62 49 
cell-0-1-2 483 244 62 49 
cell-0-1-3 545 244 62 49 
cell-0-1-4 607 244 62 49 
cell-0-1-5 669 244 62 49 
cell-0-1-6 731 244 62 49 
cell-0-1-7 793 244 62 49 
cell-0-2-0 359 307 62 49 
cell-0-2-1 421 307 62 49 
cell-0-2-2 483 307 62 49 
cell-0-2-3 545 307 62 49 
cell-0-2-4 607 307 62 49 
cell-0-2-5 669 307 62 49 
cell-0-2-6 731 307 62 49 
cell-0-2-7 793 307 62 49 
cell-0-3-0 359 370 62 49 
cell-0-3-1 421 370 62 49 
cell-0-3-2 483 370 62 49 
cell-0-3-3 545 370 62 49 
cell-0-3-4 607 370 62 49 
cell-0-3-5 669 370 62 49 
cell-0-3-6 731 370 62 49 
cell-0-3-7 793 370 62 49 
cell-0-4-0 359 433 62 49 
cell-0-4-1 421 433 62 49 
cell-0-4-2 483 433 62 49 
cell-0-4-3 545 433 62 49 
cell-0-4-4 607 433 62 49 
cell-0-4-5 669 433 62 49 
cell-0-4-6 731 433 62 49 
cell-0-4-7 793 433 62 49 
cell-0-5-0 359 496 62 49 
cell-0-5-1 421 496 62 49 
cell-0-5-2 483 496 62 49 
cell-0-5-3 545 496 62 49 
cell-0-5-4 607 496 62 49 
cell-0-5-5 669 496 62 49 
cell-0-5-6 731 496 62 49 
cell-0-5-7 793 496 62 49 
cell-0-6-0 359 559 62 49 
cell-0-6-1 421 559 62 49 
cell-0-6-2 483 559 62 49 
cell-0-6-3 545 559 62 49 
cell-0-6-4 607 559 62 49 
cell-0-6-5 669 559 62 49 
cell-0-6-6 731 559 62 49 
cell-0-6-7 793 559 62 49 
cell-0-7-0 359 622 62 49 
cell-0-7-1 421 622 62 49 
cell-0-7-2 483 622 62 49 
cell-0-7-3 545 622 62 49 
cell-0-7-4 607 622 62 49 
cell-0-7-5 669 622 62 49 
cell-0-7-6 731 622 62 49 
cell-0-7-7 793 622 62 49 
cell-0-8-0 359 685 62 49 
cell-0-8-1 421 685 62 49 
cell-0-8-2 483 685 62 49 
cell-0-8-3 545 685 62 49 
cell-0-8-4 607 685 62 49 
cell-0-8-5 669 685 62 49 
cell-0-8-6 731 685 62 49 
cell-0-8-7 793 685 62 49 
header-1 193 842 804 193 
row-1-1 193 842 368 40 
row-1-2 581 842 302 40 
row-2-1 193 892 335 40 
row-2-2 548 892 444 40 
row-3-1 193 942 632 40 
row-4-1 193 992 599 40 
