table-0 185 501 735 238 
cell-0-1-0 185 501 38 35 
cell-0-1-1 226 501 38 35 
cell-0-1-2 267 501 38 35 
cell-0-1-3 308 501 38 35 
cell-0-1-4 349 501 38 35 
cell-0-1-5 390 501 38 35 
cell-0-1-6 431 501 38 35 
cell-0-1-7 472 501 38 35 
cell-0-1-8 513 501 38 35 
cell-0-1-9 554 501 38 35 
cell-0-1-10 595 501 38 35 
cell-0-1-11 636 501 38 35 
cell-0-1-12 677 501 38 35 
cell-0-1-13 718 501 38 35 
cell-0-1-14 759 501 38 35 
cell-0-1-15 800 501 38 35 
cell-0-1-16 841 501 38 35 
cell-0-1-17 882 501 38 35 
cell-0-2-0 185 541 38 35 
cell-0-2-1 226 541 38 35 
cell-0-2-2 267 541 38 35 
cell-0-2-3 308 541 38 35 
cell-0-2-4 349 541 38 35 
cell-0-2-5 390 541 38 35 
cell-0-2-6 431 541 38 35 
cell-0-2-7 472 541 38 35 
cell-0-2-8 513 541 38 35 
cell-0-2-9 554 541 38 35 
cell-0-2-10 595 541 38 35 
cell-0-2-11 636 541 38 35 
cell-0-2-12 677 541 38 35 
cell-0-2-13 718 541 38 35 
cell-0-2-14 759 541 38 35 
cell-0-2-15 800 541 38 35 
cell-0-2-16 841 541 38 35 
cell-0-2-17 882 541 38 35 
cell-0-3-0 185 581 38 35 
cell-0-3-1 226 581 38 35 
cell-0-3-2 267 581 38 35 
cell-0-3-3 308 581 38 35 
cell-0-3-4 349 581 38 35 
cell-0-3-5 390 581 38 35 
cell-0-3-6 431 581 38 35 
cell-0-3-7 472 581 38 35 
cell-0-3-8 513 581 38 35 
cell-0-3-9 554 581 38 35 
cell-0-3-10 595 581 38 35 
cell-0-3-11 636 581 38 35 
cell-0-3-12 677 581 38 35 
cell-0-3-13 718 581 38 35 
cell-0-3-14 759 581 38 35 
cell-0-3-15 800 581 38 35 
cell-0-3-16 841 581 38 35 
cell-0-3-17 882 581 38 35 
cell-0-4-0 185 621 38 35 
cell-0-4-1 226 621 38 35 
cell-0-4-2 267 621 38 35 
cell-0-4-3 308 621 38 35 
cell-0-4-4 349 621 38 35 
cell-0-4-5 390 621 38 35 
cell-0-4-6 431 621 38 35 
cell-0-4-7 472 621 38 35 
cell-0-4-8 513 621 38 35 
cell-0-4-9 554 621 38 35 
cell-0-4-10 595 621 38 35 
cell-0-4-11 636 621 38 35 
cell-0-4-12 677 621 38 35 
cell-0-4-13 718 621 38 35 
cell-0-4-14 759 621 38 35 
cell-0-4-15 800 621 38 35 
cell-0-4-16 841 621 38 35 
cell-0-4-17 882 621 38 35 
cell-0-5-0 185 661 38 35 
cell-0-5-1 226 661 38 35 
cell-0-5-2 267 661 38 35 
cell-0-5-3 308 661 38 35 
cell-0-5-4 349 661 38 35 
cell-0-5-5 390 661 38 35 
cell-0-5-6 431 661 38 35 
cell-0-5-7 472 661 38 35 
cell-0-5-8 513 661 38 35 
cell-0-5-9 554 661 38 35 
cell-0-5-10 595 661 38 35 
cell-0-5-11 636 661 38 35 
cell-0-5-12 677 661 38 35 
cell-0-5-13 718 661 38 35 
cell-0-5-14 759 661 38 35 
cell-0-5-15 800 661 38 35 
cell-0-5-16 841 661 38 35 
cell-0-5-17 882 661 38 35 
cell-0-6-0 185 701 38 35 
cell-0-6-1 226 701 38 35 
cell-0-6-2 267 701 38 35 
cell-0-6-3 308 701 38 35 
cell-0-6-4 349 701 38 35 
cell-0-6-5 390 701 38 35 
cell-0-6-6 431 701 38 35 
cell-0-6-7 472 701 38 35 
cell-0-6-8 513 701 38 35 
cell-0-6-9 554 701 38 35 
cell-0-6-10 595 701 38 35 
cell-0-6-11 636 701 38 35 
cell-0-6-12 677 701 38 35 
cell-0-6-13 718 701 38 35 
cell-0-6-14 759 701 38 35 
cell-0-6-15 800 701 38 35 
cell-0-6-16 841 701 38 35 
cell-0-6-17 882 701 38 35 
header-2 224 885 804 193 
row-1-1 224 885 418 40 
row-1-2 662 885 286 40 
row-2-1 224 935 286 40 
row-2-2 530 935 494 40 
row-3-1 224 985 682 40 
row-4-1 224 1035 583 40 
