table-0 142 148 757 526 
cell-0-0-0 142 148 43 41 
cell-0-0-1 185 148 43 41 
cell-0-0-2 228 148 43 41 
cell-0-0-3 271 148 43 41 
cell-0-0-4 314 148 43 41 
cell-0-0-5 357 148 43 41 
cell-0-0-6 400 148 499 41 
cell-0-1-0 142 192 43 41 
cell-0-1-1 185 192 43 41 
cell-0-1-2 228 192 43 41 
cell-0-1-3 271 192 43 41 
cell-0-1-4 314 192 43 41 
cell-0-1-5 357 192 43 41 
cell-0-1-6 400 192 499 41 
cell-0-2-0 142 236 43 41 
cell-0-2-1 185 236 43 41 
cell-0-2-2 228 236 43 41 
cell-0-2-3 271 236 43 41 
cell-0-2-4 314 236 43 41 
cell-0-2-5 357 236 43 41 
cell-0-2-6 400 236 499 41 
cell-0-3-0 142 280 43 41 
cell-0-3-1 185 280 43 41 
cell-0-3-2 228 280 43 41 
cell-0-3-3 271 280 43 41 
cell-0-3-4 314 280 43 41 
cell-0-3-5 357 280 43 41 
cell-0-3-6 400 280 499 41 
cell-0-4-0 142 324 43 41 
cell-0-4-1 185 324 43 41 
cell-0-4-2 228 324 43 41 
cell-0-4-3 271 324 43 41 
cell-0-4-4 314 324 43 41 
cell-0-4-5 357 324 43 41 
cell-0-4-6 400 324 499 41 
cell-0-5-0 142 368 43 41 
cell-0-5-1 185 368 43 41 
cell-0-5-2 228 368 43 41 
cell-0-5-3 271 368 43 41 
cell-0-5-4 314 368 43 41 
cell-0-5-5 357 368 43 41 
cell-0-5-6 400 368 499 41 
cell-0-6-0 142 412 43 41 
cell-0-6-1 185 412 43 41 
cell-0-6-2 228 412 43 41 
cell-0-6-3 271 412 43 41 
cell-0-6-4 314 412 43 41 
cell-0-6-5 357 412 43 41 
cell-0-6-6 400 412 499 41 
cell-0-7-0 142 456 43 41 
cell-0-7-1 185 456 43 41 
cell-0-7-2 228 456 43 41 
cell-0-7-3 271 456 43 41 
cell-0-7-4 314 456 43 41 
cell-0-7-5 357 456 43 41 
cell-0-7-6 400 456 499 41 
cell-0-8-0 142 500 43 41 
cell-0-8-1 185 500 43 41 
cell-0-8-2 228 500 43 41 
cell-0-8-3 271 500 43 41 
cell-0-8-4 314 500 43 41 
cell-0-8-5 357 500 43 41 
cell-0-8-6 400 500 499 41 
cell-0-9-0 142 544 43 41 
cell-0-9-1 185 544 43 41 
cell-0-9-2 228 544 43 41 
cell-0-9-3 271 544 43 41 
cell-0-9-4 314 544 43 41 
cell-0-9-5 357 544 43 41 
cell-0-9-6 400 544 499 41 
cell-0-10-0 142 588 43 41 
cell-0-10-1 185 588 43 41 
cell-0-10-2 228 588 43 41 
cell-0-10-3 271 588 43 41 
cell-0-10-4 314 588 43 41 
cell-0-10-5 357 588 43 41 
cell-0-10-6 400 588 499 41 
cell-0-11-0 142 632 43 41 
cell-0-11-1 185 632 43 41 
cell-0-11-2 228 632 43 41 
cell-0-11-3 271 632 43 41 
cell-0-11-4 314 632 43 41 
cell-0-11-5 357 632 43 41 
cell-0-11-6 400 632 499 41 
