table-0 60 424 1000 304 
cell-0-0-0 60 424 166 53 
cell-0-0-1 226 424 166 53 
cell-0-0-2 392 424 166 53 
cell-0-0-3 558 424 166 53 
cell-0-0-4 724 424 166 53 
cell-0-0-5 890 424 166 53 
cell-0-1-0 60 486 166 53 
cell-0-1-1 226 486 166 53 
cell-0-1-2 392 486 166 53 
cell-0-1-3 558 486 166 53 
cell-0-1-4 724 486 166 53 
cell-0-1-5 890 486 166 53 
cell-0-2-0 60 548 166 53 
cell-0-2-1 226 548 166 53 
cell-0-2-2 392 548 166 53 
cell-0-2-3 558 548 166 53 
cell-0-2-4 724 548 166 53 
cell-0-2-5 890 548 166 53 
cell-0-3-0 60 610 166 53 
cell-0-3-1 226 610 166 53 
cell-0-3-2 392 610 166 53 
cell-0-3-3 558 610 166 53 
cell-0-3-4 724 610 166 53 
cell-0-3-5 890 610 166 53 
cell-0-4-0 60 672 166 53 
cell-0-4-1 226 672 166 53 
cell-0-4-2 392 672 166 53 
cell-0-4-3 558 672 166 53 
cell-0-4-4 724 672 166 53 
cell-0-4-5 890 672 166 53 
