table-0 60 530 1000 550 
cell-0-0-0 60 530 125 44 
cell-0-0-1 185 530 125 44 
cell-0-0-2 310 530 125 44 
cell-0-0-3 435 530 125 44 
cell-0-0-4 560 530 125 44 
cell-0-0-5 685 530 125 44 
cell-0-0-6 810 530 125 44 
cell-0-0-7 935 530 125 44 
cell-0-1-0 60 586 125 44 
cell-0-1-1 185 586 125 44 
cell-0-1-2 310 586 125 44 
cell-0-1-3 435 586 125 44 
cell-0-1-4 560 586 125 44 
cell-0-1-5 685 586 125 44 
cell-0-1-6 810 586 125 44 
cell-0-1-7 935 586 125 44 
cell-0-2-0 60 642 125 44 
cell-0-2-1 185 642 125 44 
cell-0-2-2 310 642 125 44 
cell-0-2-3 435 642 125 44 
cell-0-2-4 560 642 125 44 
cell-0-2-5 685 642 125 44 
cell-0-2-6 810 642 125 44 
cell-0-2-7 935 642 125 44 
cell-0-3-0 60 698 125 44 
cell-0-3-1 185 698 125 44 
cell-0-3-2 310 698 125 44 
cell-0-3-3 435 698 125 44 
cell-0-3-4 560 698 125 44 
cell-0-3-5 685 698 125 44 
cell-0-3-6 810 698 125 44 
cell-0-3-7 935 698 125 44 
cell-0-4-0 60 754 125 44 
cell-0-4-1 185 754 125 44 
cell-0-4-2 310 754 125 44 
cell-0-4-3 435 754 125 44 
cell-0-4-4 560 754 125 44 
cell-0-4-5 685 754 125 44 
cell-0-4-6 810 754 125 44 
cell-0-4-7 935 754 125 44 
cell-0-5-0 60 810 125 44 
cell-0-5-1 185 810 125 44 
cell-0-5-2 310 810 125 44 
cell-0-5-3 435 810 125 44 
cell-0-5-4 560 810 125 44 
cell-0-5-5 685 810 125 44 
cell-0-5-6 810 810 125 44 
cell-0-5-7 935 810 125 44 
cell-0-6-0 60 866 125 44 
cell-0-6-1 185 866 125 44 
cell-0-6-2 310 866 125 44 
cell-0-6-3 435 866 125 44 
cell-0-6-4 560 866 125 44 
cell-0-6-5 685 866 125 44 
cell-0-6-6 810 866 125 44 
cell-0-6-7 935 866 125 44 
cell-0-7-0 60 922 125 44 
cell-0-7-1 185 922 125 44 
cell-0-7-2 310 922 125 44 
cell-0-7-3 435 922 125 44 
cell-0-7-4 560 922 125 44 
cell-0-7-5 685 922 125 44 
cell-0-7-6 810 922 125 44 
cell-0-7-7 935 922 125 44 
cell-0-8-0 60 978 125 44 
cell-0-8-1 185 978 125 44 
cell-0-8-2 310 978 125 44 
cell-0-8-3 435 978 125 44 
cell-0-8-4 560 978 125 44 
cell-0-8-5 685 978 125 44 
cell-0-8-6 810 978 125 44 
cell-0-8-7 935 978 125 44 
cell-0-9-0 60 1034 125 44 
cell-0-9-1 185 1034 125 44 
cell-0-9-2 310 1034 125 44 
cell-0-9-3 435 1034 125 44 
cell-0-9-4 560 1034 125 44 
cell-0-9-5 685 1034 125 44 
cell-0-9-6 810 1034 125 44 
cell-0-9-7 935 1034 125 44 
