table-0 592 77 228 478 
cell-0-0-0 592 77 45 35 
cell-0-0-1 637 77 45 35 
cell-0-0-2 682 77 45 35 
cell-0-0-3 727 77 45 35 
cell-0-0-4 772 77 45 35 
cell-0-1-0 592 121 45 35 
cell-0-1-1 637 121 45 35 
cell-0-1-2 682 121 45 35 
cell-0-1-3 727 121 45 35 
cell-0-1-4 772 121 45 35 
cell-0-2-0 592 165 45 35 
cell-0-2-1 637 165 45 35 
cell-0-2-2 682 165 45 35 
cell-0-2-3 727 165 45 35 
cell-0-2-4 772 165 45 35 
cell-0-3-0 592 209 45 35 
cell-0-3-1 637 209 45 35 
cell-0-3-2 682 209 45 35 
cell-0-3-3 727 209 45 35 
cell-0-3-4 772 209 45 35 
cell-0-4-0 592 253 45 35 
cell-0-4-1 637 253 45 35 
cell-0-4-2 682 253 45 35 
cell-0-4-3 727 253 45 35 
cell-0-4-4 772 253 45 35 
cell-0-5-0 592 297 45 35 
cell-0-5-1 637 297 45 35 
cell-0-5-2 682 297 45 35 
cell-0-5-3 727 297 45 35 
cell-0-5-4 772 297 45 35 
cell-0-6-0 592 341 45 35 
cell-0-6-1 637 341 45 35 
cell-0-6-2 682 341 45 35 
cell-0-6-3 727 341 45 35 
cell-0-6-4 772 341 45 35 
cell-0-7-0 592 385 45 35 
cell-0-7-1 637 385 45 35 
cell-0-7-2 682 385 45 35 
cell-0-7-3 727 385 45 35 
cell-0-7-4 772 385 45 35 
cell-0-8-0 592 429 45 35 
cell-0-8-1 637 429 45 35 
cell-0-8-2 682 429 45 35 
cell-0-8-3 727 429 45 35 
cell-0-8-4 772 429 45 35 
cell-0-9-0 592 473 45 35 
cell-0-9-1 637 473 45 35 
cell-0-9-2 682 473 45 35 
cell-0-9-3 727 473 45 35 
cell-0-9-4 772 473 45 35 
cell-0-10-0 592 517 45 35 
cell-0-10-1 637 517 45 35 
cell-0-10-2 682 517 45 35 
cell-0-10-3 727 517 45 35 
cell-0-10-4 772 517 45 35 
header-1 109 980 827 193 
row-1-1 109 980 403 40 
row-1-2 532 980 403 40 
row-2-1 109 1030 304 40 
row-2-2 433 1030 468 40 
row-3-1 109 1080 535 40 
row-4-1 109 1130 634 40 
