table-0 165 616 178 667 
cell-0-0-0 165 616 44 35 
cell-0-0-1 209 616 44 35 
cell-0-0-2 253 616 44 35 
cell-0-0-3 297 616 44 35 
cell-0-1-0 165 661 44 35 
cell-0-1-1 209 661 44 35 
cell-0-1-2 253 661 44 35 
cell-0-1-3 297 661 44 35 
cell-0-2-0 165 706 44 35 
cell-0-2-1 209 706 44 35 
cell-0-2-2 253 706 44 35 
cell-0-2-3 297 706 44 35 
cell-0-3-0 165 751 44 35 
cell-0-3-1 209 751 44 35 
cell-0-3-2 253 751 44 35 
cell-0-3-3 297 751 44 35 
cell-0-4-0 165 796 44 35 
cell-0-4-1 209 796 44 35 
cell-0-4-2 253 796 44 35 
cell-0-4-3 297 796 44 35 
cell-0-5-0 165 841 44 35 
cell-0-5-1 209 841 44 35 
cell-0-5-2 253 841 44 35 
cell-0-5-3 297 841 44 35 
cell-0-6-0 165 886 44 35 
cell-0-6-1 209 886 44 35 
cell-0-6-2 253 886 44 35 
cell-0-6-3 297 886 44 35 
cell-0-7-0 165 931 44 35 
cell-0-7-1 209 931 44 35 
cell-0-7-2 253 931 44 35 
cell-0-7-3 297 931 44 35 
cell-0-8-0 165 976 44 35 
cell-0-8-1 209 976 44 35 
cell-0-8-2 253 976 44 35 
cell-0-8-3 297 976 44 35 
cell-0-9-0 165 1021 44 35 
cell-0-9-1 209 1021 44 35 
cell-0-9-2 253 1021 44 35 
cell-0-9-3 297 1021 44 35 
cell-0-10-0 165 1066 44 35 
cell-0-10-1 209 1066 44 35 
cell-0-10-2 253 1066 44 35 
cell-0-10-3 297 1066 44 35 
cell-0-11-0 165 1111 44 35 
cell-0-11-1 209 1111 44 35 
cell-0-11-2 253 1111 44 35 
cell-0-11-3 297 1111 44 35 
cell-0-12-0 165 1156 44 35 
cell-0-12-1 209 1156 44 35 
cell-0-12-2 253 1156 44 35 
cell-0-12-3 297 1156 44 35 
cell-0-13-0 165 1201 44 35 
cell-0-13-1 209 1201 44 35 
cell-0-13-2 253 1201 44 35 
cell-0-13-3 297 1201 44 35 
cell-0-14-0 165 1246 44 35 
cell-0-14-1 209 1246 44 35 
cell-0-14-2 253 1246 44 35 
cell-0-14-3 297 1246 44 35 
table-2 447 270 515 216 
cell-2-1-0 447 270 34 35 
cell-2-1-1 484 270 34 35 
cell-2-1-2 521 270 34 35 
cell-2-1-3 558 270 34 35 
cell-2-1-4 595 270 34 35 
cell-2-1-5 632 270 34 35 
cell-2-1-6 669 270 34 35 
cell-2-1-7 706 270 34 35 
cell-2-1-8 743 270 34 35 
cell-2-1-9 780 270 34 35 
cell-2-1-10 817 270 34 35 
cell-2-1-11 854 270 34 35 
cell-2-1-12 891 270 34 35 
cell-2-1-13 928 270 34 35 
cell-2-2-0 447 315 34 35 
cell-2-2-1 484 315 34 35 
cell-2-2-2 521 315 34 35 
cell-2-2-3 558 315 34 35 
cell-2-2-4 595 315 34 35 
cell-2-2-5 632 315 34 35 
cell-2-2-6 669 315 34 35 
cell-2-2-7 706 315 34 35 
cell-2-2-8 743 315 34 35 
cell-2-2-9 780 315 34 35 
cell-2-2-10 817 315 34 35 
cell-2-2-11 854 315 34 35 
cell-2-2-12 891 315 34 35 
cell-2-2-13 928 315 34 35 
cell-2-3-0 447 360 34 35 
cell-2-3-1 484 360 34 35 
cell-2-3-2 521 360 34 35 
cell-2-3-3 558 360 34 35 
cell-2-3-4 595 360 34 35 
cell-2-3-5 632 360 34 35 
cell-2-3-6 669 360 34 35 
cell-2-3-7 706 360 34 35 
cell-2-3-8 743 360 34 35 
cell-2-3-9 780 360 34 35 
cell-2-3-10 817 360 34 35 
cell-2-3-11 854 360 34 35 
cell-2-3-12 891 360 34 35 
cell-2-3-13 928 360 34 35 
cell-2-4-0 447 405 34 35 
cell-2-4-1 484 405 34 35 
cell-2-4-2 521 405 34 35 
cell-2-4-3 558 405 34 35 
cell-2-4-4 595 405 34 35 
cell-2-4-5 632 405 34 35 
cell-2-4-6 669 405 34 35 
cell-2-4-7 706 405 34 35 
cell-2-4-8 743 405 34 35 
cell-2-4-9 780 405 34 35 
cell-2-4-10 817 405 34 35 
cell-2-4-11 854 405 34 35 
cell-2-4-12 891 405 34 35 
cell-2-4-13 928 405 34 35 
cell-2-5-0 447 450 34 35 
cell-2-5-1 484 450 34 35 
cell-2-5-2 521 450 34 35 
cell-2-5-3 558 450 34 35 
cell-2-5-4 595 450 34 35 
cell-2-5-5 632 450 34 35 
cell-2-5-6 669 450 34 35 
cell-2-5-7 706 450 34 35 
cell-2-5-8 743 450 34 35 
cell-2-5-9 780 450 34 35 
cell-2-5-10 817 450 34 35 
cell-2-5-11 854 450 34 35 
cell-2-5-12 891 450 34 35 
cell-2-5-13 928 450 34 35 
