table-0 172 637 559 562 
cell-0-0-0 172 637 44 43 
cell-0-0-1 216 637 44 43 
cell-0-0-2 260 637 44 43 
cell-0-0-3 304 637 44 43 
cell-0-0-4 348 637 44 43 
cell-0-0-5 392 637 335 43 
cell-0-1-0 172 680 44 43 
cell-0-1-1 216 680 44 43 
cell-0-1-2 260 680 44 43 
cell-0-1-3 304 680 44 43 
cell-0-1-4 348 680 44 43 
cell-0-1-5 392 680 335 43 
cell-0-2-0 172 723 44 43 
cell-0-2-1 216 723 44 43 
cell-0-2-2 260 723 44 43 
cell-0-2-3 304 723 44 43 
cell-0-2-4 348 723 44 43 
cell-0-2-5 392 723 335 43 
cell-0-3-0 172 766 44 43 
cell-0-3-1 216 766 44 43 
cell-0-3-2 260 766 44 43 
cell-0-3-3 304 766 44 43 
cell-0-3-4 348 766 44 43 
cell-0-3-5 392 766 335 43 
cell-0-4-0 172 809 44 43 
cell-0-4-1 216 809 44 43 
cell-0-4-2 260 809 44 43 
cell-0-4-3 304 809 44 43 
cell-0-4-4 348 809 44 43 
cell-0-4-5 392 809 335 43 
cell-0-5-0 172 852 44 43 
cell-0-5-1 216 852 44 43 
cell-0-5-2 260 852 44 43 
cell-0-5-3 304 852 44 43 
cell-0-5-4 348 852 44 43 
cell-0-5-5 392 852 335 43 
cell-0-6-0 172 895 44 43 
cell-0-6-1 216 895 44 43 
cell-0-6-2 260 895 44 43 
cell-0-6-3 304 895 44 43 
cell-0-6-4 348 895 44 43 
cell-0-6-5 392 895 335 43 
cell-0-7-0 172 938 44 43 
cell-0-7-1 216 938 44 43 
cell-0-7-2 260 938 44 43 
cell-0-7-3 304 938 44 43 
cell-0-7-4 348 938 44 43 
cell-0-7-5 392 938 335 43 
cell-0-8-0 172 981 44 43 
cell-0-8-1 216 981 44 43 
cell-0-8-2 260 981 44 43 
cell-0-8-3 304 981 44 43 
cell-0-8-4 348 981 44 43 
cell-0-8-5 392 981 335 43 
cell-0-9-0 172 1024 44 43 
cell-0-9-1 216 1024 44 43 
cell-0-9-2 260 1024 44 43 
cell-0-9-3 304 1024 44 43 
cell-0-9-4 348 1024 44 43 
cell-0-9-5 392 1024 335 43 
cell-0-10-0 172 1067 44 43 
cell-0-10-1 216 1067 44 43 
cell-0-10-2 260 1067 44 43 
cell-0-10-3 304 1067 44 43 
cell-0-10-4 348 1067 44 43 
cell-0-10-5 392 1067 335 43 
cell-0-11-0 172 1110 44 43 
cell-0-11-1 216 1110 44 43 
cell-0-11-2 260 1110 44 43 
cell-0-11-3 304 1110 44 43 
cell-0-11-4 348 1110 44 43 
cell-0-11-5 392 1110 335 43 
cell-0-12-0 172 1153 44 43 
cell-0-12-1 216 1153 44 43 
cell-0-12-2 260 1153 44 43 
cell-0-12-3 304 1153 44 43 
cell-0-12-4 348 1153 44 43 
cell-0-12-5 392 1153 335 43 
