table-0 268 155 700 292 
cell-0-0-0 268 155 116 39 
cell-0-0-1 384 155 116 39 
cell-0-0-2 500 155 116 39 
cell-0-0-3 616 155 116 39 
cell-0-0-4 732 155 116 39 
cell-0-0-5 848 155 116 39 
cell-0-1-0 268 197 116 39 
cell-0-1-1 384 197 116 39 
cell-0-1-2 500 197 116 39 
cell-0-1-3 616 197 116 39 
cell-0-1-4 732 197 116 39 
cell-0-1-5 848 197 116 39 
cell-0-2-0 268 239 116 39 
cell-0-2-1 384 239 116 39 
cell-0-2-2 500 239 116 39 
cell-0-2-3 616 239 116 39 
cell-0-2-4 732 239 116 39 
cell-0-2-5 848 239 116 39 
cell-0-3-0 268 281 116 39 
cell-0-3-1 384 281 116 39 
cell-0-3-2 500 281 116 39 
cell-0-3-3 616 281 116 39 
cell-0-3-4 732 281 116 39 
cell-0-3-5 848 281 116 39 
cell-0-4-0 268 323 116 39 
cell-0-4-1 384 323 116 39 
cell-0-4-2 500 323 116 39 
cell-0-4-3 616 323 116 39 
cell-0-4-4 732 323 116 39 
cell-0-4-5 848 323 116 39 
cell-0-5-0 268 365 116 39 
cell-0-5-1 384 365 116 39 
cell-0-5-2 500 365 116 39 
cell-0-5-3 616 365 116 39 
cell-0-5-4 732 365 116 39 
cell-0-5-5 848 365 116 39 
cell-0-6-0 268 407 116 39 
cell-0-6-1 384 407 116 39 
cell-0-6-2 500 407 116 39 
cell-0-6-3 616 407 116 39 
cell-0-6-4 732 407 116 39 
cell-0-6-5 848 407 116 39 
