table-0 164 454 683 622 
cell-0-0-0 164 454 44 43 
cell-0-0-1 208 454 44 43 
cell-0-0-2 252 454 44 43 
cell-0-0-3 296 454 44 43 
cell-0-0-4 340 454 44 43 
cell-0-0-5 384 454 459 43 
cell-0-1-0 164 502 44 43 
cell-0-1-1 208 502 44 43 
cell-0-1-2 252 502 44 43 
cell-0-1-3 296 502 44 43 
cell-0-1-4 340 502 44 43 
cell-0-1-5 384 502 459 43 
cell-0-2-0 164 550 44 43 
cell-0-2-1 208 550 44 43 
cell-0-2-2 252 550 44 43 
cell-0-2-3 296 550 44 43 
cell-0-2-4 340 550 44 43 
cell-0-2-5 384 550 459 43 
cell-0-3-0 164 598 44 43 
cell-0-3-1 208 598 44 43 
cell-0-3-2 252 598 44 43 
cell-0-3-3 296 598 44 43 
cell-0-3-4 340 598 44 43 
cell-0-3-5 384 598 459 43 
cell-0-4-0 164 646 44 43 
cell-0-4-1 208 646 44 43 
cell-0-4-2 252 646 44 43 
cell-0-4-3 296 646 44 43 
cell-0-4-4 340 646 44 43 
cell-0-4-5 384 646 459 43 
cell-0-5-0 164 694 44 43 
cell-0-5-1 208 694 44 43 
cell-0-5-2 252 694 44 43 
cell-0-5-3 296 694 44 43 
cell-0-5-4 340 694 44 43 
cell-0-5-5 384 694 459 43 
cell-0-6-0 164 742 44 43 
cell-0-6-1 208 742 44 43 
cell-0-6-2 252 742 44 43 
cell-0-6-3 296 742 44 43 
cell-0-6-4 340 742 44 43 
cell-0-6-5 384 742 459 43 
cell-0-7-0 164 790 44 43 
cell-0-7-1 208 790 44 43 
cell-0-7-2 252 790 44 43 
cell-0-7-3 296 790 44 43 
cell-0-7-4 340 790 44 43 
cell-0-7-5 384 790 459 43 
cell-0-8-0 164 838 44 43 
cell-0-8-1 208 838 44 43 
cell-0-8-2 252 838 44 43 
cell-0-8-3 296 838 44 43 
cell-0-8-4 340 838 44 43 
cell-0-8-5 384 838 459 43 
cell-0-9-0 164 886 44 43 
cell-0-9-1 208 886 44 43 
cell-0-9-2 252 886 44 43 
cell-0-9-3 296 886 44 43 
cell-0-9-4 340 886 44 43 
cell-0-9-5 384 886 459 43 
cell-0-10-0 164 934 44 43 
cell-0-10-1 208 934 44 43 
cell-0-10-2 252 934 44 43 
cell-0-10-3 296 934 44 43 
cell-0-10-4 340 934 44 43 
cell-0-10-5 384 934 459 43 
cell-0-11-0 164 982 44 43 
cell-0-11-1 208 982 44 43 
cell-0-11-2 252 982 44 43 
cell-0-11-3 296 982 44 43 
cell-0-11-4 340 982 44 43 
cell-0-11-5 384 982 459 43 
cell-0-12-0 164 1030 44 43 
cell-0-12-1 208 1030 44 43 
cell-0-12-2 252 1030 44 43 
cell-0-12-3 296 1030 44 43 
cell-0-12-4 340 1030 44 43 
cell-0-12-5 384 1030 459 43 
