header-0 208 130 841 193 
row-1-1 208 130 263 40 
row-1-2 491 130 296 40 
row-2-1 208 180 395 40 
row-2-2 623 180 418 40 
row-3-1 208 230 527 40 
row-4-1 208 280 791 40 
table-1 411 580 353 388 
cell-1-1-0 411 580 35 35 
cell-1-1-1 446 580 35 35 
cell-1-1-2 481 580 35 35 
cell-1-1-3 516 580 35 35 
cell-1-1-4 551 580 35 35 
cell-1-1-5 586 580 35 35 
cell-1-1-6 621 580 35 35 
cell-1-1-7 656 580 35 35 
cell-1-1-8 691 580 35 35 
cell-1-1-9 726 580 35 35 
cell-1-2-0 411 630 35 35 
cell-1-2-1 446 630 35 35 
cell-1-2-2 481 630 35 35 
cell-1-2-3 516 630 35 35 
cell-1-2-4 551 630 35 35 
cell-1-2-5 586 630 35 35 
cell-1-2-6 621 630 35 35 
cell-1-2-7 656 630 35 35 
cell-1-2-8 691 630 35 35 
cell-1-2-9 726 630 35 35 
cell-1-3-0 411 680 35 35 
cell-1-3-1 446 680 35 35 
cell-1-3-2 481 680 35 35 
cell-1-3-3 516 680 35 35 
cell-1-3-4 551 680 35 35 
cell-1-3-5 586 680 35 35 
cell-1-3-6 621 680 35 35 
cell-1-3-7 656 680 35 35 
cell-1-3-8 691 680 35 35 
cell-1-3-9 726 680 35 35 
cell-1-4-0 411 730 35 35 
cell-1-4-1 446 730 35 35 
cell-1-4-2 481 730 35 35 
cell-1-4-3 516 730 35 35 
cell-1-4-4 551 730 35 35 
cell-1-4-5 586 730 35 35 
cell-1-4-6 621 730 35 35 
cell-1-4-7 656 730 35 35 
cell-1-4-8 691 730 35 35 
cell-1-4-9 726 730 35 35 
cell-1-5-0 411 780 35 35 
cell-1-5-1 446 780 35 35 
cell-1-5-2 481 780 35 35 
cell-1-5-3 516 780 35 35 
cell-1-5-4 551 780 35 35 
cell-1-5-5 586 780 35 35 
cell-1-5-6 621 780 35 35 
cell-1-5-7 656 780 35 35 
cell-1-5-8 691 780 35 35 
cell-1-5-9 726 780 35 35 
cell-1-6-0 411 830 35 35 
cell-1-6-1 446 830 35 35 
cell-1-6-2 481 830 35 35 
cell-1-6-3 516 830 35 35 
cell-1-6-4 551 830 35 35 
cell-1-6-5 586 830 35 35 
cell-1-6-6 621 830 35 35 
cell-1-6-7 656 830 35 35 
cell-1-6-8 691 830 35 35 
cell-1-6-9 726 830 35 35 
cell-1-7-0 411 880 35 35 
cell-1-7-1 446 880 35 35 
cell-1-7-2 481 880 35 35 
cell-1-7-3 516 880 35 35 
cell-1-7-4 551 880 35 35 
cell-1-7-5 586 880 35 35 
cell-1-7-6 621 880 35 35 
cell-1-7-7 656 880 35 35 
cell-1-7-8 691 880 35 35 
cell-1-7-9 726 880 35 35 
cell-1-8-0 411 930 35 35 
cell-1-8-1 446 930 35 35 
cell-1-8-2 481 930 35 35 
cell-1-8-3 516 930 35 35 
cell-1-8-4 551 930 35 35 
cell-1-8-5 586 930 35 35 
cell-1-8-6 621 930 35 35 
cell-1-8-7 656 930 35 35 
cell-1-8-8 691 930 35 35 
cell-1-8-9 726 930 35 35 
header-4 150 1117 791 195 
row-1-1 150 1117 357 41 
row-1-2 527 1117 291 41 
row-2-1 150 1168 324 41 
row-2-2 494 1168 445 41 
row-3-1 150 1219 588 41 
row-4-1 150 1270 555 41 
