table-0 408 442 589 486 
cell-0-1-0 408 442 34 35 
cell-0-1-1 445 442 34 35 
cell-0-1-2 482 442 34 35 
cell-0-1-3 519 442 34 35 
cell-0-1-4 556 442 34 35 
cell-0-1-5 593 442 34 35 
cell-0-1-6 630 442 34 35 
cell-0-1-7 667 442 34 35 
cell-0-1-8 704 442 34 35 
cell-0-1-9 741 442 34 35 
cell-0-1-10 778 442 34 35 
cell-0-1-11 815 442 34 35 
cell-0-1-12 852 442 34 35 
cell-0-1-13 889 442 34 35 
cell-0-1-14 926 442 34 35 
cell-0-1-15 963 442 34 35 
cell-0-2-0 408 492 34 35 
cell-0-2-1 445 492 34 35 
cell-0-2-2 482 492 34 35 
cell-0-2-3 519 492 34 35 
cell-0-2-4 556 492 34 35 
cell-0-2-5 593 492 34 35 
cell-0-2-6 630 492 34 35 
cell-0-2-7 667 492 34 35 
cell-0-2-8 704 492 34 35 
cell-0-2-9 741 492 34 35 
cell-0-2-10 778 492 34 35 
cell-0-2-11 815 492 34 35 
cell-0-2-12 852 492 34 35 
cell-0-2-13 889 492 34 35 
cell-0-2-14 926 492 34 35 
cell-0-2-15 963 492 34 35 
cell-0-3-0 408 542 34 35 
cell-0-3-1 445 542 34 35 
cell-0-3-2 482 542 34 35 
cell-0-3-3 519 542 34 35 
cell-0-3-4 556 542 34 35 
cell-0-3-5 593 542 34 35 
cell-0-3-6 630 542 34 35 
cell-0-3-7 667 542 34 35 
cell-0-3-8 704 542 34 35 
cell-0-3-9 741 542 34 35 
cell-0-3-10 778 542 34 35 
cell-0-3-11 815 542 34 35 
cell-0-3-12 852 542 34 35 
cell-0-3-13 889 542 34 35 
cell-0-3-14 926 542 34 35 
cell-0-3-15 963 542 34 35 
cell-0-4-0 408 592 34 35 
cell-0-4-1 445 592 34 35 
cell-0-4-2 482 592 34 35 
cell-0-4-3 519 592 34 35 
cell-0-4-4 556 592 34 35 
cell-0-4-5 593 592 34 35 
cell-0-4-6 630 592 34 35 
cell-0-4-7 667 592 34 35 
cell-0-4-8 704 592 34 35 
cell-0-4-9 741 592 34 35 
cell-0-4-10 778 592 34 35 
cell-0-4-11 815 592 34 35 
cell-0-4-12 852 592 34 35 
cell-0-4-13 889 592 34 35 
cell-0-4-14 926 592 34 35 
cell-0-4-15 963 592 34 35 
cell-0-5-0 408 642 34 35 
cell-0-5-1 445 642 34 35 
cell-0-5-2 482 642 34 35 
cell-0-5-3 519 642 34 35 
cell-0-5-4 556 642 34 35 
cell-0-5-5 593 642 34 35 
cell-0-5-6 630 642 34 35 
cell-0-5-7 667 642 34 35 
cell-0-5-8 704 642 34 35 
cell-0-5-9 741 642 34 35 
cell-0-5-10 778 642 34 35 
cell-0-5-11 815 642 34 35 
cell-0-5-12 852 642 34 35 
cell-0-5-13 889 642 34 35 
cell-0-5-14 926 642 34 35 
cell-0-5-15 963 642 34 35 
cell-0-6-0 408 692 34 35 
cell-0-6-1 445 692 34 35 
cell-0-6-2 482 692 34 35 
cell-0-6-3 519 692 34 35 
cell-0-6-4 556 692 34 35 
cell-0-6-5 593 692 34 35 
cell-0-6-6 630 692 34 35 
cell-0-6-7 667 692 34 35 
cell-0-6-8 704 692 34 35 
cell-0-6-9 741 692 34 35 
cell-0-6-10 778 692 34 35 
cell-0-6-11 815 692 34 35 
cell-0-6-12 852 692 34 35 
cell-0-6-13 889 692 34 35 
cell-0-6-14 926 692 34 35 
cell-0-6-15 963 692 34 35 
cell-0-7-0 408 742 34 35 
cell-0-7-1 445 742 34 35 
cell-0-7-2 482 742 34 35 
cell-0-7-3 519 742 34 35 
cell-0-7-4 556 742 34 35 
cell-0-7-5 593 742 34 35 
cell-0-7-6 630 742 34 35 
cell-0-7-7 667 742 34 35 
cell-0-7-8 704 742 34 35 
cell-0-7-9 741 742 34 35 
cell-0-7-10 778 742 34 35 
cell-0-7-11 815 742 34 35 
cell-0-7-12 852 742 34 35 
cell-0-7-13 889 742 34 35 
cell-0-7-14 926 742 34 35 
cell-0-7-15 963 742 34 35 
cell-0-8-0 408 792 34 35 
cell-0-8-1 445 792 34 35 
cell-0-8-2 482 792 34 35 
cell-0-8-3 519 792 34 35 
cell-0-8-4 556 792 34 35 
cell-0-8-5 593 792 34 35 
cell-0-8-6 630 792 34 35 
cell-0-8-7 667 792 34 35 
cell-0-8-8 704 792 34 35 
cell-0-8-9 741 792 34 35 
cell-0-8-10 778 792 34 35 
cell-0-8-11 815 792 34 35 
cell-0-8-12 852 792 34 35 
cell-0-8-13 889 792 34 35 
cell-0-8-14 926 792 34 35 
cell-0-8-15 963 792 34 35 
cell-0-9-0 408 842 34 35 
cell-0-9-1 445 842 34 35 
cell-0-9-2 482 842 34 35 
cell-0-9-3 519 842 34 35 
cell-0-9-4 556 842 34 35 
cell-0-9-5 593 842 34 35 
cell-0-9-6 630 842 34 35 
cell-0-9-7 667 842 34 35 
cell-0-9-8 704 842 34 35 
cell-0-9-9 741 842 34 35 
cell-0-9-10 778 842 34 35 
cell-0-9-11 815 842 34 35 
cell-0-9-12 852 842 34 35 
cell-0-9-13 889 842 34 35 
cell-0-9-14 926 842 34 35 
cell-0-9-15 963 842 34 35 
cell-0-10-0 408 892 34 35 
cell-0-10-1 445 892 34 35 
cell-0-10-2 482 892 34 35 
cell-0-10-3 519 892 34 35 
cell-0-10-4 556 892 34 35 
cell-0-10-5 593 892 34 35 
cell-0-10-6 630 892 34 35 
cell-0-10-7 667 892 34 35 
cell-0-10-8 704 892 34 35 
cell-0-10-9 741 892 34 35 
cell-0-10-10 778 892 34 35 
cell-0-10-11 815 892 34 35 
cell-0-10-12 852 892 34 35 
cell-0-10-13 889 892 34 35 
cell-0-10-14 926 892 34 35 
cell-0-10-15 963 892 34 35 
