table-0 680 190 216 536 
cell-0-0-0 680 190 43 35 
cell-0-0-1 723 190 43 35 
cell-0-0-2 766 190 43 35 
cell-0-0-3 809 190 43 35 
cell-0-0-4 852 190 43 35 
cell-0-1-0 680 240 43 35 
cell-0-1-1 723 240 43 35 
cell-0-1-2 766 240 43 35 
cell-0-1-3 809 240 43 35 
cell-0-1-4 852 240 43 35 
cell-0-2-0 680 290 43 35 
cell-0-2-1 723 290 43 35 
cell-0-2-2 766 290 43 35 
cell-0-2-3 809 290 43 35 
cell-0-2-4 852 290 43 35 
cell-0-3-0 680 340 43 35 
cell-0-3-1 723 340 43 35 
cell-0-3-2 766 340 43 35 
cell-0-3-3 809 340 43 35 
cell-0-3-4 852 340 43 35 
cell-0-4-0 680 390 43 35 
cell-0-4-1 723 390 43 35 
cell-0-4-2 766 390 43 35 
cell-0-4-3 809 390 43 35 
cell-0-4-4 852 390 43 35 
cell-0-5-0 680 440 43 35 
cell-0-5-1 723 440 43 35 
cell-0-5-2 766 440 43 35 
cell-0-5-3 809 440 43 35 
cell-0-5-4 852 440 43 35 
cell-0-6-0 680 490 43 35 
cell-0-6-1 723 490 43 35 
cell-0-6-2 766 490 43 35 
cell-0-6-3 809 490 43 35 
cell-0-6-4 852 490 43 35 
cell-0-7-0 680 540 43 35 
cell-0-7-1 723 540 43 35 
cell-0-7-2 766 540 43 35 
cell-0-7-3 809 540 43 35 
cell-0-7-4 852 540 43 35 
cell-0-8-0 680 590 43 35 
cell-0-8-1 723 590 43 35 
cell-0-8-2 766 590 43 35 
cell-0-8-3 809 590 43 35 
cell-0-8-4 852 590 43 35 
cell-0-9-0 680 640 43 35 
cell-0-9-1 723 640 43 35 
cell-0-9-2 766 640 43 35 
cell-0-9-3 809 640 43 35 
cell-0-9-4 852 640 43 35 
cell-0-10-0 680 690 43 35 
cell-0-10-1 723 690 43 35 
cell-0-10-2 766 690 43 35 
cell-0-10-3 809 690 43 35 
cell-0-10-4 852 690 43 35 
header-1 70 814 796 193 
row-1-1 70 814 399 40 
row-1-2 489 814 267 40 
row-2-1 70 864 267 40 
row-2-2 357 864 484 40 
row-3-1 70 914 531 40 
row-4-1 70 964 795 40 
