table-0 452 400 430 312 
cell-0-1-0 452 400 33 35 
cell-0-1-1 485 400 33 35 
cell-0-1-2 518 400 33 35 
cell-0-1-3 551 400 33 35 
cell-0-1-4 584 400 33 35 
cell-0-1-5 617 400 33 35 
cell-0-1-6 650 400 33 35 
cell-0-1-7 683 400 33 35 
cell-0-1-8 716 400 33 35 
cell-0-1-9 749 400 33 35 
cell-0-1-10 782 400 33 35 
cell-0-1-11 815 400 33 35 
cell-0-1-12 848 400 33 35 
cell-0-2-0 452 446 33 35 
cell-0-2-1 485 446 33 35 
cell-0-2-2 518 446 33 35 
cell-0-2-3 551 446 33 35 
cell-0-2-4 584 446 33 35 
cell-0-2-5 617 446 33 35 
cell-0-2-6 650 446 33 35 
cell-0-2-7 683 446 33 35 
cell-0-2-8 716 446 33 35 
cell-0-2-9 749 446 33 35 
cell-0-2-10 782 446 33 35 
cell-0-2-11 815 446 33 35 
cell-0-2-12 848 446 33 35 
cell-0-3-0 452 492 33 35 
cell-0-3-1 485 492 33 35 
cell-0-3-2 518 492 33 35 
cell-0-3-3 551 492 33 35 
cell-0-3-4 584 492 33 35 
cell-0-3-5 617 492 33 35 
cell-0-3-6 650 492 33 35 
cell-0-3-7 683 492 33 35 
cell-0-3-8 716 492 33 35 
cell-0-3-9 749 492 33 35 
cell-0-3-10 782 492 33 35 
cell-0-3-11 815 492 33 35 
cell-0-3-12 848 492 33 35 
cell-0-4-0 452 538 33 35 
cell-0-4-1 485 538 33 35 
cell-0-4-2 518 538 33 35 
cell-0-4-3 551 538 33 35 
cell-0-4-4 584 538 33 35 
cell-0-4-5 617 538 33 35 
cell-0-4-6 650 538 33 35 
cell-0-4-7 683 538 33 35 
cell-0-4-8 716 538 33 35 
cell-0-4-9 749 538 33 35 
cell-0-4-10 782 538 33 35 
cell-0-4-11 815 538 33 35 
cell-0-4-12 848 538 33 35 
cell-0-5-0 452 584 33 35 
cell-0-5-1 485 584 33 35 
cell-0-5-2 518 584 33 35 
cell-0-5-3 551 584 33 35 
cell-0-5-4 584 584 33 35 
cell-0-5-5 617 584 33 35 
cell-0-5-6 650 584 33 35 
cell-0-5-7 683 584 33 35 
cell-0-5-8 716 584 33 35 
cell-0-5-9 749 584 33 35 
cell-0-5-10 782 584 33 35 
cell-0-5-11 815 584 33 35 
cell-0-5-12 848 584 33 35 
cell-0-6-0 452 630 33 35 
cell-0-6-1 485 630 33 35 
cell-0-6-2 518 630 33 35 
cell-0-6-3 551 630 33 35 
cell-0-6-4 584 630 33 35 
cell-0-6-5 617 630 33 35 
cell-0-6-6 650 630 33 35 
cell-0-6-7 683 630 33 35 
cell-0-6-8 716 630 33 35 
cell-0-6-9 749 630 33 35 
cell-0-6-10 782 630 33 35 
cell-0-6-11 815 630 33 35 
cell-0-6-12 848 630 33 35 
cell-0-7-0 452 676 33 35 
cell-0-7-1 485 676 33 35 
cell-0-7-2 518 676 33 35 
cell-0-7-3 551 676 33 35 
cell-0-7-4 584 676 33 35 
cell-0-7-5 617 676 33 35 
cell-0-7-6 650 676 33 35 
cell-0-7-7 683 676 33 35 
cell-0-7-8 716 676 33 35 
cell-0-7-9 749 676 33 35 
cell-0-7-10 782 676 33 35 
cell-0-7-11 815 676 33 35 
cell-0-7-12 848 676 33 35 
table-2 733 869 183 445 
cell-2-0-0 733 869 45 35 
cell-2-0-1 778 869 45 35 
cell-2-0-2 823 869 45 35 
cell-2-0-3 868 869 45 35 
cell-2-1-0 733 906 45 35 
cell-2-1-1 778 906 45 35 
cell-2-1-2 823 906 45 35 
cell-2-1-3 868 906 45 35 
cell-2-2-0 733 943 45 35 
cell-2-2-1 778 943 45 35 
cell-2-2-2 823 943 45 35 
cell-2-2-3 868 943 45 35 
cell-2-3-0 733 980 45 35 
cell-2-3-1 778 980 45 35 
cell-2-3-2 823 980 45 35 
cell-2-3-3 868 980 45 35 
cell-2-4-0 733 1017 45 35 
cell-2-4-1 778 1017 45 35 
cell-2-4-2 823 1017 45 35 
cell-2-4-3 868 1017 45 35 
cell-2-5-0 733 1054 45 35 
cell-2-5-1 778 1054 45 35 
cell-2-5-2 823 1054 45 35 
cell-2-5-3 868 1054 45 35 
cell-2-6-0 733 1091 45 35 
cell-2-6-1 778 1091 45 35 
cell-2-6-2 823 1091 45 35 
cell-2-6-3 868 1091 45 35 
cell-2-7-0 733 1128 45 35 
cell-2-7-1 778 1128 45 35 
cell-2-7-2 823 1128 45 35 
cell-2-7-3 868 1128 45 35 
cell-2-8-0 733 1165 45 35 
cell-2-8-1 778 1165 45 35 
cell-2-8-2 823 1165 45 35 
cell-2-8-3 868 1165 45 35 
cell-2-9-0 733 1202 45 35 
cell-2-9-1 778 1202 45 35 
cell-2-9-2 823 1202 45 35 
cell-2-9-3 868 1202 45 35 
cell-2-10-0 733 1239 45 35 
cell-2-10-1 778 1239 45 35 
cell-2-10-2 823 1239 45 35 
cell-2-10-3 868 1239 45 35 
cell-2-11-0 733 1276 45 35 
cell-2-11-1 778 1276 45 35 
cell-2-11-2 823 1276 45 35 
cell-2-11-3 868 1276 45 35 
