table-0 811 384 183 458 
cell-0-0-0 811 384 45 35 
cell-0-0-1 856 384 45 35 
cell-0-0-2 901 384 45 35 
cell-0-0-3 946 384 45 35 
cell-0-1-0 811 426 45 35 
cell-0-1-1 856 426 45 35 
cell-0-1-2 901 426 45 35 
cell-0-1-3 946 426 45 35 
cell-0-2-0 811 468 45 35 
cell-0-2-1 856 468 45 35 
cell-0-2-2 901 468 45 35 
cell-0-2-3 946 468 45 35 
cell-0-3-0 811 510 45 35 
cell-0-3-1 856 510 45 35 
cell-0-3-2 901 510 45 35 
cell-0-3-3 946 510 45 35 
cell-0-4-0 811 552 45 35 
cell-0-4-1 856 552 45 35 
cell-0-4-2 901 552 45 35 
cell-0-4-3 946 552 45 35 
cell-0-5-0 811 594 45 35 
cell-0-5-1 856 594 45 35 
cell-0-5-2 901 594 45 35 
cell-0-5-3 946 594 45 35 
cell-0-6-0 811 636 45 35 
cell-0-6-1 856 636 45 35 
cell-0-6-2 901 636 45 35 
cell-0-6-3 946 636 45 35 
cell-0-7-0 811 678 45 35 
cell-0-7-1 856 678 45 35 
cell-0-7-2 901 678 45 35 
cell-0-7-3 946 678 45 35 
cell-0-8-0 811 720 45 35 
cell-0-8-1 856 720 45 35 
cell-0-8-2 901 720 45 35 
cell-0-8-3 946 720 45 35 
cell-0-9-0 811 762 45 35 
cell-0-9-1 856 762 45 35 
cell-0-9-2 901 762 45 35 
cell-0-9-3 946 762 45 35 
cell-0-10-0 811 804 45 35 
cell-0-10-1 856 804 45 35 
cell-0-10-2 901 804 45 35 
cell-0-10-3 946 804 45 35 
