table-0 60 808 1000 551 
cell-0-0-0 60 808 166 45 
cell-0-0-1 226 808 166 45 
cell-0-0-2 392 808 166 45 
cell-0-0-3 558 808 166 45 
cell-0-0-4 724 808 166 45 
cell-0-0-5 890 808 166 45 
cell-0-1-0 60 864 166 45 
cell-0-1-1 226 864 166 45 
cell-0-1-2 392 864 166 45 
cell-0-1-3 558 864 166 45 
cell-0-1-4 724 864 166 45 
cell-0-1-5 890 864 166 45 
cell-0-2-0 60 920 166 45 
cell-0-2-1 226 920 166 45 
cell-0-2-2 392 920 166 45 
cell-0-2-3 558 920 166 45 
cell-0-2-4 724 920 166 45 
cell-0-2-5 890 920 166 45 
cell-0-3-0 60 976 166 45 
cell-0-3-1 226 976 166 45 
cell-0-3-2 392 976 166 45 
cell-0-3-3 558 976 166 45 
cell-0-3-4 724 976 166 45 
cell-0-3-5 890 976 166 45 
cell-0-4-0 60 1032 166 45 
cell-0-4-1 226 1032 166 45 
cell-0-4-2 392 1032 166 45 
cell-0-4-3 558 1032 166 45 
cell-0-4-4 724 1032 166 45 
cell-0-4-5 890 1032 166 45 
cell-0-5-0 60 1088 166 45 
cell-0-5-1 226 1088 166 45 
cell-0-5-2 392 1088 166 45 
cell-0-5-3 558 1088 166 45 
cell-0-5-4 724 1088 166 45 
cell-0-5-5 890 1088 166 45 
cell-0-6-0 60 1144 166 45 
cell-0-6-1 226 1144 166 45 
cell-0-6-2 392 1144 166 45 
cell-0-6-3 558 1144 166 45 
cell-0-6-4 724 1144 166 45 
cell-0-6-5 890 1144 166 45 
cell-0-7-0 60 1200 166 45 
cell-0-7-1 226 1200 166 45 
cell-0-7-2 392 1200 166 45 
cell-0-7-3 558 1200 166 45 
cell-0-7-4 724 1200 166 45 
cell-0-7-5 890 1200 166 45 
cell-0-8-0 60 1256 166 45 
cell-0-8-1 226 1256 166 45 
cell-0-8-2 392 1256 166 45 
cell-0-8-3 558 1256 166 45 
cell-0-8-4 724 1256 166 45 
cell-0-8-5 890 1256 166 45 
cell-0-9-0 60 1312 166 45 
cell-0-9-1 226 1312 166 45 
cell-0-9-2 392 1312 166 45 
cell-0-9-3 558 1312 166 45 
cell-0-9-4 724 1312 166 45 
cell-0-9-5 890 1312 166 45 
