table-0 338 757 500 476 
cell-0-0-0 338 757 62 41 
cell-0-0-1 400 757 62 41 
cell-0-0-2 462 757 62 41 
cell-0-0-3 524 757 62 41 
cell-0-0-4 586 757 62 41 
cell-0-0-5 648 757 62 41 
cell-0-0-6 710 757 62 41 
cell-0-0-7 772 757 62 41 
cell-0-1-0 338 805 62 41 
cell-0-1-1 400 805 62 41 
cell-0-1-2 462 805 62 41 
cell-0-1-3 524 805 62 41 
cell-0-1-4 586 805 62 41 
cell-0-1-5 648 805 62 41 
cell-0-1-6 710 805 62 41 
cell-0-1-7 772 805 62 41 
cell-0-2-0 338 853 62 41 
cell-0-2-1 400 853 62 41 
cell-0-2-2 462 853 62 41 
cell-0-2-3 524 853 62 41 
cell-0-2-4 586 853 62 41 
cell-0-2-5 648 853 62 41 
cell-0-2-6 710 853 62 41 
cell-0-2-7 772 853 62 41 
cell-0-3-0 338 901 62 41 
cell-0-3-1 400 901 62 41 
cell-0-3-2 462 901 62 41 
cell-0-3-3 524 901 62 41 
cell-0-3-4 586 901 62 41 
cell-0-3-5 648 901 62 41 
cell-0-3-6 710 901 62 41 
cell-0-3-7 772 901 62 41 
cell-0-4-0 338 949 62 41 
cell-0-4-1 400 949 62 41 
cell-0-4-2 462 949 62 41 
cell-0-4-3 524 949 62 41 
cell-0-4-4 586 949 62 41 
cell-0-4-5 648 949 62 41 
cell-0-4-6 710 949 62 41 
cell-0-4-7 772 949 62 41 
cell-0-5-0 338 997 62 41 
cell-0-5-1 400 997 62 41 
cell-0-5-2 462 997 62 41 
cell-0-5-3 524 997 62 41 
cell-0-5-4 586 997 62 41 
cell-0-5-5 648 997 62 41 
cell-0-5-6 710 997 62 41 
cell-0-5-7 772 997 62 41 
cell-0-6-0 338 1045 62 41 
cell-0-6-1 400 1045 62 41 
cell-0-6-2 462 1045 62 41 
cell-0-6-3 524 1045 62 41 
cell-0-6-4 586 1045 62 41 
cell-0-6-5 648 1045 62 41 
cell-0-6-6 710 1045 62 41 
cell-0-6-7 772 1045 62 41 
cell-0-7-0 338 1093 62 41 
cell-0-7-1 400 1093 62 41 
cell-0-7-2 462 1093 62 41 
cell-0-7-3 524 1093 62 41 
cell-0-7-4 586 1093 62 41 
cell-0-7-5 648 1093 62 41 
cell-0-7-6 710 1093 62 41 
cell-0-7-7 772 1093 62 41 
cell-0-8-0 338 1141 62 41 
cell-0-8-1 400 1141 62 41 
cell-0-8-2 462 1141 62 41 
cell-0-8-3 524 1141 62 41 
cell-0-8-4 586 1141 62 41 
cell-0-8-5 648 1141 62 41 
cell-0-8-6 710 1141 62 41 
cell-0-8-7 772 1141 62 41 
cell-0-9-0 338 1189 62 41 
cell-0-9-1 400 1189 62 41 
cell-0-9-2 462 1189 62 41 
cell-0-9-3 524 1189 62 41 
cell-0-9-4 586 1189 62 41 
cell-0-9-5 648 1189 62 41 
cell-0-9-6 710 1189 62 41 
cell-0-9-7 772 1189 62 41 
