table-0 113 87 700 284 
cell-0-0-0 113 87 175 36 
cell-0-0-1 288 87 175 36 
cell-0-0-2 463 87 175 36 
cell-0-0-3 638 87 175 36 
cell-0-1-0 113 128 175 36 
cell-0-1-1 288 128 175 36 
cell-0-1-2 463 128 175 36 
cell-0-1-3 638 128 175 36 
cell-0-2-0 113 169 175 36 
cell-0-2-1 288 169 175 36 
cell-0-2-2 463 169 175 36 
cell-0-2-3 638 169 175 36 
cell-0-3-0 113 210 175 36 
cell-0-3-1 288 210 175 36 
cell-0-3-2 463 210 175 36 
cell-0-3-3 638 210 175 36 
cell-0-4-0 113 251 175 36 
cell-0-4-1 288 251 175 36 
cell-0-4-2 463 251 175 36 
cell-0-4-3 638 251 175 36 
cell-0-5-0 113 292 175 36 
cell-0-5-1 288 292 175 36 
cell-0-5-2 463 292 175 36 
cell-0-5-3 638 292 175 36 
cell-0-6-0 113 333 175 36 
cell-0-6-1 288 333 175 36 
cell-0-6-2 463 333 175 36 
cell-0-6-3 638 333 175 36 
