table-0 256 1262 621 181 
cell-0-1-0 256 1262 36 35 
cell-0-1-1 295 1262 36 35 
cell-0-1-2 334 1262 36 35 
cell-0-1-3 373 1262 36 35 
cell-0-1-4 412 1262 36 35 
cell-0-1-5 451 1262 36 35 
cell-0-1-6 490 1262 36 35 
cell-0-1-7 529 1262 36 35 
cell-0-1-8 568 1262 36 35 
cell-0-1-9 607 1262 36 35 
cell-0-1-10 646 1262 36 35 
cell-0-1-11 685 1262 36 35 
cell-0-1-12 724 1262 36 35 
cell-0-1-13 763 1262 36 35 
cell-0-1-14 802 1262 36 35 
cell-0-1-15 841 1262 36 35 
cell-0-2-0 256 1298 36 35 
cell-0-2-1 295 1298 36 35 
cell-0-2-2 334 1298 36 35 
cell-0-2-3 373 1298 36 35 
cell-0-2-4 412 1298 36 35 
cell-0-2-5 451 1298 36 35 
cell-0-2-6 490 1298 36 35 
cell-0-2-7 529 1298 36 35 
cell-0-2-8 568 1298 36 35 
cell-0-2-9 607 1298 36 35 
cell-0-2-10 646 1298 36 35 
cell-0-2-11 685 1298 36 35 
cell-0-2-12 724 1298 36 35 
cell-0-2-13 763 1298 36 35 
cell-0-2-14 802 1298 36 35 
cell-0-2-15 841 1298 36 35 
cell-0-3-0 256 1334 36 35 
cell-0-3-1 295 1334 36 35 
cell-0-3-2 334 1334 36 35 
cell-0-3-3 373 1334 36 35 
cell-0-3-4 412 1334 36 35 
cell-0-3-5 451 1334 36 35 
cell-0-3-6 490 1334 36 35 
cell-0-3-7 529 1334 36 35 
cell-0-3-8 568 1334 36 35 
cell-0-3-9 607 1334 36 35 
cell-0-3-10 646 1334 36 35 
cell-0-3-11 685 1334 36 35 
cell-0-3-12 724 1334 36 35 
cell-0-3-13 763 1334 36 35 
cell-0-3-14 802 1334 36 35 
cell-0-3-15 841 1334 36 35 
cell-0-4-0 256 1370 36 35 
cell-0-4-1 295 1370 36 35 
cell-0-4-2 334 1370 36 35 
cell-0-4-3 373 1370 36 35 
cell-0-4-4 412 1370 36 35 
cell-0-4-5 451 1370 36 35 
cell-0-4-6 490 1370 36 35 
cell-0-4-7 529 1370 36 35 
cell-0-4-8 568 1370 36 35 
cell-0-4-9 607 1370 36 35 
cell-0-4-10 646 1370 36 35 
cell-0-4-11 685 1370 36 35 
cell-0-4-12 724 1370 36 35 
cell-0-4-13 763 1370 36 35 
cell-0-4-14 802 1370 36 35 
cell-0-4-15 841 1370 36 35 
cell-0-5-0 256 1406 36 35 
cell-0-5-1 295 1406 36 35 
cell-0-5-2 334 1406 36 35 
cell-0-5-3 373 1406 36 35 
cell-0-5-4 412 1406 36 35 
cell-0-5-5 451 1406 36 35 
cell-0-5-6 490 1406 36 35 
cell-0-5-7 529 1406 36 35 
cell-0-5-8 568 1406 36 35 
cell-0-5-9 607 1406 36 35 
cell-0-5-10 646 1406 36 35 
cell-0-5-11 685 1406 36 35 
cell-0-5-12 724 1406 36 35 
cell-0-5-13 763 1406 36 35 
cell-0-5-14 802 1406 36 35 
cell-0-5-15 841 1406 36 35 
header-2 106 563 847 193 
row-1-1 106 563 271 40 
row-1-2 397 563 304 40 
row-2-1 106 613 370 40 
row-2-2 496 613 453 40 
row-3-1 106 663 502 40 
row-4-1 106 713 535 40 
