table-0 236 804 500 278 
cell-0-0-0 236 804 62 41 
cell-0-0-1 298 804 62 41 
cell-0-0-2 360 804 62 41 
cell-0-0-3 422 804 62 41 
cell-0-0-4 484 804 62 41 
cell-0-0-5 546 804 62 41 
cell-0-0-6 608 804 62 41 
cell-0-0-7 670 804 62 41 
cell-0-1-0 236 851 62 41 
cell-0-1-1 298 851 62 41 
cell-0-1-2 360 851 62 41 
cell-0-1-3 422 851 62 41 
cell-0-1-4 484 851 62 41 
cell-0-1-5 546 851 62 41 
cell-0-1-6 608 851 62 41 
cell-0-1-7 670 851 62 41 
cell-0-2-0 236 898 62 41 
cell-0-2-1 298 898 62 41 
cell-0-2-2 360 898 62 41 
cell-0-2-3 422 898 62 41 
cell-0-2-4 484 898 62 41 
cell-0-2-5 546 898 62 41 
cell-0-2-6 608 898 62 41 
cell-0-2-7 670 898 62 41 
cell-0-3-0 236 945 62 41 
cell-0-3-1 298 945 62 41 
cell-0-3-2 360 945 62 41 
cell-0-3-3 422 945 62 41 
cell-0-3-4 484 945 62 41 
cell-0-3-5 546 945 62 41 
cell-0-3-6 608 945 62 41 
cell-0-3-7 670 945 62 41 
cell-0-4-0 236 992 62 41 
cell-0-4-1 298 992 62 41 
cell-0-4-2 360 992 62 41 
cell-0-4-3 422 992 62 41 
cell-0-4-4 484 992 62 41 
cell-0-4-5 546 992 62 41 
cell-0-4-6 608 992 62 41 
cell-0-4-7 670 992 62 41 
cell-0-5-0 236 1039 62 41 
cell-0-5-1 298 1039 62 41 
cell-0-5-2 360 1039 62 41 
cell-0-5-3 422 1039 62 41 
cell-0-5-4 484 1039 62 41 
cell-0-5-5 546 1039 62 41 
cell-0-5-6 608 1039 62 41 
cell-0-5-7 670 1039 62 41 
header-2 195 279 820 195 
row-1-1 195 279 360 41 
row-1-2 575 279 393 41 
row-2-1 195 330 360 41 
row-2-2 575 330 431 41 
row-3-1 195 381 690 41 
row-4-1 195 432 690 41 
