table-0 218 300 612 258 
cell-0-1-0 218 300 38 35 
cell-0-1-1 259 300 38 35 
cell-0-1-2 300 300 38 35 
cell-0-1-3 341 300 38 35 
cell-0-1-4 382 300 38 35 
cell-0-1-5 423 300 38 35 
cell-0-1-6 464 300 38 35 
cell-0-1-7 505 300 38 35 
cell-0-1-8 546 300 38 35 
cell-0-1-9 587 300 38 35 
cell-0-1-10 628 300 38 35 
cell-0-1-11 669 300 38 35 
cell-0-1-12 710 300 38 35 
cell-0-1-13 751 300 38 35 
cell-0-1-14 792 300 38 35 
cell-0-2-0 218 344 38 35 
cell-0-2-1 259 344 38 35 
cell-0-2-2 300 344 38 35 
cell-0-2-3 341 344 38 35 
cell-0-2-4 382 344 38 35 
cell-0-2-5 423 344 38 35 
cell-0-2-6 464 344 38 35 
cell-0-2-7 505 344 38 35 
cell-0-2-8 546 344 38 35 
cell-0-2-9 587 344 38 35 
cell-0-2-10 628 344 38 35 
cell-0-2-11 669 344 38 35 
cell-0-2-12 710 344 38 35 
cell-0-2-13 751 344 38 35 
cell-0-2-14 792 344 38 35 
cell-0-3-0 218 388 38 35 
cell-0-3-1 259 388 38 35 
cell-0-3-2 300 388 38 35 
cell-0-3-3 341 388 38 35 
cell-0-3-4 382 388 38 35 
cell-0-3-5 423 388 38 35 
cell-0-3-6 464 388 38 35 
cell-0-3-7 505 388 38 35 
cell-0-3-8 546 388 38 35 
cell-0-3-9 587 388 38 35 
cell-0-3-10 628 388 38 35 
cell-0-3-11 669 388 38 35 
cell-0-3-12 710 388 38 35 
cell-0-3-13 751 388 38 35 
cell-0-3-14 792 388 38 35 
cell-0-4-0 218 432 38 35 
cell-0-4-1 259 432 38 35 
cell-0-4-2 300 432 38 35 
cell-0-4-3 341 432 38 35 
cell-0-4-4 382 432 38 35 
cell-0-4-5 423 432 38 35 
cell-0-4-6 464 432 38 35 
cell-0-4-7 505 432 38 35 
cell-0-4-8 546 432 38 35 
cell-0-4-9 587 432 38 35 
cell-0-4-10 628 432 38 35 
cell-0-4-11 669 432 38 35 
cell-0-4-12 710 432 38 35 
cell-0-4-13 751 432 38 35 
cell-0-4-14 792 432 38 35 
cell-0-5-0 218 476 38 35 
cell-0-5-1 259 476 38 35 
cell-0-5-2 300 476 38 35 
cell-0-5-3 341 476 38 35 
cell-0-5-4 382 476 38 35 
cell-0-5-5 423 476 38 35 
cell-0-5-6 464 476 38 35 
cell-0-5-7 505 476 38 35 
cell-0-5-8 546 476 38 35 
cell-0-5-9 587 476 38 35 
cell-0-5-10 628 476 38 35 
cell-0-5-11 669 476 38 35 
cell-0-5-12 710 476 38 35 
cell-0-5-13 751 476 38 35 
cell-0-5-14 792 476 38 35 
cell-0-6-0 218 520 38 35 
cell-0-6-1 259 520 38 35 
cell-0-6-2 300 520 38 35 
cell-0-6-3 341 520 38 35 
cell-0-6-4 382 520 38 35 
cell-0-6-5 423 520 38 35 
cell-0-6-6 464 520 38 35 
cell-0-6-7 505 520 38 35 
cell-0-6-8 546 520 38 35 
cell-0-6-9 587 520 38 35 
cell-0-6-10 628 520 38 35 
cell-0-6-11 669 520 38 35 
cell-0-6-12 710 520 38 35 
cell-0-6-13 751 520 38 35 
cell-0-6-14 792 520 38 35 
table-1 190 991 800 262 
cell-1-0-0 190 991 133 39 
cell-1-0-1 323 991 133 39 
cell-1-0-2 456 991 133 39 
cell-1-0-3 589 991 133 39 
cell-1-0-4 722 991 133 39 
cell-1-0-5 855 991 133 39 
cell-1-1-0 190 1035 133 39 
cell-1-1-1 323 1035 133 39 
cell-1-1-2 456 1035 133 39 
cell-1-1-3 589 1035 133 39 
cell-1-1-4 722 1035 133 39 
cell-1-1-5 855 1035 133 39 
cell-1-2-0 190 1079 133 39 
cell-1-2-1 323 1079 133 39 
cell-1-2-2 456 1079 133 39 
cell-1-2-3 589 1079 133 39 
cell-1-2-4 722 1079 133 39 
cell-1-2-5 855 1079 133 39 
cell-1-3-0 190 1123 133 39 
cell-1-3-1 323 1123 133 39 
cell-1-3-2 456 1123 133 39 
cell-1-3-3 589 1123 133 39 
cell-1-3-4 722 1123 133 39 
cell-1-3-5 855 1123 133 39 
cell-1-4-0 190 1167 133 39 
cell-1-4-1 323 1167 133 39 
cell-1-4-2 456 1167 133 39 
cell-1-4-3 589 1167 133 39 
cell-1-4-4 722 1167 133 39 
cell-1-4-5 855 1167 133 39 
cell-1-5-0 190 1211 133 39 
cell-1-5-1 323 1211 133 39 
cell-1-5-2 456 1211 133 39 
cell-1-5-3 589 1211 133 39 
cell-1-5-4 722 1211 133 39 
cell-1-5-5 855 1211 133 39 
