table-0 254 357 563 298 
cell-0-1-0 254 357 35 35 
cell-0-1-1 289 357 35 35 
cell-0-1-2 324 357 35 35 
cell-0-1-3 359 357 35 35 
cell-0-1-4 394 357 35 35 
cell-0-1-5 429 357 35 35 
cell-0-1-6 464 357 35 35 
cell-0-1-7 499 357 35 35 
cell-0-1-8 534 357 35 35 
cell-0-1-9 569 357 35 35 
cell-0-1-10 604 357 35 35 
cell-0-1-11 639 357 35 35 
cell-0-1-12 674 357 35 35 
cell-0-1-13 709 357 35 35 
cell-0-1-14 744 357 35 35 
cell-0-1-15 779 357 35 35 
cell-0-2-0 254 409 35 35 
cell-0-2-1 289 409 35 35 
cell-0-2-2 324 409 35 35 
cell-0-2-3 359 409 35 35 
cell-0-2-4 394 409 35 35 
cell-0-2-5 429 409 35 35 
cell-0-2-6 464 409 35 35 
cell-0-2-7 499 409 35 35 
cell-0-2-8 534 409 35 35 
cell-0-2-9 569 409 35 35 
cell-0-2-10 604 409 35 35 
cell-0-2-11 639 409 35 35 
cell-0-2-12 674 409 35 35 
cell-0-2-13 709 409 35 35 
cell-0-2-14 744 409 35 35 
cell-0-2-15 779 409 35 35 
cell-0-3-0 254 461 35 35 
cell-0-3-1 289 461 35 35 
cell-0-3-2 324 461 35 35 
cell-0-3-3 359 461 35 35 
cell-0-3-4 394 461 35 35 
cell-0-3-5 429 461 35 35 
cell-0-3-6 464 461 35 35 
cell-0-3-7 499 461 35 35 
cell-0-3-8 534 461 35 35 
cell-0-3-9 569 461 35 35 
cell-0-3-10 604 461 35 35 
cell-0-3-11 639 461 35 35 
cell-0-3-12 674 461 35 35 
cell-0-3-13 709 461 35 35 
cell-0-3-14 744 461 35 35 
cell-0-3-15 779 461 35 35 
cell-0-4-0 254 513 35 35 
cell-0-4-1 289 513 35 35 
cell-0-4-2 324 513 35 35 
cell-0-4-3 359 513 35 35 
cell-0-4-4 394 513 35 35 
cell-0-4-5 429 513 35 35 
cell-0-4-6 464 513 35 35 
cell-0-4-7 499 513 35 35 
cell-0-4-8 534 513 35 35 
cell-0-4-9 569 513 35 35 
cell-0-4-10 604 513 35 35 
cell-0-4-11 639 513 35 35 
cell-0-4-12 674 513 35 35 
cell-0-4-13 709 513 35 35 
cell-0-4-14 744 513 35 35 
cell-0-4-15 779 513 35 35 
cell-0-5-0 254 565 35 35 
cell-0-5-1 289 565 35 35 
cell-0-5-2 324 565 35 35 
cell-0-5-3 359 565 35 35 
cell-0-5-4 394 565 35 35 
cell-0-5-5 429 565 35 35 
cell-0-5-6 464 565 35 35 
cell-0-5-7 499 565 35 35 
cell-0-5-8 534 565 35 35 
cell-0-5-9 569 565 35 35 
cell-0-5-10 604 565 35 35 
cell-0-5-11 639 565 35 35 
cell-0-5-12 674 565 35 35 
cell-0-5-13 709 565 35 35 
cell-0-5-14 744 565 35 35 
cell-0-5-15 779 565 35 35 
cell-0-6-0 254 617 35 35 
cell-0-6-1 289 617 35 35 
cell-0-6-2 324 617 35 35 
cell-0-6-3 359 617 35 35 
cell-0-6-4 394 617 35 35 
cell-0-6-5 429 617 35 35 
cell-0-6-6 464 617 35 35 
cell-0-6-7 499 617 35 35 
cell-0-6-8 534 617 35 35 
cell-0-6-9 569 617 35 35 
cell-0-6-10 604 617 35 35 
cell-0-6-11 639 617 35 35 
cell-0-6-12 674 617 35 35 
cell-0-6-13 709 617 35 35 
cell-0-6-14 744 617 35 35 
cell-0-6-15 779 617 35 35 
table-3 109 921 800 456 
cell-3-0-0 109 921 88 49 
cell-3-0-1 197 921 88 49 
cell-3-0-2 285 921 88 49 
cell-3-0-3 373 921 88 49 
cell-3-0-4 461 921 88 49 
cell-3-0-5 549 921 88 49 
cell-3-0-6 637 921 88 49 
cell-3-0-7 725 921 88 49 
cell-3-0-8 813 921 88 49 
cell-3-1-0 109 979 88 49 
cell-3-1-1 197 979 88 49 
cell-3-1-2 285 979 88 49 
cell-3-1-3 373 979 88 49 
cell-3-1-4 461 979 88 49 
cell-3-1-5 549 979 88 49 
cell-3-1-6 637 979 88 49 
cell-3-1-7 725 979 88 49 
cell-3-1-8 813 979 88 49 
cell-3-2-0 109 1037 88 49 
cell-3-2-1 197 1037 88 49 
cell-3-2-2 285 1037 88 49 
cell-3-2-3 373 1037 88 49 
cell-3-2-4 461 1037 88 49 
cell-3-2-5 549 1037 88 49 
cell-3-2-6 637 1037 88 49 
cell-3-2-7 725 1037 88 49 
cell-3-2-8 813 1037 88 49 
cell-3-3-0 109 1095 88 49 
cell-3-3-1 197 1095 88 49 
cell-3-3-2 285 1095 88 49 
cell-3-3-3 373 1095 88 49 
cell-3-3-4 461 1095 88 49 
cell-3-3-5 549 1095 88 49 
cell-3-3-6 637 1095 88 49 
cell-3-3-7 725 1095 88 49 
cell-3-3-8 813 1095 88 49 
cell-3-4-0 109 1153 88 49 
cell-3-4-1 197 1153 88 49 
cell-3-4-2 285 1153 88 49 
cell-3-4-3 373 1153 88 49 
cell-3-4-4 461 1153 88 49 
cell-3-4-5 549 1153 88 49 
cell-3-4-6 637 1153 88 49 
cell-3-4-7 725 1153 88 49 
cell-3-4-8 813 1153 88 49 
cell-3-5-0 109 1211 88 49 
cell-3-5-1 197 1211 88 49 
cell-3-5-2 285 1211 88 49 
cell-3-5-3 373 1211 88 49 
cell-3-5-4 461 1211 88 49 
cell-3-5-5 549 1211 88 49 
cell-3-5-6 637 1211 88 49 
cell-3-5-7 725 1211 88 49 
cell-3-5-8 813 1211 88 49 
cell-3-6-0 109 1269 88 49 
cell-3-6-1 197 1269 88 49 
cell-3-6-2 285 1269 88 49 
cell-3-6-3 373 1269 88 49 
cell-3-6-4 461 1269 88 49 
cell-3-6-5 549 1269 88 49 
cell-3-6-6 637 1269 88 49 
cell-3-6-7 725 1269 88 49 
cell-3-6-8 813 1269 88 49 
cell-3-7-0 109 1327 88 49 
cell-3-7-1 197 1327 88 49 
cell-3-7-2 285 1327 88 49 
cell-3-7-3 373 1327 88 49 
cell-3-7-4 461 1327 88 49 
cell-3-7-5 549 1327 88 49 
cell-3-7-6 637 1327 88 49 
cell-3-7-7 725 1327 88 49 
cell-3-7-8 813 1327 88 49 
