header-0 152 1263 829 193 
row-1-1 152 1263 269 40 
row-1-2 441 1263 269 40 
row-2-1 152 1313 335 40 
row-2-2 507 1313 469 40 
row-3-1 152 1363 599 40 
row-4-1 152 1413 698 40 
table-3 661 235 183 488 
cell-3-0-0 661 235 45 35 
cell-3-0-1 706 235 45 35 
cell-3-0-2 751 235 45 35 
cell-3-0-3 796 235 45 35 
cell-3-1-0 661 285 45 35 
cell-3-1-1 706 285 45 35 
cell-3-1-2 751 285 45 35 
cell-3-1-3 796 285 45 35 
cell-3-2-0 661 335 45 35 
cell-3-2-1 706 335 45 35 
cell-3-2-2 751 335 45 35 
cell-3-2-3 796 335 45 35 
cell-3-3-0 661 385 45 35 
cell-3-3-1 706 385 45 35 
cell-3-3-2 751 385 45 35 
cell-3-3-3 796 385 45 35 
cell-3-4-0 661 435 45 35 
cell-3-4-1 706 435 45 35 
cell-3-4-2 751 435 45 35 
cell-3-4-3 796 435 45 35 
cell-3-5-0 661 485 45 35 
cell-3-5-1 706 485 45 35 
cell-3-5-2 751 485 45 35 
cell-3-5-3 796 485 45 35 
cell-3-6-0 661 535 45 35 
cell-3-6-1 706 535 45 35 
cell-3-6-2 751 535 45 35 
cell-3-6-3 796 535 45 35 
cell-3-7-0 661 585 45 35 
cell-3-7-1 706 585 45 35 
cell-3-7-2 751 585 45 35 
cell-3-7-3 796 585 45 35 
cell-3-8-0 661 635 45 35 
cell-3-8-1 706 635 45 35 
cell-3-8-2 751 635 45 35 
cell-3-8-3 796 635 45 35 
cell-3-9-0 661 685 45 35 
cell-3-9-1 706 685 45 35 
cell-3-9-2 751 685 45 35 
cell-3-9-3 796 685 45 35 
