table-0 187 211 621 289 
cell-0-1-0 187 211 36 35 
cell-0-1-1 226 211 36 35 
cell-0-1-2 265 211 36 35 
cell-0-1-3 304 211 36 35 
cell-0-1-4 343 211 36 35 
cell-0-1-5 382 211 36 35 
cell-0-1-6 421 211 36 35 
cell-0-1-7 460 211 36 35 
cell-0-1-8 499 211 36 35 
cell-0-1-9 538 211 36 35 
cell-0-1-10 577 211 36 35 
cell-0-1-11 616 211 36 35 
cell-0-1-12 655 211 36 35 
cell-0-1-13 694 211 36 35 
cell-0-1-14 733 211 36 35 
cell-0-1-15 772 211 36 35 
cell-0-2-0 187 247 36 35 
cell-0-2-1 226 247 36 35 
cell-0-2-2 265 247 36 35 
cell-0-2-3 304 247 36 35 
cell-0-2-4 343 247 36 35 
cell-0-2-5 382 247 36 35 
cell-0-2-6 421 247 36 35 
cell-0-2-7 460 247 36 35 
cell-0-2-8 499 247 36 35 
cell-0-2-9 538 247 36 35 
cell-0-2-10 577 247 36 35 
cell-0-2-11 616 247 36 35 
cell-0-2-12 655 247 36 35 
cell-0-2-13 694 247 36 35 
cell-0-2-14 733 247 36 35 
cell-0-2-15 772 247 36 35 
cell-0-3-0 187 283 36 35 
cell-0-3-1 226 283 36 35 
cell-0-3-2 265 283 36 35 
cell-0-3-3 304 283 36 35 
cell-0-3-4 343 283 36 35 
cell-0-3-5 382 283 36 35 
cell-0-3-6 421 283 36 35 
cell-0-3-7 460 283 36 35 
cell-0-3-8 499 283 36 35 
cell-0-3-9 538 283 36 35 
cell-0-3-10 577 283 36 35 
cell-0-3-11 616 283 36 35 
cell-0-3-12 655 283 36 35 
cell-0-3-13 694 283 36 35 
cell-0-3-14 733 283 36 35 
cell-0-3-15 772 283 36 35 
cell-0-4-0 187 319 36 35 
cell-0-4-1 226 319 36 35 
cell-0-4-2 265 319 36 35 
cell-0-4-3 304 319 36 35 
cell-0-4-4 343 319 36 35 
cell-0-4-5 382 319 36 35 
cell-0-4-6 421 319 36 35 
cell-0-4-7 460 319 36 35 
cell-0-4-8 499 319 36 35 
cell-0-4-9 538 319 36 35 
cell-0-4-10 577 319 36 35 
cell-0-4-11 616 319 36 35 
cell-0-4-12 655 319 36 35 
cell-0-4-13 694 319 36 35 
cell-0-4-14 733 319 36 35 
cell-0-4-15 772 319 36 35 
cell-0-5-0 187 355 36 35 
cell-0-5-1 226 355 36 35 
cell-0-5-2 265 355 36 35 
cell-0-5-3 304 355 36 35 
cell-0-5-4 343 355 36 35 
cell-0-5-5 382 355 36 35 
cell-0-5-6 421 355 36 35 
cell-0-5-7 460 355 36 35 
cell-0-5-8 499 355 36 35 
cell-0-5-9 538 355 36 35 
cell-0-5-10 577 355 36 35 
cell-0-5-11 616 355 36 35 
cell-0-5-12 655 355 36 35 
cell-0-5-13 694 355 36 35 
cell-0-5-14 733 355 36 35 
cell-0-5-15 772 355 36 35 
cell-0-6-0 187 391 36 35 
cell-0-6-1 226 391 36 35 
cell-0-6-2 265 391 36 35 
cell-0-6-3 304 391 36 35 
cell-0-6-4 343 391 36 35 
cell-0-6-5 382 391 36 35 
cell-0-6-6 421 391 36 35 
cell-0-6-7 460 391 36 35 
cell-0-6-8 499 391 36 35 
cell-0-6-9 538 391 36 35 
cell-0-6-10 577 391 36 35 
cell-0-6-11 616 391 36 35 
cell-0-6-12 655 391 36 35 
cell-0-6-13 694 391 36 35 
cell-0-6-14 733 391 36 35 
cell-0-6-15 772 391 36 35 
cell-0-7-0 187 427 36 35 
cell-0-7-1 226 427 36 35 
cell-0-7-2 265 427 36 35 
cell-0-7-3 304 427 36 35 
cell-0-7-4 343 427 36 35 
cell-0-7-5 382 427 36 35 
cell-0-7-6 421 427 36 35 
cell-0-7-7 460 427 36 35 
cell-0-7-8 499 427 36 35 
cell-0-7-9 538 427 36 35 
cell-0-7-10 577 427 36 35 
cell-0-7-11 616 427 36 35 
cell-0-7-12 655 427 36 35 
cell-0-7-13 694 427 36 35 
cell-0-7-14 733 427 36 35 
cell-0-7-15 772 427 36 35 
cell-0-8-0 187 463 36 35 
cell-0-8-1 226 463 36 35 
cell-0-8-2 265 463 36 35 
cell-0-8-3 304 463 36 35 
cell-0-8-4 343 463 36 35 
cell-0-8-5 382 463 36 35 
cell-0-8-6 421 463 36 35 
cell-0-8-7 460 463 36 35 
cell-0-8-8 499 463 36 35 
cell-0-8-9 538 463 36 35 
cell-0-8-10 577 463 36 35 
cell-0-8-11 616 463 36 35 
cell-0-8-12 655 463 36 35 
cell-0-8-13 694 463 36 35 
cell-0-8-14 733 463 36 35 
cell-0-8-15 772 463 36 35 
