table-0 547 497 228 508 
cell-0-0-0 547 497 45 35 
cell-0-0-1 592 497 45 35 
cell-0-0-2 637 497 45 35 
cell-0-0-3 682 497 45 35 
cell-0-0-4 727 497 45 35 
cell-0-1-0 547 544 45 35 
cell-0-1-1 592 544 45 35 
cell-0-1-2 637 544 45 35 
cell-0-1-3 682 544 45 35 
cell-0-1-4 727 544 45 35 
cell-0-2-0 547 591 45 35 
cell-0-2-1 592 591 45 35 
cell-0-2-2 637 591 45 35 
cell-0-2-3 682 591 45 35 
cell-0-2-4 727 591 45 35 
cell-0-3-0 547 638 45 35 
cell-0-3-1 592 638 45 35 
cell-0-3-2 637 638 45 35 
cell-0-3-3 682 638 45 35 
cell-0-3-4 727 638 45 35 
cell-0-4-0 547 685 45 35 
cell-0-4-1 592 685 45 35 
cell-0-4-2 637 685 45 35 
cell-0-4-3 682 685 45 35 
cell-0-4-4 727 685 45 35 
cell-0-5-0 547 732 45 35 
cell-0-5-1 592 732 45 35 
cell-0-5-2 637 732 45 35 
cell-0-5-3 682 732 45 35 
cell-0-5-4 727 732 45 35 
cell-0-6-0 547 779 45 35 
cell-0-6-1 592 779 45 35 
cell-0-6-2 637 779 45 35 
cell-0-6-3 682 779 45 35 
cell-0-6-4 727 779 45 35 
cell-0-7-0 547 826 45 35 
cell-0-7-1 592 826 45 35 
cell-0-7-2 637 826 45 35 
cell-0-7-3 682 826 45 35 
cell-0-7-4 727 826 45 35 
cell-0-8-0 547 873 45 35 
cell-0-8-1 592 873 45 35 
cell-0-8-2 637 873 45 35 
cell-0-8-3 682 873 45 35 
cell-0-8-4 727 873 45 35 
cell-0-9-0 547 920 45 35 
cell-0-9-1 592 920 45 35 
cell-0-9-2 637 920 45 35 
cell-0-9-3 682 920 45 35 
cell-0-9-4 727 920 45 35 
cell-0-10-0 547 967 45 35 
cell-0-10-1 592 967 45 35 
cell-0-10-2 637 967 45 35 
cell-0-10-3 682 967 45 35 
cell-0-10-4 727 967 45 35 
table-1 128 664 178 557 
cell-1-0-0 128 664 44 35 
cell-1-0-1 172 664 44 35 
cell-1-0-2 216 664 44 35 
cell-1-0-3 260 664 44 35 
cell-1-1-0 128 704 44 35 
cell-1-1-1 172 704 44 35 
cell-1-1-2 216 704 44 35 
cell-1-1-3 260 704 44 35 
cell-1-2-0 128 744 44 35 
cell-1-2-1 172 744 44 35 
cell-1-2-2 216 744 44 35 
cell-1-2-3 260 744 44 35 
cell-1-3-0 128 784 44 35 
cell-1-3-1 172 784 44 35 
cell-1-3-2 216 784 44 35 
cell-1-3-3 260 784 44 35 
cell-1-4-0 128 824 44 35 
cell-1-4-1 172 824 44 35 
cell-1-4-2 216 824 44 35 
cell-1-4-3 260 824 44 35 
cell-1-5-0 128 864 44 35 
cell-1-5-1 172 864 44 35 
cell-1-5-2 216 864 44 35 
cell-1-5-3 260 864 44 35 
cell-1-6-0 128 904 44 35 
cell-1-6-1 172 904 44 35 
cell-1-6-2 216 904 44 35 
cell-1-6-3 260 904 44 35 
cell-1-7-0 128 944 44 35 
cell-1-7-1 172 944 44 35 
cell-1-7-2 216 944 44 35 
cell-1-7-3 260 944 44 35 
cell-1-8-0 128 984 44 35 
cell-1-8-1 172 984 44 35 
cell-1-8-2 216 984 44 35 
cell-1-8-3 260 984 44 35 
cell-1-9-0 128 1024 44 35 
cell-1-9-1 172 1024 44 35 
cell-1-9-2 216 1024 44 35 
cell-1-9-3 260 1024 44 35 
cell-1-10-0 128 1064 44 35 
cell-1-10-1 172 1064 44 35 
cell-1-10-2 216 1064 44 35 
cell-1-10-3 260 1064 44 35 
cell-1-11-0 128 1104 44 35 
cell-1-11-1 172 1104 44 35 
cell-1-11-2 216 1104 44 35 
cell-1-11-3 260 1104 44 35 
cell-1-12-0 128 1144 44 35 
cell-1-12-1 172 1144 44 35 
cell-1-12-2 216 1144 44 35 
cell-1-12-3 260 1144 44 35 
cell-1-13-0 128 1184 44 35 
cell-1-13-1 172 1184 44 35 
cell-1-13-2 216 1184 44 35 
cell-1-13-3 260 1184 44 35 
