table-0 456 197 543 550 
cell-0-1-0 456 197 36 35 
cell-0-1-1 495 197 36 35 
cell-0-1-2 534 197 36 35 
cell-0-1-3 573 197 36 35 
cell-0-1-4 612 197 36 35 
cell-0-1-5 651 197 36 35 
cell-0-1-6 690 197 36 35 
cell-0-1-7 729 197 36 35 
cell-0-1-8 768 197 36 35 
cell-0-1-9 807 197 36 35 
cell-0-1-10 846 197 36 35 
cell-0-1-11 885 197 36 35 
cell-0-1-12 924 197 36 35 
cell-0-1-13 963 197 36 35 
cell-0-2-0 456 254 36 35 
cell-0-2-1 495 254 36 35 
cell-0-2-2 534 254 36 35 
cell-0-2-3 573 254 36 35 
cell-0-2-4 612 254 36 35 
cell-0-2-5 651 254 36 35 
cell-0-2-6 690 254 36 35 
cell-0-2-7 729 254 36 35 
cell-0-2-8 768 254 36 35 
cell-0-2-9 807 254 36 35 
cell-0-2-10 846 254 36 35 
cell-0-2-11 885 254 36 35 
cell-0-2-12 924 254 36 35 
cell-0-2-13 963 254 36 35 
cell-0-3-0 456 311 36 35 
cell-0-3-1 495 311 36 35 
cell-0-3-2 534 311 36 35 
cell-0-3-3 573 311 36 35 
cell-0-3-4 612 311 36 35 
cell-0-3-5 651 311 36 35 
cell-0-3-6 690 311 36 35 
cell-0-3-7 729 311 36 35 
cell-0-3-8 768 311 36 35 
cell-0-3-9 807 311 36 35 
cell-0-3-10 846 311 36 35 
cell-0-3-11 885 311 36 35 
cell-0-3-12 924 311 36 35 
cell-0-3-13 963 311 36 35 
cell-0-4-0 456 368 36 35 
cell-0-4-1 495 368 36 35 
cell-0-4-2 534 368 36 35 
cell-0-4-3 573 368 36 35 
cell-0-4-4 612 368 36 35 
cell-0-4-5 651 368 36 35 
cell-0-4-6 690 368 36 35 
cell-0-4-7 729 368 36 35 
cell-0-4-8 768 368 36 35 
cell-0-4-9 807 368 36 35 
cell-0-4-10 846 368 36 35 
cell-0-4-11 885 368 36 35 
cell-0-4-12 924 368 36 35 
cell-0-4-13 963 368 36 35 
cell-0-5-0 456 425 36 35 
cell-0-5-1 495 425 36 35 
cell-0-5-2 534 425 36 35 
cell-0-5-3 573 425 36 35 
cell-0-5-4 612 425 36 35 
cell-0-5-5 651 425 36 35 
cell-0-5-6 690 425 36 35 
cell-0-5-7 729 425 36 35 
cell-0-5-8 768 425 36 35 
cell-0-5-9 807 425 36 35 
cell-0-5-10 846 425 36 35 
cell-0-5-11 885 425 36 35 
cell-0-5-12 924 425 36 35 
cell-0-5-13 963 425 36 35 
cell-0-6-0 456 482 36 35 
cell-0-6-1 495 482 36 35 
cell-0-6-2 534 482 36 35 
cell-0-6-3 573 482 36 35 
cell-0-6-4 612 482 36 35 
cell-0-6-5 651 482 36 35 
cell-0-6-6 690 482 36 35 
cell-0-6-7 729 482 36 35 
cell-0-6-8 768 482 36 35 
cell-0-6-9 807 482 36 35 
cell-0-6-10 846 482 36 35 
cell-0-6-11 885 482 36 35 
cell-0-6-12 924 482 36 35 
cell-0-6-13 963 482 36 35 
cell-0-7-0 456 539 36 35 
cell-0-7-1 495 539 36 35 
cell-0-7-2 534 539 36 35 
cell-0-7-3 573 539 36 35 
cell-0-7-4 612 539 36 35 
cell-0-7-5 651 539 36 35 
cell-0-7-6 690 539 36 35 
cell-0-7-7 729 539 36 35 
cell-0-7-8 768 539 36 35 
cell-0-7-9 807 539 36 35 
cell-0-7-10 846 539 36 35 
cell-0-7-11 885 539 36 35 
cell-0-7-12 924 539 36 35 
cell-0-7-13 963 539 36 35 
cell-0-8-0 456 596 36 35 
cell-0-8-1 495 596 36 35 
cell-0-8-2 534 596 36 35 
cell-0-8-3 573 596 36 35 
cell-0-8-4 612 596 36 35 
cell-0-8-5 651 596 36 35 
cell-0-8-6 690 596 36 35 
cell-0-8-7 729 596 36 35 
cell-0-8-8 768 596 36 35 
cell-0-8-9 807 596 36 35 
cell-0-8-10 846 596 36 35 
cell-0-8-11 885 596 36 35 
cell-0-8-12 924 596 36 35 
cell-0-8-13 963 596 36 35 
cell-0-9-0 456 653 36 35 
cell-0-9-1 495 653 36 35 
cell-0-9-2 534 653 36 35 
cell-0-9-3 573 653 36 35 
cell-0-9-4 612 653 36 35 
cell-0-9-5 651 653 36 35 
cell-0-9-6 690 653 36 35 
cell-0-9-7 729 653 36 35 
cell-0-9-8 768 653 36 35 
cell-0-9-9 807 653 36 35 
cell-0-9-10 846 653 36 35 
cell-0-9-11 885 653 36 35 
cell-0-9-12 924 653 36 35 
cell-0-9-13 963 653 36 35 
cell-0-10-0 456 710 36 35 
cell-0-10-1 495 710 36 35 
cell-0-10-2 534 710 36 35 
cell-0-10-3 573 710 36 35 
cell-0-10-4 612 710 36 35 
cell-0-10-5 651 710 36 35 
cell-0-10-6 690 710 36 35 
cell-0-10-7 729 710 36 35 
cell-0-10-8 768 710 36 35 
cell-0-10-9 807 710 36 35 
cell-0-10-10 846 710 36 35 
cell-0-10-11 885 710 36 35 
cell-0-10-12 924 710 36 35 
cell-0-10-13 963 710 36 35 
