table-0 169 837 612 392 
cell-0-1-0 169 837 38 35 
cell-0-1-1 210 837 38 35 
cell-0-1-2 251 837 38 35 
cell-0-1-3 292 837 38 35 
cell-0-1-4 333 837 38 35 
cell-0-1-5 374 837 38 35 
cell-0-1-6 415 837 38 35 
cell-0-1-7 456 837 38 35 
cell-0-1-8 497 837 38 35 
cell-0-1-9 538 837 38 35 
cell-0-1-10 579 837 38 35 
cell-0-1-11 620 837 38 35 
cell-0-1-12 661 837 38 35 
cell-0-1-13 702 837 38 35 
cell-0-1-14 743 837 38 35 
cell-0-2-0 169 896 38 35 
cell-0-2-1 210 896 38 35 
cell-0-2-2 251 896 38 35 
cell-0-2-3 292 896 38 35 
cell-0-2-4 333 896 38 35 
cell-0-2-5 374 896 38 35 
cell-0-2-6 415 896 38 35 
cell-0-2-7 456 896 38 35 
cell-0-2-8 497 896 38 35 
cell-0-2-9 538 896 38 35 
cell-0-2-10 579 896 38 35 
cell-0-2-11 620 896 38 35 
cell-0-2-12 661 896 38 35 
cell-0-2-13 702 896 38 35 
cell-0-2-14 743 896 38 35 
cell-0-3-0 169 955 38 35 
cell-0-3-1 210 955 38 35 
cell-0-3-2 251 955 38 35 
cell-0-3-3 292 955 38 35 
cell-0-3-4 333 955 38 35 
cell-0-3-5 374 955 38 35 
cell-0-3-6 415 955 38 35 
cell-0-3-7 456 955 38 35 
cell-0-3-8 497 955 38 35 
cell-0-3-9 538 955 38 35 
cell-0-3-10 579 955 38 35 
cell-0-3-11 620 955 38 35 
cell-0-3-12 661 955 38 35 
cell-0-3-13 702 955 38 35 
cell-0-3-14 743 955 38 35 
cell-0-4-0 169 1014 38 35 
cell-0-4-1 210 1014 38 35 
cell-0-4-2 251 1014 38 35 
cell-0-4-3 292 1014 38 35 
cell-0-4-4 333 1014 38 35 
cell-0-4-5 374 1014 38 35 
cell-0-4-6 415 1014 38 35 
cell-0-4-7 456 1014 38 35 
cell-0-4-8 497 1014 38 35 
cell-0-4-9 538 1014 38 35 
cell-0-4-10 579 1014 38 35 
cell-0-4-11 620 1014 38 35 
cell-0-4-12 661 1014 38 35 
cell-0-4-13 702 1014 38 35 
cell-0-4-14 743 1014 38 35 
cell-0-5-0 169 1073 38 35 
cell-0-5-1 210 1073 38 35 
cell-0-5-2 251 1073 38 35 
cell-0-5-3 292 1073 38 35 
cell-0-5-4 333 1073 38 35 
cell-0-5-5 374 1073 38 35 
cell-0-5-6 415 1073 38 35 
cell-0-5-7 456 1073 38 35 
cell-0-5-8 497 1073 38 35 
cell-0-5-9 538 1073 38 35 
cell-0-5-10 579 1073 38 35 
cell-0-5-11 620 1073 38 35 
cell-0-5-12 661 1073 38 35 
cell-0-5-13 702 1073 38 35 
cell-0-5-14 743 1073 38 35 
cell-0-6-0 169 1132 38 35 
cell-0-6-1 210 1132 38 35 
cell-0-6-2 251 1132 38 35 
cell-0-6-3 292 1132 38 35 
cell-0-6-4 333 1132 38 35 
cell-0-6-5 374 1132 38 35 
cell-0-6-6 415 1132 38 35 
cell-0-6-7 456 1132 38 35 
cell-0-6-8 497 1132 38 35 
cell-0-6-9 538 1132 38 35 
cell-0-6-10 579 1132 38 35 
cell-0-6-11 620 1132 38 35 
cell-0-6-12 661 1132 38 35 
cell-0-6-13 702 1132 38 35 
cell-0-6-14 743 1132 38 35 
cell-0-7-0 169 1191 38 35 
cell-0-7-1 210 1191 38 35 
cell-0-7-2 251 1191 38 35 
cell-0-7-3 292 1191 38 35 
cell-0-7-4 333 1191 38 35 
cell-0-7-5 374 1191 38 35 
cell-0-7-6 415 1191 38 35 
cell-0-7-7 456 1191 38 35 
cell-0-7-8 497 1191 38 35 
cell-0-7-9 538 1191 38 35 
cell-0-7-10 579 1191 38 35 
cell-0-7-11 620 1191 38 35 
cell-0-7-12 661 1191 38 35 
cell-0-7-13 702 1191 38 35 
cell-0-7-14 743 1191 38 35 
table-4 329 351 571 213 
cell-4-1-0 329 351 38 35 
cell-4-1-1 370 351 38 35 
cell-4-1-2 411 351 38 35 
cell-4-1-3 452 351 38 35 
cell-4-1-4 493 351 38 35 
cell-4-1-5 534 351 38 35 
cell-4-1-6 575 351 38 35 
cell-4-1-7 616 351 38 35 
cell-4-1-8 657 351 38 35 
cell-4-1-9 698 351 38 35 
cell-4-1-10 739 351 38 35 
cell-4-1-11 780 351 38 35 
cell-4-1-12 821 351 38 35 
cell-4-1-13 862 351 38 35 
cell-4-2-0 329 386 38 35 
cell-4-2-1 370 386 38 35 
cell-4-2-2 411 386 38 35 
cell-4-2-3 452 386 38 35 
cell-4-2-4 493 386 38 35 
cell-4-2-5 534 386 38 35 
cell-4-2-6 575 386 38 35 
cell-4-2-7 616 386 38 35 
cell-4-2-8 657 386 38 35 
cell-4-2-9 698 386 38 35 
cell-4-2-10 739 386 38 35 
cell-4-2-11 780 386 38 35 
cell-4-2-12 821 386 38 35 
cell-4-2-13 862 386 38 35 
cell-4-3-0 329 421 38 35 
cell-4-3-1 370 421 38 35 
cell-4-3-2 411 421 38 35 
cell-4-3-3 452 421 38 35 
cell-4-3-4 493 421 38 35 
cell-4-3-5 534 421 38 35 
cell-4-3-6 575 421 38 35 
cell-4-3-7 616 421 38 35 
cell-4-3-8 657 421 38 35 
cell-4-3-9 698 421 38 35 
cell-4-3-10 739 421 38 35 
cell-4-3-11 780 421 38 35 
cell-4-3-12 821 421 38 35 
cell-4-3-13 862 421 38 35 
cell-4-4-0 329 456 38 35 
cell-4-4-1 370 456 38 35 
cell-4-4-2 411 456 38 35 
cell-4-4-3 452 456 38 35 
cell-4-4-4 493 456 38 35 
cell-4-4-5 534 456 38 35 
cell-4-4-6 575 456 38 35 
cell-4-4-7 616 456 38 35 
cell-4-4-8 657 456 38 35 
cell-4-4-9 698 456 38 35 
cell-4-4-10 739 456 38 35 
cell-4-4-11 780 456 38 35 
cell-4-4-12 821 456 38 35 
cell-4-4-13 862 456 38 35 
cell-4-5-0 329 491 38 35 
cell-4-5-1 370 491 38 35 
cell-4-5-2 411 491 38 35 
cell-4-5-3 452 491 38 35 
cell-4-5-4 493 491 38 35 
cell-4-5-5 534 491 38 35 
cell-4-5-6 575 491 38 35 
cell-4-5-7 616 491 38 35 
cell-4-5-8 657 491 38 35 
cell-4-5-9 698 491 38 35 
cell-4-5-10 739 491 38 35 
cell-4-5-11 780 491 38 35 
cell-4-5-12 821 491 38 35 
cell-4-5-13 862 491 38 35 
cell-4-6-0 329 526 38 35 
cell-4-6-1 370 526 38 35 
cell-4-6-2 411 526 38 35 
cell-4-6-3 452 526 38 35 
cell-4-6-4 493 526 38 35 
cell-4-6-5 534 526 38 35 
cell-4-6-6 575 526 38 35 
cell-4-6-7 616 526 38 35 
cell-4-6-8 657 526 38 35 
cell-4-6-9 698 526 38 35 
cell-4-6-10 739 526 38 35 
cell-4-6-11 780 526 38 35 
cell-4-6-12 821 526 38 35 
cell-4-6-13 862 526 38 35 
