header-0 158 648 881 193 
row-1-1 158 648 344 40 
row-1-2 522 648 410 40 
row-2-1 158 698 410 40 
row-2-2 588 698 443 40 
row-3-1 158 748 641 40 
row-4-1 158 798 674 40 
header-1 172 198 760 195 
row-1-1 172 198 390 41 
row-1-2 582 198 291 41 
row-2-1 172 249 324 41 
row-2-2 516 249 414 41 
row-3-1 172 300 555 41 
row-4-1 172 351 456 41 
table-2 325 1013 500 409 
cell-2-0-0 325 1013 83 49 
cell-2-0-1 408 1013 83 49 
cell-2-0-2 491 1013 83 49 
cell-2-0-3 574 1013 83 49 
cell-2-0-4 657 1013 83 49 
cell-2-0-5 740 1013 83 49 
cell-2-1-0 325 1064 83 49 
cell-2-1-1 408 1064 83 49 
cell-2-1-2 491 1064 83 49 
cell-2-1-3 574 1064 83 49 
cell-2-1-4 657 1064 83 49 
cell-2-1-5 740 1064 83 49 
cell-2-2-0 325 1115 83 49 
cell-2-2-1 408 1115 83 49 
cell-2-2-2 491 1115 83 49 
cell-2-2-3 574 1115 83 49 
cell-2-2-4 657 1115 83 49 
cell-2-2-5 740 1115 83 49 
cell-2-3-0 325 1166 83 49 
cell-2-3-1 408 1166 83 49 
cell-2-3-2 491 1166 83 49 
cell-2-3-3 574 1166 83 49 
cell-2-3-4 657 1166 83 49 
cell-2-3-5 740 1166 83 49 
cell-2-4-0 325 1217 83 49 
cell-2-4-1 408 1217 83 49 
cell-2-4-2 491 1217 83 49 
cell-2-4-3 574 1217 83 49 
cell-2-4-4 657 1217 83 49 
cell-2-4-5 740 1217 83 49 
cell-2-5-0 325 1268 83 49 
cell-2-5-1 408 1268 83 49 
cell-2-5-2 491 1268 83 49 
cell-2-5-3 574 1268 83 49 
cell-2-5-4 657 1268 83 49 
cell-2-5-5 740 1268 83 49 
cell-2-6-0 325 1319 83 49 
cell-2-6-1 408 1319 83 49 
cell-2-6-2 491 1319 83 49 
cell-2-6-3 574 1319 83 49 
cell-2-6-4 657 1319 83 49 
cell-2-6-5 740 1319 83 49 
cell-2-7-0 325 1370 83 49 
cell-2-7-1 408 1370 83 49 
cell-2-7-2 491 1370 83 49 
cell-2-7-3 574 1370 83 49 
cell-2-7-4 657 1370 83 49 
cell-2-7-5 740 1370 83 49 
