table-0 302 207 273 498 
cell-0-0-0 302 207 45 35 
cell-0-0-1 347 207 45 35 
cell-0-0-2 392 207 45 35 
cell-0-0-3 437 207 45 35 
cell-0-0-4 482 207 45 35 
cell-0-0-5 527 207 45 35 
cell-0-1-0 302 253 45 35 
cell-0-1-1 347 253 45 35 
cell-0-1-2 392 253 45 35 
cell-0-1-3 437 253 45 35 
cell-0-1-4 482 253 45 35 
cell-0-1-5 527 253 45 35 
cell-0-2-0 302 299 45 35 
cell-0-2-1 347 299 45 35 
cell-0-2-2 392 299 45 35 
cell-0-2-3 437 299 45 35 
cell-0-2-4 482 299 45 35 
cell-0-2-5 527 299 45 35 
cell-0-3-0 302 345 45 35 
cell-0-3-1 347 345 45 35 
cell-0-3-2 392 345 45 35 
cell-0-3-3 437 345 45 35 
cell-0-3-4 482 345 45 35 
cell-0-3-5 527 345 45 35 
cell-0-4-0 302 391 45 35 
cell-0-4-1 347 391 45 35 
cell-0-4-2 392 391 45 35 
cell-0-4-3 437 391 45 35 
cell-0-4-4 482 391 45 35 
cell-0-4-5 527 391 45 35 
cell-0-5-0 302 437 45 35 
cell-0-5-1 347 437 45 35 
cell-0-5-2 392 437 45 35 
cell-0-5-3 437 437 45 35 
cell-0-5-4 482 437 45 35 
cell-0-5-5 527 437 45 35 
cell-0-6-0 302 483 45 35 
cell-0-6-1 347 483 45 35 
cell-0-6-2 392 483 45 35 
cell-0-6-3 437 483 45 35 
cell-0-6-4 482 483 45 35 
cell-0-6-5 527 483 45 35 
cell-0-7-0 302 529 45 35 
cell-0-7-1 347 529 45 35 
cell-0-7-2 392 529 45 35 
cell-0-7-3 437 529 45 35 
cell-0-7-4 482 529 45 35 
cell-0-7-5 527 529 45 35 
cell-0-8-0 302 575 45 35 
cell-0-8-1 347 575 45 35 
cell-0-8-2 392 575 45 35 
cell-0-8-3 437 575 45 35 
cell-0-8-4 482 575 45 35 
cell-0-8-5 527 575 45 35 
cell-0-9-0 302 621 45 35 
cell-0-9-1 347 621 45 35 
cell-0-9-2 392 621 45 35 
cell-0-9-3 437 621 45 35 
cell-0-9-4 482 621 45 35 
cell-0-9-5 527 621 45 35 
cell-0-10-0 302 667 45 35 
cell-0-10-1 347 667 45 35 
cell-0-10-2 392 667 45 35 
cell-0-10-3 437 667 45 35 
cell-0-10-4 482 667 45 35 
cell-0-10-5 527 667 45 35 
table-1 686 218 216 387 
cell-1-0-0 686 218 43 35 
cell-1-0-1 729 218 43 35 
cell-1-0-2 772 218 43 35 
cell-1-0-3 815 218 43 35 
cell-1-0-4 858 218 43 35 
cell-1-1-0 686 257 43 35 
cell-1-1-1 729 257 43 35 
cell-1-1-2 772 257 43 35 
cell-1-1-3 815 257 43 35 
cell-1-1-4 858 257 43 35 
cell-1-2-0 686 296 43 35 
cell-1-2-1 729 296 43 35 
cell-1-2-2 772 296 43 35 
cell-1-2-3 815 296 43 35 
cell-1-2-4 858 296 43 35 
cell-1-3-0 686 335 43 35 
cell-1-3-1 729 335 43 35 
cell-1-3-2 772 335 43 35 
cell-1-3-3 815 335 43 35 
cell-1-3-4 858 335 43 35 
cell-1-4-0 686 374 43 35 
cell-1-4-1 729 374 43 35 
cell-1-4-2 772 374 43 35 
cell-1-4-3 815 374 43 35 
cell-1-4-4 858 374 43 35 
cell-1-5-0 686 413 43 35 
cell-1-5-1 729 413 43 35 
cell-1-5-2 772 413 43 35 
cell-1-5-3 815 413 43 35 
cell-1-5-4 858 413 43 35 
cell-1-6-0 686 452 43 35 
cell-1-6-1 729 452 43 35 
cell-1-6-2 772 452 43 35 
cell-1-6-3 815 452 43 35 
cell-1-6-4 858 452 43 35 
cell-1-7-0 686 491 43 35 
cell-1-7-1 729 491 43 35 
cell-1-7-2 772 491 43 35 
cell-1-7-3 815 491 43 35 
cell-1-7-4 858 491 43 35 
cell-1-8-0 686 530 43 35 
cell-1-8-1 729 530 43 35 
cell-1-8-2 772 530 43 35 
cell-1-8-3 815 530 43 35 
cell-1-8-4 858 530 43 35 
cell-1-9-0 686 569 43 35 
cell-1-9-1 729 569 43 35 
cell-1-9-2 772 569 43 35 
cell-1-9-3 815 569 43 35 
cell-1-9-4 858 569 43 35 
