table-0 87 371 700 603 
cell-0-0-0 87 371 87 53 
cell-0-0-1 174 371 87 53 
cell-0-0-2 261 371 87 53 
cell-0-0-3 348 371 87 53 
cell-0-0-4 435 371 87 53 
cell-0-0-5 522 371 87 53 
cell-0-0-6 609 371 87 53 
cell-0-0-7 696 371 87 53 
cell-0-1-0 87 432 87 53 
cell-0-1-1 174 432 87 53 
cell-0-1-2 261 432 87 53 
cell-0-1-3 348 432 87 53 
cell-0-1-4 435 432 87 53 
cell-0-1-5 522 432 87 53 
cell-0-1-6 609 432 87 53 
cell-0-1-7 696 432 87 53 
cell-0-2-0 87 493 87 53 
cell-0-2-1 174 493 87 53 
cell-0-2-2 261 493 87 53 
cell-0-2-3 348 493 87 53 
cell-0-2-4 435 493 87 53 
cell-0-2-5 522 493 87 53 
cell-0-2-6 609 493 87 53 
cell-0-2-7 696 493 87 53 
cell-0-3-0 87 554 87 53 
cell-0-3-1 174 554 87 53 
cell-0-3-2 261 554 87 53 
cell-0-3-3 348 554 87 53 
cell-0-3-4 435 554 87 53 
cell-0-3-5 522 554 87 53 
cell-0-3-6 609 554 87 53 
cell-0-3-7 696 554 87 53 
cell-0-4-0 87 615 87 53 
cell-0-4-1 174 615 87 53 
cell-0-4-2 261 615 87 53 
cell-0-4-3 348 615 87 53 
cell-0-4-4 435 615 87 53 
cell-0-4-5 522 615 87 53 
cell-0-4-6 609 615 87 53 
cell-0-4-7 696 615 87 53 
cell-0-5-0 87 676 87 53 
cell-0-5-1 174 676 87 53 
cell-0-5-2 261 676 87 53 
cell-0-5-3 348 676 87 53 
cell-0-5-4 435 676 87 53 
cell-0-5-5 522 676 87 53 
cell-0-5-6 609 676 87 53 
cell-0-5-7 696 676 87 53 
cell-0-6-0 87 737 87 53 
cell-0-6-1 174 737 87 53 
cell-0-6-2 261 737 87 53 
cell-0-6-3 348 737 87 53 
cell-0-6-4 435 737 87 53 
cell-0-6-5 522 737 87 53 
cell-0-6-6 609 737 87 53 
cell-0-6-7 696 737 87 53 
cell-0-7-0 87 798 87 53 
cell-0-7-1 174 798 87 53 
cell-0-7-2 261 798 87 53 
cell-0-7-3 348 798 87 53 
cell-0-7-4 435 798 87 53 
cell-0-7-5 522 798 87 53 
cell-0-7-6 609 798 87 53 
cell-0-7-7 696 798 87 53 
cell-0-8-0 87 859 87 53 
cell-0-8-1 174 859 87 53 
cell-0-8-2 261 859 87 53 
cell-0-8-3 348 859 87 53 
cell-0-8-4 435 859 87 53 
cell-0-8-5 522 859 87 53 
cell-0-8-6 609 859 87 53 
cell-0-8-7 696 859 87 53 
cell-0-9-0 87 920 87 53 
cell-0-9-1 174 920 87 53 
cell-0-9-2 261 920 87 53 
cell-0-9-3 348 920 87 53 
cell-0-9-4 435 920 87 53 
cell-0-9-5 522 920 87 53 
cell-0-9-6 609 920 87 53 
cell-0-9-7 696 920 87 53 
