table-0 137 377 183 640 
cell-0-0-0 137 377 45 35 
cell-0-0-1 182 377 45 35 
cell-0-0-2 227 377 45 35 
cell-0-0-3 272 377 45 35 
cell-0-1-0 137 420 45 35 
cell-0-1-1 182 420 45 35 
cell-0-1-2 227 420 45 35 
cell-0-1-3 272 420 45 35 
cell-0-2-0 137 463 45 35 
cell-0-2-1 182 463 45 35 
cell-0-2-2 227 463 45 35 
cell-0-2-3 272 463 45 35 
cell-0-3-0 137 506 45 35 
cell-0-3-1 182 506 45 35 
cell-0-3-2 227 506 45 35 
cell-0-3-3 272 506 45 35 
cell-0-4-0 137 549 45 35 
cell-0-4-1 182 549 45 35 
cell-0-4-2 227 549 45 35 
cell-0-4-3 272 549 45 35 
cell-0-5-0 137 592 45 35 
cell-0-5-1 182 592 45 35 
cell-0-5-2 227 592 45 35 
cell-0-5-3 272 592 45 35 
cell-0-6-0 137 635 45 35 
cell-0-6-1 182 635 45 35 
cell-0-6-2 227 635 45 35 
cell-0-6-3 272 635 45 35 
cell-0-7-0 137 678 45 35 
cell-0-7-1 182 678 45 35 
cell-0-7-2 227 678 45 35 
cell-0-7-3 272 678 45 35 
cell-0-8-0 137 721 45 35 
cell-0-8-1 182 721 45 35 
cell-0-8-2 227 721 45 35 
cell-0-8-3 272 721 45 35 
cell-0-9-0 137 764 45 35 
cell-0-9-1 182 764 45 35 
cell-0-9-2 227 764 45 35 
cell-0-9-3 272 764 45 35 
cell-0-10-0 137 807 45 35 
cell-0-10-1 182 807 45 35 
cell-0-10-2 227 807 45 35 
cell-0-10-3 272 807 45 35 
cell-0-11-0 137 850 45 35 
cell-0-11-1 182 850 45 35 
cell-0-11-2 227 850 45 35 
cell-0-11-3 272 850 45 35 
cell-0-12-0 137 893 45 35 
cell-0-12-1 182 893 45 35 
cell-0-12-2 227 893 45 35 
cell-0-12-3 272 893 45 35 
cell-0-13-0 137 936 45 35 
cell-0-13-1 182 936 45 35 
cell-0-13-2 227 936 45 35 
cell-0-13-3 272 936 45 35 
cell-0-14-0 137 979 45 35 
cell-0-14-1 182 979 45 35 
cell-0-14-2 227 979 45 35 
cell-0-14-3 272 979 45 35 
