table-0 295 864 259 568 
cell-0-0-0 295 864 43 35 
cell-0-0-1 338 864 43 35 
cell-0-0-2 381 864 43 35 
cell-0-0-3 424 864 43 35 
cell-0-0-4 467 864 43 35 
cell-0-0-5 510 864 43 35 
cell-0-1-0 295 902 43 35 
cell-0-1-1 338 902 43 35 
cell-0-1-2 381 902 43 35 
cell-0-1-3 424 902 43 35 
cell-0-1-4 467 902 43 35 
cell-0-1-5 510 902 43 35 
cell-0-2-0 295 940 43 35 
cell-0-2-1 338 940 43 35 
cell-0-2-2 381 940 43 35 
cell-0-2-3 424 940 43 35 
cell-0-2-4 467 940 43 35 
cell-0-2-5 510 940 43 35 
cell-0-3-0 295 978 43 35 
cell-0-3-1 338 978 43 35 
cell-0-3-2 381 978 43 35 
cell-0-3-3 424 978 43 35 
cell-0-3-4 467 978 43 35 
cell-0-3-5 510 978 43 35 
cell-0-4-0 295 1016 43 35 
cell-0-4-1 338 1016 43 35 
cell-0-4-2 381 1016 43 35 
cell-0-4-3 424 1016 43 35 
cell-0-4-4 467 1016 43 35 
cell-0-4-5 510 1016 43 35 
cell-0-5-0 295 1054 43 35 
cell-0-5-1 338 1054 43 35 
cell-0-5-2 381 1054 43 35 
cell-0-5-3 424 1054 43 35 
cell-0-5-4 467 1054 43 35 
cell-0-5-5 510 1054 43 35 
cell-0-6-0 295 1092 43 35 
cell-0-6-1 338 1092 43 35 
cell-0-6-2 381 1092 43 35 
cell-0-6-3 424 1092 43 35 
cell-0-6-4 467 1092 43 35 
cell-0-6-5 510 1092 43 35 
cell-0-7-0 295 1130 43 35 
cell-0-7-1 338 1130 43 35 
cell-0-7-2 381 1130 43 35 
cell-0-7-3 424 1130 43 35 
cell-0-7-4 467 1130 43 35 
cell-0-7-5 510 1130 43 35 
cell-0-8-0 295 1168 43 35 
cell-0-8-1 338 1168 43 35 
cell-0-8-2 381 1168 43 35 
cell-0-8-3 424 1168 43 35 
cell-0-8-4 467 1168 43 35 
cell-0-8-5 510 1168 43 35 
cell-0-9-0 295 1206 43 35 
cell-0-9-1 338 1206 43 35 
cell-0-9-2 381 1206 43 35 
cell-0-9-3 424 1206 43 35 
cell-0-9-4 467 1206 43 35 
cell-0-9-5 510 1206 43 35 
cell-0-10-0 295 1244 43 35 
cell-0-10-1 338 1244 43 35 
cell-0-10-2 381 1244 43 35 
cell-0-10-3 424 1244 43 35 
cell-0-10-4 467 1244 43 35 
cell-0-10-5 510 1244 43 35 
cell-0-11-0 295 1282 43 35 
cell-0-11-1 338 1282 43 35 
cell-0-11-2 381 1282 43 35 
cell-0-11-3 424 1282 43 35 
cell-0-11-4 467 1282 43 35 
cell-0-11-5 510 1282 43 35 
cell-0-12-0 295 1320 43 35 
cell-0-12-1 338 1320 43 35 
cell-0-12-2 381 1320 43 35 
cell-0-12-3 424 1320 43 35 
cell-0-12-4 467 1320 43 35 
cell-0-12-5 510 1320 43 35 
cell-0-13-0 295 1358 43 35 
cell-0-13-1 338 1358 43 35 
cell-0-13-2 381 1358 43 35 
cell-0-13-3 424 1358 43 35 
cell-0-13-4 467 1358 43 35 
cell-0-13-5 510 1358 43 35 
cell-0-14-0 295 1396 43 35 
cell-0-14-1 338 1396 43 35 
cell-0-14-2 381 1396 43 35 
cell-0-14-3 424 1396 43 35 
cell-0-14-4 467 1396 43 35 
cell-0-14-5 510 1396 43 35 
