table-0 152 256 222 478 
cell-0-0-0 152 256 44 35 
cell-0-0-1 196 256 44 35 
cell-0-0-2 240 256 44 35 
cell-0-0-3 284 256 44 35 
cell-0-0-4 328 256 44 35 
cell-0-1-0 152 305 44 35 
cell-0-1-1 196 305 44 35 
cell-0-1-2 240 305 44 35 
cell-0-1-3 284 305 44 35 
cell-0-1-4 328 305 44 35 
cell-0-2-0 152 354 44 35 
cell-0-2-1 196 354 44 35 
cell-0-2-2 240 354 44 35 
cell-0-2-3 284 354 44 35 
cell-0-2-4 328 354 44 35 
cell-0-3-0 152 403 44 35 
cell-0-3-1 196 403 44 35 
cell-0-3-2 240 403 44 35 
cell-0-3-3 284 403 44 35 
cell-0-3-4 328 403 44 35 
cell-0-4-0 152 452 44 35 
cell-0-4-1 196 452 44 35 
cell-0-4-2 240 452 44 35 
cell-0-4-3 284 452 44 35 
cell-0-4-4 328 452 44 35 
cell-0-5-0 152 501 44 35 
cell-0-5-1 196 501 44 35 
cell-0-5-2 240 501 44 35 
cell-0-5-3 284 501 44 35 
cell-0-5-4 328 501 44 35 
cell-0-6-0 152 550 44 35 
cell-0-6-1 196 550 44 35 
cell-0-6-2 240 550 44 35 
cell-0-6-3 284 550 44 35 
cell-0-6-4 328 550 44 35 
cell-0-7-0 152 599 44 35 
cell-0-7-1 196 599 44 35 
cell-0-7-2 240 599 44 35 
cell-0-7-3 284 599 44 35 
cell-0-7-4 328 599 44 35 
cell-0-8-0 152 648 44 35 
cell-0-8-1 196 648 44 35 
cell-0-8-2 240 648 44 35 
cell-0-8-3 284 648 44 35 
cell-0-8-4 328 648 44 35 
cell-0-9-0 152 697 44 35 
cell-0-9-1 196 697 44 35 
cell-0-9-2 240 697 44 35 
cell-0-9-3 284 697 44 35 
cell-0-9-4 328 697 44 35 
