table-0 65 1092 900 297 
cell-0-0-0 65 1092 112 36 
cell-0-0-1 177 1092 112 36 
cell-0-0-2 289 1092 112 36 
cell-0-0-3 401 1092 112 36 
cell-0-0-4 513 1092 112 36 
cell-0-0-5 625 1092 112 36 
cell-0-0-6 737 1092 112 36 
cell-0-0-7 849 1092 112 36 
cell-0-1-0 65 1129 112 36 
cell-0-1-1 177 1129 112 36 
cell-0-1-2 289 1129 112 36 
cell-0-1-3 401 1129 112 36 
cell-0-1-4 513 1129 112 36 
cell-0-1-5 625 1129 112 36 
cell-0-1-6 737 1129 112 36 
cell-0-1-7 849 1129 112 36 
cell-0-2-0 65 1166 112 36 
cell-0-2-1 177 1166 112 36 
cell-0-2-2 289 1166 112 36 
cell-0-2-3 401 1166 112 36 
cell-0-2-4 513 1166 112 36 
cell-0-2-5 625 1166 112 36 
cell-0-2-6 737 1166 112 36 
cell-0-2-7 849 1166 112 36 
cell-0-3-0 65 1203 112 36 
cell-0-3-1 177 1203 112 36 
cell-0-3-2 289 1203 112 36 
cell-0-3-3 401 1203 112 36 
cell-0-3-4 513 1203 112 36 
cell-0-3-5 625 1203 112 36 
cell-0-3-6 737 1203 112 36 
cell-0-3-7 849 1203 112 36 
cell-0-4-0 65 1240 112 36 
cell-0-4-1 177 1240 112 36 
cell-0-4-2 289 1240 112 36 
cell-0-4-3 401 1240 112 36 
cell-0-4-4 513 1240 112 36 
cell-0-4-5 625 1240 112 36 
cell-0-4-6 737 1240 112 36 
cell-0-4-7 849 1240 112 36 
cell-0-5-0 65 1277 112 36 
cell-0-5-1 177 1277 112 36 
cell-0-5-2 289 1277 112 36 
cell-0-5-3 401 1277 112 36 
cell-0-5-4 513 1277 112 36 
cell-0-5-5 625 1277 112 36 
cell-0-5-6 737 1277 112 36 
cell-0-5-7 849 1277 112 36 
cell-0-6-0 65 1314 112 36 
cell-0-6-1 177 1314 112 36 
cell-0-6-2 289 1314 112 36 
cell-0-6-3 401 1314 112 36 
cell-0-6-4 513 1314 112 36 
cell-0-6-5 625 1314 112 36 
cell-0-6-6 737 1314 112 36 
cell-0-6-7 849 1314 112 36 
cell-0-7-0 65 1351 112 36 
cell-0-7-1 177 1351 112 36 
cell-0-7-2 289 1351 112 36 
cell-0-7-3 401 1351 112 36 
cell-0-7-4 513 1351 112 36 
cell-0-7-5 625 1351 112 36 
cell-0-7-6 737 1351 112 36 
cell-0-7-7 849 1351 112 36 
header-1 163 612 818 193 
row-1-1 163 612 414 40 
row-1-2 597 612 381 40 
row-2-1 163 662 348 40 
row-2-2 531 662 436 40 
row-3-1 163 712 711 40 
row-4-1 163 762 546 40 
