table-0 438 359 426 478 
cell-0-1-0 438 359 36 35 
cell-0-1-1 477 359 36 35 
cell-0-1-2 516 359 36 35 
cell-0-1-3 555 359 36 35 
cell-0-1-4 594 359 36 35 
cell-0-1-5 633 359 36 35 
cell-0-1-6 672 359 36 35 
cell-0-1-7 711 359 36 35 
cell-0-1-8 750 359 36 35 
cell-0-1-9 789 359 36 35 
cell-0-1-10 828 359 36 35 
cell-0-2-0 438 422 36 35 
cell-0-2-1 477 422 36 35 
cell-0-2-2 516 422 36 35 
cell-0-2-3 555 422 36 35 
cell-0-2-4 594 422 36 35 
cell-0-2-5 633 422 36 35 
cell-0-2-6 672 422 36 35 
cell-0-2-7 711 422 36 35 
cell-0-2-8 750 422 36 35 
cell-0-2-9 789 422 36 35 
cell-0-2-10 828 422 36 35 
cell-0-3-0 438 485 36 35 
cell-0-3-1 477 485 36 35 
cell-0-3-2 516 485 36 35 
cell-0-3-3 555 485 36 35 
cell-0-3-4 594 485 36 35 
cell-0-3-5 633 485 36 35 
cell-0-3-6 672 485 36 35 
cell-0-3-7 711 485 36 35 
cell-0-3-8 750 485 36 35 
cell-0-3-9 789 485 36 35 
cell-0-3-10 828 485 36 35 
cell-0-4-0 438 548 36 35 
cell-0-4-1 477 548 36 35 
cell-0-4-2 516 548 36 35 
cell-0-4-3 555 548 36 35 
cell-0-4-4 594 548 36 35 
cell-0-4-5 633 548 36 35 
cell-0-4-6 672 548 36 35 
cell-0-4-7 711 548 36 35 
cell-0-4-8 750 548 36 35 
cell-0-4-9 789 548 36 35 
cell-0-4-10 828 548 36 35 
cell-0-5-0 438 611 36 35 
cell-0-5-1 477 611 36 35 
cell-0-5-2 516 611 36 35 
cell-0-5-3 555 611 36 35 
cell-0-5-4 594 611 36 35 
cell-0-5-5 633 611 36 35 
cell-0-5-6 672 611 36 35 
cell-0-5-7 711 611 36 35 
cell-0-5-8 750 611 36 35 
cell-0-5-9 789 611 36 35 
cell-0-5-10 828 611 36 35 
cell-0-6-0 438 674 36 35 
cell-0-6-1 477 674 36 35 
cell-0-6-2 516 674 36 35 
cell-0-6-3 555 674 36 35 
cell-0-6-4 594 674 36 35 
cell-0-6-5 633 674 36 35 
cell-0-6-6 672 674 36 35 
cell-0-6-7 711 674 36 35 
cell-0-6-8 750 674 36 35 
cell-0-6-9 789 674 36 35 
cell-0-6-10 828 674 36 35 
cell-0-7-0 438 737 36 35 
cell-0-7-1 477 737 36 35 
cell-0-7-2 516 737 36 35 
cell-0-7-3 555 737 36 35 
cell-0-7-4 594 737 36 35 
cell-0-7-5 633 737 36 35 
cell-0-7-6 672 737 36 35 
cell-0-7-7 711 737 36 35 
cell-0-7-8 750 737 36 35 
cell-0-7-9 789 737 36 35 
cell-0-7-10 828 737 36 35 
cell-0-8-0 438 800 36 35 
cell-0-8-1 477 800 36 35 
cell-0-8-2 516 800 36 35 
cell-0-8-3 555 800 36 35 
cell-0-8-4 594 800 36 35 
cell-0-8-5 633 800 36 35 
cell-0-8-6 672 800 36 35 
cell-0-8-7 711 800 36 35 
cell-0-8-8 750 800 36 35 
cell-0-8-9 789 800 36 35 
cell-0-8-10 828 800 36 35 
table-1 252 1031 800 282 
cell-1-0-0 252 1031 160 34 
cell-1-0-1 412 1031 160 34 
cell-1-0-2 572 1031 160 34 
cell-1-0-3 732 1031 160 34 
cell-1-0-4 892 1031 160 34 
cell-1-1-0 252 1066 160 34 
cell-1-1-1 412 1066 160 34 
cell-1-1-2 572 1066 160 34 
cell-1-1-3 732 1066 160 34 
cell-1-1-4 892 1066 160 34 
cell-1-2-0 252 1101 160 34 
cell-1-2-1 412 1101 160 34 
cell-1-2-2 572 1101 160 34 
cell-1-2-3 732 1101 160 34 
cell-1-2-4 892 1101 160 34 
cell-1-3-0 252 1136 160 34 
cell-1-3-1 412 1136 160 34 
cell-1-3-2 572 1136 160 34 
cell-1-3-3 732 1136 160 34 
cell-1-3-4 892 1136 160 34 
cell-1-4-0 252 1171 160 34 
cell-1-4-1 412 1171 160 34 
cell-1-4-2 572 1171 160 34 
cell-1-4-3 732 1171 160 34 
cell-1-4-4 892 1171 160 34 
cell-1-5-0 252 1206 160 34 
cell-1-5-1 412 1206 160 34 
cell-1-5-2 572 1206 160 34 
cell-1-5-3 732 1206 160 34 
cell-1-5-4 892 1206 160 34 
cell-1-6-0 252 1241 160 34 
cell-1-6-1 412 1241 160 34 
cell-1-6-2 572 1241 160 34 
cell-1-6-3 732 1241 160 34 
cell-1-6-4 892 1241 160 34 
cell-1-7-0 252 1276 160 34 
cell-1-7-1 412 1276 160 34 
cell-1-7-2 572 1276 160 34 
cell-1-7-3 732 1276 160 34 
cell-1-7-4 892 1276 160 34 
