header-0 91 200 832 193 
row-1-1 91 200 369 40 
row-1-2 480 200 369 40 
row-2-1 91 250 369 40 
row-2-2 480 250 438 40 
row-3-1 91 300 501 40 
row-4-1 91 350 633 40 
table-2 594 1032 376 259 
cell-2-1-0 594 1032 34 35 
cell-2-1-1 628 1032 34 35 
cell-2-1-2 662 1032 34 35 
cell-2-1-3 696 1032 34 35 
cell-2-1-4 730 1032 34 35 
cell-2-1-5 764 1032 34 35 
cell-2-1-6 798 1032 34 35 
cell-2-1-7 832 1032 34 35 
cell-2-1-8 866 1032 34 35 
cell-2-1-9 900 1032 34 35 
cell-2-1-10 934 1032 34 35 
cell-2-2-0 594 1069 34 35 
cell-2-2-1 628 1069 34 35 
cell-2-2-2 662 1069 34 35 
cell-2-2-3 696 1069 34 35 
cell-2-2-4 730 1069 34 35 
cell-2-2-5 764 1069 34 35 
cell-2-2-6 798 1069 34 35 
cell-2-2-7 832 1069 34 35 
cell-2-2-8 866 1069 34 35 
cell-2-2-9 900 1069 34 35 
cell-2-2-10 934 1069 34 35 
cell-2-3-0 594 1106 34 35 
cell-2-3-1 628 1106 34 35 
cell-2-3-2 662 1106 34 35 
cell-2-3-3 696 1106 34 35 
cell-2-3-4 730 1106 34 35 
cell-2-3-5 764 1106 34 35 
cell-2-3-6 798 1106 34 35 
cell-2-3-7 832 1106 34 35 
cell-2-3-8 866 1106 34 35 
cell-2-3-9 900 1106 34 35 
cell-2-3-10 934 1106 34 35 
cell-2-4-0 594 1143 34 35 
cell-2-4-1 628 1143 34 35 
cell-2-4-2 662 1143 34 35 
cell-2-4-3 696 1143 34 35 
cell-2-4-4 730 1143 34 35 
cell-2-4-5 764 1143 34 35 
cell-2-4-6 798 1143 34 35 
cell-2-4-7 832 1143 34 35 
cell-2-4-8 866 1143 34 35 
cell-2-4-9 900 1143 34 35 
cell-2-4-10 934 1143 34 35 
cell-2-5-0 594 1180 34 35 
cell-2-5-1 628 1180 34 35 
cell-2-5-2 662 1180 34 35 
cell-2-5-3 696 1180 34 35 
cell-2-5-4 730 1180 34 35 
cell-2-5-5 764 1180 34 35 
cell-2-5-6 798 1180 34 35 
cell-2-5-7 832 1180 34 35 
cell-2-5-8 866 1180 34 35 
cell-2-5-9 900 1180 34 35 
cell-2-5-10 934 1180 34 35 
cell-2-6-0 594 1217 34 35 
cell-2-6-1 628 1217 34 35 
cell-2-6-2 662 1217 34 35 
cell-2-6-3 696 1217 34 35 
cell-2-6-4 730 1217 34 35 
cell-2-6-5 764 1217 34 35 
cell-2-6-6 798 1217 34 35 
cell-2-6-7 832 1217 34 35 
cell-2-6-8 866 1217 34 35 
cell-2-6-9 900 1217 34 35 
cell-2-6-10 934 1217 34 35 
cell-2-7-0 594 1254 34 35 
cell-2-7-1 628 1254 34 35 
cell-2-7-2 662 1254 34 35 
cell-2-7-3 696 1254 34 35 
cell-2-7-4 730 1254 34 35 
cell-2-7-5 764 1254 34 35 
cell-2-7-6 798 1254 34 35 
cell-2-7-7 832 1254 34 35 
cell-2-7-8 866 1254 34 35 
cell-2-7-9 900 1254 34 35 
cell-2-7-10 934 1254 34 35 
table-3 81 822 216 542 
cell-3-0-0 81 822 43 35 
cell-3-0-1 124 822 43 35 
cell-3-0-2 167 822 43 35 
cell-3-0-3 210 822 43 35 
cell-3-0-4 253 822 43 35 
cell-3-1-0 81 868 43 35 
cell-3-1-1 124 868 43 35 
cell-3-1-2 167 868 43 35 
cell-3-1-3 210 868 43 35 
cell-3-1-4 253 868 43 35 
cell-3-2-0 81 914 43 35 
cell-3-2-1 124 914 43 35 
cell-3-2-2 167 914 43 35 
cell-3-2-3 210 914 43 35 
cell-3-2-4 253 914 43 35 
cell-3-3-0 81 960 43 35 
cell-3-3-1 124 960 43 35 
cell-3-3-2 167 960 43 35 
cell-3-3-3 210 960 43 35 
cell-3-3-4 253 960 43 35 
cell-3-4-0 81 1006 43 35 
cell-3-4-1 124 1006 43 35 
cell-3-4-2 167 1006 43 35 
cell-3-4-3 210 1006 43 35 
cell-3-4-4 253 1006 43 35 
cell-3-5-0 81 1052 43 35 
cell-3-5-1 124 1052 43 35 
cell-3-5-2 167 1052 43 35 
cell-3-5-3 210 1052 43 35 
cell-3-5-4 253 1052 43 35 
cell-3-6-0 81 1098 43 35 
cell-3-6-1 124 1098 43 35 
cell-3-6-2 167 1098 43 35 
cell-3-6-3 210 1098 43 35 
cell-3-6-4 253 1098 43 35 
cell-3-7-0 81 1144 43 35 
cell-3-7-1 124 1144 43 35 
cell-3-7-2 167 1144 43 35 
cell-3-7-3 210 1144 43 35 
cell-3-7-4 253 1144 43 35 
cell-3-8-0 81 1190 43 35 
cell-3-8-1 124 1190 43 35 
cell-3-8-2 167 1190 43 35 
cell-3-8-3 210 1190 43 35 
cell-3-8-4 253 1190 43 35 
cell-3-9-0 81 1236 43 35 
cell-3-9-1 124 1236 43 35 
cell-3-9-2 167 1236 43 35 
cell-3-9-3 210 1236 43 35 
cell-3-9-4 253 1236 43 35 
cell-3-10-0 81 1282 43 35 
cell-3-10-1 124 1282 43 35 
cell-3-10-2 167 1282 43 35 
cell-3-10-3 210 1282 43 35 
cell-3-10-4 253 1282 43 35 
cell-3-11-0 81 1328 43 35 
cell-3-11-1 124 1328 43 35 
cell-3-11-2 167 1328 43 35 
cell-3-11-3 210 1328 43 35 
cell-3-11-4 253 1328 43 35 
