header-0 106 1211 941 193 
row-1-1 106 1211 352 40 
row-1-2 478 1211 385 40 
row-2-1 106 1261 418 40 
row-2-2 544 1261 499 40 
row-3-1 106 1311 814 40 
row-4-1 106 1361 550 40 
table-2 613 507 228 566 
cell-2-0-0 613 507 45 35 
cell-2-0-1 658 507 45 35 
cell-2-0-2 703 507 45 35 
cell-2-0-3 748 507 45 35 
cell-2-0-4 793 507 45 35 
cell-2-1-0 613 551 45 35 
cell-2-1-1 658 551 45 35 
cell-2-1-2 703 551 45 35 
cell-2-1-3 748 551 45 35 
cell-2-1-4 793 551 45 35 
cell-2-2-0 613 595 45 35 
cell-2-2-1 658 595 45 35 
cell-2-2-2 703 595 45 35 
cell-2-2-3 748 595 45 35 
cell-2-2-4 793 595 45 35 
cell-2-3-0 613 639 45 35 
cell-2-3-1 658 639 45 35 
cell-2-3-2 703 639 45 35 
cell-2-3-3 748 639 45 35 
cell-2-3-4 793 639 45 35 
cell-2-4-0 613 683 45 35 
cell-2-4-1 658 683 45 35 
cell-2-4-2 703 683 45 35 
cell-2-4-3 748 683 45 35 
cell-2-4-4 793 683 45 35 
cell-2-5-0 613 727 45 35 
cell-2-5-1 658 727 45 35 
cell-2-5-2 703 727 45 35 
cell-2-5-3 748 727 45 35 
cell-2-5-4 793 727 45 35 
cell-2-6-0 613 771 45 35 
cell-2-6-1 658 771 45 35 
cell-2-6-2 703 771 45 35 
cell-2-6-3 748 771 45 35 
cell-2-6-4 793 771 45 35 
cell-2-7-0 613 815 45 35 
cell-2-7-1 658 815 45 35 
cell-2-7-2 703 815 45 35 
cell-2-7-3 748 815 45 35 
cell-2-7-4 793 815 45 35 
cell-2-8-0 613 859 45 35 
cell-2-8-1 658 859 45 35 
cell-2-8-2 703 859 45 35 
cell-2-8-3 748 859 45 35 
cell-2-8-4 793 859 45 35 
cell-2-9-0 613 903 45 35 
cell-2-9-1 658 903 45 35 
cell-2-9-2 703 903 45 35 
cell-2-9-3 748 903 45 35 
cell-2-9-4 793 903 45 35 
cell-2-10-0 613 947 45 35 
cell-2-10-1 658 947 45 35 
cell-2-10-2 703 947 45 35 
cell-2-10-3 748 947 45 35 
cell-2-10-4 793 947 45 35 
cell-2-11-0 613 991 45 35 
cell-2-11-1 658 991 45 35 
cell-2-11-2 703 991 45 35 
cell-2-11-3 748 991 45 35 
cell-2-11-4 793 991 45 35 
cell-2-12-0 613 1035 45 35 
cell-2-12-1 658 1035 45 35 
cell-2-12-2 703 1035 45 35 
cell-2-12-3 748 1035 45 35 
cell-2-12-4 793 1035 45 35 
