table-0 119 529 900 412 
cell-0-0-0 119 529 112 31 
cell-0-0-1 231 529 112 31 
cell-0-0-2 343 529 112 31 
cell-0-0-3 455 529 112 31 
cell-0-0-4 567 529 112 31 
cell-0-0-5 679 529 112 31 
cell-0-0-6 791 529 112 31 
cell-0-0-7 903 529 112 31 
cell-0-1-0 119 571 112 31 
cell-0-1-1 231 571 112 31 
cell-0-1-2 343 571 112 31 
cell-0-1-3 455 571 112 31 
cell-0-1-4 567 571 112 31 
cell-0-1-5 679 571 112 31 
cell-0-1-6 791 571 112 31 
cell-0-1-7 903 571 112 31 
cell-0-2-0 119 613 112 31 
cell-0-2-1 231 613 112 31 
cell-0-2-2 343 613 112 31 
cell-0-2-3 455 613 112 31 
cell-0-2-4 567 613 112 31 
cell-0-2-5 679 613 112 31 
cell-0-2-6 791 613 112 31 
cell-0-2-7 903 613 112 31 
cell-0-3-0 119 655 112 31 
cell-0-3-1 231 655 112 31 
cell-0-3-2 343 655 112 31 
cell-0-3-3 455 655 112 31 
cell-0-3-4 567 655 112 31 
cell-0-3-5 679 655 112 31 
cell-0-3-6 791 655 112 31 
cell-0-3-7 903 655 112 31 
cell-0-4-0 119 697 112 31 
cell-0-4-1 231 697 112 31 
cell-0-4-2 343 697 112 31 
cell-0-4-3 455 697 112 31 
cell-0-4-4 567 697 112 31 
cell-0-4-5 679 697 112 31 
cell-0-4-6 791 697 112 31 
cell-0-4-7 903 697 112 31 
cell-0-5-0 119 739 112 31 
cell-0-5-1 231 739 112 31 
cell-0-5-2 343 739 112 31 
cell-0-5-3 455 739 112 31 
cell-0-5-4 567 739 112 31 
cell-0-5-5 679 739 112 31 
cell-0-5-6 791 739 112 31 
cell-0-5-7 903 739 112 31 
cell-0-6-0 119 781 112 31 
cell-0-6-1 231 781 112 31 
cell-0-6-2 343 781 112 31 
cell-0-6-3 455 781 112 31 
cell-0-6-4 567 781 112 31 
cell-0-6-5 679 781 112 31 
cell-0-6-6 791 781 112 31 
cell-0-6-7 903 781 112 31 
cell-0-7-0 119 823 112 31 
cell-0-7-1 231 823 112 31 
cell-0-7-2 343 823 112 31 
cell-0-7-3 455 823 112 31 
cell-0-7-4 567 823 112 31 
cell-0-7-5 679 823 112 31 
cell-0-7-6 791 823 112 31 
cell-0-7-7 903 823 112 31 
cell-0-8-0 119 865 112 31 
cell-0-8-1 231 865 112 31 
cell-0-8-2 343 865 112 31 
cell-0-8-3 455 865 112 31 
cell-0-8-4 567 865 112 31 
cell-0-8-5 679 865 112 31 
cell-0-8-6 791 865 112 31 
cell-0-8-7 903 865 112 31 
cell-0-9-0 119 907 112 31 
cell-0-9-1 231 907 112 31 
cell-0-9-2 343 907 112 31 
cell-0-9-3 455 907 112 31 
cell-0-9-4 567 907 112 31 
cell-0-9-5 679 907 112 31 
cell-0-9-6 791 907 112 31 
cell-0-9-7 903 907 112 31 
