table-0 281 226 776 258 
cell-0-1-0 281 226 38 35 
cell-0-1-1 322 226 38 35 
cell-0-1-2 363 226 38 35 
cell-0-1-3 404 226 38 35 
cell-0-1-4 445 226 38 35 
cell-0-1-5 486 226 38 35 
cell-0-1-6 527 226 38 35 
cell-0-1-7 568 226 38 35 
cell-0-1-8 609 226 38 35 
cell-0-1-9 650 226 38 35 
cell-0-1-10 691 226 38 35 
cell-0-1-11 732 226 38 35 
cell-0-1-12 773 226 38 35 
cell-0-1-13 814 226 38 35 
cell-0-1-14 855 226 38 35 
cell-0-1-15 896 226 38 35 
cell-0-1-16 937 226 38 35 
cell-0-1-17 978 226 38 35 
cell-0-1-18 1019 226 38 35 
cell-0-2-0 281 270 38 35 
cell-0-2-1 322 270 38 35 
cell-0-2-2 363 270 38 35 
cell-0-2-3 404 270 38 35 
cell-0-2-4 445 270 38 35 
cell-0-2-5 486 270 38 35 
cell-0-2-6 527 270 38 35 
cell-0-2-7 568 270 38 35 
cell-0-2-8 609 270 38 35 
cell-0-2-9 650 270 38 35 
cell-0-2-10 691 270 38 35 
cell-0-2-11 732 270 38 35 
cell-0-2-12 773 270 38 35 
cell-0-2-13 814 270 38 35 
cell-0-2-14 855 270 38 35 
cell-0-2-15 896 270 38 35 
cell-0-2-16 937 270 38 35 
cell-0-2-17 978 270 38 35 
cell-0-2-18 1019 270 38 35 
cell-0-3-0 281 314 38 35 
cell-0-3-1 322 314 38 35 
cell-0-3-2 363 314 38 35 
cell-0-3-3 404 314 38 35 
cell-0-3-4 445 314 38 35 
cell-0-3-5 486 314 38 35 
cell-0-3-6 527 314 38 35 
cell-0-3-7 568 314 38 35 
cell-0-3-8 609 314 38 35 
cell-0-3-9 650 314 38 35 
cell-0-3-10 691 314 38 35 
cell-0-3-11 732 314 38 35 
cell-0-3-12 773 314 38 35 
cell-0-3-13 814 314 38 35 
cell-0-3-14 855 314 38 35 
cell-0-3-15 896 314 38 35 
cell-0-3-16 937 314 38 35 
cell-0-3-17 978 314 38 35 
cell-0-3-18 1019 314 38 35 
cell-0-4-0 281 358 38 35 
cell-0-4-1 322 358 38 35 
cell-0-4-2 363 358 38 35 
cell-0-4-3 404 358 38 35 
cell-0-4-4 445 358 38 35 
cell-0-4-5 486 358 38 35 
cell-0-4-6 527 358 38 35 
cell-0-4-7 568 358 38 35 
cell-0-4-8 609 358 38 35 
cell-0-4-9 650 358 38 35 
cell-0-4-10 691 358 38 35 
cell-0-4-11 732 358 38 35 
cell-0-4-12 773 358 38 35 
cell-0-4-13 814 358 38 35 
cell-0-4-14 855 358 38 35 
cell-0-4-15 896 358 38 35 
cell-0-4-16 937 358 38 35 
cell-0-4-17 978 358 38 35 
cell-0-4-18 1019 358 38 35 
cell-0-5-0 281 402 38 35 
cell-0-5-1 322 402 38 35 
cell-0-5-2 363 402 38 35 
cell-0-5-3 404 402 38 35 
cell-0-5-4 445 402 38 35 
cell-0-5-5 486 402 38 35 
cell-0-5-6 527 402 38 35 
cell-0-5-7 568 402 38 35 
cell-0-5-8 609 402 38 35 
cell-0-5-9 650 402 38 35 
cell-0-5-10 691 402 38 35 
cell-0-5-11 732 402 38 35 
cell-0-5-12 773 402 38 35 
cell-0-5-13 814 402 38 35 
cell-0-5-14 855 402 38 35 
cell-0-5-15 896 402 38 35 
cell-0-5-16 937 402 38 35 
cell-0-5-17 978 402 38 35 
cell-0-5-18 1019 402 38 35 
cell-0-6-0 281 446 38 35 
cell-0-6-1 322 446 38 35 
cell-0-6-2 363 446 38 35 
cell-0-6-3 404 446 38 35 
cell-0-6-4 445 446 38 35 
cell-0-6-5 486 446 38 35 
cell-0-6-6 527 446 38 35 
cell-0-6-7 568 446 38 35 
cell-0-6-8 609 446 38 35 
cell-0-6-9 650 446 38 35 
cell-0-6-10 691 446 38 35 
cell-0-6-11 732 446 38 35 
cell-0-6-12 773 446 38 35 
cell-0-6-13 814 446 38 35 
cell-0-6-14 855 446 38 35 
cell-0-6-15 896 446 38 35 
cell-0-6-16 937 446 38 35 
cell-0-6-17 978 446 38 35 
cell-0-6-18 1019 446 38 35 
table-1 60 581 1000 660 
cell-1-0-0 60 581 200 56 
cell-1-0-1 260 581 200 56 
cell-1-0-2 460 581 200 56 
cell-1-0-3 660 581 200 56 
cell-1-0-4 860 581 200 56 
cell-1-1-0 60 648 200 56 
cell-1-1-1 260 648 200 56 
cell-1-1-2 460 648 200 56 
cell-1-1-3 660 648 200 56 
cell-1-1-4 860 648 200 56 
cell-1-2-0 60 715 200 56 
cell-1-2-1 260 715 200 56 
cell-1-2-2 460 715 200 56 
cell-1-2-3 660 715 200 56 
cell-1-2-4 860 715 200 56 
cell-1-3-0 60 782 200 56 
cell-1-3-1 260 782 200 56 
cell-1-3-2 460 782 200 56 
cell-1-3-3 660 782 200 56 
cell-1-3-4 860 782 200 56 
cell-1-4-0 60 849 200 56 
cell-1-4-1 260 849 200 56 
cell-1-4-2 460 849 200 56 
cell-1-4-3 660 849 200 56 
cell-1-4-4 860 849 200 56 
cell-1-5-0 60 916 200 56 
cell-1-5-1 260 916 200 56 
cell-1-5-2 460 916 200 56 
cell-1-5-3 660 916 200 56 
cell-1-5-4 860 916 200 56 
cell-1-6-0 60 983 200 56 
cell-1-6-1 260 983 200 56 
cell-1-6-2 460 983 200 56 
cell-1-6-3 660 983 200 56 
cell-1-6-4 860 983 200 56 
cell-1-7-0 60 1050 200 56 
cell-1-7-1 260 1050 200 56 
cell-1-7-2 460 1050 200 56 
cell-1-7-3 660 1050 200 56 
cell-1-7-4 860 1050 200 56 
cell-1-8-0 60 1117 200 56 
cell-1-8-1 260 1117 200 56 
cell-1-8-2 460 1117 200 56 
cell-1-8-3 660 1117 200 56 
cell-1-8-4 860 1117 200 56 
cell-1-9-0 60 1184 200 56 
cell-1-9-1 260 1184 200 56 
cell-1-9-2 460 1184 200 56 
cell-1-9-3 660 1184 200 56 
cell-1-9-4 860 1184 200 56 
