table-0 173 805 643 456 
cell-0-0-0 173 805 43 41 
cell-0-0-1 216 805 43 41 
cell-0-0-2 259 805 43 41 
cell-0-0-3 302 805 43 41 
cell-0-0-4 345 805 43 41 
cell-0-0-5 388 805 427 41 
cell-0-1-0 173 851 43 41 
cell-0-1-1 216 851 43 41 
cell-0-1-2 259 851 43 41 
cell-0-1-3 302 851 43 41 
cell-0-1-4 345 851 43 41 
cell-0-1-5 388 851 427 41 
cell-0-2-0 173 897 43 41 
cell-0-2-1 216 897 43 41 
cell-0-2-2 259 897 43 41 
cell-0-2-3 302 897 43 41 
cell-0-2-4 345 897 43 41 
cell-0-2-5 388 897 427 41 
cell-0-3-0 173 943 43 41 
cell-0-3-1 216 943 43 41 
cell-0-3-2 259 943 43 41 
cell-0-3-3 302 943 43 41 
cell-0-3-4 345 943 43 41 
cell-0-3-5 388 943 427 41 
cell-0-4-0 173 989 43 41 
cell-0-4-1 216 989 43 41 
cell-0-4-2 259 989 43 41 
cell-0-4-3 302 989 43 41 
cell-0-4-4 345 989 43 41 
cell-0-4-5 388 989 427 41 
cell-0-5-0 173 1035 43 41 
cell-0-5-1 216 1035 43 41 
cell-0-5-2 259 1035 43 41 
cell-0-5-3 302 1035 43 41 
cell-0-5-4 345 1035 43 41 
cell-0-5-5 388 1035 427 41 
cell-0-6-0 173 1081 43 41 
cell-0-6-1 216 1081 43 41 
cell-0-6-2 259 1081 43 41 
cell-0-6-3 302 1081 43 41 
cell-0-6-4 345 1081 43 41 
cell-0-6-5 388 1081 427 41 
cell-0-7-0 173 1127 43 41 
cell-0-7-1 216 1127 43 41 
cell-0-7-2 259 1127 43 41 
cell-0-7-3 302 1127 43 41 
cell-0-7-4 345 1127 43 41 
cell-0-7-5 388 1127 427 41 
cell-0-8-0 173 1173 43 41 
cell-0-8-1 216 1173 43 41 
cell-0-8-2 259 1173 43 41 
cell-0-8-3 302 1173 43 41 
cell-0-8-4 345 1173 43 41 
cell-0-8-5 388 1173 427 41 
cell-0-9-0 173 1219 43 41 
cell-0-9-1 216 1219 43 41 
cell-0-9-2 259 1219 43 41 
cell-0-9-3 302 1219 43 41 
cell-0-9-4 345 1219 43 41 
cell-0-9-5 388 1219 427 41 
