table-0 294 252 423 551 
cell-0-1-0 294 252 35 35 
cell-0-1-1 329 252 35 35 
cell-0-1-2 364 252 35 35 
cell-0-1-3 399 252 35 35 
cell-0-1-4 434 252 35 35 
cell-0-1-5 469 252 35 35 
cell-0-1-6 504 252 35 35 
cell-0-1-7 539 252 35 35 
cell-0-1-8 574 252 35 35 
cell-0-1-9 609 252 35 35 
cell-0-1-10 644 252 35 35 
cell-0-1-11 679 252 35 35 
cell-0-2-0 294 309 35 35 
cell-0-2-1 329 309 35 35 
cell-0-2-2 364 309 35 35 
cell-0-2-3 399 309 35 35 
cell-0-2-4 434 309 35 35 
cell-0-2-5 469 309 35 35 
cell-0-2-6 504 309 35 35 
cell-0-2-7 539 309 35 35 
cell-0-2-8 574 309 35 35 
cell-0-2-9 609 309 35 35 
cell-0-2-10 644 309 35 35 
cell-0-2-11 679 309 35 35 
cell-0-3-0 294 366 35 35 
cell-0-3-1 329 366 35 35 
cell-0-3-2 364 366 35 35 
cell-0-3-3 399 366 35 35 
cell-0-3-4 434 366 35 35 
cell-0-3-5 469 366 35 35 
cell-0-3-6 504 366 35 35 
cell-0-3-7 539 366 35 35 
cell-0-3-8 574 366 35 35 
cell-0-3-9 609 366 35 35 
cell-0-3-10 644 366 35 35 
cell-0-3-11 679 366 35 35 
cell-0-4-0 294 423 35 35 
cell-0-4-1 329 423 35 35 
cell-0-4-2 364 423 35 35 
cell-0-4-3 399 423 35 35 
cell-0-4-4 434 423 35 35 
cell-0-4-5 469 423 35 35 
cell-0-4-6 504 423 35 35 
cell-0-4-7 539 423 35 35 
cell-0-4-8 574 423 35 35 
cell-0-4-9 609 423 35 35 
cell-0-4-10 644 423 35 35 
cell-0-4-11 679 423 35 35 
cell-0-5-0 294 480 35 35 
cell-0-5-1 329 480 35 35 
cell-0-5-2 364 480 35 35 
cell-0-5-3 399 480 35 35 
cell-0-5-4 434 480 35 35 
cell-0-5-5 469 480 35 35 
cell-0-5-6 504 480 35 35 
cell-0-5-7 539 480 35 35 
cell-0-5-8 574 480 35 35 
cell-0-5-9 609 480 35 35 
cell-0-5-10 644 480 35 35 
cell-0-5-11 679 480 35 35 
cell-0-6-0 294 537 35 35 
cell-0-6-1 329 537 35 35 
cell-0-6-2 364 537 35 35 
cell-0-6-3 399 537 35 35 
cell-0-6-4 434 537 35 35 
cell-0-6-5 469 537 35 35 
cell-0-6-6 504 537 35 35 
cell-0-6-7 539 537 35 35 
cell-0-6-8 574 537 35 35 
cell-0-6-9 609 537 35 35 
cell-0-6-10 644 537 35 35 
cell-0-6-11 679 537 35 35 
cell-0-7-0 294 594 35 35 
cell-0-7-1 329 594 35 35 
cell-0-7-2 364 594 35 35 
cell-0-7-3 399 594 35 35 
cell-0-7-4 434 594 35 35 
cell-0-7-5 469 594 35 35 
cell-0-7-6 504 594 35 35 
cell-0-7-7 539 594 35 35 
cell-0-7-8 574 594 35 35 
cell-0-7-9 609 594 35 35 
cell-0-7-10 644 594 35 35 
cell-0-7-11 679 594 35 35 
cell-0-8-0 294 651 35 35 
cell-0-8-1 329 651 35 35 
cell-0-8-2 364 651 35 35 
cell-0-8-3 399 651 35 35 
cell-0-8-4 434 651 35 35 
cell-0-8-5 469 651 35 35 
cell-0-8-6 504 651 35 35 
cell-0-8-7 539 651 35 35 
cell-0-8-8 574 651 35 35 
cell-0-8-9 609 651 35 35 
cell-0-8-10 644 651 35 35 
cell-0-8-11 679 651 35 35 
cell-0-9-0 294 708 35 35 
cell-0-9-1 329 708 35 35 
cell-0-9-2 364 708 35 35 
cell-0-9-3 399 708 35 35 
cell-0-9-4 434 708 35 35 
cell-0-9-5 469 708 35 35 
cell-0-9-6 504 708 35 35 
cell-0-9-7 539 708 35 35 
cell-0-9-8 574 708 35 35 
cell-0-9-9 609 708 35 35 
cell-0-9-10 644 708 35 35 
cell-0-9-11 679 708 35 35 
cell-0-10-0 294 765 35 35 
cell-0-10-1 329 765 35 35 
cell-0-10-2 364 765 35 35 
cell-0-10-3 399 765 35 35 
cell-0-10-4 434 765 35 35 
cell-0-10-5 469 765 35 35 
cell-0-10-6 504 765 35 35 
cell-0-10-7 539 765 35 35 
cell-0-10-8 574 765 35 35 
cell-0-10-9 609 765 35 35 
cell-0-10-10 644 765 35 35 
cell-0-10-11 679 765 35 35 
