table-0 227 410 700 636 
cell-0-1-0 227 410 34 35 
cell-0-1-1 264 410 34 35 
cell-0-1-2 301 410 34 35 
cell-0-1-3 338 410 34 35 
cell-0-1-4 375 410 34 35 
cell-0-1-5 412 410 34 35 
cell-0-1-6 449 410 34 35 
cell-0-1-7 486 410 34 35 
cell-0-1-8 523 410 34 35 
cell-0-1-9 560 410 34 35 
cell-0-1-10 597 410 34 35 
cell-0-1-11 634 410 34 35 
cell-0-1-12 671 410 34 35 
cell-0-1-13 708 410 34 35 
cell-0-1-14 745 410 34 35 
cell-0-1-15 782 410 34 35 
cell-0-1-16 819 410 34 35 
cell-0-1-17 856 410 34 35 
cell-0-1-18 893 410 34 35 
cell-0-2-0 227 470 34 35 
cell-0-2-1 264 470 34 35 
cell-0-2-2 301 470 34 35 
cell-0-2-3 338 470 34 35 
cell-0-2-4 375 470 34 35 
cell-0-2-5 412 470 34 35 
cell-0-2-6 449 470 34 35 
cell-0-2-7 486 470 34 35 
cell-0-2-8 523 470 34 35 
cell-0-2-9 560 470 34 35 
cell-0-2-10 597 470 34 35 
cell-0-2-11 634 470 34 35 
cell-0-2-12 671 470 34 35 
cell-0-2-13 708 470 34 35 
cell-0-2-14 745 470 34 35 
cell-0-2-15 782 470 34 35 
cell-0-2-16 819 470 34 35 
cell-0-2-17 856 470 34 35 
cell-0-2-18 893 470 34 35 
cell-0-3-0 227 530 34 35 
cell-0-3-1 264 530 34 35 
cell-0-3-2 301 530 34 35 
cell-0-3-3 338 530 34 35 
cell-0-3-4 375 530 34 35 
cell-0-3-5 412 530 34 35 
cell-0-3-6 449 530 34 35 
cell-0-3-7 486 530 34 35 
cell-0-3-8 523 530 34 35 
cell-0-3-9 560 530 34 35 
cell-0-3-10 597 530 34 35 
cell-0-3-11 634 530 34 35 
cell-0-3-12 671 530 34 35 
cell-0-3-13 708 530 34 35 
cell-0-3-14 745 530 34 35 
cell-0-3-15 782 530 34 35 
cell-0-3-16 819 530 34 35 
cell-0-3-17 856 530 34 35 
cell-0-3-18 893 530 34 35 
cell-0-4-0 227 590 34 35 
cell-0-4-1 264 590 34 35 
cell-0-4-2 301 590 34 35 
cell-0-4-3 338 590 34 35 
cell-0-4-4 375 590 34 35 
cell-0-4-5 412 590 34 35 
cell-0-4-6 449 590 34 35 
cell-0-4-7 486 590 34 35 
cell-0-4-8 523 590 34 35 
cell-0-4-9 560 590 34 35 
cell-0-4-10 597 590 34 35 
cell-0-4-11 634 590 34 35 
cell-0-4-12 671 590 34 35 
cell-0-4-13 708 590 34 35 
cell-0-4-14 745 590 34 35 
cell-0-4-15 782 590 34 35 
cell-0-4-16 819 590 34 35 
cell-0-4-17 856 590 34 35 
cell-0-4-18 893 590 34 35 
cell-0-5-0 227 650 34 35 
cell-0-5-1 264 650 34 35 
cell-0-5-2 301 650 34 35 
cell-0-5-3 338 650 34 35 
cell-0-5-4 375 650 34 35 
cell-0-5-5 412 650 34 35 
cell-0-5-6 449 650 34 35 
cell-0-5-7 486 650 34 35 
cell-0-5-8 523 650 34 35 
cell-0-5-9 560 650 34 35 
cell-0-5-10 597 650 34 35 
cell-0-5-11 634 650 34 35 
cell-0-5-12 671 650 34 35 
cell-0-5-13 708 650 34 35 
cell-0-5-14 745 650 34 35 
cell-0-5-15 782 650 34 35 
cell-0-5-16 819 650 34 35 
cell-0-5-17 856 650 34 35 
cell-0-5-18 893 650 34 35 
cell-0-6-0 227 710 34 35 
cell-0-6-1 264 710 34 35 
cell-0-6-2 301 710 34 35 
cell-0-6-3 338 710 34 35 
cell-0-6-4 375 710 34 35 
cell-0-6-5 412 710 34 35 
cell-0-6-6 449 710 34 35 
cell-0-6-7 486 710 34 35 
cell-0-6-8 523 710 34 35 
cell-0-6-9 560 710 34 35 
cell-0-6-10 597 710 34 35 
cell-0-6-11 634 710 34 35 
cell-0-6-12 671 710 34 35 
cell-0-6-13 708 710 34 35 
cell-0-6-14 745 710 34 35 
cell-0-6-15 782 710 34 35 
cell-0-6-16 819 710 34 35 
cell-0-6-17 856 710 34 35 
cell-0-6-18 893 710 34 35 
cell-0-7-0 227 770 34 35 
cell-0-7-1 264 770 34 35 
cell-0-7-2 301 770 34 35 
cell-0-7-3 338 770 34 35 
cell-0-7-4 375 770 34 35 
cell-0-7-5 412 770 34 35 
cell-0-7-6 449 770 34 35 
cell-0-7-7 486 770 34 35 
cell-0-7-8 523 770 34 35 
cell-0-7-9 560 770 34 35 
cell-0-7-10 597 770 34 35 
cell-0-7-11 634 770 34 35 
cell-0-7-12 671 770 34 35 
cell-0-7-13 708 770 34 35 
cell-0-7-14 745 770 34 35 
cell-0-7-15 782 770 34 35 
cell-0-7-16 819 770 34 35 
cell-0-7-17 856 770 34 35 
cell-0-7-18 893 770 34 35 
cell-0-8-0 227 830 34 35 
cell-0-8-1 264 830 34 35 
cell-0-8-2 301 830 34 35 
cell-0-8-3 338 830 34 35 
cell-0-8-4 375 830 34 35 
cell-0-8-5 412 830 34 35 
cell-0-8-6 449 830 34 35 
cell-0-8-7 486 830 34 35 
cell-0-8-8 523 830 34 35 
cell-0-8-9 560 830 34 35 
cell-0-8-10 597 830 34 35 
cell-0-8-11 634 830 34 35 
cell-0-8-12 671 830 34 35 
cell-0-8-13 708 830 34 35 
cell-0-8-14 745 830 34 35 
cell-0-8-15 782 830 34 35 
cell-0-8-16 819 830 34 35 
cell-0-8-17 856 830 34 35 
cell-0-8-18 893 830 34 35 
cell-0-9-0 227 890 34 35 
cell-0-9-1 264 890 34 35 
cell-0-9-2 301 890 34 35 
cell-0-9-3 338 890 34 35 
cell-0-9-4 375 890 34 35 
cell-0-9-5 412 890 34 35 
cell-0-9-6 449 890 34 35 
cell-0-9-7 486 890 34 35 
cell-0-9-8 523 890 34 35 
cell-0-9-9 560 890 34 35 
cell-0-9-10 597 890 34 35 
cell-0-9-11 634 890 34 35 
cell-0-9-12 671 890 34 35 
cell-0-9-13 708 890 34 35 
cell-0-9-14 745 890 34 35 
cell-0-9-15 782 890 34 35 
cell-0-9-16 819 890 34 35 
cell-0-9-17 856 890 34 35 
cell-0-9-18 893 890 34 35 
cell-0-10-0 227 950 34 35 
cell-0-10-1 264 950 34 35 
cell-0-10-2 301 950 34 35 
cell-0-10-3 338 950 34 35 
cell-0-10-4 375 950 34 35 
cell-0-10-5 412 950 34 35 
cell-0-10-6 449 950 34 35 
cell-0-10-7 486 950 34 35 
cell-0-10-8 523 950 34 35 
cell-0-10-9 560 950 34 35 
cell-0-10-10 597 950 34 35 
cell-0-10-11 634 950 34 35 
cell-0-10-12 671 950 34 35 
cell-0-10-13 708 950 34 35 
cell-0-10-14 745 950 34 35 
cell-0-10-15 782 950 34 35 
cell-0-10-16 819 950 34 35 
cell-0-10-17 856 950 34 35 
cell-0-10-18 893 950 34 35 
cell-0-11-0 227 1010 34 35 
cell-0-11-1 264 1010 34 35 
cell-0-11-2 301 1010 34 35 
cell-0-11-3 338 1010 34 35 
cell-0-11-4 375 1010 34 35 
cell-0-11-5 412 1010 34 35 
cell-0-11-6 449 1010 34 35 
cell-0-11-7 486 1010 34 35 
cell-0-11-8 523 1010 34 35 
cell-0-11-9 560 1010 34 35 
cell-0-11-10 597 1010 34 35 
cell-0-11-11 634 1010 34 35 
cell-0-11-12 671 1010 34 35 
cell-0-11-13 708 1010 34 35 
cell-0-11-14 745 1010 34 35 
cell-0-11-15 782 1010 34 35 
cell-0-11-16 819 1010 34 35 
cell-0-11-17 856 1010 34 35 
cell-0-11-18 893 1010 34 35 
