table-0 438 530 228 511 
cell-0-0-0 438 530 45 35 
cell-0-0-1 483 530 45 35 
cell-0-0-2 528 530 45 35 
cell-0-0-3 573 530 45 35 
cell-0-0-4 618 530 45 35 
cell-0-1-0 438 573 45 35 
cell-0-1-1 483 573 45 35 
cell-0-1-2 528 573 45 35 
cell-0-1-3 573 573 45 35 
cell-0-1-4 618 573 45 35 
cell-0-2-0 438 616 45 35 
cell-0-2-1 483 616 45 35 
cell-0-2-2 528 616 45 35 
cell-0-2-3 573 616 45 35 
cell-0-2-4 618 616 45 35 
cell-0-3-0 438 659 45 35 
cell-0-3-1 483 659 45 35 
cell-0-3-2 528 659 45 35 
cell-0-3-3 573 659 45 35 
cell-0-3-4 618 659 45 35 
cell-0-4-0 438 702 45 35 
cell-0-4-1 483 702 45 35 
cell-0-4-2 528 702 45 35 
cell-0-4-3 573 702 45 35 
cell-0-4-4 618 702 45 35 
cell-0-5-0 438 745 45 35 
cell-0-5-1 483 745 45 35 
cell-0-5-2 528 745 45 35 
cell-0-5-3 573 745 45 35 
cell-0-5-4 618 745 45 35 
cell-0-6-0 438 788 45 35 
cell-0-6-1 483 788 45 35 
cell-0-6-2 528 788 45 35 
cell-0-6-3 573 788 45 35 
cell-0-6-4 618 788 45 35 
cell-0-7-0 438 831 45 35 
cell-0-7-1 483 831 45 35 
cell-0-7-2 528 831 45 35 
cell-0-7-3 573 831 45 35 
cell-0-7-4 618 831 45 35 
cell-0-8-0 438 874 45 35 
cell-0-8-1 483 874 45 35 
cell-0-8-2 528 874 45 35 
cell-0-8-3 573 874 45 35 
cell-0-8-4 618 874 45 35 
cell-0-9-0 438 917 45 35 
cell-0-9-1 483 917 45 35 
cell-0-9-2 528 917 45 35 
cell-0-9-3 573 917 45 35 
cell-0-9-4 618 917 45 35 
cell-0-10-0 438 960 45 35 
cell-0-10-1 483 960 45 35 
cell-0-10-2 528 960 45 35 
cell-0-10-3 573 960 45 35 
cell-0-10-4 618 960 45 35 
cell-0-11-0 438 1003 45 35 
cell-0-11-1 483 1003 45 35 
cell-0-11-2 528 1003 45 35 
cell-0-11-3 573 1003 45 35 
cell-0-11-4 618 1003 45 35 
header-2 117 182 837 195 
row-1-1 117 182 394 41 
row-1-2 531 182 394 41 
row-2-1 117 233 361 41 
row-2-2 498 233 447 41 
row-3-1 117 284 493 41 
row-4-1 117 335 460 41 
table-3 76 533 266 687 
cell-3-0-0 76 533 44 35 
cell-3-0-1 120 533 44 35 
cell-3-0-2 164 533 44 35 
cell-3-0-3 208 533 44 35 
cell-3-0-4 252 533 44 35 
cell-3-0-5 296 533 44 35 
cell-3-1-0 76 583 44 35 
cell-3-1-1 120 583 44 35 
cell-3-1-2 164 583 44 35 
cell-3-1-3 208 583 44 35 
cell-3-1-4 252 583 44 35 
cell-3-1-5 296 583 44 35 
cell-3-2-0 76 633 44 35 
cell-3-2-1 120 633 44 35 
cell-3-2-2 164 633 44 35 
cell-3-2-3 208 633 44 35 
cell-3-2-4 252 633 44 35 
cell-3-2-5 296 633 44 35 
cell-3-3-0 76 683 44 35 
cell-3-3-1 120 683 44 35 
cell-3-3-2 164 683 44 35 
cell-3-3-3 208 683 44 35 
cell-3-3-4 252 683 44 35 
cell-3-3-5 296 683 44 35 
cell-3-4-0 76 733 44 35 
cell-3-4-1 120 733 44 35 
cell-3-4-2 164 733 44 35 
cell-3-4-3 208 733 44 35 
cell-3-4-4 252 733 44 35 
cell-3-4-5 296 733 44 35 
cell-3-5-0 76 783 44 35 
cell-3-5-1 120 783 44 35 
cell-3-5-2 164 783 44 35 
cell-3-5-3 208 783 44 35 
cell-3-5-4 252 783 44 35 
cell-3-5-5 296 783 44 35 
cell-3-6-0 76 833 44 35 
cell-3-6-1 120 833 44 35 
cell-3-6-2 164 833 44 35 
cell-3-6-3 208 833 44 35 
cell-3-6-4 252 833 44 35 
cell-3-6-5 296 833 44 35 
cell-3-7-0 76 883 44 35 
cell-3-7-1 120 883 44 35 
cell-3-7-2 164 883 44 35 
cell-3-7-3 208 883 44 35 
cell-3-7-4 252 883 44 35 
cell-3-7-5 296 883 44 35 
cell-3-8-0 76 933 44 35 
cell-3-8-1 120 933 44 35 
cell-3-8-2 164 933 44 35 
cell-3-8-3 208 933 44 35 
cell-3-8-4 252 933 44 35 
cell-3-8-5 296 933 44 35 
cell-3-9-0 76 983 44 35 
cell-3-9-1 120 983 44 35 
cell-3-9-2 164 983 44 35 
cell-3-9-3 208 983 44 35 
cell-3-9-4 252 983 44 35 
cell-3-9-5 296 983 44 35 
cell-3-10-0 76 1033 44 35 
cell-3-10-1 120 1033 44 35 
cell-3-10-2 164 1033 44 35 
cell-3-10-3 208 1033 44 35 
cell-3-10-4 252 1033 44 35 
cell-3-10-5 296 1033 44 35 
cell-3-11-0 76 1083 44 35 
cell-3-11-1 120 1083 44 35 
cell-3-11-2 164 1083 44 35 
cell-3-11-3 208 1083 44 35 
cell-3-11-4 252 1083 44 35 
cell-3-11-5 296 1083 44 35 
cell-3-12-0 76 1133 44 35 
cell-3-12-1 120 1133 44 35 
cell-3-12-2 164 1133 44 35 
cell-3-12-3 208 1133 44 35 
cell-3-12-4 252 1133 44 35 
cell-3-12-5 296 1133 44 35 
cell-3-13-0 76 1183 44 35 
cell-3-13-1 120 1183 44 35 
cell-3-13-2 164 1183 44 35 
cell-3-13-3 208 1183 44 35 
cell-3-13-4 252 1183 44 35 
cell-3-13-5 296 1183 44 35 
