table-0 91 221 273 408 
cell-0-0-0 91 221 45 35 
cell-0-0-1 136 221 45 35 
cell-0-0-2 181 221 45 35 
cell-0-0-3 226 221 45 35 
cell-0-0-4 271 221 45 35 
cell-0-0-5 316 221 45 35 
cell-0-1-0 91 258 45 35 
cell-0-1-1 136 258 45 35 
cell-0-1-2 181 258 45 35 
cell-0-1-3 226 258 45 35 
cell-0-1-4 271 258 45 35 
cell-0-1-5 316 258 45 35 
cell-0-2-0 91 295 45 35 
cell-0-2-1 136 295 45 35 
cell-0-2-2 181 295 45 35 
cell-0-2-3 226 295 45 35 
cell-0-2-4 271 295 45 35 
cell-0-2-5 316 295 45 35 
cell-0-3-0 91 332 45 35 
cell-0-3-1 136 332 45 35 
cell-0-3-2 181 332 45 35 
cell-0-3-3 226 332 45 35 
cell-0-3-4 271 332 45 35 
cell-0-3-5 316 332 45 35 
cell-0-4-0 91 369 45 35 
cell-0-4-1 136 369 45 35 
cell-0-4-2 181 369 45 35 
cell-0-4-3 226 369 45 35 
cell-0-4-4 271 369 45 35 
cell-0-4-5 316 369 45 35 
cell-0-5-0 91 406 45 35 
cell-0-5-1 136 406 45 35 
cell-0-5-2 181 406 45 35 
cell-0-5-3 226 406 45 35 
cell-0-5-4 271 406 45 35 
cell-0-5-5 316 406 45 35 
cell-0-6-0 91 443 45 35 
cell-0-6-1 136 443 45 35 
cell-0-6-2 181 443 45 35 
cell-0-6-3 226 443 45 35 
cell-0-6-4 271 443 45 35 
cell-0-6-5 316 443 45 35 
cell-0-7-0 91 480 45 35 
cell-0-7-1 136 480 45 35 
cell-0-7-2 181 480 45 35 
cell-0-7-3 226 480 45 35 
cell-0-7-4 271 480 45 35 
cell-0-7-5 316 480 45 35 
cell-0-8-0 91 517 45 35 
cell-0-8-1 136 517 45 35 
cell-0-8-2 181 517 45 35 
cell-0-8-3 226 517 45 35 
cell-0-8-4 271 517 45 35 
cell-0-8-5 316 517 45 35 
cell-0-9-0 91 554 45 35 
cell-0-9-1 136 554 45 35 
cell-0-9-2 181 554 45 35 
cell-0-9-3 226 554 45 35 
cell-0-9-4 271 554 45 35 
cell-0-9-5 316 554 45 35 
cell-0-10-0 91 591 45 35 
cell-0-10-1 136 591 45 35 
cell-0-10-2 181 591 45 35 
cell-0-10-3 226 591 45 35 
cell-0-10-4 271 591 45 35 
cell-0-10-5 316 591 45 35 
