table-0 415 983 546 413 
cell-0-1-0 415 983 34 35 
cell-0-1-1 449 983 34 35 
cell-0-1-2 483 983 34 35 
cell-0-1-3 517 983 34 35 
cell-0-1-4 551 983 34 35 
cell-0-1-5 585 983 34 35 
cell-0-1-6 619 983 34 35 
cell-0-1-7 653 983 34 35 
cell-0-1-8 687 983 34 35 
cell-0-1-9 721 983 34 35 
cell-0-1-10 755 983 34 35 
cell-0-1-11 789 983 34 35 
cell-0-1-12 823 983 34 35 
cell-0-1-13 857 983 34 35 
cell-0-1-14 891 983 34 35 
cell-0-1-15 925 983 34 35 
cell-0-2-0 415 1030 34 35 
cell-0-2-1 449 1030 34 35 
cell-0-2-2 483 1030 34 35 
cell-0-2-3 517 1030 34 35 
cell-0-2-4 551 1030 34 35 
cell-0-2-5 585 1030 34 35 
cell-0-2-6 619 1030 34 35 
cell-0-2-7 653 1030 34 35 
cell-0-2-8 687 1030 34 35 
cell-0-2-9 721 1030 34 35 
cell-0-2-10 755 1030 34 35 
cell-0-2-11 789 1030 34 35 
cell-0-2-12 823 1030 34 35 
cell-0-2-13 857 1030 34 35 
cell-0-2-14 891 1030 34 35 
cell-0-2-15 925 1030 34 35 
cell-0-3-0 415 1077 34 35 
cell-0-3-1 449 1077 34 35 
cell-0-3-2 483 1077 34 35 
cell-0-3-3 517 1077 34 35 
cell-0-3-4 551 1077 34 35 
cell-0-3-5 585 1077 34 35 
cell-0-3-6 619 1077 34 35 
cell-0-3-7 653 1077 34 35 
cell-0-3-8 687 1077 34 35 
cell-0-3-9 721 1077 34 35 
cell-0-3-10 755 1077 34 35 
cell-0-3-11 789 1077 34 35 
cell-0-3-12 823 1077 34 35 
cell-0-3-13 857 1077 34 35 
cell-0-3-14 891 1077 34 35 
cell-0-3-15 925 1077 34 35 
cell-0-4-0 415 1124 34 35 
cell-0-4-1 449 1124 34 35 
cell-0-4-2 483 1124 34 35 
cell-0-4-3 517 1124 34 35 
cell-0-4-4 551 1124 34 35 
cell-0-4-5 585 1124 34 35 
cell-0-4-6 619 1124 34 35 
cell-0-4-7 653 1124 34 35 
cell-0-4-8 687 1124 34 35 
cell-0-4-9 721 1124 34 35 
cell-0-4-10 755 1124 34 35 
cell-0-4-11 789 1124 34 35 
cell-0-4-12 823 1124 34 35 
cell-0-4-13 857 1124 34 35 
cell-0-4-14 891 1124 34 35 
cell-0-4-15 925 1124 34 35 
cell-0-5-0 415 1171 34 35 
cell-0-5-1 449 1171 34 35 
cell-0-5-2 483 1171 34 35 
cell-0-5-3 517 1171 34 35 
cell-0-5-4 551 1171 34 35 
cell-0-5-5 585 1171 34 35 
cell-0-5-6 619 1171 34 35 
cell-0-5-7 653 1171 34 35 
cell-0-5-8 687 1171 34 35 
cell-0-5-9 721 1171 34 35 
cell-0-5-10 755 1171 34 35 
cell-0-5-11 789 1171 34 35 
cell-0-5-12 823 1171 34 35 
cell-0-5-13 857 1171 34 35 
cell-0-5-14 891 1171 34 35 
cell-0-5-15 925 1171 34 35 
cell-0-6-0 415 1218 34 35 
cell-0-6-1 449 1218 34 35 
cell-0-6-2 483 1218 34 35 
cell-0-6-3 517 1218 34 35 
cell-0-6-4 551 1218 34 35 
cell-0-6-5 585 1218 34 35 
cell-0-6-6 619 1218 34 35 
cell-0-6-7 653 1218 34 35 
cell-0-6-8 687 1218 34 35 
cell-0-6-9 721 1218 34 35 
cell-0-6-10 755 1218 34 35 
cell-0-6-11 789 1218 34 35 
cell-0-6-12 823 1218 34 35 
cell-0-6-13 857 1218 34 35 
cell-0-6-14 891 1218 34 35 
cell-0-6-15 925 1218 34 35 
cell-0-7-0 415 1265 34 35 
cell-0-7-1 449 1265 34 35 
cell-0-7-2 483 1265 34 35 
cell-0-7-3 517 1265 34 35 
cell-0-7-4 551 1265 34 35 
cell-0-7-5 585 1265 34 35 
cell-0-7-6 619 1265 34 35 
cell-0-7-7 653 1265 34 35 
cell-0-7-8 687 1265 34 35 
cell-0-7-9 721 1265 34 35 
cell-0-7-10 755 1265 34 35 
cell-0-7-11 789 1265 34 35 
cell-0-7-12 823 1265 34 35 
cell-0-7-13 857 1265 34 35 
cell-0-7-14 891 1265 34 35 
cell-0-7-15 925 1265 34 35 
cell-0-8-0 415 1312 34 35 
cell-0-8-1 449 1312 34 35 
cell-0-8-2 483 1312 34 35 
cell-0-8-3 517 1312 34 35 
cell-0-8-4 551 1312 34 35 
cell-0-8-5 585 1312 34 35 
cell-0-8-6 619 1312 34 35 
cell-0-8-7 653 1312 34 35 
cell-0-8-8 687 1312 34 35 
cell-0-8-9 721 1312 34 35 
cell-0-8-10 755 1312 34 35 
cell-0-8-11 789 1312 34 35 
cell-0-8-12 823 1312 34 35 
cell-0-8-13 857 1312 34 35 
cell-0-8-14 891 1312 34 35 
cell-0-8-15 925 1312 34 35 
cell-0-9-0 415 1359 34 35 
cell-0-9-1 449 1359 34 35 
cell-0-9-2 483 1359 34 35 
cell-0-9-3 517 1359 34 35 
cell-0-9-4 551 1359 34 35 
cell-0-9-5 585 1359 34 35 
cell-0-9-6 619 1359 34 35 
cell-0-9-7 653 1359 34 35 
cell-0-9-8 687 1359 34 35 
cell-0-9-9 721 1359 34 35 
cell-0-9-10 755 1359 34 35 
cell-0-9-11 789 1359 34 35 
cell-0-9-12 823 1359 34 35 
cell-0-9-13 857 1359 34 35 
cell-0-9-14 891 1359 34 35 
cell-0-9-15 925 1359 34 35 
