table-0 408 530 273 528 
cell-0-0-0 408 530 45 35 
cell-0-0-1 453 530 45 35 
cell-0-0-2 498 530 45 35 
cell-0-0-3 543 530 45 35 
cell-0-0-4 588 530 45 35 
cell-0-0-5 633 530 45 35 
cell-0-1-0 408 579 45 35 
cell-0-1-1 453 579 45 35 
cell-0-1-2 498 579 45 35 
cell-0-1-3 543 579 45 35 
cell-0-1-4 588 579 45 35 
cell-0-1-5 633 579 45 35 
cell-0-2-0 408 628 45 35 
cell-0-2-1 453 628 45 35 
cell-0-2-2 498 628 45 35 
cell-0-2-3 543 628 45 35 
cell-0-2-4 588 628 45 35 
cell-0-2-5 633 628 45 35 
cell-0-3-0 408 677 45 35 
cell-0-3-1 453 677 45 35 
cell-0-3-2 498 677 45 35 
cell-0-3-3 543 677 45 35 
cell-0-3-4 588 677 45 35 
cell-0-3-5 633 677 45 35 
cell-0-4-0 408 726 45 35 
cell-0-4-1 453 726 45 35 
cell-0-4-2 498 726 45 35 
cell-0-4-3 543 726 45 35 
cell-0-4-4 588 726 45 35 
cell-0-4-5 633 726 45 35 
cell-0-5-0 408 775 45 35 
cell-0-5-1 453 775 45 35 
cell-0-5-2 498 775 45 35 
cell-0-5-3 543 775 45 35 
cell-0-5-4 588 775 45 35 
cell-0-5-5 633 775 45 35 
cell-0-6-0 408 824 45 35 
cell-0-6-1 453 824 45 35 
cell-0-6-2 498 824 45 35 
cell-0-6-3 543 824 45 35 
cell-0-6-4 588 824 45 35 
cell-0-6-5 633 824 45 35 
cell-0-7-0 408 873 45 35 
cell-0-7-1 453 873 45 35 
cell-0-7-2 498 873 45 35 
cell-0-7-3 543 873 45 35 
cell-0-7-4 588 873 45 35 
cell-0-7-5 633 873 45 35 
cell-0-8-0 408 922 45 35 
cell-0-8-1 453 922 45 35 
cell-0-8-2 498 922 45 35 
cell-0-8-3 543 922 45 35 
cell-0-8-4 588 922 45 35 
cell-0-8-5 633 922 45 35 
cell-0-9-0 408 971 45 35 
cell-0-9-1 453 971 45 35 
cell-0-9-2 498 971 45 35 
cell-0-9-3 543 971 45 35 
cell-0-9-4 588 971 45 35 
cell-0-9-5 633 971 45 35 
cell-0-10-0 408 1020 45 35 
cell-0-10-1 453 1020 45 35 
cell-0-10-2 498 1020 45 35 
cell-0-10-3 543 1020 45 35 
cell-0-10-4 588 1020 45 35 
cell-0-10-5 633 1020 45 35 
