table-0 384 137 660 347 
cell-0-1-0 384 137 36 35 
cell-0-1-1 423 137 36 35 
cell-0-1-2 462 137 36 35 
cell-0-1-3 501 137 36 35 
cell-0-1-4 540 137 36 35 
cell-0-1-5 579 137 36 35 
cell-0-1-6 618 137 36 35 
cell-0-1-7 657 137 36 35 
cell-0-1-8 696 137 36 35 
cell-0-1-9 735 137 36 35 
cell-0-1-10 774 137 36 35 
cell-0-1-11 813 137 36 35 
cell-0-1-12 852 137 36 35 
cell-0-1-13 891 137 36 35 
cell-0-1-14 930 137 36 35 
cell-0-1-15 969 137 36 35 
cell-0-1-16 1008 137 36 35 
cell-0-2-0 384 199 36 35 
cell-0-2-1 423 199 36 35 
cell-0-2-2 462 199 36 35 
cell-0-2-3 501 199 36 35 
cell-0-2-4 540 199 36 35 
cell-0-2-5 579 199 36 35 
cell-0-2-6 618 199 36 35 
cell-0-2-7 657 199 36 35 
cell-0-2-8 696 199 36 35 
cell-0-2-9 735 199 36 35 
cell-0-2-10 774 199 36 35 
cell-0-2-11 813 199 36 35 
cell-0-2-12 852 199 36 35 
cell-0-2-13 891 199 36 35 
cell-0-2-14 930 199 36 35 
cell-0-2-15 969 199 36 35 
cell-0-2-16 1008 199 36 35 
cell-0-3-0 384 261 36 35 
cell-0-3-1 423 261 36 35 
cell-0-3-2 462 261 36 35 
cell-0-3-3 501 261 36 35 
cell-0-3-4 540 261 36 35 
cell-0-3-5 579 261 36 35 
cell-0-3-6 618 261 36 35 
cell-0-3-7 657 261 36 35 
cell-0-3-8 696 261 36 35 
cell-0-3-9 735 261 36 35 
cell-0-3-10 774 261 36 35 
cell-0-3-11 813 261 36 35 
cell-0-3-12 852 261 36 35 
cell-0-3-13 891 261 36 35 
cell-0-3-14 930 261 36 35 
cell-0-3-15 969 261 36 35 
cell-0-3-16 1008 261 36 35 
cell-0-4-0 384 323 36 35 
cell-0-4-1 423 323 36 35 
cell-0-4-2 462 323 36 35 
cell-0-4-3 501 323 36 35 
cell-0-4-4 540 323 36 35 
cell-0-4-5 579 323 36 35 
cell-0-4-6 618 323 36 35 
cell-0-4-7 657 323 36 35 
cell-0-4-8 696 323 36 35 
cell-0-4-9 735 323 36 35 
cell-0-4-10 774 323 36 35 
cell-0-4-11 813 323 36 35 
cell-0-4-12 852 323 36 35 
cell-0-4-13 891 323 36 35 
cell-0-4-14 930 323 36 35 
cell-0-4-15 969 323 36 35 
cell-0-4-16 1008 323 36 35 
cell-0-5-0 384 385 36 35 
cell-0-5-1 423 385 36 35 
cell-0-5-2 462 385 36 35 
cell-0-5-3 501 385 36 35 
cell-0-5-4 540 385 36 35 
cell-0-5-5 579 385 36 35 
cell-0-5-6 618 385 36 35 
cell-0-5-7 657 385 36 35 
cell-0-5-8 696 385 36 35 
cell-0-5-9 735 385 36 35 
cell-0-5-10 774 385 36 35 
cell-0-5-11 813 385 36 35 
cell-0-5-12 852 385 36 35 
cell-0-5-13 891 385 36 35 
cell-0-5-14 930 385 36 35 
cell-0-5-15 969 385 36 35 
cell-0-5-16 1008 385 36 35 
cell-0-6-0 384 447 36 35 
cell-0-6-1 423 447 36 35 
cell-0-6-2 462 447 36 35 
cell-0-6-3 501 447 36 35 
cell-0-6-4 540 447 36 35 
cell-0-6-5 579 447 36 35 
cell-0-6-6 618 447 36 35 
cell-0-6-7 657 447 36 35 
cell-0-6-8 696 447 36 35 
cell-0-6-9 735 447 36 35 
cell-0-6-10 774 447 36 35 
cell-0-6-11 813 447 36 35 
cell-0-6-12 852 447 36 35 
cell-0-6-13 891 447 36 35 
cell-0-6-14 930 447 36 35 
cell-0-6-15 969 447 36 35 
cell-0-6-16 1008 447 36 35 
header-1 140 1094 826 193 
row-1-1 140 1094 406 40 
row-1-2 566 1094 274 40 
row-2-1 140 1144 373 40 
row-2-2 533 1144 430 40 
row-3-1 140 1194 472 40 
row-4-1 140 1244 538 40 
