table-0 225 165 228 688 
cell-0-0-0 225 165 45 35 
cell-0-0-1 270 165 45 35 
cell-0-0-2 315 165 45 35 
cell-0-0-3 360 165 45 35 
cell-0-0-4 405 165 45 35 
cell-0-1-0 225 215 45 35 
cell-0-1-1 270 215 45 35 
cell-0-1-2 315 215 45 35 
cell-0-1-3 360 215 45 35 
cell-0-1-4 405 215 45 35 
cell-0-2-0 225 265 45 35 
cell-0-2-1 270 265 45 35 
cell-0-2-2 315 265 45 35 
cell-0-2-3 360 265 45 35 
cell-0-2-4 405 265 45 35 
cell-0-3-0 225 315 45 35 
cell-0-3-1 270 315 45 35 
cell-0-3-2 315 315 45 35 
cell-0-3-3 360 315 45 35 
cell-0-3-4 405 315 45 35 
cell-0-4-0 225 365 45 35 
cell-0-4-1 270 365 45 35 
cell-0-4-2 315 365 45 35 
cell-0-4-3 360 365 45 35 
cell-0-4-4 405 365 45 35 
cell-0-5-0 225 415 45 35 
cell-0-5-1 270 415 45 35 
cell-0-5-2 315 415 45 35 
cell-0-5-3 360 415 45 35 
cell-0-5-4 405 415 45 35 
cell-0-6-0 225 465 45 35 
cell-0-6-1 270 465 45 35 
cell-0-6-2 315 465 45 35 
cell-0-6-3 360 465 45 35 
cell-0-6-4 405 465 45 35 
cell-0-7-0 225 515 45 35 
cell-0-7-1 270 515 45 35 
cell-0-7-2 315 515 45 35 
cell-0-7-3 360 515 45 35 
cell-0-7-4 405 515 45 35 
cell-0-8-0 225 565 45 35 
cell-0-8-1 270 565 45 35 
cell-0-8-2 315 565 45 35 
cell-0-8-3 360 565 45 35 
cell-0-8-4 405 565 45 35 
cell-0-9-0 225 615 45 35 
cell-0-9-1 270 615 45 35 
cell-0-9-2 315 615 45 35 
cell-0-9-3 360 615 45 35 
cell-0-9-4 405 615 45 35 
cell-0-10-0 225 665 45 35 
cell-0-10-1 270 665 45 35 
cell-0-10-2 315 665 45 35 
cell-0-10-3 360 665 45 35 
cell-0-10-4 405 665 45 35 
cell-0-11-0 225 715 45 35 
cell-0-11-1 270 715 45 35 
cell-0-11-2 315 715 45 35 
cell-0-11-3 360 715 45 35 
cell-0-11-4 405 715 45 35 
cell-0-12-0 225 765 45 35 
cell-0-12-1 270 765 45 35 
cell-0-12-2 315 765 45 35 
cell-0-12-3 360 765 45 35 
cell-0-12-4 405 765 45 35 
cell-0-13-0 225 815 45 35 
cell-0-13-1 270 815 45 35 
cell-0-13-2 315 815 45 35 
cell-0-13-3 360 815 45 35 
cell-0-13-4 405 815 45 35 
