table-0 235 451 699 586 
cell-0-1-0 235 451 36 35 
cell-0-1-1 274 451 36 35 
cell-0-1-2 313 451 36 35 
cell-0-1-3 352 451 36 35 
cell-0-1-4 391 451 36 35 
cell-0-1-5 430 451 36 35 
cell-0-1-6 469 451 36 35 
cell-0-1-7 508 451 36 35 
cell-0-1-8 547 451 36 35 
cell-0-1-9 586 451 36 35 
cell-0-1-10 625 451 36 35 
cell-0-1-11 664 451 36 35 
cell-0-1-12 703 451 36 35 
cell-0-1-13 742 451 36 35 
cell-0-1-14 781 451 36 35 
cell-0-1-15 820 451 36 35 
cell-0-1-16 859 451 36 35 
cell-0-1-17 898 451 36 35 
cell-0-2-0 235 512 36 35 
cell-0-2-1 274 512 36 35 
cell-0-2-2 313 512 36 35 
cell-0-2-3 352 512 36 35 
cell-0-2-4 391 512 36 35 
cell-0-2-5 430 512 36 35 
cell-0-2-6 469 512 36 35 
cell-0-2-7 508 512 36 35 
cell-0-2-8 547 512 36 35 
cell-0-2-9 586 512 36 35 
cell-0-2-10 625 512 36 35 
cell-0-2-11 664 512 36 35 
cell-0-2-12 703 512 36 35 
cell-0-2-13 742 512 36 35 
cell-0-2-14 781 512 36 35 
cell-0-2-15 820 512 36 35 
cell-0-2-16 859 512 36 35 
cell-0-2-17 898 512 36 35 
cell-0-3-0 235 573 36 35 
cell-0-3-1 274 573 36 35 
cell-0-3-2 313 573 36 35 
cell-0-3-3 352 573 36 35 
cell-0-3-4 391 573 36 35 
cell-0-3-5 430 573 36 35 
cell-0-3-6 469 573 36 35 
cell-0-3-7 508 573 36 35 
cell-0-3-8 547 573 36 35 
cell-0-3-9 586 573 36 35 
cell-0-3-10 625 573 36 35 
cell-0-3-11 664 573 36 35 
cell-0-3-12 703 573 36 35 
cell-0-3-13 742 573 36 35 
cell-0-3-14 781 573 36 35 
cell-0-3-15 820 573 36 35 
cell-0-3-16 859 573 36 35 
cell-0-3-17 898 573 36 35 
cell-0-4-0 235 634 36 35 
cell-0-4-1 274 634 36 35 
cell-0-4-2 313 634 36 35 
cell-0-4-3 352 634 36 35 
cell-0-4-4 391 634 36 35 
cell-0-4-5 430 634 36 35 
cell-0-4-6 469 634 36 35 
cell-0-4-7 508 634 36 35 
cell-0-4-8 547 634 36 35 
cell-0-4-9 586 634 36 35 
cell-0-4-10 625 634 36 35 
cell-0-4-11 664 634 36 35 
cell-0-4-12 703 634 36 35 
cell-0-4-13 742 634 36 35 
cell-0-4-14 781 634 36 35 
cell-0-4-15 820 634 36 35 
cell-0-4-16 859 634 36 35 
cell-0-4-17 898 634 36 35 
cell-0-5-0 235 695 36 35 
cell-0-5-1 274 695 36 35 
cell-0-5-2 313 695 36 35 
cell-0-5-3 352 695 36 35 
cell-0-5-4 391 695 36 35 
cell-0-5-5 430 695 36 35 
cell-0-5-6 469 695 36 35 
cell-0-5-7 508 695 36 35 
cell-0-5-8 547 695 36 35 
cell-0-5-9 586 695 36 35 
cell-0-5-10 625 695 36 35 
cell-0-5-11 664 695 36 35 
cell-0-5-12 703 695 36 35 
cell-0-5-13 742 695 36 35 
cell-0-5-14 781 695 36 35 
cell-0-5-15 820 695 36 35 
cell-0-5-16 859 695 36 35 
cell-0-5-17 898 695 36 35 
cell-0-6-0 235 756 36 35 
cell-0-6-1 274 756 36 35 
cell-0-6-2 313 756 36 35 
cell-0-6-3 352 756 36 35 
cell-0-6-4 391 756 36 35 
cell-0-6-5 430 756 36 35 
cell-0-6-6 469 756 36 35 
cell-0-6-7 508 756 36 35 
cell-0-6-8 547 756 36 35 
cell-0-6-9 586 756 36 35 
cell-0-6-10 625 756 36 35 
cell-0-6-11 664 756 36 35 
cell-0-6-12 703 756 36 35 
cell-0-6-13 742 756 36 35 
cell-0-6-14 781 756 36 35 
cell-0-6-15 820 756 36 35 
cell-0-6-16 859 756 36 35 
cell-0-6-17 898 756 36 35 
cell-0-7-0 235 817 36 35 
cell-0-7-1 274 817 36 35 
cell-0-7-2 313 817 36 35 
cell-0-7-3 352 817 36 35 
cell-0-7-4 391 817 36 35 
cell-0-7-5 430 817 36 35 
cell-0-7-6 469 817 36 35 
cell-0-7-7 508 817 36 35 
cell-0-7-8 547 817 36 35 
cell-0-7-9 586 817 36 35 
cell-0-7-10 625 817 36 35 
cell-0-7-11 664 817 36 35 
cell-0-7-12 703 817 36 35 
cell-0-7-13 742 817 36 35 
cell-0-7-14 781 817 36 35 
cell-0-7-15 820 817 36 35 
cell-0-7-16 859 817 36 35 
cell-0-7-17 898 817 36 35 
cell-0-8-0 235 878 36 35 
cell-0-8-1 274 878 36 35 
cell-0-8-2 313 878 36 35 
cell-0-8-3 352 878 36 35 
cell-0-8-4 391 878 36 35 
cell-0-8-5 430 878 36 35 
cell-0-8-6 469 878 36 35 
cell-0-8-7 508 878 36 35 
cell-0-8-8 547 878 36 35 
cell-0-8-9 586 878 36 35 
cell-0-8-10 625 878 36 35 
cell-0-8-11 664 878 36 35 
cell-0-8-12 703 878 36 35 
cell-0-8-13 742 878 36 35 
cell-0-8-14 781 878 36 35 
cell-0-8-15 820 878 36 35 
cell-0-8-16 859 878 36 35 
cell-0-8-17 898 878 36 35 
cell-0-9-0 235 939 36 35 
cell-0-9-1 274 939 36 35 
cell-0-9-2 313 939 36 35 
cell-0-9-3 352 939 36 35 
cell-0-9-4 391 939 36 35 
cell-0-9-5 430 939 36 35 
cell-0-9-6 469 939 36 35 
cell-0-9-7 508 939 36 35 
cell-0-9-8 547 939 36 35 
cell-0-9-9 586 939 36 35 
cell-0-9-10 625 939 36 35 
cell-0-9-11 664 939 36 35 
cell-0-9-12 703 939 36 35 
cell-0-9-13 742 939 36 35 
cell-0-9-14 781 939 36 35 
cell-0-9-15 820 939 36 35 
cell-0-9-16 859 939 36 35 
cell-0-9-17 898 939 36 35 
cell-0-10-0 235 1000 36 35 
cell-0-10-1 274 1000 36 35 
cell-0-10-2 313 1000 36 35 
cell-0-10-3 352 1000 36 35 
cell-0-10-4 391 1000 36 35 
cell-0-10-5 430 1000 36 35 
cell-0-10-6 469 1000 36 35 
cell-0-10-7 508 1000 36 35 
cell-0-10-8 547 1000 36 35 
cell-0-10-9 586 1000 36 35 
cell-0-10-10 625 1000 36 35 
cell-0-10-11 664 1000 36 35 
cell-0-10-12 703 1000 36 35 
cell-0-10-13 742 1000 36 35 
cell-0-10-14 781 1000 36 35 
cell-0-10-15 820 1000 36 35 
cell-0-10-16 859 1000 36 35 
cell-0-10-17 898 1000 36 35 
