table-0 164 1006 800 370 
cell-0-0-0 164 1006 133 49 
cell-0-0-1 297 1006 133 49 
cell-0-0-2 430 1006 133 49 
cell-0-0-3 563 1006 133 49 
cell-0-0-4 696 1006 133 49 
cell-0-0-5 829 1006 133 49 
cell-0-1-0 164 1059 133 49 
cell-0-1-1 297 1059 133 49 
cell-0-1-2 430 1059 133 49 
cell-0-1-3 563 1059 133 49 
cell-0-1-4 696 1059 133 49 
cell-0-1-5 829 1059 133 49 
cell-0-2-0 164 1112 133 49 
cell-0-2-1 297 1112 133 49 
cell-0-2-2 430 1112 133 49 
cell-0-2-3 563 1112 133 49 
cell-0-2-4 696 1112 133 49 
cell-0-2-5 829 1112 133 49 
cell-0-3-0 164 1165 133 49 
cell-0-3-1 297 1165 133 49 
cell-0-3-2 430 1165 133 49 
cell-0-3-3 563 1165 133 49 
cell-0-3-4 696 1165 133 49 
cell-0-3-5 829 1165 133 49 
cell-0-4-0 164 1218 133 49 
cell-0-4-1 297 1218 133 49 
cell-0-4-2 430 1218 133 49 
cell-0-4-3 563 1218 133 49 
cell-0-4-4 696 1218 133 49 
cell-0-4-5 829 1218 133 49 
cell-0-5-0 164 1271 133 49 
cell-0-5-1 297 1271 133 49 
cell-0-5-2 430 1271 133 49 
cell-0-5-3 563 1271 133 49 
cell-0-5-4 696 1271 133 49 
cell-0-5-5 829 1271 133 49 
cell-0-6-0 164 1324 133 49 
cell-0-6-1 297 1324 133 49 
cell-0-6-2 430 1324 133 49 
cell-0-6-3 563 1324 133 49 
cell-0-6-4 696 1324 133 49 
cell-0-6-5 829 1324 133 49 
table-1 65 113 900 292 
cell-1-0-0 65 113 112 45 
cell-1-0-1 177 113 112 45 
cell-1-0-2 289 113 112 45 
cell-1-0-3 401 113 112 45 
cell-1-0-4 513 113 112 45 
cell-1-0-5 625 113 112 45 
cell-1-0-6 737 113 112 45 
cell-1-0-7 849 113 112 45 
cell-1-1-0 65 162 112 45 
cell-1-1-1 177 162 112 45 
cell-1-1-2 289 162 112 45 
cell-1-1-3 401 162 112 45 
cell-1-1-4 513 162 112 45 
cell-1-1-5 625 162 112 45 
cell-1-1-6 737 162 112 45 
cell-1-1-7 849 162 112 45 
cell-1-2-0 65 211 112 45 
cell-1-2-1 177 211 112 45 
cell-1-2-2 289 211 112 45 
cell-1-2-3 401 211 112 45 
cell-1-2-4 513 211 112 45 
cell-1-2-5 625 211 112 45 
cell-1-2-6 737 211 112 45 
cell-1-2-7 849 211 112 45 
cell-1-3-0 65 260 112 45 
cell-1-3-1 177 260 112 45 
cell-1-3-2 289 260 112 45 
cell-1-3-3 401 260 112 45 
cell-1-3-4 513 260 112 45 
cell-1-3-5 625 260 112 45 
cell-1-3-6 737 260 112 45 
cell-1-3-7 849 260 112 45 
cell-1-4-0 65 309 112 45 
cell-1-4-1 177 309 112 45 
cell-1-4-2 289 309 112 45 
cell-1-4-3 401 309 112 45 
cell-1-4-4 513 309 112 45 
cell-1-4-5 625 309 112 45 
cell-1-4-6 737 309 112 45 
cell-1-4-7 849 309 112 45 
cell-1-5-0 65 358 112 45 
cell-1-5-1 177 358 112 45 
cell-1-5-2 289 358 112 45 
cell-1-5-3 401 358 112 45 
cell-1-5-4 513 358 112 45 
cell-1-5-5 625 358 112 45 
cell-1-5-6 737 358 112 45 
cell-1-5-7 849 358 112 45 
