table-0 411 820 646 548 
cell-0-0-0 411 820 43 41 
cell-0-0-1 454 820 43 41 
cell-0-0-2 497 820 43 41 
cell-0-0-3 540 820 43 41 
cell-0-0-4 583 820 43 41 
cell-0-0-5 626 820 43 41 
cell-0-0-6 669 820 388 41 
cell-0-1-0 411 866 43 41 
cell-0-1-1 454 866 43 41 
cell-0-1-2 497 866 43 41 
cell-0-1-3 540 866 43 41 
cell-0-1-4 583 866 43 41 
cell-0-1-5 626 866 43 41 
cell-0-1-6 669 866 388 41 
cell-0-2-0 411 912 43 41 
cell-0-2-1 454 912 43 41 
cell-0-2-2 497 912 43 41 
cell-0-2-3 540 912 43 41 
cell-0-2-4 583 912 43 41 
cell-0-2-5 626 912 43 41 
cell-0-2-6 669 912 388 41 
cell-0-3-0 411 958 43 41 
cell-0-3-1 454 958 43 41 
cell-0-3-2 497 958 43 41 
cell-0-3-3 540 958 43 41 
cell-0-3-4 583 958 43 41 
cell-0-3-5 626 958 43 41 
cell-0-3-6 669 958 388 41 
cell-0-4-0 411 1004 43 41 
cell-0-4-1 454 1004 43 41 
cell-0-4-2 497 1004 43 41 
cell-0-4-3 540 1004 43 41 
cell-0-4-4 583 1004 43 41 
cell-0-4-5 626 1004 43 41 
cell-0-4-6 669 1004 388 41 
cell-0-5-0 411 1050 43 41 
cell-0-5-1 454 1050 43 41 
cell-0-5-2 497 1050 43 41 
cell-0-5-3 540 1050 43 41 
cell-0-5-4 583 1050 43 41 
cell-0-5-5 626 1050 43 41 
cell-0-5-6 669 1050 388 41 
cell-0-6-0 411 1096 43 41 
cell-0-6-1 454 1096 43 41 
cell-0-6-2 497 1096 43 41 
cell-0-6-3 540 1096 43 41 
cell-0-6-4 583 1096 43 41 
cell-0-6-5 626 1096 43 41 
cell-0-6-6 669 1096 388 41 
cell-0-7-0 411 1142 43 41 
cell-0-7-1 454 1142 43 41 
cell-0-7-2 497 1142 43 41 
cell-0-7-3 540 1142 43 41 
cell-0-7-4 583 1142 43 41 
cell-0-7-5 626 1142 43 41 
cell-0-7-6 669 1142 388 41 
cell-0-8-0 411 1188 43 41 
cell-0-8-1 454 1188 43 41 
cell-0-8-2 497 1188 43 41 
cell-0-8-3 540 1188 43 41 
cell-0-8-4 583 1188 43 41 
cell-0-8-5 626 1188 43 41 
cell-0-8-6 669 1188 388 41 
cell-0-9-0 411 1234 43 41 
cell-0-9-1 454 1234 43 41 
cell-0-9-2 497 1234 43 41 
cell-0-9-3 540 1234 43 41 
cell-0-9-4 583 1234 43 41 
cell-0-9-5 626 1234 43 41 
cell-0-9-6 669 1234 388 41 
cell-0-10-0 411 1280 43 41 
cell-0-10-1 454 1280 43 41 
cell-0-10-2 497 1280 43 41 
cell-0-10-3 540 1280 43 41 
cell-0-10-4 583 1280 43 41 
cell-0-10-5 626 1280 43 41 
cell-0-10-6 669 1280 388 41 
cell-0-11-0 411 1326 43 41 
cell-0-11-1 454 1326 43 41 
cell-0-11-2 497 1326 43 41 
cell-0-11-3 540 1326 43 41 
cell-0-11-4 583 1326 43 41 
cell-0-11-5 626 1326 43 41 
cell-0-11-6 669 1326 388 41 
