table-0 204 320 503 662 
cell-0-0-0 204 320 45 43 
cell-0-0-1 249 320 45 43 
cell-0-0-2 294 320 45 43 
cell-0-0-3 339 320 45 43 
cell-0-0-4 384 320 321 43 
cell-0-1-0 204 376 45 43 
cell-0-1-1 249 376 45 43 
cell-0-1-2 294 376 45 43 
cell-0-1-3 339 376 45 43 
cell-0-1-4 384 376 321 43 
cell-0-2-0 204 432 45 43 
cell-0-2-1 249 432 45 43 
cell-0-2-2 294 432 45 43 
cell-0-2-3 339 432 45 43 
cell-0-2-4 384 432 321 43 
cell-0-3-0 204 488 45 43 
cell-0-3-1 249 488 45 43 
cell-0-3-2 294 488 45 43 
cell-0-3-3 339 488 45 43 
cell-0-3-4 384 488 321 43 
cell-0-4-0 204 544 45 43 
cell-0-4-1 249 544 45 43 
cell-0-4-2 294 544 45 43 
cell-0-4-3 339 544 45 43 
cell-0-4-4 384 544 321 43 
cell-0-5-0 204 600 45 43 
cell-0-5-1 249 600 45 43 
cell-0-5-2 294 600 45 43 
cell-0-5-3 339 600 45 43 
cell-0-5-4 384 600 321 43 
cell-0-6-0 204 656 45 43 
cell-0-6-1 249 656 45 43 
cell-0-6-2 294 656 45 43 
cell-0-6-3 339 656 45 43 
cell-0-6-4 384 656 321 43 
cell-0-7-0 204 712 45 43 
cell-0-7-1 249 712 45 43 
cell-0-7-2 294 712 45 43 
cell-0-7-3 339 712 45 43 
cell-0-7-4 384 712 321 43 
cell-0-8-0 204 768 45 43 
cell-0-8-1 249 768 45 43 
cell-0-8-2 294 768 45 43 
cell-0-8-3 339 768 45 43 
cell-0-8-4 384 768 321 43 
cell-0-9-0 204 824 45 43 
cell-0-9-1 249 824 45 43 
cell-0-9-2 294 824 45 43 
cell-0-9-3 339 824 45 43 
cell-0-9-4 384 824 321 43 
cell-0-10-0 204 880 45 43 
cell-0-10-1 249 880 45 43 
cell-0-10-2 294 880 45 43 
cell-0-10-3 339 880 45 43 
cell-0-10-4 384 880 321 43 
cell-0-11-0 204 936 45 43 
cell-0-11-1 249 936 45 43 
cell-0-11-2 294 936 45 43 
cell-0-11-3 339 936 45 43 
cell-0-11-4 384 936 321 43 
