table-0 411 881 404 576 
cell-0-1-0 411 881 34 35 
cell-0-1-1 448 881 34 35 
cell-0-1-2 485 881 34 35 
cell-0-1-3 522 881 34 35 
cell-0-1-4 559 881 34 35 
cell-0-1-5 596 881 34 35 
cell-0-1-6 633 881 34 35 
cell-0-1-7 670 881 34 35 
cell-0-1-8 707 881 34 35 
cell-0-1-9 744 881 34 35 
cell-0-1-10 781 881 34 35 
cell-0-2-0 411 941 34 35 
cell-0-2-1 448 941 34 35 
cell-0-2-2 485 941 34 35 
cell-0-2-3 522 941 34 35 
cell-0-2-4 559 941 34 35 
cell-0-2-5 596 941 34 35 
cell-0-2-6 633 941 34 35 
cell-0-2-7 670 941 34 35 
cell-0-2-8 707 941 34 35 
cell-0-2-9 744 941 34 35 
cell-0-2-10 781 941 34 35 
cell-0-3-0 411 1001 34 35 
cell-0-3-1 448 1001 34 35 
cell-0-3-2 485 1001 34 35 
cell-0-3-3 522 1001 34 35 
cell-0-3-4 559 1001 34 35 
cell-0-3-5 596 1001 34 35 
cell-0-3-6 633 1001 34 35 
cell-0-3-7 670 1001 34 35 
cell-0-3-8 707 1001 34 35 
cell-0-3-9 744 1001 34 35 
cell-0-3-10 781 1001 34 35 
cell-0-4-0 411 1061 34 35 
cell-0-4-1 448 1061 34 35 
cell-0-4-2 485 1061 34 35 
cell-0-4-3 522 1061 34 35 
cell-0-4-4 559 1061 34 35 
cell-0-4-5 596 1061 34 35 
cell-0-4-6 633 1061 34 35 
cell-0-4-7 670 1061 34 35 
cell-0-4-8 707 1061 34 35 
cell-0-4-9 744 1061 34 35 
cell-0-4-10 781 1061 34 35 
cell-0-5-0 411 1121 34 35 
cell-0-5-1 448 1121 34 35 
cell-0-5-2 485 1121 34 35 
cell-0-5-3 522 1121 34 35 
cell-0-5-4 559 1121 34 35 
cell-0-5-5 596 1121 34 35 
cell-0-5-6 633 1121 34 35 
cell-0-5-7 670 1121 34 35 
cell-0-5-8 707 1121 34 35 
cell-0-5-9 744 1121 34 35 
cell-0-5-10 781 1121 34 35 
cell-0-6-0 411 1181 34 35 
cell-0-6-1 448 1181 34 35 
cell-0-6-2 485 1181 34 35 
cell-0-6-3 522 1181 34 35 
cell-0-6-4 559 1181 34 35 
cell-0-6-5 596 1181 34 35 
cell-0-6-6 633 1181 34 35 
cell-0-6-7 670 1181 34 35 
cell-0-6-8 707 1181 34 35 
cell-0-6-9 744 1181 34 35 
cell-0-6-10 781 1181 34 35 
cell-0-7-0 411 1241 34 35 
cell-0-7-1 448 1241 34 35 
cell-0-7-2 485 1241 34 35 
cell-0-7-3 522 1241 34 35 
cell-0-7-4 559 1241 34 35 
cell-0-7-5 596 1241 34 35 
cell-0-7-6 633 1241 34 35 
cell-0-7-7 670 1241 34 35 
cell-0-7-8 707 1241 34 35 
cell-0-7-9 744 1241 34 35 
cell-0-7-10 781 1241 34 35 
cell-0-8-0 411 1301 34 35 
cell-0-8-1 448 1301 34 35 
cell-0-8-2 485 1301 34 35 
cell-0-8-3 522 1301 34 35 
cell-0-8-4 559 1301 34 35 
cell-0-8-5 596 1301 34 35 
cell-0-8-6 633 1301 34 35 
cell-0-8-7 670 1301 34 35 
cell-0-8-8 707 1301 34 35 
cell-0-8-9 744 1301 34 35 
cell-0-8-10 781 1301 34 35 
cell-0-9-0 411 1361 34 35 
cell-0-9-1 448 1361 34 35 
cell-0-9-2 485 1361 34 35 
cell-0-9-3 522 1361 34 35 
cell-0-9-4 559 1361 34 35 
cell-0-9-5 596 1361 34 35 
cell-0-9-6 633 1361 34 35 
cell-0-9-7 670 1361 34 35 
cell-0-9-8 707 1361 34 35 
cell-0-9-9 744 1361 34 35 
cell-0-9-10 781 1361 34 35 
cell-0-10-0 411 1421 34 35 
cell-0-10-1 448 1421 34 35 
cell-0-10-2 485 1421 34 35 
cell-0-10-3 522 1421 34 35 
cell-0-10-4 559 1421 34 35 
cell-0-10-5 596 1421 34 35 
cell-0-10-6 633 1421 34 35 
cell-0-10-7 670 1421 34 35 
cell-0-10-8 707 1421 34 35 
cell-0-10-9 744 1421 34 35 
cell-0-10-10 781 1421 34 35 
table-1 338 314 700 417 
cell-1-0-0 338 314 77 36 
cell-1-0-1 415 314 77 36 
cell-1-0-2 492 314 77 36 
cell-1-0-3 569 314 77 36 
cell-1-0-4 646 314 77 36 
cell-1-0-5 723 314 77 36 
cell-1-0-6 800 314 77 36 
cell-1-0-7 877 314 77 36 
cell-1-0-8 954 314 77 36 
cell-1-1-0 338 356 77 36 
cell-1-1-1 415 356 77 36 
cell-1-1-2 492 356 77 36 
cell-1-1-3 569 356 77 36 
cell-1-1-4 646 356 77 36 
cell-1-1-5 723 356 77 36 
cell-1-1-6 800 356 77 36 
cell-1-1-7 877 356 77 36 
cell-1-1-8 954 356 77 36 
cell-1-2-0 338 398 77 36 
cell-1-2-1 415 398 77 36 
cell-1-2-2 492 398 77 36 
cell-1-2-3 569 398 77 36 
cell-1-2-4 646 398 77 36 
cell-1-2-5 723 398 77 36 
cell-1-2-6 800 398 77 36 
cell-1-2-7 877 398 77 36 
cell-1-2-8 954 398 77 36 
cell-1-3-0 338 440 77 36 
cell-1-3-1 415 440 77 36 
cell-1-3-2 492 440 77 36 
cell-1-3-3 569 440 77 36 
cell-1-3-4 646 440 77 36 
cell-1-3-5 723 440 77 36 
cell-1-3-6 800 440 77 36 
cell-1-3-7 877 440 77 36 
cell-1-3-8 954 440 77 36 
cell-1-4-0 338 482 77 36 
cell-1-4-1 415 482 77 36 
cell-1-4-2 492 482 77 36 
cell-1-4-3 569 482 77 36 
cell-1-4-4 646 482 77 36 
cell-1-4-5 723 482 77 36 
cell-1-4-6 800 482 77 36 
cell-1-4-7 877 482 77 36 
cell-1-4-8 954 482 77 36 
cell-1-5-0 338 524 77 36 
cell-1-5-1 415 524 77 36 
cell-1-5-2 492 524 77 36 
cell-1-5-3 569 524 77 36 
cell-1-5-4 646 524 77 36 
cell-1-5-5 723 524 77 36 
cell-1-5-6 800 524 77 36 
cell-1-5-7 877 524 77 36 
cell-1-5-8 954 524 77 36 
cell-1-6-0 338 566 77 36 
cell-1-6-1 415 566 77 36 
cell-1-6-2 492 566 77 36 
cell-1-6-3 569 566 77 36 
cell-1-6-4 646 566 77 36 
cell-1-6-5 723 566 77 36 
cell-1-6-6 800 566 77 36 
cell-1-6-7 877 566 77 36 
cell-1-6-8 954 566 77 36 
cell-1-7-0 338 608 77 36 
cell-1-7-1 415 608 77 36 
cell-1-7-2 492 608 77 36 
cell-1-7-3 569 608 77 36 
cell-1-7-4 646 608 77 36 
cell-1-7-5 723 608 77 36 
cell-1-7-6 800 608 77 36 
cell-1-7-7 877 608 77 36 
cell-1-7-8 954 608 77 36 
cell-1-8-0 338 650 77 36 
cell-1-8-1 415 650 77 36 
cell-1-8-2 492 650 77 36 
cell-1-8-3 569 650 77 36 
cell-1-8-4 646 650 77 36 
cell-1-8-5 723 650 77 36 
cell-1-8-6 800 650 77 36 
cell-1-8-7 877 650 77 36 
cell-1-8-8 954 650 77 36 
cell-1-9-0 338 692 77 36 
cell-1-9-1 415 692 77 36 
cell-1-9-2 492 692 77 36 
cell-1-9-3 569 692 77 36 
cell-1-9-4 646 692 77 36 
cell-1-9-5 723 692 77 36 
cell-1-9-6 800 692 77 36 
cell-1-9-7 877 692 77 36 
cell-1-9-8 954 692 77 36 
