table-0 280 468 643 603 
cell-0-0-0 280 468 43 41 
cell-0-0-1 323 468 43 41 
cell-0-0-2 366 468 43 41 
cell-0-0-3 409 468 43 41 
cell-0-0-4 452 468 43 41 
cell-0-0-5 495 468 427 41 
cell-0-1-0 280 519 43 41 
cell-0-1-1 323 519 43 41 
cell-0-1-2 366 519 43 41 
cell-0-1-3 409 519 43 41 
cell-0-1-4 452 519 43 41 
cell-0-1-5 495 519 427 41 
cell-0-2-0 280 570 43 41 
cell-0-2-1 323 570 43 41 
cell-0-2-2 366 570 43 41 
cell-0-2-3 409 570 43 41 
cell-0-2-4 452 570 43 41 
cell-0-2-5 495 570 427 41 
cell-0-3-0 280 621 43 41 
cell-0-3-1 323 621 43 41 
cell-0-3-2 366 621 43 41 
cell-0-3-3 409 621 43 41 
cell-0-3-4 452 621 43 41 
cell-0-3-5 495 621 427 41 
cell-0-4-0 280 672 43 41 
cell-0-4-1 323 672 43 41 
cell-0-4-2 366 672 43 41 
cell-0-4-3 409 672 43 41 
cell-0-4-4 452 672 43 41 
cell-0-4-5 495 672 427 41 
cell-0-5-0 280 723 43 41 
cell-0-5-1 323 723 43 41 
cell-0-5-2 366 723 43 41 
cell-0-5-3 409 723 43 41 
cell-0-5-4 452 723 43 41 
cell-0-5-5 495 723 427 41 
cell-0-6-0 280 774 43 41 
cell-0-6-1 323 774 43 41 
cell-0-6-2 366 774 43 41 
cell-0-6-3 409 774 43 41 
cell-0-6-4 452 774 43 41 
cell-0-6-5 495 774 427 41 
cell-0-7-0 280 825 43 41 
cell-0-7-1 323 825 43 41 
cell-0-7-2 366 825 43 41 
cell-0-7-3 409 825 43 41 
cell-0-7-4 452 825 43 41 
cell-0-7-5 495 825 427 41 
cell-0-8-0 280 876 43 41 
cell-0-8-1 323 876 43 41 
cell-0-8-2 366 876 43 41 
cell-0-8-3 409 876 43 41 
cell-0-8-4 452 876 43 41 
cell-0-8-5 495 876 427 41 
cell-0-9-0 280 927 43 41 
cell-0-9-1 323 927 43 41 
cell-0-9-2 366 927 43 41 
cell-0-9-3 409 927 43 41 
cell-0-9-4 452 927 43 41 
cell-0-9-5 495 927 427 41 
cell-0-10-0 280 978 43 41 
cell-0-10-1 323 978 43 41 
cell-0-10-2 366 978 43 41 
cell-0-10-3 409 978 43 41 
cell-0-10-4 452 978 43 41 
cell-0-10-5 495 978 427 41 
cell-0-11-0 280 1029 43 41 
cell-0-11-1 323 1029 43 41 
cell-0-11-2 366 1029 43 41 
cell-0-11-3 409 1029 43 41 
cell-0-11-4 452 1029 43 41 
cell-0-11-5 495 1029 427 41 
header-2 157 173 869 193 
row-1-1 157 173 363 40 
row-1-2 540 173 297 40 
row-2-1 157 223 363 40 
row-2-2 540 223 478 40 
row-3-1 157 273 759 40 
row-4-1 157 323 759 40 
