table-0 75 552 563 668 
cell-0-1-0 75 552 35 35 
cell-0-1-1 110 552 35 35 
cell-0-1-2 145 552 35 35 
cell-0-1-3 180 552 35 35 
cell-0-1-4 215 552 35 35 
cell-0-1-5 250 552 35 35 
cell-0-1-6 285 552 35 35 
cell-0-1-7 320 552 35 35 
cell-0-1-8 355 552 35 35 
cell-0-1-9 390 552 35 35 
cell-0-1-10 425 552 35 35 
cell-0-1-11 460 552 35 35 
cell-0-1-12 495 552 35 35 
cell-0-1-13 530 552 35 35 
cell-0-1-14 565 552 35 35 
cell-0-1-15 600 552 35 35 
cell-0-2-0 75 615 35 35 
cell-0-2-1 110 615 35 35 
cell-0-2-2 145 615 35 35 
cell-0-2-3 180 615 35 35 
cell-0-2-4 215 615 35 35 
cell-0-2-5 250 615 35 35 
cell-0-2-6 285 615 35 35 
cell-0-2-7 320 615 35 35 
cell-0-2-8 355 615 35 35 
cell-0-2-9 390 615 35 35 
cell-0-2-10 425 615 35 35 
cell-0-2-11 460 615 35 35 
cell-0-2-12 495 615 35 35 
cell-0-2-13 530 615 35 35 
cell-0-2-14 565 615 35 35 
cell-0-2-15 600 615 35 35 
cell-0-3-0 75 678 35 35 
cell-0-3-1 110 678 35 35 
cell-0-3-2 145 678 35 35 
cell-0-3-3 180 678 35 35 
cell-0-3-4 215 678 35 35 
cell-0-3-5 250 678 35 35 
cell-0-3-6 285 678 35 35 
cell-0-3-7 320 678 35 35 
cell-0-3-8 355 678 35 35 
cell-0-3-9 390 678 35 35 
cell-0-3-10 425 678 35 35 
cell-0-3-11 460 678 35 35 
cell-0-3-12 495 678 35 35 
cell-0-3-13 530 678 35 35 
cell-0-3-14 565 678 35 35 
cell-0-3-15 600 678 35 35 
cell-0-4-0 75 741 35 35 
cell-0-4-1 110 741 35 35 
cell-0-4-2 145 741 35 35 
cell-0-4-3 180 741 35 35 
cell-0-4-4 215 741 35 35 
cell-0-4-5 250 741 35 35 
cell-0-4-6 285 741 35 35 
cell-0-4-7 320 741 35 35 
cell-0-4-8 355 741 35 35 
cell-0-4-9 390 741 35 35 
cell-0-4-10 425 741 35 35 
cell-0-4-11 460 741 35 35 
cell-0-4-12 495 741 35 35 
cell-0-4-13 530 741 35 35 
cell-0-4-14 565 741 35 35 
cell-0-4-15 600 741 35 35 
cell-0-5-0 75 804 35 35 
cell-0-5-1 110 804 35 35 
cell-0-5-2 145 804 35 35 
cell-0-5-3 180 804 35 35 
cell-0-5-4 215 804 35 35 
cell-0-5-5 250 804 35 35 
cell-0-5-6 285 804 35 35 
cell-0-5-7 320 804 35 35 
cell-0-5-8 355 804 35 35 
cell-0-5-9 390 804 35 35 
cell-0-5-10 425 804 35 35 
cell-0-5-11 460 804 35 35 
cell-0-5-12 495 804 35 35 
cell-0-5-13 530 804 35 35 
cell-0-5-14 565 804 35 35 
cell-0-5-15 600 804 35 35 
cell-0-6-0 75 867 35 35 
cell-0-6-1 110 867 35 35 
cell-0-6-2 145 867 35 35 
cell-0-6-3 180 867 35 35 
cell-0-6-4 215 867 35 35 
cell-0-6-5 250 867 35 35 
cell-0-6-6 285 867 35 35 
cell-0-6-7 320 867 35 35 
cell-0-6-8 355 867 35 35 
cell-0-6-9 390 867 35 35 
cell-0-6-10 425 867 35 35 
cell-0-6-11 460 867 35 35 
cell-0-6-12 495 867 35 35 
cell-0-6-13 530 867 35 35 
cell-0-6-14 565 867 35 35 
cell-0-6-15 600 867 35 35 
cell-0-7-0 75 930 35 35 
cell-0-7-1 110 930 35 35 
cell-0-7-2 145 930 35 35 
cell-0-7-3 180 930 35 35 
cell-0-7-4 215 930 35 35 
cell-0-7-5 250 930 35 35 
cell-0-7-6 285 930 35 35 
cell-0-7-7 320 930 35 35 
cell-0-7-8 355 930 35 35 
cell-0-7-9 390 930 35 35 
cell-0-7-10 425 930 35 35 
cell-0-7-11 460 930 35 35 
cell-0-7-12 495 930 35 35 
cell-0-7-13 530 930 35 35 
cell-0-7-14 565 930 35 35 
cell-0-7-15 600 930 35 35 
cell-0-8-0 75 993 35 35 
cell-0-8-1 110 993 35 35 
cell-0-8-2 145 993 35 35 
cell-0-8-3 180 993 35 35 
cell-0-8-4 215 993 35 35 
cell-0-8-5 250 993 35 35 
cell-0-8-6 285 993 35 35 
cell-0-8-7 320 993 35 35 
cell-0-8-8 355 993 35 35 
cell-0-8-9 390 993 35 35 
cell-0-8-10 425 993 35 35 
cell-0-8-11 460 993 35 35 
cell-0-8-12 495 993 35 35 
cell-0-8-13 530 993 35 35 
cell-0-8-14 565 993 35 35 
cell-0-8-15 600 993 35 35 
cell-0-9-0 75 1056 35 35 
cell-0-9-1 110 1056 35 35 
cell-0-9-2 145 1056 35 35 
cell-0-9-3 180 1056 35 35 
cell-0-9-4 215 1056 35 35 
cell-0-9-5 250 1056 35 35 
cell-0-9-6 285 1056 35 35 
cell-0-9-7 320 1056 35 35 
cell-0-9-8 355 1056 35 35 
cell-0-9-9 390 1056 35 35 
cell-0-9-10 425 1056 35 35 
cell-0-9-11 460 1056 35 35 
cell-0-9-12 495 1056 35 35 
cell-0-9-13 530 1056 35 35 
cell-0-9-14 565 1056 35 35 
cell-0-9-15 600 1056 35 35 
cell-0-10-0 75 1119 35 35 
cell-0-10-1 110 1119 35 35 
cell-0-10-2 145 1119 35 35 
cell-0-10-3 180 1119 35 35 
cell-0-10-4 215 1119 35 35 
cell-0-10-5 250 1119 35 35 
cell-0-10-6 285 1119 35 35 
cell-0-10-7 320 1119 35 35 
cell-0-10-8 355 1119 35 35 
cell-0-10-9 390 1119 35 35 
cell-0-10-10 425 1119 35 35 
cell-0-10-11 460 1119 35 35 
cell-0-10-12 495 1119 35 35 
cell-0-10-13 530 1119 35 35 
cell-0-10-14 565 1119 35 35 
cell-0-10-15 600 1119 35 35 
cell-0-11-0 75 1182 35 35 
cell-0-11-1 110 1182 35 35 
cell-0-11-2 145 1182 35 35 
cell-0-11-3 180 1182 35 35 
cell-0-11-4 215 1182 35 35 
cell-0-11-5 250 1182 35 35 
cell-0-11-6 285 1182 35 35 
cell-0-11-7 320 1182 35 35 
cell-0-11-8 355 1182 35 35 
cell-0-11-9 390 1182 35 35 
cell-0-11-10 425 1182 35 35 
cell-0-11-11 460 1182 35 35 
cell-0-11-12 495 1182 35 35 
cell-0-11-13 530 1182 35 35 
cell-0-11-14 565 1182 35 35 
cell-0-11-15 600 1182 35 35 
