table-0 343 684 500 526 
cell-0-0-0 343 684 45 43 
cell-0-0-1 388 684 45 43 
cell-0-0-2 433 684 45 43 
cell-0-0-3 478 684 45 43 
cell-0-0-4 523 684 318 43 
cell-0-1-0 343 732 45 43 
cell-0-1-1 388 732 45 43 
cell-0-1-2 433 732 45 43 
cell-0-1-3 478 732 45 43 
cell-0-1-4 523 732 318 43 
cell-0-2-0 343 780 45 43 
cell-0-2-1 388 780 45 43 
cell-0-2-2 433 780 45 43 
cell-0-2-3 478 780 45 43 
cell-0-2-4 523 780 318 43 
cell-0-3-0 343 828 45 43 
cell-0-3-1 388 828 45 43 
cell-0-3-2 433 828 45 43 
cell-0-3-3 478 828 45 43 
cell-0-3-4 523 828 318 43 
cell-0-4-0 343 876 45 43 
cell-0-4-1 388 876 45 43 
cell-0-4-2 433 876 45 43 
cell-0-4-3 478 876 45 43 
cell-0-4-4 523 876 318 43 
cell-0-5-0 343 924 45 43 
cell-0-5-1 388 924 45 43 
cell-0-5-2 433 924 45 43 
cell-0-5-3 478 924 45 43 
cell-0-5-4 523 924 318 43 
cell-0-6-0 343 972 45 43 
cell-0-6-1 388 972 45 43 
cell-0-6-2 433 972 45 43 
cell-0-6-3 478 972 45 43 
cell-0-6-4 523 972 318 43 
cell-0-7-0 343 1020 45 43 
cell-0-7-1 388 1020 45 43 
cell-0-7-2 433 1020 45 43 
cell-0-7-3 478 1020 45 43 
cell-0-7-4 523 1020 318 43 
cell-0-8-0 343 1068 45 43 
cell-0-8-1 388 1068 45 43 
cell-0-8-2 433 1068 45 43 
cell-0-8-3 478 1068 45 43 
cell-0-8-4 523 1068 318 43 
cell-0-9-0 343 1116 45 43 
cell-0-9-1 388 1116 45 43 
cell-0-9-2 433 1116 45 43 
cell-0-9-3 478 1116 45 43 
cell-0-9-4 523 1116 318 43 
cell-0-10-0 343 1164 45 43 
cell-0-10-1 388 1164 45 43 
cell-0-10-2 433 1164 45 43 
cell-0-10-3 478 1164 45 43 
cell-0-10-4 523 1164 318 43 
