table-0 86 315 700 430 
cell-0-0-0 86 315 116 55 
cell-0-0-1 202 315 116 55 
cell-0-0-2 318 315 116 55 
cell-0-0-3 434 315 116 55 
cell-0-0-4 550 315 116 55 
cell-0-0-5 666 315 116 55 
cell-0-1-0 86 377 116 55 
cell-0-1-1 202 377 116 55 
cell-0-1-2 318 377 116 55 
cell-0-1-3 434 377 116 55 
cell-0-1-4 550 377 116 55 
cell-0-1-5 666 377 116 55 
cell-0-2-0 86 439 116 55 
cell-0-2-1 202 439 116 55 
cell-0-2-2 318 439 116 55 
cell-0-2-3 434 439 116 55 
cell-0-2-4 550 439 116 55 
cell-0-2-5 666 439 116 55 
cell-0-3-0 86 501 116 55 
cell-0-3-1 202 501 116 55 
cell-0-3-2 318 501 116 55 
cell-0-3-3 434 501 116 55 
cell-0-3-4 550 501 116 55 
cell-0-3-5 666 501 116 55 
cell-0-4-0 86 563 116 55 
cell-0-4-1 202 563 116 55 
cell-0-4-2 318 563 116 55 
cell-0-4-3 434 563 116 55 
cell-0-4-4 550 563 116 55 
cell-0-4-5 666 563 116 55 
cell-0-5-0 86 625 116 55 
cell-0-5-1 202 625 116 55 
cell-0-5-2 318 625 116 55 
cell-0-5-3 434 625 116 55 
cell-0-5-4 550 625 116 55 
cell-0-5-5 666 625 116 55 
cell-0-6-0 86 687 116 55 
cell-0-6-1 202 687 116 55 
cell-0-6-2 318 687 116 55 
cell-0-6-3 434 687 116 55 
cell-0-6-4 550 687 116 55 
cell-0-6-5 666 687 116 55 
