table-0 299 388 483 582 
cell-0-0-0 299 388 43 41 
cell-0-0-1 342 388 43 41 
cell-0-0-2 385 388 43 41 
cell-0-0-3 428 388 43 41 
cell-0-0-4 471 388 309 41 
cell-0-1-0 299 433 43 41 
cell-0-1-1 342 433 43 41 
cell-0-1-2 385 433 43 41 
cell-0-1-3 428 433 43 41 
cell-0-1-4 471 433 309 41 
cell-0-2-0 299 478 43 41 
cell-0-2-1 342 478 43 41 
cell-0-2-2 385 478 43 41 
cell-0-2-3 428 478 43 41 
cell-0-2-4 471 478 309 41 
cell-0-3-0 299 523 43 41 
cell-0-3-1 342 523 43 41 
cell-0-3-2 385 523 43 41 
cell-0-3-3 428 523 43 41 
cell-0-3-4 471 523 309 41 
cell-0-4-0 299 568 43 41 
cell-0-4-1 342 568 43 41 
cell-0-4-2 385 568 43 41 
cell-0-4-3 428 568 43 41 
cell-0-4-4 471 568 309 41 
cell-0-5-0 299 613 43 41 
cell-0-5-1 342 613 43 41 
cell-0-5-2 385 613 43 41 
cell-0-5-3 428 613 43 41 
cell-0-5-4 471 613 309 41 
cell-0-6-0 299 658 43 41 
cell-0-6-1 342 658 43 41 
cell-0-6-2 385 658 43 41 
cell-0-6-3 428 658 43 41 
cell-0-6-4 471 658 309 41 
cell-0-7-0 299 703 43 41 
cell-0-7-1 342 703 43 41 
cell-0-7-2 385 703 43 41 
cell-0-7-3 428 703 43 41 
cell-0-7-4 471 703 309 41 
cell-0-8-0 299 748 43 41 
cell-0-8-1 342 748 43 41 
cell-0-8-2 385 748 43 41 
cell-0-8-3 428 748 43 41 
cell-0-8-4 471 748 309 41 
cell-0-9-0 299 793 43 41 
cell-0-9-1 342 793 43 41 
cell-0-9-2 385 793 43 41 
cell-0-9-3 428 793 43 41 
cell-0-9-4 471 793 309 41 
cell-0-10-0 299 838 43 41 
cell-0-10-1 342 838 43 41 
cell-0-10-2 385 838 43 41 
cell-0-10-3 428 838 43 41 
cell-0-10-4 471 838 309 41 
cell-0-11-0 299 883 43 41 
cell-0-11-1 342 883 43 41 
cell-0-11-2 385 883 43 41 
cell-0-11-3 428 883 43 41 
cell-0-11-4 471 883 309 41 
cell-0-12-0 299 928 43 41 
cell-0-12-1 342 928 43 41 
cell-0-12-2 385 928 43 41 
cell-0-12-3 428 928 43 41 
cell-0-12-4 471 928 309 41 
