table-0 277 631 722 515 
cell-0-0-0 277 631 43 41 
cell-0-0-1 320 631 43 41 
cell-0-0-2 363 631 43 41 
cell-0-0-3 406 631 43 41 
cell-0-0-4 449 631 43 41 
cell-0-0-5 492 631 43 41 
cell-0-0-6 535 631 464 41 
cell-0-1-0 277 674 43 41 
cell-0-1-1 320 674 43 41 
cell-0-1-2 363 674 43 41 
cell-0-1-3 406 674 43 41 
cell-0-1-4 449 674 43 41 
cell-0-1-5 492 674 43 41 
cell-0-1-6 535 674 464 41 
cell-0-2-0 277 717 43 41 
cell-0-2-1 320 717 43 41 
cell-0-2-2 363 717 43 41 
cell-0-2-3 406 717 43 41 
cell-0-2-4 449 717 43 41 
cell-0-2-5 492 717 43 41 
cell-0-2-6 535 717 464 41 
cell-0-3-0 277 760 43 41 
cell-0-3-1 320 760 43 41 
cell-0-3-2 363 760 43 41 
cell-0-3-3 406 760 43 41 
cell-0-3-4 449 760 43 41 
cell-0-3-5 492 760 43 41 
cell-0-3-6 535 760 464 41 
cell-0-4-0 277 803 43 41 
cell-0-4-1 320 803 43 41 
cell-0-4-2 363 803 43 41 
cell-0-4-3 406 803 43 41 
cell-0-4-4 449 803 43 41 
cell-0-4-5 492 803 43 41 
cell-0-4-6 535 803 464 41 
cell-0-5-0 277 846 43 41 
cell-0-5-1 320 846 43 41 
cell-0-5-2 363 846 43 41 
cell-0-5-3 406 846 43 41 
cell-0-5-4 449 846 43 41 
cell-0-5-5 492 846 43 41 
cell-0-5-6 535 846 464 41 
cell-0-6-0 277 889 43 41 
cell-0-6-1 320 889 43 41 
cell-0-6-2 363 889 43 41 
cell-0-6-3 406 889 43 41 
cell-0-6-4 449 889 43 41 
cell-0-6-5 492 889 43 41 
cell-0-6-6 535 889 464 41 
cell-0-7-0 277 932 43 41 
cell-0-7-1 320 932 43 41 
cell-0-7-2 363 932 43 41 
cell-0-7-3 406 932 43 41 
cell-0-7-4 449 932 43 41 
cell-0-7-5 492 932 43 41 
cell-0-7-6 535 932 464 41 
cell-0-8-0 277 975 43 41 
cell-0-8-1 320 975 43 41 
cell-0-8-2 363 975 43 41 
cell-0-8-3 406 975 43 41 
cell-0-8-4 449 975 43 41 
cell-0-8-5 492 975 43 41 
cell-0-8-6 535 975 464 41 
cell-0-9-0 277 1018 43 41 
cell-0-9-1 320 1018 43 41 
cell-0-9-2 363 1018 43 41 
cell-0-9-3 406 1018 43 41 
cell-0-9-4 449 1018 43 41 
cell-0-9-5 492 1018 43 41 
cell-0-9-6 535 1018 464 41 
cell-0-10-0 277 1061 43 41 
cell-0-10-1 320 1061 43 41 
cell-0-10-2 363 1061 43 41 
cell-0-10-3 406 1061 43 41 
cell-0-10-4 449 1061 43 41 
cell-0-10-5 492 1061 43 41 
cell-0-10-6 535 1061 464 41 
cell-0-11-0 277 1104 43 41 
cell-0-11-1 320 1104 43 41 
cell-0-11-2 363 1104 43 41 
cell-0-11-3 406 1104 43 41 
cell-0-11-4 449 1104 43 41 
cell-0-11-5 492 1104 43 41 
cell-0-11-6 535 1104 464 41 
