table-0 820 110 178 613 
cell-0-0-0 820 110 44 35 
cell-0-0-1 864 110 44 35 
cell-0-0-2 908 110 44 35 
cell-0-0-3 952 110 44 35 
cell-0-1-0 820 158 44 35 
cell-0-1-1 864 158 44 35 
cell-0-1-2 908 158 44 35 
cell-0-1-3 952 158 44 35 
cell-0-2-0 820 206 44 35 
cell-0-2-1 864 206 44 35 
cell-0-2-2 908 206 44 35 
cell-0-2-3 952 206 44 35 
cell-0-3-0 820 254 44 35 
cell-0-3-1 864 254 44 35 
cell-0-3-2 908 254 44 35 
cell-0-3-3 952 254 44 35 
cell-0-4-0 820 302 44 35 
cell-0-4-1 864 302 44 35 
cell-0-4-2 908 302 44 35 
cell-0-4-3 952 302 44 35 
cell-0-5-0 820 350 44 35 
cell-0-5-1 864 350 44 35 
cell-0-5-2 908 350 44 35 
cell-0-5-3 952 350 44 35 
cell-0-6-0 820 398 44 35 
cell-0-6-1 864 398 44 35 
cell-0-6-2 908 398 44 35 
cell-0-6-3 952 398 44 35 
cell-0-7-0 820 446 44 35 
cell-0-7-1 864 446 44 35 
cell-0-7-2 908 446 44 35 
cell-0-7-3 952 446 44 35 
cell-0-8-0 820 494 44 35 
cell-0-8-1 864 494 44 35 
cell-0-8-2 908 494 44 35 
cell-0-8-3 952 494 44 35 
cell-0-9-0 820 542 44 35 
cell-0-9-1 864 542 44 35 
cell-0-9-2 908 542 44 35 
cell-0-9-3 952 542 44 35 
cell-0-10-0 820 590 44 35 
cell-0-10-1 864 590 44 35 
cell-0-10-2 908 590 44 35 
cell-0-10-3 952 590 44 35 
cell-0-11-0 820 638 44 35 
cell-0-11-1 864 638 44 35 
cell-0-11-2 908 638 44 35 
cell-0-11-3 952 638 44 35 
cell-0-12-0 820 686 44 35 
cell-0-12-1 864 686 44 35 
cell-0-12-2 908 686 44 35 
cell-0-12-3 952 686 44 35 
table-2 356 902 512 293 
cell-2-1-0 356 902 34 35 
cell-2-1-1 390 902 34 35 
cell-2-1-2 424 902 34 35 
cell-2-1-3 458 902 34 35 
cell-2-1-4 492 902 34 35 
cell-2-1-5 526 902 34 35 
cell-2-1-6 560 902 34 35 
cell-2-1-7 594 902 34 35 
cell-2-1-8 628 902 34 35 
cell-2-1-9 662 902 34 35 
cell-2-1-10 696 902 34 35 
cell-2-1-11 730 902 34 35 
cell-2-1-12 764 902 34 35 
cell-2-1-13 798 902 34 35 
cell-2-1-14 832 902 34 35 
cell-2-2-0 356 966 34 35 
cell-2-2-1 390 966 34 35 
cell-2-2-2 424 966 34 35 
cell-2-2-3 458 966 34 35 
cell-2-2-4 492 966 34 35 
cell-2-2-5 526 966 34 35 
cell-2-2-6 560 966 34 35 
cell-2-2-7 594 966 34 35 
cell-2-2-8 628 966 34 35 
cell-2-2-9 662 966 34 35 
cell-2-2-10 696 966 34 35 
cell-2-2-11 730 966 34 35 
cell-2-2-12 764 966 34 35 
cell-2-2-13 798 966 34 35 
cell-2-2-14 832 966 34 35 
cell-2-3-0 356 1030 34 35 
cell-2-3-1 390 1030 34 35 
cell-2-3-2 424 1030 34 35 
cell-2-3-3 458 1030 34 35 
cell-2-3-4 492 1030 34 35 
cell-2-3-5 526 1030 34 35 
cell-2-3-6 560 1030 34 35 
cell-2-3-7 594 1030 34 35 
cell-2-3-8 628 1030 34 35 
cell-2-3-9 662 1030 34 35 
cell-2-3-10 696 1030 34 35 
cell-2-3-11 730 1030 34 35 
cell-2-3-12 764 1030 34 35 
cell-2-3-13 798 1030 34 35 
cell-2-3-14 832 1030 34 35 
cell-2-4-0 356 1094 34 35 
cell-2-4-1 390 1094 34 35 
cell-2-4-2 424 1094 34 35 
cell-2-4-3 458 1094 34 35 
cell-2-4-4 492 1094 34 35 
cell-2-4-5 526 1094 34 35 
cell-2-4-6 560 1094 34 35 
cell-2-4-7 594 1094 34 35 
cell-2-4-8 628 1094 34 35 
cell-2-4-9 662 1094 34 35 
cell-2-4-10 696 1094 34 35 
cell-2-4-11 730 1094 34 35 
cell-2-4-12 764 1094 34 35 
cell-2-4-13 798 1094 34 35 
cell-2-4-14 832 1094 34 35 
cell-2-5-0 356 1158 34 35 
cell-2-5-1 390 1158 34 35 
cell-2-5-2 424 1158 34 35 
cell-2-5-3 458 1158 34 35 
cell-2-5-4 492 1158 34 35 
cell-2-5-5 526 1158 34 35 
cell-2-5-6 560 1158 34 35 
cell-2-5-7 594 1158 34 35 
cell-2-5-8 628 1158 34 35 
cell-2-5-9 662 1158 34 35 
cell-2-5-10 696 1158 34 35 
cell-2-5-11 730 1158 34 35 
cell-2-5-12 764 1158 34 35 
cell-2-5-13 798 1158 34 35 
cell-2-5-14 832 1158 34 35 
