table-0 90 85 800 636 
cell-0-0-0 90 85 200 58 
cell-0-0-1 290 85 200 58 
cell-0-0-2 490 85 200 58 
cell-0-0-3 690 85 200 58 
cell-0-1-0 90 149 200 58 
cell-0-1-1 290 149 200 58 
cell-0-1-2 490 149 200 58 
cell-0-1-3 690 149 200 58 
cell-0-2-0 90 213 200 58 
cell-0-2-1 290 213 200 58 
cell-0-2-2 490 213 200 58 
cell-0-2-3 690 213 200 58 
cell-0-3-0 90 277 200 58 
cell-0-3-1 290 277 200 58 
cell-0-3-2 490 277 200 58 
cell-0-3-3 690 277 200 58 
cell-0-4-0 90 341 200 58 
cell-0-4-1 290 341 200 58 
cell-0-4-2 490 341 200 58 
cell-0-4-3 690 341 200 58 
cell-0-5-0 90 405 200 58 
cell-0-5-1 290 405 200 58 
cell-0-5-2 490 405 200 58 
cell-0-5-3 690 405 200 58 
cell-0-6-0 90 469 200 58 
cell-0-6-1 290 469 200 58 
cell-0-6-2 490 469 200 58 
cell-0-6-3 690 469 200 58 
cell-0-7-0 90 533 200 58 
cell-0-7-1 290 533 200 58 
cell-0-7-2 490 533 200 58 
cell-0-7-3 690 533 200 58 
cell-0-8-0 90 597 200 58 
cell-0-8-1 290 597 200 58 
cell-0-8-2 490 597 200 58 
cell-0-8-3 690 597 200 58 
cell-0-9-0 90 661 200 58 
cell-0-9-1 290 661 200 58 
cell-0-9-2 490 661 200 58 
cell-0-9-3 690 661 200 58 
table-1 507 897 183 456 
cell-1-0-0 507 897 45 35 
cell-1-0-1 552 897 45 35 
cell-1-0-2 597 897 45 35 
cell-1-0-3 642 897 45 35 
cell-1-1-0 507 935 45 35 
cell-1-1-1 552 935 45 35 
cell-1-1-2 597 935 45 35 
cell-1-1-3 642 935 45 35 
cell-1-2-0 507 973 45 35 
cell-1-2-1 552 973 45 35 
cell-1-2-2 597 973 45 35 
cell-1-2-3 642 973 45 35 
cell-1-3-0 507 1011 45 35 
cell-1-3-1 552 1011 45 35 
cell-1-3-2 597 1011 45 35 
cell-1-3-3 642 1011 45 35 
cell-1-4-0 507 1049 45 35 
cell-1-4-1 552 1049 45 35 
cell-1-4-2 597 1049 45 35 
cell-1-4-3 642 1049 45 35 
cell-1-5-0 507 1087 45 35 
cell-1-5-1 552 1087 45 35 
cell-1-5-2 597 1087 45 35 
cell-1-5-3 642 1087 45 35 
cell-1-6-0 507 1125 45 35 
cell-1-6-1 552 1125 45 35 
cell-1-6-2 597 1125 45 35 
cell-1-6-3 642 1125 45 35 
cell-1-7-0 507 1163 45 35 
cell-1-7-1 552 1163 45 35 
cell-1-7-2 597 1163 45 35 
cell-1-7-3 642 1163 45 35 
cell-1-8-0 507 1201 45 35 
cell-1-8-1 552 1201 45 35 
cell-1-8-2 597 1201 45 35 
cell-1-8-3 642 1201 45 35 
cell-1-9-0 507 1239 45 35 
cell-1-9-1 552 1239 45 35 
cell-1-9-2 597 1239 45 35 
cell-1-9-3 642 1239 45 35 
cell-1-10-0 507 1277 45 35 
cell-1-10-1 552 1277 45 35 
cell-1-10-2 597 1277 45 35 
cell-1-10-3 642 1277 45 35 
cell-1-11-0 507 1315 45 35 
cell-1-11-1 552 1315 45 35 
cell-1-11-2 597 1315 45 35 
cell-1-11-3 642 1315 45 35 
