table-0 109 362 563 374 
cell-0-1-0 109 362 35 35 
cell-0-1-1 144 362 35 35 
cell-0-1-2 179 362 35 35 
cell-0-1-3 214 362 35 35 
cell-0-1-4 249 362 35 35 
cell-0-1-5 284 362 35 35 
cell-0-1-6 319 362 35 35 
cell-0-1-7 354 362 35 35 
cell-0-1-8 389 362 35 35 
cell-0-1-9 424 362 35 35 
cell-0-1-10 459 362 35 35 
cell-0-1-11 494 362 35 35 
cell-0-1-12 529 362 35 35 
cell-0-1-13 564 362 35 35 
cell-0-1-14 599 362 35 35 
cell-0-1-15 634 362 35 35 
cell-0-2-0 109 418 35 35 
cell-0-2-1 144 418 35 35 
cell-0-2-2 179 418 35 35 
cell-0-2-3 214 418 35 35 
cell-0-2-4 249 418 35 35 
cell-0-2-5 284 418 35 35 
cell-0-2-6 319 418 35 35 
cell-0-2-7 354 418 35 35 
cell-0-2-8 389 418 35 35 
cell-0-2-9 424 418 35 35 
cell-0-2-10 459 418 35 35 
cell-0-2-11 494 418 35 35 
cell-0-2-12 529 418 35 35 
cell-0-2-13 564 418 35 35 
cell-0-2-14 599 418 35 35 
cell-0-2-15 634 418 35 35 
cell-0-3-0 109 474 35 35 
cell-0-3-1 144 474 35 35 
cell-0-3-2 179 474 35 35 
cell-0-3-3 214 474 35 35 
cell-0-3-4 249 474 35 35 
cell-0-3-5 284 474 35 35 
cell-0-3-6 319 474 35 35 
cell-0-3-7 354 474 35 35 
cell-0-3-8 389 474 35 35 
cell-0-3-9 424 474 35 35 
cell-0-3-10 459 474 35 35 
cell-0-3-11 494 474 35 35 
cell-0-3-12 529 474 35 35 
cell-0-3-13 564 474 35 35 
cell-0-3-14 599 474 35 35 
cell-0-3-15 634 474 35 35 
cell-0-4-0 109 530 35 35 
cell-0-4-1 144 530 35 35 
cell-0-4-2 179 530 35 35 
cell-0-4-3 214 530 35 35 
cell-0-4-4 249 530 35 35 
cell-0-4-5 284 530 35 35 
cell-0-4-6 319 530 35 35 
cell-0-4-7 354 530 35 35 
cell-0-4-8 389 530 35 35 
cell-0-4-9 424 530 35 35 
cell-0-4-10 459 530 35 35 
cell-0-4-11 494 530 35 35 
cell-0-4-12 529 530 35 35 
cell-0-4-13 564 530 35 35 
cell-0-4-14 599 530 35 35 
cell-0-4-15 634 530 35 35 
cell-0-5-0 109 586 35 35 
cell-0-5-1 144 586 35 35 
cell-0-5-2 179 586 35 35 
cell-0-5-3 214 586 35 35 
cell-0-5-4 249 586 35 35 
cell-0-5-5 284 586 35 35 
cell-0-5-6 319 586 35 35 
cell-0-5-7 354 586 35 35 
cell-0-5-8 389 586 35 35 
cell-0-5-9 424 586 35 35 
cell-0-5-10 459 586 35 35 
cell-0-5-11 494 586 35 35 
cell-0-5-12 529 586 35 35 
cell-0-5-13 564 586 35 35 
cell-0-5-14 599 586 35 35 
cell-0-5-15 634 586 35 35 
cell-0-6-0 109 642 35 35 
cell-0-6-1 144 642 35 35 
cell-0-6-2 179 642 35 35 
cell-0-6-3 214 642 35 35 
cell-0-6-4 249 642 35 35 
cell-0-6-5 284 642 35 35 
cell-0-6-6 319 642 35 35 
cell-0-6-7 354 642 35 35 
cell-0-6-8 389 642 35 35 
cell-0-6-9 424 642 35 35 
cell-0-6-10 459 642 35 35 
cell-0-6-11 494 642 35 35 
cell-0-6-12 529 642 35 35 
cell-0-6-13 564 642 35 35 
cell-0-6-14 599 642 35 35 
cell-0-6-15 634 642 35 35 
cell-0-7-0 109 698 35 35 
cell-0-7-1 144 698 35 35 
cell-0-7-2 179 698 35 35 
cell-0-7-3 214 698 35 35 
cell-0-7-4 249 698 35 35 
cell-0-7-5 284 698 35 35 
cell-0-7-6 319 698 35 35 
cell-0-7-7 354 698 35 35 
cell-0-7-8 389 698 35 35 
cell-0-7-9 424 698 35 35 
cell-0-7-10 459 698 35 35 
cell-0-7-11 494 698 35 35 
cell-0-7-12 529 698 35 35 
cell-0-7-13 564 698 35 35 
cell-0-7-14 599 698 35 35 
cell-0-7-15 634 698 35 35 
