table-0 163 338 216 586 
cell-0-0-0 163 338 43 35 
cell-0-0-1 206 338 43 35 
cell-0-0-2 249 338 43 35 
cell-0-0-3 292 338 43 35 
cell-0-0-4 335 338 43 35 
cell-0-1-0 163 388 43 35 
cell-0-1-1 206 388 43 35 
cell-0-1-2 249 388 43 35 
cell-0-1-3 292 388 43 35 
cell-0-1-4 335 388 43 35 
cell-0-2-0 163 438 43 35 
cell-0-2-1 206 438 43 35 
cell-0-2-2 249 438 43 35 
cell-0-2-3 292 438 43 35 
cell-0-2-4 335 438 43 35 
cell-0-3-0 163 488 43 35 
cell-0-3-1 206 488 43 35 
cell-0-3-2 249 488 43 35 
cell-0-3-3 292 488 43 35 
cell-0-3-4 335 488 43 35 
cell-0-4-0 163 538 43 35 
cell-0-4-1 206 538 43 35 
cell-0-4-2 249 538 43 35 
cell-0-4-3 292 538 43 35 
cell-0-4-4 335 538 43 35 
cell-0-5-0 163 588 43 35 
cell-0-5-1 206 588 43 35 
cell-0-5-2 249 588 43 35 
cell-0-5-3 292 588 43 35 
cell-0-5-4 335 588 43 35 
cell-0-6-0 163 638 43 35 
cell-0-6-1 206 638 43 35 
cell-0-6-2 249 638 43 35 
cell-0-6-3 292 638 43 35 
cell-0-6-4 335 638 43 35 
cell-0-7-0 163 688 43 35 
cell-0-7-1 206 688 43 35 
cell-0-7-2 249 688 43 35 
cell-0-7-3 292 688 43 35 
cell-0-7-4 335 688 43 35 
cell-0-8-0 163 738 43 35 
cell-0-8-1 206 738 43 35 
cell-0-8-2 249 738 43 35 
cell-0-8-3 292 738 43 35 
cell-0-8-4 335 738 43 35 
cell-0-9-0 163 788 43 35 
cell-0-9-1 206 788 43 35 
cell-0-9-2 249 788 43 35 
cell-0-9-3 292 788 43 35 
cell-0-9-4 335 788 43 35 
cell-0-10-0 163 838 43 35 
cell-0-10-1 206 838 43 35 
cell-0-10-2 249 838 43 35 
cell-0-10-3 292 838 43 35 
cell-0-10-4 335 838 43 35 
cell-0-11-0 163 888 43 35 
cell-0-11-1 206 888 43 35 
cell-0-11-2 249 888 43 35 
cell-0-11-3 292 888 43 35 
cell-0-11-4 335 888 43 35 
header-1 198 1043 813 193 
row-1-1 198 1043 335 40 
row-1-2 553 1043 302 40 
row-2-1 198 1093 335 40 
row-2-2 553 1093 453 40 
row-3-1 198 1143 731 40 
row-4-1 198 1193 500 40 
