table-0 345 493 518 482 
cell-0-0-0 345 493 43 41 
cell-0-0-1 388 493 43 41 
cell-0-0-2 431 493 43 41 
cell-0-0-3 474 493 43 41 
cell-0-0-4 517 493 344 41 
cell-0-1-0 345 537 43 41 
cell-0-1-1 388 537 43 41 
cell-0-1-2 431 537 43 41 
cell-0-1-3 474 537 43 41 
cell-0-1-4 517 537 344 41 
cell-0-2-0 345 581 43 41 
cell-0-2-1 388 581 43 41 
cell-0-2-2 431 581 43 41 
cell-0-2-3 474 581 43 41 
cell-0-2-4 517 581 344 41 
cell-0-3-0 345 625 43 41 
cell-0-3-1 388 625 43 41 
cell-0-3-2 431 625 43 41 
cell-0-3-3 474 625 43 41 
cell-0-3-4 517 625 344 41 
cell-0-4-0 345 669 43 41 
cell-0-4-1 388 669 43 41 
cell-0-4-2 431 669 43 41 
cell-0-4-3 474 669 43 41 
cell-0-4-4 517 669 344 41 
cell-0-5-0 345 713 43 41 
cell-0-5-1 388 713 43 41 
cell-0-5-2 431 713 43 41 
cell-0-5-3 474 713 43 41 
cell-0-5-4 517 713 344 41 
cell-0-6-0 345 757 43 41 
cell-0-6-1 388 757 43 41 
cell-0-6-2 431 757 43 41 
cell-0-6-3 474 757 43 41 
cell-0-6-4 517 757 344 41 
cell-0-7-0 345 801 43 41 
cell-0-7-1 388 801 43 41 
cell-0-7-2 431 801 43 41 
cell-0-7-3 474 801 43 41 
cell-0-7-4 517 801 344 41 
cell-0-8-0 345 845 43 41 
cell-0-8-1 388 845 43 41 
cell-0-8-2 431 845 43 41 
cell-0-8-3 474 845 43 41 
cell-0-8-4 517 845 344 41 
cell-0-9-0 345 889 43 41 
cell-0-9-1 388 889 43 41 
cell-0-9-2 431 889 43 41 
cell-0-9-3 474 889 43 41 
cell-0-9-4 517 889 344 41 
cell-0-10-0 345 933 43 41 
cell-0-10-1 388 933 43 41 
cell-0-10-2 431 933 43 41 
cell-0-10-3 474 933 43 41 
cell-0-10-4 517 933 344 41 
