table-0 219 217 478 352 
cell-0-1-0 219 217 34 35 
cell-0-1-1 253 217 34 35 
cell-0-1-2 287 217 34 35 
cell-0-1-3 321 217 34 35 
cell-0-1-4 355 217 34 35 
cell-0-1-5 389 217 34 35 
cell-0-1-6 423 217 34 35 
cell-0-1-7 457 217 34 35 
cell-0-1-8 491 217 34 35 
cell-0-1-9 525 217 34 35 
cell-0-1-10 559 217 34 35 
cell-0-1-11 593 217 34 35 
cell-0-1-12 627 217 34 35 
cell-0-1-13 661 217 34 35 
cell-0-2-0 219 280 34 35 
cell-0-2-1 253 280 34 35 
cell-0-2-2 287 280 34 35 
cell-0-2-3 321 280 34 35 
cell-0-2-4 355 280 34 35 
cell-0-2-5 389 280 34 35 
cell-0-2-6 423 280 34 35 
cell-0-2-7 457 280 34 35 
cell-0-2-8 491 280 34 35 
cell-0-2-9 525 280 34 35 
cell-0-2-10 559 280 34 35 
cell-0-2-11 593 280 34 35 
cell-0-2-12 627 280 34 35 
cell-0-2-13 661 280 34 35 
cell-0-3-0 219 343 34 35 
cell-0-3-1 253 343 34 35 
cell-0-3-2 287 343 34 35 
cell-0-3-3 321 343 34 35 
cell-0-3-4 355 343 34 35 
cell-0-3-5 389 343 34 35 
cell-0-3-6 423 343 34 35 
cell-0-3-7 457 343 34 35 
cell-0-3-8 491 343 34 35 
cell-0-3-9 525 343 34 35 
cell-0-3-10 559 343 34 35 
cell-0-3-11 593 343 34 35 
cell-0-3-12 627 343 34 35 
cell-0-3-13 661 343 34 35 
cell-0-4-0 219 406 34 35 
cell-0-4-1 253 406 34 35 
cell-0-4-2 287 406 34 35 
cell-0-4-3 321 406 34 35 
cell-0-4-4 355 406 34 35 
cell-0-4-5 389 406 34 35 
cell-0-4-6 423 406 34 35 
cell-0-4-7 457 406 34 35 
cell-0-4-8 491 406 34 35 
cell-0-4-9 525 406 34 35 
cell-0-4-10 559 406 34 35 
cell-0-4-11 593 406 34 35 
cell-0-4-12 627 406 34 35 
cell-0-4-13 661 406 34 35 
cell-0-5-0 219 469 34 35 
cell-0-5-1 253 469 34 35 
cell-0-5-2 287 469 34 35 
cell-0-5-3 321 469 34 35 
cell-0-5-4 355 469 34 35 
cell-0-5-5 389 469 34 35 
cell-0-5-6 423 469 34 35 
cell-0-5-7 457 469 34 35 
cell-0-5-8 491 469 34 35 
cell-0-5-9 525 469 34 35 
cell-0-5-10 559 469 34 35 
cell-0-5-11 593 469 34 35 
cell-0-5-12 627 469 34 35 
cell-0-5-13 661 469 34 35 
cell-0-6-0 219 532 34 35 
cell-0-6-1 253 532 34 35 
cell-0-6-2 287 532 34 35 
cell-0-6-3 321 532 34 35 
cell-0-6-4 355 532 34 35 
cell-0-6-5 389 532 34 35 
cell-0-6-6 423 532 34 35 
cell-0-6-7 457 532 34 35 
cell-0-6-8 491 532 34 35 
cell-0-6-9 525 532 34 35 
cell-0-6-10 559 532 34 35 
cell-0-6-11 593 532 34 35 
cell-0-6-12 627 532 34 35 
cell-0-6-13 661 532 34 35 
