header-0 104 813 817 193 
row-1-1 104 813 413 40 
row-1-2 537 813 380 40 
row-2-1 104 863 281 40 
row-2-2 405 863 472 40 
row-3-1 104 913 578 40 
row-4-1 104 963 809 40 
table-1 85 141 817 587 
cell-1-1-0 85 141 38 35 
cell-1-1-1 126 141 38 35 
cell-1-1-2 167 141 38 35 
cell-1-1-3 208 141 38 35 
cell-1-1-4 249 141 38 35 
cell-1-1-5 290 141 38 35 
cell-1-1-6 331 141 38 35 
cell-1-1-7 372 141 38 35 
cell-1-1-8 413 141 38 35 
cell-1-1-9 454 141 38 35 
cell-1-1-10 495 141 38 35 
cell-1-1-11 536 141 38 35 
cell-1-1-12 577 141 38 35 
cell-1-1-13 618 141 38 35 
cell-1-1-14 659 141 38 35 
cell-1-1-15 700 141 38 35 
cell-1-1-16 741 141 38 35 
cell-1-1-17 782 141 38 35 
cell-1-1-18 823 141 38 35 
cell-1-1-19 864 141 38 35 
cell-1-2-0 85 202 38 35 
cell-1-2-1 126 202 38 35 
cell-1-2-2 167 202 38 35 
cell-1-2-3 208 202 38 35 
cell-1-2-4 249 202 38 35 
cell-1-2-5 290 202 38 35 
cell-1-2-6 331 202 38 35 
cell-1-2-7 372 202 38 35 
cell-1-2-8 413 202 38 35 
cell-1-2-9 454 202 38 35 
cell-1-2-10 495 202 38 35 
cell-1-2-11 536 202 38 35 
cell-1-2-12 577 202 38 35 
cell-1-2-13 618 202 38 35 
cell-1-2-14 659 202 38 35 
cell-1-2-15 700 202 38 35 
cell-1-2-16 741 202 38 35 
cell-1-2-17 782 202 38 35 
cell-1-2-18 823 202 38 35 
cell-1-2-19 864 202 38 35 
cell-1-3-0 85 263 38 35 
cell-1-3-1 126 263 38 35 
cell-1-3-2 167 263 38 35 
cell-1-3-3 208 263 38 35 
cell-1-3-4 249 263 38 35 
cell-1-3-5 290 263 38 35 
cell-1-3-6 331 263 38 35 
cell-1-3-7 372 263 38 35 
cell-1-3-8 413 263 38 35 
cell-1-3-9 454 263 38 35 
cell-1-3-10 495 263 38 35 
cell-1-3-11 536 263 38 35 
cell-1-3-12 577 263 38 35 
cell-1-3-13 618 263 38 35 
cell-1-3-14 659 263 38 35 
cell-1-3-15 700 263 38 35 
cell-1-3-16 741 263 38 35 
cell-1-3-17 782 263 38 35 
cell-1-3-18 823 263 38 35 
cell-1-3-19 864 263 38 35 
cell-1-4-0 85 324 38 35 
cell-1-4-1 126 324 38 35 
cell-1-4-2 167 324 38 35 
cell-1-4-3 208 324 38 35 
cell-1-4-4 249 324 38 35 
cell-1-4-5 290 324 38 35 
cell-1-4-6 331 324 38 35 
cell-1-4-7 372 324 38 35 
cell-1-4-8 413 324 38 35 
cell-1-4-9 454 324 38 35 
cell-1-4-10 495 324 38 35 
cell-1-4-11 536 324 38 35 
cell-1-4-12 577 324 38 35 
cell-1-4-13 618 324 38 35 
cell-1-4-14 659 324 38 35 
cell-1-4-15 700 324 38 35 
cell-1-4-16 741 324 38 35 
cell-1-4-17 782 324 38 35 
cell-1-4-18 823 324 38 35 
cell-1-4-19 864 324 38 35 
cell-1-5-0 85 385 38 35 
cell-1-5-1 126 385 38 35 
cell-1-5-2 167 385 38 35 
cell-1-5-3 208 385 38 35 
cell-1-5-4 249 385 38 35 
cell-1-5-5 290 385 38 35 
cell-1-5-6 331 385 38 35 
cell-1-5-7 372 385 38 35 
cell-1-5-8 413 385 38 35 
cell-1-5-9 454 385 38 35 
cell-1-5-10 495 385 38 35 
cell-1-5-11 536 385 38 35 
cell-1-5-12 577 385 38 35 
cell-1-5-13 618 385 38 35 
cell-1-5-14 659 385 38 35 
cell-1-5-15 700 385 38 35 
cell-1-5-16 741 385 38 35 
cell-1-5-17 782 385 38 35 
cell-1-5-18 823 385 38 35 
cell-1-5-19 864 385 38 35 
cell-1-6-0 85 446 38 35 
cell-1-6-1 126 446 38 35 
cell-1-6-2 167 446 38 35 
cell-1-6-3 208 446 38 35 
cell-1-6-4 249 446 38 35 
cell-1-6-5 290 446 38 35 
cell-1-6-6 331 446 38 35 
cell-1-6-7 372 446 38 35 
cell-1-6-8 413 446 38 35 
cell-1-6-9 454 446 38 35 
cell-1-6-10 495 446 38 35 
cell-1-6-11 536 446 38 35 
cell-1-6-12 577 446 38 35 
cell-1-6-13 618 446 38 35 
cell-1-6-14 659 446 38 35 
cell-1-6-15 700 446 38 35 
cell-1-6-16 741 446 38 35 
cell-1-6-17 782 446 38 35 
cell-1-6-18 823 446 38 35 
cell-1-6-19 864 446 38 35 
cell-1-7-0 85 507 38 35 
cell-1-7-1 126 507 38 35 
cell-1-7-2 167 507 38 35 
cell-1-7-3 208 507 38 35 
cell-1-7-4 249 507 38 35 
cell-1-7-5 290 507 38 35 
cell-1-7-6 331 507 38 35 
cell-1-7-7 372 507 38 35 
cell-1-7-8 413 507 38 35 
cell-1-7-9 454 507 38 35 
cell-1-7-10 495 507 38 35 
cell-1-7-11 536 507 38 35 
cell-1-7-12 577 507 38 35 
cell-1-7-13 618 507 38 35 
cell-1-7-14 659 507 38 35 
cell-1-7-15 700 507 38 35 
cell-1-7-16 741 507 38 35 
cell-1-7-17 782 507 38 35 
cell-1-7-18 823 507 38 35 
cell-1-7-19 864 507 38 35 
cell-1-8-0 85 568 38 35 
cell-1-8-1 126 568 38 35 
cell-1-8-2 167 568 38 35 
cell-1-8-3 208 568 38 35 
cell-1-8-4 249 568 38 35 
cell-1-8-5 290 568 38 35 
cell-1-8-6 331 568 38 35 
cell-1-8-7 372 568 38 35 
cell-1-8-8 413 568 38 35 
cell-1-8-9 454 568 38 35 
cell-1-8-10 495 568 38 35 
cell-1-8-11 536 568 38 35 
cell-1-8-12 577 568 38 35 
cell-1-8-13 618 568 38 35 
cell-1-8-14 659 568 38 35 
cell-1-8-15 700 568 38 35 
cell-1-8-16 741 568 38 35 
cell-1-8-17 782 568 38 35 
cell-1-8-18 823 568 38 35 
cell-1-8-19 864 568 38 35 
cell-1-9-0 85 629 38 35 
cell-1-9-1 126 629 38 35 
cell-1-9-2 167 629 38 35 
cell-1-9-3 208 629 38 35 
cell-1-9-4 249 629 38 35 
cell-1-9-5 290 629 38 35 
cell-1-9-6 331 629 38 35 
cell-1-9-7 372 629 38 35 
cell-1-9-8 413 629 38 35 
cell-1-9-9 454 629 38 35 
cell-1-9-10 495 629 38 35 
cell-1-9-11 536 629 38 35 
cell-1-9-12 577 629 38 35 
cell-1-9-13 618 629 38 35 
cell-1-9-14 659 629 38 35 
cell-1-9-15 700 629 38 35 
cell-1-9-16 741 629 38 35 
cell-1-9-17 782 629 38 35 
cell-1-9-18 823 629 38 35 
cell-1-9-19 864 629 38 35 
cell-1-10-0 85 690 38 35 
cell-1-10-1 126 690 38 35 
cell-1-10-2 167 690 38 35 
cell-1-10-3 208 690 38 35 
cell-1-10-4 249 690 38 35 
cell-1-10-5 290 690 38 35 
cell-1-10-6 331 690 38 35 
cell-1-10-7 372 690 38 35 
cell-1-10-8 413 690 38 35 
cell-1-10-9 454 690 38 35 
cell-1-10-10 495 690 38 35 
cell-1-10-11 536 690 38 35 
cell-1-10-12 577 690 38 35 
cell-1-10-13 618 690 38 35 
cell-1-10-14 659 690 38 35 
cell-1-10-15 700 690 38 35 
cell-1-10-16 741 690 38 35 
cell-1-10-17 782 690 38 35 
cell-1-10-18 823 690 38 35 
cell-1-10-19 864 690 38 35 
