table-0 157 165 404 452 
cell-0-1-0 157 165 34 35 
cell-0-1-1 194 165 34 35 
cell-0-1-2 231 165 34 35 
cell-0-1-3 268 165 34 35 
cell-0-1-4 305 165 34 35 
cell-0-1-5 342 165 34 35 
cell-0-1-6 379 165 34 35 
cell-0-1-7 416 165 34 35 
cell-0-1-8 453 165 34 35 
cell-0-1-9 490 165 34 35 
cell-0-1-10 527 165 34 35 
cell-0-2-0 157 217 34 35 
cell-0-2-1 194 217 34 35 
cell-0-2-2 231 217 34 35 
cell-0-2-3 268 217 34 35 
cell-0-2-4 305 217 34 35 
cell-0-2-5 342 217 34 35 
cell-0-2-6 379 217 34 35 
cell-0-2-7 416 217 34 35 
cell-0-2-8 453 217 34 35 
cell-0-2-9 490 217 34 35 
cell-0-2-10 527 217 34 35 
cell-0-3-0 157 269 34 35 
cell-0-3-1 194 269 34 35 
cell-0-3-2 231 269 34 35 
cell-0-3-3 268 269 34 35 
cell-0-3-4 305 269 34 35 
cell-0-3-5 342 269 34 35 
cell-0-3-6 379 269 34 35 
cell-0-3-7 416 269 34 35 
cell-0-3-8 453 269 34 35 
cell-0-3-9 490 269 34 35 
cell-0-3-10 527 269 34 35 
cell-0-4-0 157 321 34 35 
cell-0-4-1 194 321 34 35 
cell-0-4-2 231 321 34 35 
cell-0-4-3 268 321 34 35 
cell-0-4-4 305 321 34 35 
cell-0-4-5 342 321 34 35 
cell-0-4-6 379 321 34 35 
cell-0-4-7 416 321 34 35 
cell-0-4-8 453 321 34 35 
cell-0-4-9 490 321 34 35 
cell-0-4-10 527 321 34 35 
cell-0-5-0 157 373 34 35 
cell-0-5-1 194 373 34 35 
cell-0-5-2 231 373 34 35 
cell-0-5-3 268 373 34 35 
cell-0-5-4 305 373 34 35 
cell-0-5-5 342 373 34 35 
cell-0-5-6 379 373 34 35 
cell-0-5-7 416 373 34 35 
cell-0-5-8 453 373 34 35 
cell-0-5-9 490 373 34 35 
cell-0-5-10 527 373 34 35 
cell-0-6-0 157 425 34 35 
cell-0-6-1 194 425 34 35 
cell-0-6-2 231 425 34 35 
cell-0-6-3 268 425 34 35 
cell-0-6-4 305 425 34 35 
cell-0-6-5 342 425 34 35 
cell-0-6-6 379 425 34 35 
cell-0-6-7 416 425 34 35 
cell-0-6-8 453 425 34 35 
cell-0-6-9 490 425 34 35 
cell-0-6-10 527 425 34 35 
cell-0-7-0 157 477 34 35 
cell-0-7-1 194 477 34 35 
cell-0-7-2 231 477 34 35 
cell-0-7-3 268 477 34 35 
cell-0-7-4 305 477 34 35 
cell-0-7-5 342 477 34 35 
cell-0-7-6 379 477 34 35 
cell-0-7-7 416 477 34 35 
cell-0-7-8 453 477 34 35 
cell-0-7-9 490 477 34 35 
cell-0-7-10 527 477 34 35 
cell-0-8-0 157 529 34 35 
cell-0-8-1 194 529 34 35 
cell-0-8-2 231 529 34 35 
cell-0-8-3 268 529 34 35 
cell-0-8-4 305 529 34 35 
cell-0-8-5 342 529 34 35 
cell-0-8-6 379 529 34 35 
cell-0-8-7 416 529 34 35 
cell-0-8-8 453 529 34 35 
cell-0-8-9 490 529 34 35 
cell-0-8-10 527 529 34 35 
cell-0-9-0 157 581 34 35 
cell-0-9-1 194 581 34 35 
cell-0-9-2 231 581 34 35 
cell-0-9-3 268 581 34 35 
cell-0-9-4 305 581 34 35 
cell-0-9-5 342 581 34 35 
cell-0-9-6 379 581 34 35 
cell-0-9-7 416 581 34 35 
cell-0-9-8 453 581 34 35 
cell-0-9-9 490 581 34 35 
cell-0-9-10 527 581 34 35 
