table-0 175 969 663 240 
cell-0-1-0 175 969 34 35 
cell-0-1-1 212 969 34 35 
cell-0-1-2 249 969 34 35 
cell-0-1-3 286 969 34 35 
cell-0-1-4 323 969 34 35 
cell-0-1-5 360 969 34 35 
cell-0-1-6 397 969 34 35 
cell-0-1-7 434 969 34 35 
cell-0-1-8 471 969 34 35 
cell-0-1-9 508 969 34 35 
cell-0-1-10 545 969 34 35 
cell-0-1-11 582 969 34 35 
cell-0-1-12 619 969 34 35 
cell-0-1-13 656 969 34 35 
cell-0-1-14 693 969 34 35 
cell-0-1-15 730 969 34 35 
cell-0-1-16 767 969 34 35 
cell-0-1-17 804 969 34 35 
cell-0-2-0 175 1020 34 35 
cell-0-2-1 212 1020 34 35 
cell-0-2-2 249 1020 34 35 
cell-0-2-3 286 1020 34 35 
cell-0-2-4 323 1020 34 35 
cell-0-2-5 360 1020 34 35 
cell-0-2-6 397 1020 34 35 
cell-0-2-7 434 1020 34 35 
cell-0-2-8 471 1020 34 35 
cell-0-2-9 508 1020 34 35 
cell-0-2-10 545 1020 34 35 
cell-0-2-11 582 1020 34 35 
cell-0-2-12 619 1020 34 35 
cell-0-2-13 656 1020 34 35 
cell-0-2-14 693 1020 34 35 
cell-0-2-15 730 1020 34 35 
cell-0-2-16 767 1020 34 35 
cell-0-2-17 804 1020 34 35 
cell-0-3-0 175 1071 34 35 
cell-0-3-1 212 1071 34 35 
cell-0-3-2 249 1071 34 35 
cell-0-3-3 286 1071 34 35 
cell-0-3-4 323 1071 34 35 
cell-0-3-5 360 1071 34 35 
cell-0-3-6 397 1071 34 35 
cell-0-3-7 434 1071 34 35 
cell-0-3-8 471 1071 34 35 
cell-0-3-9 508 1071 34 35 
cell-0-3-10 545 1071 34 35 
cell-0-3-11 582 1071 34 35 
cell-0-3-12 619 1071 34 35 
cell-0-3-13 656 1071 34 35 
cell-0-3-14 693 1071 34 35 
cell-0-3-15 730 1071 34 35 
cell-0-3-16 767 1071 34 35 
cell-0-3-17 804 1071 34 35 
cell-0-4-0 175 1122 34 35 
cell-0-4-1 212 1122 34 35 
cell-0-4-2 249 1122 34 35 
cell-0-4-3 286 1122 34 35 
cell-0-4-4 323 1122 34 35 
cell-0-4-5 360 1122 34 35 
cell-0-4-6 397 1122 34 35 
cell-0-4-7 434 1122 34 35 
cell-0-4-8 471 1122 34 35 
cell-0-4-9 508 1122 34 35 
cell-0-4-10 545 1122 34 35 
cell-0-4-11 582 1122 34 35 
cell-0-4-12 619 1122 34 35 
cell-0-4-13 656 1122 34 35 
cell-0-4-14 693 1122 34 35 
cell-0-4-15 730 1122 34 35 
cell-0-4-16 767 1122 34 35 
cell-0-4-17 804 1122 34 35 
cell-0-5-0 175 1173 34 35 
cell-0-5-1 212 1173 34 35 
cell-0-5-2 249 1173 34 35 
cell-0-5-3 286 1173 34 35 
cell-0-5-4 323 1173 34 35 
cell-0-5-5 360 1173 34 35 
cell-0-5-6 397 1173 34 35 
cell-0-5-7 434 1173 34 35 
cell-0-5-8 471 1173 34 35 
cell-0-5-9 508 1173 34 35 
cell-0-5-10 545 1173 34 35 
cell-0-5-11 582 1173 34 35 
cell-0-5-12 619 1173 34 35 
cell-0-5-13 656 1173 34 35 
cell-0-5-14 693 1173 34 35 
cell-0-5-15 730 1173 34 35 
cell-0-5-16 767 1173 34 35 
cell-0-5-17 804 1173 34 35 
table-1 123 507 800 271 
cell-1-0-0 123 507 133 32 
cell-1-0-1 256 507 133 32 
cell-1-0-2 389 507 133 32 
cell-1-0-3 522 507 133 32 
cell-1-0-4 655 507 133 32 
cell-1-0-5 788 507 133 32 
cell-1-1-0 123 541 133 32 
cell-1-1-1 256 541 133 32 
cell-1-1-2 389 541 133 32 
cell-1-1-3 522 541 133 32 
cell-1-1-4 655 541 133 32 
cell-1-1-5 788 541 133 32 
cell-1-2-0 123 575 133 32 
cell-1-2-1 256 575 133 32 
cell-1-2-2 389 575 133 32 
cell-1-2-3 522 575 133 32 
cell-1-2-4 655 575 133 32 
cell-1-2-5 788 575 133 32 
cell-1-3-0 123 609 133 32 
cell-1-3-1 256 609 133 32 
cell-1-3-2 389 609 133 32 
cell-1-3-3 522 609 133 32 
cell-1-3-4 655 609 133 32 
cell-1-3-5 788 609 133 32 
cell-1-4-0 123 643 133 32 
cell-1-4-1 256 643 133 32 
cell-1-4-2 389 643 133 32 
cell-1-4-3 522 643 133 32 
cell-1-4-4 655 643 133 32 
cell-1-4-5 788 643 133 32 
cell-1-5-0 123 677 133 32 
cell-1-5-1 256 677 133 32 
cell-1-5-2 389 677 133 32 
cell-1-5-3 522 677 133 32 
cell-1-5-4 655 677 133 32 
cell-1-5-5 788 677 133 32 
cell-1-6-0 123 711 133 32 
cell-1-6-1 256 711 133 32 
cell-1-6-2 389 711 133 32 
cell-1-6-3 522 711 133 32 
cell-1-6-4 655 711 133 32 
cell-1-6-5 788 711 133 32 
cell-1-7-0 123 745 133 32 
cell-1-7-1 256 745 133 32 
cell-1-7-2 389 745 133 32 
cell-1-7-3 522 745 133 32 
cell-1-7-4 655 745 133 32 
cell-1-7-5 788 745 133 32 
