table-0 456 682 407 548 
cell-0-1-0 456 682 38 35 
cell-0-1-1 497 682 38 35 
cell-0-1-2 538 682 38 35 
cell-0-1-3 579 682 38 35 
cell-0-1-4 620 682 38 35 
cell-0-1-5 661 682 38 35 
cell-0-1-6 702 682 38 35 
cell-0-1-7 743 682 38 35 
cell-0-1-8 784 682 38 35 
cell-0-1-9 825 682 38 35 
cell-0-2-0 456 733 38 35 
cell-0-2-1 497 733 38 35 
cell-0-2-2 538 733 38 35 
cell-0-2-3 579 733 38 35 
cell-0-2-4 620 733 38 35 
cell-0-2-5 661 733 38 35 
cell-0-2-6 702 733 38 35 
cell-0-2-7 743 733 38 35 
cell-0-2-8 784 733 38 35 
cell-0-2-9 825 733 38 35 
cell-0-3-0 456 784 38 35 
cell-0-3-1 497 784 38 35 
cell-0-3-2 538 784 38 35 
cell-0-3-3 579 784 38 35 
cell-0-3-4 620 784 38 35 
cell-0-3-5 661 784 38 35 
cell-0-3-6 702 784 38 35 
cell-0-3-7 743 784 38 35 
cell-0-3-8 784 784 38 35 
cell-0-3-9 825 784 38 35 
cell-0-4-0 456 835 38 35 
cell-0-4-1 497 835 38 35 
cell-0-4-2 538 835 38 35 
cell-0-4-3 579 835 38 35 
cell-0-4-4 620 835 38 35 
cell-0-4-5 661 835 38 35 
cell-0-4-6 702 835 38 35 
cell-0-4-7 743 835 38 35 
cell-0-4-8 784 835 38 35 
cell-0-4-9 825 835 38 35 
cell-0-5-0 456 886 38 35 
cell-0-5-1 497 886 38 35 
cell-0-5-2 538 886 38 35 
cell-0-5-3 579 886 38 35 
cell-0-5-4 620 886 38 35 
cell-0-5-5 661 886 38 35 
cell-0-5-6 702 886 38 35 
cell-0-5-7 743 886 38 35 
cell-0-5-8 784 886 38 35 
cell-0-5-9 825 886 38 35 
cell-0-6-0 456 937 38 35 
cell-0-6-1 497 937 38 35 
cell-0-6-2 538 937 38 35 
cell-0-6-3 579 937 38 35 
cell-0-6-4 620 937 38 35 
cell-0-6-5 661 937 38 35 
cell-0-6-6 702 937 38 35 
cell-0-6-7 743 937 38 35 
cell-0-6-8 784 937 38 35 
cell-0-6-9 825 937 38 35 
cell-0-7-0 456 988 38 35 
cell-0-7-1 497 988 38 35 
cell-0-7-2 538 988 38 35 
cell-0-7-3 579 988 38 35 
cell-0-7-4 620 988 38 35 
cell-0-7-5 661 988 38 35 
cell-0-7-6 702 988 38 35 
cell-0-7-7 743 988 38 35 
cell-0-7-8 784 988 38 35 
cell-0-7-9 825 988 38 35 
cell-0-8-0 456 1039 38 35 
cell-0-8-1 497 1039 38 35 
cell-0-8-2 538 1039 38 35 
cell-0-8-3 579 1039 38 35 
cell-0-8-4 620 1039 38 35 
cell-0-8-5 661 1039 38 35 
cell-0-8-6 702 1039 38 35 
cell-0-8-7 743 1039 38 35 
cell-0-8-8 784 1039 38 35 
cell-0-8-9 825 1039 38 35 
cell-0-9-0 456 1090 38 35 
cell-0-9-1 497 1090 38 35 
cell-0-9-2 538 1090 38 35 
cell-0-9-3 579 1090 38 35 
cell-0-9-4 620 1090 38 35 
cell-0-9-5 661 1090 38 35 
cell-0-9-6 702 1090 38 35 
cell-0-9-7 743 1090 38 35 
cell-0-9-8 784 1090 38 35 
cell-0-9-9 825 1090 38 35 
cell-0-10-0 456 1141 38 35 
cell-0-10-1 497 1141 38 35 
cell-0-10-2 538 1141 38 35 
cell-0-10-3 579 1141 38 35 
cell-0-10-4 620 1141 38 35 
cell-0-10-5 661 1141 38 35 
cell-0-10-6 702 1141 38 35 
cell-0-10-7 743 1141 38 35 
cell-0-10-8 784 1141 38 35 
cell-0-10-9 825 1141 38 35 
cell-0-11-0 456 1192 38 35 
cell-0-11-1 497 1192 38 35 
cell-0-11-2 538 1192 38 35 
cell-0-11-3 579 1192 38 35 
cell-0-11-4 620 1192 38 35 
cell-0-11-5 661 1192 38 35 
cell-0-11-6 702 1192 38 35 
cell-0-11-7 743 1192 38 35 
cell-0-11-8 784 1192 38 35 
cell-0-11-9 825 1192 38 35 
