table-0 672 288 273 590 
cell-0-0-0 672 288 45 35 
cell-0-0-1 717 288 45 35 
cell-0-0-2 762 288 45 35 
cell-0-0-3 807 288 45 35 
cell-0-0-4 852 288 45 35 
cell-0-0-5 897 288 45 35 
cell-0-1-0 672 334 45 35 
cell-0-1-1 717 334 45 35 
cell-0-1-2 762 334 45 35 
cell-0-1-3 807 334 45 35 
cell-0-1-4 852 334 45 35 
cell-0-1-5 897 334 45 35 
cell-0-2-0 672 380 45 35 
cell-0-2-1 717 380 45 35 
cell-0-2-2 762 380 45 35 
cell-0-2-3 807 380 45 35 
cell-0-2-4 852 380 45 35 
cell-0-2-5 897 380 45 35 
cell-0-3-0 672 426 45 35 
cell-0-3-1 717 426 45 35 
cell-0-3-2 762 426 45 35 
cell-0-3-3 807 426 45 35 
cell-0-3-4 852 426 45 35 
cell-0-3-5 897 426 45 35 
cell-0-4-0 672 472 45 35 
cell-0-4-1 717 472 45 35 
cell-0-4-2 762 472 45 35 
cell-0-4-3 807 472 45 35 
cell-0-4-4 852 472 45 35 
cell-0-4-5 897 472 45 35 
cell-0-5-0 672 518 45 35 
cell-0-5-1 717 518 45 35 
cell-0-5-2 762 518 45 35 
cell-0-5-3 807 518 45 35 
cell-0-5-4 852 518 45 35 
cell-0-5-5 897 518 45 35 
cell-0-6-0 672 564 45 35 
cell-0-6-1 717 564 45 35 
cell-0-6-2 762 564 45 35 
cell-0-6-3 807 564 45 35 
cell-0-6-4 852 564 45 35 
cell-0-6-5 897 564 45 35 
cell-0-7-0 672 610 45 35 
cell-0-7-1 717 610 45 35 
cell-0-7-2 762 610 45 35 
cell-0-7-3 807 610 45 35 
cell-0-7-4 852 610 45 35 
cell-0-7-5 897 610 45 35 
cell-0-8-0 672 656 45 35 
cell-0-8-1 717 656 45 35 
cell-0-8-2 762 656 45 35 
cell-0-8-3 807 656 45 35 
cell-0-8-4 852 656 45 35 
cell-0-8-5 897 656 45 35 
cell-0-9-0 672 702 45 35 
cell-0-9-1 717 702 45 35 
cell-0-9-2 762 702 45 35 
cell-0-9-3 807 702 45 35 
cell-0-9-4 852 702 45 35 
cell-0-9-5 897 702 45 35 
cell-0-10-0 672 748 45 35 
cell-0-10-1 717 748 45 35 
cell-0-10-2 762 748 45 35 
cell-0-10-3 807 748 45 35 
cell-0-10-4 852 748 45 35 
cell-0-10-5 897 748 45 35 
cell-0-11-0 672 794 45 35 
cell-0-11-1 717 794 45 35 
cell-0-11-2 762 794 45 35 
cell-0-11-3 807 794 45 35 
cell-0-11-4 852 794 45 35 
cell-0-11-5 897 794 45 35 
cell-0-12-0 672 840 45 35 
cell-0-12-1 717 840 45 35 
cell-0-12-2 762 840 45 35 
cell-0-12-3 807 840 45 35 
cell-0-12-4 852 840 45 35 
cell-0-12-5 897 840 45 35 
table-1 234 718 183 448 
cell-1-0-0 234 718 45 35 
cell-1-0-1 279 718 45 35 
cell-1-0-2 324 718 45 35 
cell-1-0-3 369 718 45 35 
cell-1-1-0 234 759 45 35 
cell-1-1-1 279 759 45 35 
cell-1-1-2 324 759 45 35 
cell-1-1-3 369 759 45 35 
cell-1-2-0 234 800 45 35 
cell-1-2-1 279 800 45 35 
cell-1-2-2 324 800 45 35 
cell-1-2-3 369 800 45 35 
cell-1-3-0 234 841 45 35 
cell-1-3-1 279 841 45 35 
cell-1-3-2 324 841 45 35 
cell-1-3-3 369 841 45 35 
cell-1-4-0 234 882 45 35 
cell-1-4-1 279 882 45 35 
cell-1-4-2 324 882 45 35 
cell-1-4-3 369 882 45 35 
cell-1-5-0 234 923 45 35 
cell-1-5-1 279 923 45 35 
cell-1-5-2 324 923 45 35 
cell-1-5-3 369 923 45 35 
cell-1-6-0 234 964 45 35 
cell-1-6-1 279 964 45 35 
cell-1-6-2 324 964 45 35 
cell-1-6-3 369 964 45 35 
cell-1-7-0 234 1005 45 35 
cell-1-7-1 279 1005 45 35 
cell-1-7-2 324 1005 45 35 
cell-1-7-3 369 1005 45 35 
cell-1-8-0 234 1046 45 35 
cell-1-8-1 279 1046 45 35 
cell-1-8-2 324 1046 45 35 
cell-1-8-3 369 1046 45 35 
cell-1-9-0 234 1087 45 35 
cell-1-9-1 279 1087 45 35 
cell-1-9-2 324 1087 45 35 
cell-1-9-3 369 1087 45 35 
cell-1-10-0 234 1128 45 35 
cell-1-10-1 279 1128 45 35 
cell-1-10-2 324 1128 45 35 
cell-1-10-3 369 1128 45 35 
