table-0 171 60 228 500 
cell-0-0-0 171 60 45 35 
cell-0-0-1 216 60 45 35 
cell-0-0-2 261 60 45 35 
cell-0-0-3 306 60 45 35 
cell-0-0-4 351 60 45 35 
cell-0-1-0 171 102 45 35 
cell-0-1-1 216 102 45 35 
cell-0-1-2 261 102 45 35 
cell-0-1-3 306 102 45 35 
cell-0-1-4 351 102 45 35 
cell-0-2-0 171 144 45 35 
cell-0-2-1 216 144 45 35 
cell-0-2-2 261 144 45 35 
cell-0-2-3 306 144 45 35 
cell-0-2-4 351 144 45 35 
cell-0-3-0 171 186 45 35 
cell-0-3-1 216 186 45 35 
cell-0-3-2 261 186 45 35 
cell-0-3-3 306 186 45 35 
cell-0-3-4 351 186 45 35 
cell-0-4-0 171 228 45 35 
cell-0-4-1 216 228 45 35 
cell-0-4-2 261 228 45 35 
cell-0-4-3 306 228 45 35 
cell-0-4-4 351 228 45 35 
cell-0-5-0 171 270 45 35 
cell-0-5-1 216 270 45 35 
cell-0-5-2 261 270 45 35 
cell-0-5-3 306 270 45 35 
cell-0-5-4 351 270 45 35 
cell-0-6-0 171 312 45 35 
cell-0-6-1 216 312 45 35 
cell-0-6-2 261 312 45 35 
cell-0-6-3 306 312 45 35 
cell-0-6-4 351 312 45 35 
cell-0-7-0 171 354 45 35 
cell-0-7-1 216 354 45 35 
cell-0-7-2 261 354 45 35 
cell-0-7-3 306 354 45 35 
cell-0-7-4 351 354 45 35 
cell-0-8-0 171 396 45 35 
cell-0-8-1 216 396 45 35 
cell-0-8-2 261 396 45 35 
cell-0-8-3 306 396 45 35 
cell-0-8-4 351 396 45 35 
cell-0-9-0 171 438 45 35 
cell-0-9-1 216 438 45 35 
cell-0-9-2 261 438 45 35 
cell-0-9-3 306 438 45 35 
cell-0-9-4 351 438 45 35 
cell-0-10-0 171 480 45 35 
cell-0-10-1 216 480 45 35 
cell-0-10-2 261 480 45 35 
cell-0-10-3 306 480 45 35 
cell-0-10-4 351 480 45 35 
cell-0-11-0 171 522 45 35 
cell-0-11-1 216 522 45 35 
cell-0-11-2 261 522 45 35 
cell-0-11-3 306 522 45 35 
cell-0-11-4 351 522 45 35 
table-3 641 824 183 443 
cell-3-0-0 641 824 45 35 
cell-3-0-1 686 824 45 35 
cell-3-0-2 731 824 45 35 
cell-3-0-3 776 824 45 35 
cell-3-1-0 641 869 45 35 
cell-3-1-1 686 869 45 35 
cell-3-1-2 731 869 45 35 
cell-3-1-3 776 869 45 35 
cell-3-2-0 641 914 45 35 
cell-3-2-1 686 914 45 35 
cell-3-2-2 731 914 45 35 
cell-3-2-3 776 914 45 35 
cell-3-3-0 641 959 45 35 
cell-3-3-1 686 959 45 35 
cell-3-3-2 731 959 45 35 
cell-3-3-3 776 959 45 35 
cell-3-4-0 641 1004 45 35 
cell-3-4-1 686 1004 45 35 
cell-3-4-2 731 1004 45 35 
cell-3-4-3 776 1004 45 35 
cell-3-5-0 641 1049 45 35 
cell-3-5-1 686 1049 45 35 
cell-3-5-2 731 1049 45 35 
cell-3-5-3 776 1049 45 35 
cell-3-6-0 641 1094 45 35 
cell-3-6-1 686 1094 45 35 
cell-3-6-2 731 1094 45 35 
cell-3-6-3 776 1094 45 35 
cell-3-7-0 641 1139 45 35 
cell-3-7-1 686 1139 45 35 
cell-3-7-2 731 1139 45 35 
cell-3-7-3 776 1139 45 35 
cell-3-8-0 641 1184 45 35 
cell-3-8-1 686 1184 45 35 
cell-3-8-2 731 1184 45 35 
cell-3-8-3 776 1184 45 35 
cell-3-9-0 641 1229 45 35 
cell-3-9-1 686 1229 45 35 
cell-3-9-2 731 1229 45 35 
cell-3-9-3 776 1229 45 35 
