table-0 237 984 500 310 
cell-0-0-0 237 984 71 52 
cell-0-0-1 308 984 71 52 
cell-0-0-2 379 984 71 52 
cell-0-0-3 450 984 71 52 
cell-0-0-4 521 984 71 52 
cell-0-0-5 592 984 71 52 
cell-0-0-6 663 984 71 52 
cell-0-1-0 237 1048 71 52 
cell-0-1-1 308 1048 71 52 
cell-0-1-2 379 1048 71 52 
cell-0-1-3 450 1048 71 52 
cell-0-1-4 521 1048 71 52 
cell-0-1-5 592 1048 71 52 
cell-0-1-6 663 1048 71 52 
cell-0-2-0 237 1112 71 52 
cell-0-2-1 308 1112 71 52 
cell-0-2-2 379 1112 71 52 
cell-0-2-3 450 1112 71 52 
cell-0-2-4 521 1112 71 52 
cell-0-2-5 592 1112 71 52 
cell-0-2-6 663 1112 71 52 
cell-0-3-0 237 1176 71 52 
cell-0-3-1 308 1176 71 52 
cell-0-3-2 379 1176 71 52 
cell-0-3-3 450 1176 71 52 
cell-0-3-4 521 1176 71 52 
cell-0-3-5 592 1176 71 52 
cell-0-3-6 663 1176 71 52 
cell-0-4-0 237 1240 71 52 
cell-0-4-1 308 1240 71 52 
cell-0-4-2 379 1240 71 52 
cell-0-4-3 450 1240 71 52 
cell-0-4-4 521 1240 71 52 
cell-0-4-5 592 1240 71 52 
cell-0-4-6 663 1240 71 52 
table-1 386 472 595 256 
cell-1-1-0 386 472 33 35 
cell-1-1-1 419 472 33 35 
cell-1-1-2 452 472 33 35 
cell-1-1-3 485 472 33 35 
cell-1-1-4 518 472 33 35 
cell-1-1-5 551 472 33 35 
cell-1-1-6 584 472 33 35 
cell-1-1-7 617 472 33 35 
cell-1-1-8 650 472 33 35 
cell-1-1-9 683 472 33 35 
cell-1-1-10 716 472 33 35 
cell-1-1-11 749 472 33 35 
cell-1-1-12 782 472 33 35 
cell-1-1-13 815 472 33 35 
cell-1-1-14 848 472 33 35 
cell-1-1-15 881 472 33 35 
cell-1-1-16 914 472 33 35 
cell-1-1-17 947 472 33 35 
cell-1-2-0 386 527 33 35 
cell-1-2-1 419 527 33 35 
cell-1-2-2 452 527 33 35 
cell-1-2-3 485 527 33 35 
cell-1-2-4 518 527 33 35 
cell-1-2-5 551 527 33 35 
cell-1-2-6 584 527 33 35 
cell-1-2-7 617 527 33 35 
cell-1-2-8 650 527 33 35 
cell-1-2-9 683 527 33 35 
cell-1-2-10 716 527 33 35 
cell-1-2-11 749 527 33 35 
cell-1-2-12 782 527 33 35 
cell-1-2-13 815 527 33 35 
cell-1-2-14 848 527 33 35 
cell-1-2-15 881 527 33 35 
cell-1-2-16 914 527 33 35 
cell-1-2-17 947 527 33 35 
cell-1-3-0 386 582 33 35 
cell-1-3-1 419 582 33 35 
cell-1-3-2 452 582 33 35 
cell-1-3-3 485 582 33 35 
cell-1-3-4 518 582 33 35 
cell-1-3-5 551 582 33 35 
cell-1-3-6 584 582 33 35 
cell-1-3-7 617 582 33 35 
cell-1-3-8 650 582 33 35 
cell-1-3-9 683 582 33 35 
cell-1-3-10 716 582 33 35 
cell-1-3-11 749 582 33 35 
cell-1-3-12 782 582 33 35 
cell-1-3-13 815 582 33 35 
cell-1-3-14 848 582 33 35 
cell-1-3-15 881 582 33 35 
cell-1-3-16 914 582 33 35 
cell-1-3-17 947 582 33 35 
cell-1-4-0 386 637 33 35 
cell-1-4-1 419 637 33 35 
cell-1-4-2 452 637 33 35 
cell-1-4-3 485 637 33 35 
cell-1-4-4 518 637 33 35 
cell-1-4-5 551 637 33 35 
cell-1-4-6 584 637 33 35 
cell-1-4-7 617 637 33 35 
cell-1-4-8 650 637 33 35 
cell-1-4-9 683 637 33 35 
cell-1-4-10 716 637 33 35 
cell-1-4-11 749 637 33 35 
cell-1-4-12 782 637 33 35 
cell-1-4-13 815 637 33 35 
cell-1-4-14 848 637 33 35 
cell-1-4-15 881 637 33 35 
cell-1-4-16 914 637 33 35 
cell-1-4-17 947 637 33 35 
cell-1-5-0 386 692 33 35 
cell-1-5-1 419 692 33 35 
cell-1-5-2 452 692 33 35 
cell-1-5-3 485 692 33 35 
cell-1-5-4 518 692 33 35 
cell-1-5-5 551 692 33 35 
cell-1-5-6 584 692 33 35 
cell-1-5-7 617 692 33 35 
cell-1-5-8 650 692 33 35 
cell-1-5-9 683 692 33 35 
cell-1-5-10 716 692 33 35 
cell-1-5-11 749 692 33 35 
cell-1-5-12 782 692 33 35 
cell-1-5-13 815 692 33 35 
cell-1-5-14 848 692 33 35 
cell-1-5-15 881 692 33 35 
cell-1-5-16 914 692 33 35 
cell-1-5-17 947 692 33 35 
