table-0 593 180 178 553 
cell-0-0-0 593 180 44 35 
cell-0-0-1 637 180 44 35 
cell-0-0-2 681 180 44 35 
cell-0-0-3 725 180 44 35 
cell-0-1-0 593 223 44 35 
cell-0-1-1 637 223 44 35 
cell-0-1-2 681 223 44 35 
cell-0-1-3 725 223 44 35 
cell-0-2-0 593 266 44 35 
cell-0-2-1 637 266 44 35 
cell-0-2-2 681 266 44 35 
cell-0-2-3 725 266 44 35 
cell-0-3-0 593 309 44 35 
cell-0-3-1 637 309 44 35 
cell-0-3-2 681 309 44 35 
cell-0-3-3 725 309 44 35 
cell-0-4-0 593 352 44 35 
cell-0-4-1 637 352 44 35 
cell-0-4-2 681 352 44 35 
cell-0-4-3 725 352 44 35 
cell-0-5-0 593 395 44 35 
cell-0-5-1 637 395 44 35 
cell-0-5-2 681 395 44 35 
cell-0-5-3 725 395 44 35 
cell-0-6-0 593 438 44 35 
cell-0-6-1 637 438 44 35 
cell-0-6-2 681 438 44 35 
cell-0-6-3 725 438 44 35 
cell-0-7-0 593 481 44 35 
cell-0-7-1 637 481 44 35 
cell-0-7-2 681 481 44 35 
cell-0-7-3 725 481 44 35 
cell-0-8-0 593 524 44 35 
cell-0-8-1 637 524 44 35 
cell-0-8-2 681 524 44 35 
cell-0-8-3 725 524 44 35 
cell-0-9-0 593 567 44 35 
cell-0-9-1 637 567 44 35 
cell-0-9-2 681 567 44 35 
cell-0-9-3 725 567 44 35 
cell-0-10-0 593 610 44 35 
cell-0-10-1 637 610 44 35 
cell-0-10-2 681 610 44 35 
cell-0-10-3 725 610 44 35 
cell-0-11-0 593 653 44 35 
cell-0-11-1 637 653 44 35 
cell-0-11-2 681 653 44 35 
cell-0-11-3 725 653 44 35 
cell-0-12-0 593 696 44 35 
cell-0-12-1 637 696 44 35 
cell-0-12-2 681 696 44 35 
cell-0-12-3 725 696 44 35 
