table-0 184 717 684 496 
cell-0-0-0 184 717 44 43 
cell-0-0-1 228 717 44 43 
cell-0-0-2 272 717 44 43 
cell-0-0-3 316 717 44 43 
cell-0-0-4 360 717 44 43 
cell-0-0-5 404 717 460 43 
cell-0-1-0 184 767 44 43 
cell-0-1-1 228 767 44 43 
cell-0-1-2 272 767 44 43 
cell-0-1-3 316 767 44 43 
cell-0-1-4 360 767 44 43 
cell-0-1-5 404 767 460 43 
cell-0-2-0 184 817 44 43 
cell-0-2-1 228 817 44 43 
cell-0-2-2 272 817 44 43 
cell-0-2-3 316 817 44 43 
cell-0-2-4 360 817 44 43 
cell-0-2-5 404 817 460 43 
cell-0-3-0 184 867 44 43 
cell-0-3-1 228 867 44 43 
cell-0-3-2 272 867 44 43 
cell-0-3-3 316 867 44 43 
cell-0-3-4 360 867 44 43 
cell-0-3-5 404 867 460 43 
cell-0-4-0 184 917 44 43 
cell-0-4-1 228 917 44 43 
cell-0-4-2 272 917 44 43 
cell-0-4-3 316 917 44 43 
cell-0-4-4 360 917 44 43 
cell-0-4-5 404 917 460 43 
cell-0-5-0 184 967 44 43 
cell-0-5-1 228 967 44 43 
cell-0-5-2 272 967 44 43 
cell-0-5-3 316 967 44 43 
cell-0-5-4 360 967 44 43 
cell-0-5-5 404 967 460 43 
cell-0-6-0 184 1017 44 43 
cell-0-6-1 228 1017 44 43 
cell-0-6-2 272 1017 44 43 
cell-0-6-3 316 1017 44 43 
cell-0-6-4 360 1017 44 43 
cell-0-6-5 404 1017 460 43 
cell-0-7-0 184 1067 44 43 
cell-0-7-1 228 1067 44 43 
cell-0-7-2 272 1067 44 43 
cell-0-7-3 316 1067 44 43 
cell-0-7-4 360 1067 44 43 
cell-0-7-5 404 1067 460 43 
cell-0-8-0 184 1117 44 43 
cell-0-8-1 228 1117 44 43 
cell-0-8-2 272 1117 44 43 
cell-0-8-3 316 1117 44 43 
cell-0-8-4 360 1117 44 43 
cell-0-8-5 404 1117 460 43 
cell-0-9-0 184 1167 44 43 
cell-0-9-1 228 1167 44 43 
cell-0-9-2 272 1167 44 43 
cell-0-9-3 316 1167 44 43 
cell-0-9-4 360 1167 44 43 
cell-0-9-5 404 1167 460 43 
header-3 207 187 770 193 
row-1-1 207 187 414 40 
row-1-2 641 187 282 40 
row-2-1 207 237 282 40 
row-2-2 509 237 462 40 
row-3-1 207 287 579 40 
row-4-1 207 337 513 40 
