table-0 270 590 653 742 
cell-0-0-0 270 590 44 43 
cell-0-0-1 314 590 44 43 
cell-0-0-2 358 590 44 43 
cell-0-0-3 402 590 44 43 
cell-0-0-4 446 590 44 43 
cell-0-0-5 490 590 429 43 
cell-0-1-0 270 648 44 43 
cell-0-1-1 314 648 44 43 
cell-0-1-2 358 648 44 43 
cell-0-1-3 402 648 44 43 
cell-0-1-4 446 648 44 43 
cell-0-1-5 490 648 429 43 
cell-0-2-0 270 706 44 43 
cell-0-2-1 314 706 44 43 
cell-0-2-2 358 706 44 43 
cell-0-2-3 402 706 44 43 
cell-0-2-4 446 706 44 43 
cell-0-2-5 490 706 429 43 
cell-0-3-0 270 764 44 43 
cell-0-3-1 314 764 44 43 
cell-0-3-2 358 764 44 43 
cell-0-3-3 402 764 44 43 
cell-0-3-4 446 764 44 43 
cell-0-3-5 490 764 429 43 
cell-0-4-0 270 822 44 43 
cell-0-4-1 314 822 44 43 
cell-0-4-2 358 822 44 43 
cell-0-4-3 402 822 44 43 
cell-0-4-4 446 822 44 43 
cell-0-4-5 490 822 429 43 
cell-0-5-0 270 880 44 43 
cell-0-5-1 314 880 44 43 
cell-0-5-2 358 880 44 43 
cell-0-5-3 402 880 44 43 
cell-0-5-4 446 880 44 43 
cell-0-5-5 490 880 429 43 
cell-0-6-0 270 938 44 43 
cell-0-6-1 314 938 44 43 
cell-0-6-2 358 938 44 43 
cell-0-6-3 402 938 44 43 
cell-0-6-4 446 938 44 43 
cell-0-6-5 490 938 429 43 
cell-0-7-0 270 996 44 43 
cell-0-7-1 314 996 44 43 
cell-0-7-2 358 996 44 43 
cell-0-7-3 402 996 44 43 
cell-0-7-4 446 996 44 43 
cell-0-7-5 490 996 429 43 
cell-0-8-0 270 1054 44 43 
cell-0-8-1 314 1054 44 43 
cell-0-8-2 358 1054 44 43 
cell-0-8-3 402 1054 44 43 
cell-0-8-4 446 1054 44 43 
cell-0-8-5 490 1054 429 43 
cell-0-9-0 270 1112 44 43 
cell-0-9-1 314 1112 44 43 
cell-0-9-2 358 1112 44 43 
cell-0-9-3 402 1112 44 43 
cell-0-9-4 446 1112 44 43 
cell-0-9-5 490 1112 429 43 
cell-0-10-0 270 1170 44 43 
cell-0-10-1 314 1170 44 43 
cell-0-10-2 358 1170 44 43 
cell-0-10-3 402 1170 44 43 
cell-0-10-4 446 1170 44 43 
cell-0-10-5 490 1170 429 43 
cell-0-11-0 270 1228 44 43 
cell-0-11-1 314 1228 44 43 
cell-0-11-2 358 1228 44 43 
cell-0-11-3 402 1228 44 43 
cell-0-11-4 446 1228 44 43 
cell-0-11-5 490 1228 429 43 
cell-0-12-0 270 1286 44 43 
cell-0-12-1 314 1286 44 43 
cell-0-12-2 358 1286 44 43 
cell-0-12-3 402 1286 44 43 
cell-0-12-4 446 1286 44 43 
cell-0-12-5 490 1286 429 43 
