table-0 454 873 539 566 
cell-0-0-0 454 873 45 43 
cell-0-0-1 499 873 45 43 
cell-0-0-2 544 873 45 43 
cell-0-0-3 589 873 45 43 
cell-0-0-4 634 873 357 43 
cell-0-1-0 454 925 45 43 
cell-0-1-1 499 925 45 43 
cell-0-1-2 544 925 45 43 
cell-0-1-3 589 925 45 43 
cell-0-1-4 634 925 357 43 
cell-0-2-0 454 977 45 43 
cell-0-2-1 499 977 45 43 
cell-0-2-2 544 977 45 43 
cell-0-2-3 589 977 45 43 
cell-0-2-4 634 977 357 43 
cell-0-3-0 454 1029 45 43 
cell-0-3-1 499 1029 45 43 
cell-0-3-2 544 1029 45 43 
cell-0-3-3 589 1029 45 43 
cell-0-3-4 634 1029 357 43 
cell-0-4-0 454 1081 45 43 
cell-0-4-1 499 1081 45 43 
cell-0-4-2 544 1081 45 43 
cell-0-4-3 589 1081 45 43 
cell-0-4-4 634 1081 357 43 
cell-0-5-0 454 1133 45 43 
cell-0-5-1 499 1133 45 43 
cell-0-5-2 544 1133 45 43 
cell-0-5-3 589 1133 45 43 
cell-0-5-4 634 1133 357 43 
cell-0-6-0 454 1185 45 43 
cell-0-6-1 499 1185 45 43 
cell-0-6-2 544 1185 45 43 
cell-0-6-3 589 1185 45 43 
cell-0-6-4 634 1185 357 43 
cell-0-7-0 454 1237 45 43 
cell-0-7-1 499 1237 45 43 
cell-0-7-2 544 1237 45 43 
cell-0-7-3 589 1237 45 43 
cell-0-7-4 634 1237 357 43 
cell-0-8-0 454 1289 45 43 
cell-0-8-1 499 1289 45 43 
cell-0-8-2 544 1289 45 43 
cell-0-8-3 589 1289 45 43 
cell-0-8-4 634 1289 357 43 
cell-0-9-0 454 1341 45 43 
cell-0-9-1 499 1341 45 43 
cell-0-9-2 544 1341 45 43 
cell-0-9-3 589 1341 45 43 
cell-0-9-4 634 1341 357 43 
cell-0-10-0 454 1393 45 43 
cell-0-10-1 499 1393 45 43 
cell-0-10-2 544 1393 45 43 
cell-0-10-3 589 1393 45 43 
cell-0-10-4 634 1393 357 43 
