table-0 558 783 500 269 
cell-0-0-0 558 783 62 30 
cell-0-0-1 620 783 62 30 
cell-0-0-2 682 783 62 30 
cell-0-0-3 744 783 62 30 
cell-0-0-4 806 783 62 30 
cell-0-0-5 868 783 62 30 
cell-0-0-6 930 783 62 30 
cell-0-0-7 992 783 62 30 
cell-0-1-0 558 817 62 30 
cell-0-1-1 620 817 62 30 
cell-0-1-2 682 817 62 30 
cell-0-1-3 744 817 62 30 
cell-0-1-4 806 817 62 30 
cell-0-1-5 868 817 62 30 
cell-0-1-6 930 817 62 30 
cell-0-1-7 992 817 62 30 
cell-0-2-0 558 851 62 30 
cell-0-2-1 620 851 62 30 
cell-0-2-2 682 851 62 30 
cell-0-2-3 744 851 62 30 
cell-0-2-4 806 851 62 30 
cell-0-2-5 868 851 62 30 
cell-0-2-6 930 851 62 30 
cell-0-2-7 992 851 62 30 
cell-0-3-0 558 885 62 30 
cell-0-3-1 620 885 62 30 
cell-0-3-2 682 885 62 30 
cell-0-3-3 744 885 62 30 
cell-0-3-4 806 885 62 30 
cell-0-3-5 868 885 62 30 
cell-0-3-6 930 885 62 30 
cell-0-3-7 992 885 62 30 
cell-0-4-0 558 919 62 30 
cell-0-4-1 620 919 62 30 
cell-0-4-2 682 919 62 30 
cell-0-4-3 744 919 62 30 
cell-0-4-4 806 919 62 30 
cell-0-4-5 868 919 62 30 
cell-0-4-6 930 919 62 30 
cell-0-4-7 992 919 62 30 
cell-0-5-0 558 953 62 30 
cell-0-5-1 620 953 62 30 
cell-0-5-2 682 953 62 30 
cell-0-5-3 744 953 62 30 
cell-0-5-4 806 953 62 30 
cell-0-5-5 868 953 62 30 
cell-0-5-6 930 953 62 30 
cell-0-5-7 992 953 62 30 
cell-0-6-0 558 987 62 30 
cell-0-6-1 620 987 62 30 
cell-0-6-2 682 987 62 30 
cell-0-6-3 744 987 62 30 
cell-0-6-4 806 987 62 30 
cell-0-6-5 868 987 62 30 
cell-0-6-6 930 987 62 30 
cell-0-6-7 992 987 62 30 
cell-0-7-0 558 1021 62 30 
cell-0-7-1 620 1021 62 30 
cell-0-7-2 682 1021 62 30 
cell-0-7-3 744 1021 62 30 
cell-0-7-4 806 1021 62 30 
cell-0-7-5 868 1021 62 30 
cell-0-7-6 930 1021 62 30 
cell-0-7-7 992 1021 62 30 
