table-0 245 74 577 503 
cell-0-0-0 245 74 44 42 
cell-0-0-1 289 74 44 42 
cell-0-0-2 333 74 44 42 
cell-0-0-3 377 74 44 42 
cell-0-0-4 421 74 44 42 
cell-0-0-5 465 74 357 42 
cell-0-1-0 245 125 44 42 
cell-0-1-1 289 125 44 42 
cell-0-1-2 333 125 44 42 
cell-0-1-3 377 125 44 42 
cell-0-1-4 421 125 44 42 
cell-0-1-5 465 125 357 42 
cell-0-2-0 245 176 44 42 
cell-0-2-1 289 176 44 42 
cell-0-2-2 333 176 44 42 
cell-0-2-3 377 176 44 42 
cell-0-2-4 421 176 44 42 
cell-0-2-5 465 176 357 42 
cell-0-3-0 245 227 44 42 
cell-0-3-1 289 227 44 42 
cell-0-3-2 333 227 44 42 
cell-0-3-3 377 227 44 42 
cell-0-3-4 421 227 44 42 
cell-0-3-5 465 227 357 42 
cell-0-4-0 245 278 44 42 
cell-0-4-1 289 278 44 42 
cell-0-4-2 333 278 44 42 
cell-0-4-3 377 278 44 42 
cell-0-4-4 421 278 44 42 
cell-0-4-5 465 278 357 42 
cell-0-5-0 245 329 44 42 
cell-0-5-1 289 329 44 42 
cell-0-5-2 333 329 44 42 
cell-0-5-3 377 329 44 42 
cell-0-5-4 421 329 44 42 
cell-0-5-5 465 329 357 42 
cell-0-6-0 245 380 44 42 
cell-0-6-1 289 380 44 42 
cell-0-6-2 333 380 44 42 
cell-0-6-3 377 380 44 42 
cell-0-6-4 421 380 44 42 
cell-0-6-5 465 380 357 42 
cell-0-7-0 245 431 44 42 
cell-0-7-1 289 431 44 42 
cell-0-7-2 333 431 44 42 
cell-0-7-3 377 431 44 42 
cell-0-7-4 421 431 44 42 
cell-0-7-5 465 431 357 42 
cell-0-8-0 245 482 44 42 
cell-0-8-1 289 482 44 42 
cell-0-8-2 333 482 44 42 
cell-0-8-3 377 482 44 42 
cell-0-8-4 421 482 44 42 
cell-0-8-5 465 482 357 42 
cell-0-9-0 245 533 44 42 
cell-0-9-1 289 533 44 42 
cell-0-9-2 333 533 44 42 
cell-0-9-3 377 533 44 42 
cell-0-9-4 421 533 44 42 
cell-0-9-5 465 533 357 42 
