table-0 376 1007 668 250 
cell-0-1-0 376 1007 35 35 
cell-0-1-1 411 1007 35 35 
cell-0-1-2 446 1007 35 35 
cell-0-1-3 481 1007 35 35 
cell-0-1-4 516 1007 35 35 
cell-0-1-5 551 1007 35 35 
cell-0-1-6 586 1007 35 35 
cell-0-1-7 621 1007 35 35 
cell-0-1-8 656 1007 35 35 
cell-0-1-9 691 1007 35 35 
cell-0-1-10 726 1007 35 35 
cell-0-1-11 761 1007 35 35 
cell-0-1-12 796 1007 35 35 
cell-0-1-13 831 1007 35 35 
cell-0-1-14 866 1007 35 35 
cell-0-1-15 901 1007 35 35 
cell-0-1-16 936 1007 35 35 
cell-0-1-17 971 1007 35 35 
cell-0-1-18 1006 1007 35 35 
cell-0-2-0 376 1060 35 35 
cell-0-2-1 411 1060 35 35 
cell-0-2-2 446 1060 35 35 
cell-0-2-3 481 1060 35 35 
cell-0-2-4 516 1060 35 35 
cell-0-2-5 551 1060 35 35 
cell-0-2-6 586 1060 35 35 
cell-0-2-7 621 1060 35 35 
cell-0-2-8 656 1060 35 35 
cell-0-2-9 691 1060 35 35 
cell-0-2-10 726 1060 35 35 
cell-0-2-11 761 1060 35 35 
cell-0-2-12 796 1060 35 35 
cell-0-2-13 831 1060 35 35 
cell-0-2-14 866 1060 35 35 
cell-0-2-15 901 1060 35 35 
cell-0-2-16 936 1060 35 35 
cell-0-2-17 971 1060 35 35 
cell-0-2-18 1006 1060 35 35 
cell-0-3-0 376 1113 35 35 
cell-0-3-1 411 1113 35 35 
cell-0-3-2 446 1113 35 35 
cell-0-3-3 481 1113 35 35 
cell-0-3-4 516 1113 35 35 
cell-0-3-5 551 1113 35 35 
cell-0-3-6 586 1113 35 35 
cell-0-3-7 621 1113 35 35 
cell-0-3-8 656 1113 35 35 
cell-0-3-9 691 1113 35 35 
cell-0-3-10 726 1113 35 35 
cell-0-3-11 761 1113 35 35 
cell-0-3-12 796 1113 35 35 
cell-0-3-13 831 1113 35 35 
cell-0-3-14 866 1113 35 35 
cell-0-3-15 901 1113 35 35 
cell-0-3-16 936 1113 35 35 
cell-0-3-17 971 1113 35 35 
cell-0-3-18 1006 1113 35 35 
cell-0-4-0 376 1166 35 35 
cell-0-4-1 411 1166 35 35 
cell-0-4-2 446 1166 35 35 
cell-0-4-3 481 1166 35 35 
cell-0-4-4 516 1166 35 35 
cell-0-4-5 551 1166 35 35 
cell-0-4-6 586 1166 35 35 
cell-0-4-7 621 1166 35 35 
cell-0-4-8 656 1166 35 35 
cell-0-4-9 691 1166 35 35 
cell-0-4-10 726 1166 35 35 
cell-0-4-11 761 1166 35 35 
cell-0-4-12 796 1166 35 35 
cell-0-4-13 831 1166 35 35 
cell-0-4-14 866 1166 35 35 
cell-0-4-15 901 1166 35 35 
cell-0-4-16 936 1166 35 35 
cell-0-4-17 971 1166 35 35 
cell-0-4-18 1006 1166 35 35 
cell-0-5-0 376 1219 35 35 
cell-0-5-1 411 1219 35 35 
cell-0-5-2 446 1219 35 35 
cell-0-5-3 481 1219 35 35 
cell-0-5-4 516 1219 35 35 
cell-0-5-5 551 1219 35 35 
cell-0-5-6 586 1219 35 35 
cell-0-5-7 621 1219 35 35 
cell-0-5-8 656 1219 35 35 
cell-0-5-9 691 1219 35 35 
cell-0-5-10 726 1219 35 35 
cell-0-5-11 761 1219 35 35 
cell-0-5-12 796 1219 35 35 
cell-0-5-13 831 1219 35 35 
cell-0-5-14 866 1219 35 35 
cell-0-5-15 901 1219 35 35 
cell-0-5-16 936 1219 35 35 
cell-0-5-17 971 1219 35 35 
cell-0-5-18 1006 1219 35 35 
table-2 394 232 173 360 
cell-2-0-0 394 232 43 35 
cell-2-0-1 437 232 43 35 
cell-2-0-2 480 232 43 35 
cell-2-0-3 523 232 43 35 
cell-2-1-0 394 268 43 35 
cell-2-1-1 437 268 43 35 
cell-2-1-2 480 268 43 35 
cell-2-1-3 523 268 43 35 
cell-2-2-0 394 304 43 35 
cell-2-2-1 437 304 43 35 
cell-2-2-2 480 304 43 35 
cell-2-2-3 523 304 43 35 
cell-2-3-0 394 340 43 35 
cell-2-3-1 437 340 43 35 
cell-2-3-2 480 340 43 35 
cell-2-3-3 523 340 43 35 
cell-2-4-0 394 376 43 35 
cell-2-4-1 437 376 43 35 
cell-2-4-2 480 376 43 35 
cell-2-4-3 523 376 43 35 
cell-2-5-0 394 412 43 35 
cell-2-5-1 437 412 43 35 
cell-2-5-2 480 412 43 35 
cell-2-5-3 523 412 43 35 
cell-2-6-0 394 448 43 35 
cell-2-6-1 437 448 43 35 
cell-2-6-2 480 448 43 35 
cell-2-6-3 523 448 43 35 
cell-2-7-0 394 484 43 35 
cell-2-7-1 437 484 43 35 
cell-2-7-2 480 484 43 35 
cell-2-7-3 523 484 43 35 
cell-2-8-0 394 520 43 35 
cell-2-8-1 437 520 43 35 
cell-2-8-2 480 520 43 35 
cell-2-8-3 523 520 43 35 
cell-2-9-0 394 556 43 35 
cell-2-9-1 437 556 43 35 
cell-2-9-2 480 556 43 35 
cell-2-9-3 523 556 43 35 
