table-0 381 279 673 706 
cell-0-0-0 381 279 44 43 
cell-0-0-1 425 279 44 43 
cell-0-0-2 469 279 44 43 
cell-0-0-3 513 279 44 43 
cell-0-0-4 557 279 44 43 
cell-0-0-5 601 279 449 43 
cell-0-1-0 381 334 44 43 
cell-0-1-1 425 334 44 43 
cell-0-1-2 469 334 44 43 
cell-0-1-3 513 334 44 43 
cell-0-1-4 557 334 44 43 
cell-0-1-5 601 334 449 43 
cell-0-2-0 381 389 44 43 
cell-0-2-1 425 389 44 43 
cell-0-2-2 469 389 44 43 
cell-0-2-3 513 389 44 43 
cell-0-2-4 557 389 44 43 
cell-0-2-5 601 389 449 43 
cell-0-3-0 381 444 44 43 
cell-0-3-1 425 444 44 43 
cell-0-3-2 469 444 44 43 
cell-0-3-3 513 444 44 43 
cell-0-3-4 557 444 44 43 
cell-0-3-5 601 444 449 43 
cell-0-4-0 381 499 44 43 
cell-0-4-1 425 499 44 43 
cell-0-4-2 469 499 44 43 
cell-0-4-3 513 499 44 43 
cell-0-4-4 557 499 44 43 
cell-0-4-5 601 499 449 43 
cell-0-5-0 381 554 44 43 
cell-0-5-1 425 554 44 43 
cell-0-5-2 469 554 44 43 
cell-0-5-3 513 554 44 43 
cell-0-5-4 557 554 44 43 
cell-0-5-5 601 554 449 43 
cell-0-6-0 381 609 44 43 
cell-0-6-1 425 609 44 43 
cell-0-6-2 469 609 44 43 
cell-0-6-3 513 609 44 43 
cell-0-6-4 557 609 44 43 
cell-0-6-5 601 609 449 43 
cell-0-7-0 381 664 44 43 
cell-0-7-1 425 664 44 43 
cell-0-7-2 469 664 44 43 
cell-0-7-3 513 664 44 43 
cell-0-7-4 557 664 44 43 
cell-0-7-5 601 664 449 43 
cell-0-8-0 381 719 44 43 
cell-0-8-1 425 719 44 43 
cell-0-8-2 469 719 44 43 
cell-0-8-3 513 719 44 43 
cell-0-8-4 557 719 44 43 
cell-0-8-5 601 719 449 43 
cell-0-9-0 381 774 44 43 
cell-0-9-1 425 774 44 43 
cell-0-9-2 469 774 44 43 
cell-0-9-3 513 774 44 43 
cell-0-9-4 557 774 44 43 
cell-0-9-5 601 774 449 43 
cell-0-10-0 381 829 44 43 
cell-0-10-1 425 829 44 43 
cell-0-10-2 469 829 44 43 
cell-0-10-3 513 829 44 43 
cell-0-10-4 557 829 44 43 
cell-0-10-5 601 829 449 43 
cell-0-11-0 381 884 44 43 
cell-0-11-1 425 884 44 43 
cell-0-11-2 469 884 44 43 
cell-0-11-3 513 884 44 43 
cell-0-11-4 557 884 44 43 
cell-0-11-5 601 884 449 43 
cell-0-12-0 381 939 44 43 
cell-0-12-1 425 939 44 43 
cell-0-12-2 469 939 44 43 
cell-0-12-3 513 939 44 43 
cell-0-12-4 557 939 44 43 
cell-0-12-5 601 939 449 43 
