table-0 249 617 266 570 
cell-0-0-0 249 617 44 35 
cell-0-0-1 293 617 44 35 
cell-0-0-2 337 617 44 35 
cell-0-0-3 381 617 44 35 
cell-0-0-4 425 617 44 35 
cell-0-0-5 469 617 44 35 
cell-0-1-0 249 658 44 35 
cell-0-1-1 293 658 44 35 
cell-0-1-2 337 658 44 35 
cell-0-1-3 381 658 44 35 
cell-0-1-4 425 658 44 35 
cell-0-1-5 469 658 44 35 
cell-0-2-0 249 699 44 35 
cell-0-2-1 293 699 44 35 
cell-0-2-2 337 699 44 35 
cell-0-2-3 381 699 44 35 
cell-0-2-4 425 699 44 35 
cell-0-2-5 469 699 44 35 
cell-0-3-0 249 740 44 35 
cell-0-3-1 293 740 44 35 
cell-0-3-2 337 740 44 35 
cell-0-3-3 381 740 44 35 
cell-0-3-4 425 740 44 35 
cell-0-3-5 469 740 44 35 
cell-0-4-0 249 781 44 35 
cell-0-4-1 293 781 44 35 
cell-0-4-2 337 781 44 35 
cell-0-4-3 381 781 44 35 
cell-0-4-4 425 781 44 35 
cell-0-4-5 469 781 44 35 
cell-0-5-0 249 822 44 35 
cell-0-5-1 293 822 44 35 
cell-0-5-2 337 822 44 35 
cell-0-5-3 381 822 44 35 
cell-0-5-4 425 822 44 35 
cell-0-5-5 469 822 44 35 
cell-0-6-0 249 863 44 35 
cell-0-6-1 293 863 44 35 
cell-0-6-2 337 863 44 35 
cell-0-6-3 381 863 44 35 
cell-0-6-4 425 863 44 35 
cell-0-6-5 469 863 44 35 
cell-0-7-0 249 904 44 35 
cell-0-7-1 293 904 44 35 
cell-0-7-2 337 904 44 35 
cell-0-7-3 381 904 44 35 
cell-0-7-4 425 904 44 35 
cell-0-7-5 469 904 44 35 
cell-0-8-0 249 945 44 35 
cell-0-8-1 293 945 44 35 
cell-0-8-2 337 945 44 35 
cell-0-8-3 381 945 44 35 
cell-0-8-4 425 945 44 35 
cell-0-8-5 469 945 44 35 
cell-0-9-0 249 986 44 35 
cell-0-9-1 293 986 44 35 
cell-0-9-2 337 986 44 35 
cell-0-9-3 381 986 44 35 
cell-0-9-4 425 986 44 35 
cell-0-9-5 469 986 44 35 
cell-0-10-0 249 1027 44 35 
cell-0-10-1 293 1027 44 35 
cell-0-10-2 337 1027 44 35 
cell-0-10-3 381 1027 44 35 
cell-0-10-4 425 1027 44 35 
cell-0-10-5 469 1027 44 35 
cell-0-11-0 249 1068 44 35 
cell-0-11-1 293 1068 44 35 
cell-0-11-2 337 1068 44 35 
cell-0-11-3 381 1068 44 35 
cell-0-11-4 425 1068 44 35 
cell-0-11-5 469 1068 44 35 
cell-0-12-0 249 1109 44 35 
cell-0-12-1 293 1109 44 35 
cell-0-12-2 337 1109 44 35 
cell-0-12-3 381 1109 44 35 
cell-0-12-4 425 1109 44 35 
cell-0-12-5 469 1109 44 35 
cell-0-13-0 249 1150 44 35 
cell-0-13-1 293 1150 44 35 
cell-0-13-2 337 1150 44 35 
cell-0-13-3 381 1150 44 35 
cell-0-13-4 425 1150 44 35 
cell-0-13-5 469 1150 44 35 
