header-0 148 1201 773 195 
row-1-1 148 1201 326 41 
row-1-2 494 1201 293 41 
row-2-1 148 1252 293 41 
row-2-2 461 1252 459 41 
row-3-1 148 1303 623 41 
row-4-1 148 1354 656 41 
table-2 256 537 800 393 
cell-2-0-0 256 537 114 42 
cell-2-0-1 370 537 114 42 
cell-2-0-2 484 537 114 42 
cell-2-0-3 598 537 114 42 
cell-2-0-4 712 537 114 42 
cell-2-0-5 826 537 114 42 
cell-2-0-6 940 537 114 42 
cell-2-1-0 256 587 114 42 
cell-2-1-1 370 587 114 42 
cell-2-1-2 484 587 114 42 
cell-2-1-3 598 587 114 42 
cell-2-1-4 712 587 114 42 
cell-2-1-5 826 587 114 42 
cell-2-1-6 940 587 114 42 
cell-2-2-0 256 637 114 42 
cell-2-2-1 370 637 114 42 
cell-2-2-2 484 637 114 42 
cell-2-2-3 598 637 114 42 
cell-2-2-4 712 637 114 42 
cell-2-2-5 826 637 114 42 
cell-2-2-6 940 637 114 42 
cell-2-3-0 256 687 114 42 
cell-2-3-1 370 687 114 42 
cell-2-3-2 484 687 114 42 
cell-2-3-3 598 687 114 42 
cell-2-3-4 712 687 114 42 
cell-2-3-5 826 687 114 42 
cell-2-3-6 940 687 114 42 
cell-2-4-0 256 737 114 42 
cell-2-4-1 370 737 114 42 
cell-2-4-2 484 737 114 42 
cell-2-4-3 598 737 114 42 
cell-2-4-4 712 737 114 42 
cell-2-4-5 826 737 114 42 
cell-2-4-6 940 737 114 42 
cell-2-5-0 256 787 114 42 
cell-2-5-1 370 787 114 42 
cell-2-5-2 484 787 114 42 
cell-2-5-3 598 787 114 42 
cell-2-5-4 712 787 114 42 
cell-2-5-5 826 787 114 42 
cell-2-5-6 940 787 114 42 
cell-2-6-0 256 837 114 42 
cell-2-6-1 370 837 114 42 
cell-2-6-2 484 837 114 42 
cell-2-6-3 598 837 114 42 
cell-2-6-4 712 837 114 42 
cell-2-6-5 826 837 114 42 
cell-2-6-6 940 837 114 42 
cell-2-7-0 256 887 114 42 
cell-2-7-1 370 887 114 42 
cell-2-7-2 484 887 114 42 
cell-2-7-3 598 887 114 42 
cell-2-7-4 712 887 114 42 
cell-2-7-5 826 887 114 42 
cell-2-7-6 940 887 114 42 
