table-0 60 758 1000 428 
cell-0-0-0 60 758 166 30 
cell-0-0-1 226 758 166 30 
cell-0-0-2 392 758 166 30 
cell-0-0-3 558 758 166 30 
cell-0-0-4 724 758 166 30 
cell-0-0-5 890 758 166 30 
cell-0-1-0 60 802 166 30 
cell-0-1-1 226 802 166 30 
cell-0-1-2 392 802 166 30 
cell-0-1-3 558 802 166 30 
cell-0-1-4 724 802 166 30 
cell-0-1-5 890 802 166 30 
cell-0-2-0 60 846 166 30 
cell-0-2-1 226 846 166 30 
cell-0-2-2 392 846 166 30 
cell-0-2-3 558 846 166 30 
cell-0-2-4 724 846 166 30 
cell-0-2-5 890 846 166 30 
cell-0-3-0 60 890 166 30 
cell-0-3-1 226 890 166 30 
cell-0-3-2 392 890 166 30 
cell-0-3-3 558 890 166 30 
cell-0-3-4 724 890 166 30 
cell-0-3-5 890 890 166 30 
cell-0-4-0 60 934 166 30 
cell-0-4-1 226 934 166 30 
cell-0-4-2 392 934 166 30 
cell-0-4-3 558 934 166 30 
cell-0-4-4 724 934 166 30 
cell-0-4-5 890 934 166 30 
cell-0-5-0 60 978 166 30 
cell-0-5-1 226 978 166 30 
cell-0-5-2 392 978 166 30 
cell-0-5-3 558 978 166 30 
cell-0-5-4 724 978 166 30 
cell-0-5-5 890 978 166 30 
cell-0-6-0 60 1022 166 30 
cell-0-6-1 226 1022 166 30 
cell-0-6-2 392 1022 166 30 
cell-0-6-3 558 1022 166 30 
cell-0-6-4 724 1022 166 30 
cell-0-6-5 890 1022 166 30 
cell-0-7-0 60 1066 166 30 
cell-0-7-1 226 1066 166 30 
cell-0-7-2 392 1066 166 30 
cell-0-7-3 558 1066 166 30 
cell-0-7-4 724 1066 166 30 
cell-0-7-5 890 1066 166 30 
cell-0-8-0 60 1110 166 30 
cell-0-8-1 226 1110 166 30 
cell-0-8-2 392 1110 166 30 
cell-0-8-3 558 1110 166 30 
cell-0-8-4 724 1110 166 30 
cell-0-8-5 890 1110 166 30 
cell-0-9-0 60 1154 166 30 
cell-0-9-1 226 1154 166 30 
cell-0-9-2 392 1154 166 30 
cell-0-9-3 558 1154 166 30 
cell-0-9-4 724 1154 166 30 
cell-0-9-5 890 1154 166 30 
header-1 73 482 845 193 
row-1-1 73 482 350 40 
row-1-2 443 482 350 40 
row-2-1 73 532 383 40 
row-2-2 476 532 437 40 
row-3-1 73 582 680 40 
row-4-1 73 632 746 40 
