table-0 265 955 633 494 
cell-0-1-0 265 955 35 35 
cell-0-1-1 300 955 35 35 
cell-0-1-2 335 955 35 35 
cell-0-1-3 370 955 35 35 
cell-0-1-4 405 955 35 35 
cell-0-1-5 440 955 35 35 
cell-0-1-6 475 955 35 35 
cell-0-1-7 510 955 35 35 
cell-0-1-8 545 955 35 35 
cell-0-1-9 580 955 35 35 
cell-0-1-10 615 955 35 35 
cell-0-1-11 650 955 35 35 
cell-0-1-12 685 955 35 35 
cell-0-1-13 720 955 35 35 
cell-0-1-14 755 955 35 35 
cell-0-1-15 790 955 35 35 
cell-0-1-16 825 955 35 35 
cell-0-1-17 860 955 35 35 
cell-0-2-0 265 1012 35 35 
cell-0-2-1 300 1012 35 35 
cell-0-2-2 335 1012 35 35 
cell-0-2-3 370 1012 35 35 
cell-0-2-4 405 1012 35 35 
cell-0-2-5 440 1012 35 35 
cell-0-2-6 475 1012 35 35 
cell-0-2-7 510 1012 35 35 
cell-0-2-8 545 1012 35 35 
cell-0-2-9 580 1012 35 35 
cell-0-2-10 615 1012 35 35 
cell-0-2-11 650 1012 35 35 
cell-0-2-12 685 1012 35 35 
cell-0-2-13 720 1012 35 35 
cell-0-2-14 755 1012 35 35 
cell-0-2-15 790 1012 35 35 
cell-0-2-16 825 1012 35 35 
cell-0-2-17 860 1012 35 35 
cell-0-3-0 265 1069 35 35 
cell-0-3-1 300 1069 35 35 
cell-0-3-2 335 1069 35 35 
cell-0-3-3 370 1069 35 35 
cell-0-3-4 405 1069 35 35 
cell-0-3-5 440 1069 35 35 
cell-0-3-6 475 1069 35 35 
cell-0-3-7 510 1069 35 35 
cell-0-3-8 545 1069 35 35 
cell-0-3-9 580 1069 35 35 
cell-0-3-10 615 1069 35 35 
cell-0-3-11 650 1069 35 35 
cell-0-3-12 685 1069 35 35 
cell-0-3-13 720 1069 35 35 
cell-0-3-14 755 1069 35 35 
cell-0-3-15 790 1069 35 35 
cell-0-3-16 825 1069 35 35 
cell-0-3-17 860 1069 35 35 
cell-0-4-0 265 1126 35 35 
cell-0-4-1 300 1126 35 35 
cell-0-4-2 335 1126 35 35 
cell-0-4-3 370 1126 35 35 
cell-0-4-4 405 1126 35 35 
cell-0-4-5 440 1126 35 35 
cell-0-4-6 475 1126 35 35 
cell-0-4-7 510 1126 35 35 
cell-0-4-8 545 1126 35 35 
cell-0-4-9 580 1126 35 35 
cell-0-4-10 615 1126 35 35 
cell-0-4-11 650 1126 35 35 
cell-0-4-12 685 1126 35 35 
cell-0-4-13 720 1126 35 35 
cell-0-4-14 755 1126 35 35 
cell-0-4-15 790 1126 35 35 
cell-0-4-16 825 1126 35 35 
cell-0-4-17 860 1126 35 35 
cell-0-5-0 265 1183 35 35 
cell-0-5-1 300 1183 35 35 
cell-0-5-2 335 1183 35 35 
cell-0-5-3 370 1183 35 35 
cell-0-5-4 405 1183 35 35 
cell-0-5-5 440 1183 35 35 
cell-0-5-6 475 1183 35 35 
cell-0-5-7 510 1183 35 35 
cell-0-5-8 545 1183 35 35 
cell-0-5-9 580 1183 35 35 
cell-0-5-10 615 1183 35 35 
cell-0-5-11 650 1183 35 35 
cell-0-5-12 685 1183 35 35 
cell-0-5-13 720 1183 35 35 
cell-0-5-14 755 1183 35 35 
cell-0-5-15 790 1183 35 35 
cell-0-5-16 825 1183 35 35 
cell-0-5-17 860 1183 35 35 
cell-0-6-0 265 1240 35 35 
cell-0-6-1 300 1240 35 35 
cell-0-6-2 335 1240 35 35 
cell-0-6-3 370 1240 35 35 
cell-0-6-4 405 1240 35 35 
cell-0-6-5 440 1240 35 35 
cell-0-6-6 475 1240 35 35 
cell-0-6-7 510 1240 35 35 
cell-0-6-8 545 1240 35 35 
cell-0-6-9 580 1240 35 35 
cell-0-6-10 615 1240 35 35 
cell-0-6-11 650 1240 35 35 
cell-0-6-12 685 1240 35 35 
cell-0-6-13 720 1240 35 35 
cell-0-6-14 755 1240 35 35 
cell-0-6-15 790 1240 35 35 
cell-0-6-16 825 1240 35 35 
cell-0-6-17 860 1240 35 35 
cell-0-7-0 265 1297 35 35 
cell-0-7-1 300 1297 35 35 
cell-0-7-2 335 1297 35 35 
cell-0-7-3 370 1297 35 35 
cell-0-7-4 405 1297 35 35 
cell-0-7-5 440 1297 35 35 
cell-0-7-6 475 1297 35 35 
cell-0-7-7 510 1297 35 35 
cell-0-7-8 545 1297 35 35 
cell-0-7-9 580 1297 35 35 
cell-0-7-10 615 1297 35 35 
cell-0-7-11 650 1297 35 35 
cell-0-7-12 685 1297 35 35 
cell-0-7-13 720 1297 35 35 
cell-0-7-14 755 1297 35 35 
cell-0-7-15 790 1297 35 35 
cell-0-7-16 825 1297 35 35 
cell-0-7-17 860 1297 35 35 
cell-0-8-0 265 1354 35 35 
cell-0-8-1 300 1354 35 35 
cell-0-8-2 335 1354 35 35 
cell-0-8-3 370 1354 35 35 
cell-0-8-4 405 1354 35 35 
cell-0-8-5 440 1354 35 35 
cell-0-8-6 475 1354 35 35 
cell-0-8-7 510 1354 35 35 
cell-0-8-8 545 1354 35 35 
cell-0-8-9 580 1354 35 35 
cell-0-8-10 615 1354 35 35 
cell-0-8-11 650 1354 35 35 
cell-0-8-12 685 1354 35 35 
cell-0-8-13 720 1354 35 35 
cell-0-8-14 755 1354 35 35 
cell-0-8-15 790 1354 35 35 
cell-0-8-16 825 1354 35 35 
cell-0-8-17 860 1354 35 35 
cell-0-9-0 265 1411 35 35 
cell-0-9-1 300 1411 35 35 
cell-0-9-2 335 1411 35 35 
cell-0-9-3 370 1411 35 35 
cell-0-9-4 405 1411 35 35 
cell-0-9-5 440 1411 35 35 
cell-0-9-6 475 1411 35 35 
cell-0-9-7 510 1411 35 35 
cell-0-9-8 545 1411 35 35 
cell-0-9-9 580 1411 35 35 
cell-0-9-10 615 1411 35 35 
cell-0-9-11 650 1411 35 35 
cell-0-9-12 685 1411 35 35 
cell-0-9-13 720 1411 35 35 
cell-0-9-14 755 1411 35 35 
cell-0-9-15 790 1411 35 35 
cell-0-9-16 825 1411 35 35 
cell-0-9-17 860 1411 35 35 
header-2 160 565 837 193 
row-1-1 160 565 347 40 
row-1-2 527 565 314 40 
row-2-1 160 615 347 40 
row-2-2 527 615 463 40 
row-3-1 160 665 743 40 
row-4-1 160 715 512 40 
