table-0 60 242 1000 610 
cell-0-0-0 60 242 166 51 
cell-0-0-1 226 242 166 51 
cell-0-0-2 392 242 166 51 
cell-0-0-3 558 242 166 51 
cell-0-0-4 724 242 166 51 
cell-0-0-5 890 242 166 51 
cell-0-1-0 60 304 166 51 
cell-0-1-1 226 304 166 51 
cell-0-1-2 392 304 166 51 
cell-0-1-3 558 304 166 51 
cell-0-1-4 724 304 166 51 
cell-0-1-5 890 304 166 51 
cell-0-2-0 60 366 166 51 
cell-0-2-1 226 366 166 51 
cell-0-2-2 392 366 166 51 
cell-0-2-3 558 366 166 51 
cell-0-2-4 724 366 166 51 
cell-0-2-5 890 366 166 51 
cell-0-3-0 60 428 166 51 
cell-0-3-1 226 428 166 51 
cell-0-3-2 392 428 166 51 
cell-0-3-3 558 428 166 51 
cell-0-3-4 724 428 166 51 
cell-0-3-5 890 428 166 51 
cell-0-4-0 60 490 166 51 
cell-0-4-1 226 490 166 51 
cell-0-4-2 392 490 166 51 
cell-0-4-3 558 490 166 51 
cell-0-4-4 724 490 166 51 
cell-0-4-5 890 490 166 51 
cell-0-5-0 60 552 166 51 
cell-0-5-1 226 552 166 51 
cell-0-5-2 392 552 166 51 
cell-0-5-3 558 552 166 51 
cell-0-5-4 724 552 166 51 
cell-0-5-5 890 552 166 51 
cell-0-6-0 60 614 166 51 
cell-0-6-1 226 614 166 51 
cell-0-6-2 392 614 166 51 
cell-0-6-3 558 614 166 51 
cell-0-6-4 724 614 166 51 
cell-0-6-5 890 614 166 51 
cell-0-7-0 60 676 166 51 
cell-0-7-1 226 676 166 51 
cell-0-7-2 392 676 166 51 
cell-0-7-3 558 676 166 51 
cell-0-7-4 724 676 166 51 
cell-0-7-5 890 676 166 51 
cell-0-8-0 60 738 166 51 
cell-0-8-1 226 738 166 51 
cell-0-8-2 392 738 166 51 
cell-0-8-3 558 738 166 51 
cell-0-8-4 724 738 166 51 
cell-0-8-5 890 738 166 51 
cell-0-9-0 60 800 166 51 
cell-0-9-1 226 800 166 51 
cell-0-9-2 392 800 166 51 
cell-0-9-3 558 800 166 51 
cell-0-9-4 724 800 166 51 
cell-0-9-5 890 800 166 51 
