table-0 223 687 713 770 
cell-0-0-0 223 687 43 41 
cell-0-0-1 266 687 43 41 
cell-0-0-2 309 687 43 41 
cell-0-0-3 352 687 43 41 
cell-0-0-4 395 687 43 41 
cell-0-0-5 438 687 497 41 
cell-0-1-0 223 739 43 41 
cell-0-1-1 266 739 43 41 
cell-0-1-2 309 739 43 41 
cell-0-1-3 352 739 43 41 
cell-0-1-4 395 739 43 41 
cell-0-1-5 438 739 497 41 
cell-0-2-0 223 791 43 41 
cell-0-2-1 266 791 43 41 
cell-0-2-2 309 791 43 41 
cell-0-2-3 352 791 43 41 
cell-0-2-4 395 791 43 41 
cell-0-2-5 438 791 497 41 
cell-0-3-0 223 843 43 41 
cell-0-3-1 266 843 43 41 
cell-0-3-2 309 843 43 41 
cell-0-3-3 352 843 43 41 
cell-0-3-4 395 843 43 41 
cell-0-3-5 438 843 497 41 
cell-0-4-0 223 895 43 41 
cell-0-4-1 266 895 43 41 
cell-0-4-2 309 895 43 41 
cell-0-4-3 352 895 43 41 
cell-0-4-4 395 895 43 41 
cell-0-4-5 438 895 497 41 
cell-0-5-0 223 947 43 41 
cell-0-5-1 266 947 43 41 
cell-0-5-2 309 947 43 41 
cell-0-5-3 352 947 43 41 
cell-0-5-4 395 947 43 41 
cell-0-5-5 438 947 497 41 
cell-0-6-0 223 999 43 41 
cell-0-6-1 266 999 43 41 
cell-0-6-2 309 999 43 41 
cell-0-6-3 352 999 43 41 
cell-0-6-4 395 999 43 41 
cell-0-6-5 438 999 497 41 
cell-0-7-0 223 1051 43 41 
cell-0-7-1 266 1051 43 41 
cell-0-7-2 309 1051 43 41 
cell-0-7-3 352 1051 43 41 
cell-0-7-4 395 1051 43 41 
cell-0-7-5 438 1051 497 41 
cell-0-8-0 223 1103 43 41 
cell-0-8-1 266 1103 43 41 
cell-0-8-2 309 1103 43 41 
cell-0-8-3 352 1103 43 41 
cell-0-8-4 395 1103 43 41 
cell-0-8-5 438 1103 497 41 
cell-0-9-0 223 1155 43 41 
cell-0-9-1 266 1155 43 41 
cell-0-9-2 309 1155 43 41 
cell-0-9-3 352 1155 43 41 
cell-0-9-4 395 1155 43 41 
cell-0-9-5 438 1155 497 41 
cell-0-10-0 223 1207 43 41 
cell-0-10-1 266 1207 43 41 
cell-0-10-2 309 1207 43 41 
cell-0-10-3 352 1207 43 41 
cell-0-10-4 395 1207 43 41 
cell-0-10-5 438 1207 497 41 
cell-0-11-0 223 1259 43 41 
cell-0-11-1 266 1259 43 41 
cell-0-11-2 309 1259 43 41 
cell-0-11-3 352 1259 43 41 
cell-0-11-4 395 1259 43 41 
cell-0-11-5 438 1259 497 41 
cell-0-12-0 223 1311 43 41 
cell-0-12-1 266 1311 43 41 
cell-0-12-2 309 1311 43 41 
cell-0-12-3 352 1311 43 41 
cell-0-12-4 395 1311 43 41 
cell-0-12-5 438 1311 497 41 
cell-0-13-0 223 1363 43 41 
cell-0-13-1 266 1363 43 41 
cell-0-13-2 309 1363 43 41 
cell-0-13-3 352 1363 43 41 
cell-0-13-4 395 1363 43 41 
cell-0-13-5 438 1363 497 41 
cell-0-14-0 223 1415 43 41 
cell-0-14-1 266 1415 43 41 
cell-0-14-2 309 1415 43 41 
cell-0-14-3 352 1415 43 41 
cell-0-14-4 395 1415 43 41 
cell-0-14-5 438 1415 497 41 
