table-0 802 990 178 469 
cell-0-0-0 802 990 44 35 
cell-0-0-1 846 990 44 35 
cell-0-0-2 890 990 44 35 
cell-0-0-3 934 990 44 35 
cell-0-1-0 802 1026 44 35 
cell-0-1-1 846 1026 44 35 
cell-0-1-2 890 1026 44 35 
cell-0-1-3 934 1026 44 35 
cell-0-2-0 802 1062 44 35 
cell-0-2-1 846 1062 44 35 
cell-0-2-2 890 1062 44 35 
cell-0-2-3 934 1062 44 35 
cell-0-3-0 802 1098 44 35 
cell-0-3-1 846 1098 44 35 
cell-0-3-2 890 1098 44 35 
cell-0-3-3 934 1098 44 35 
cell-0-4-0 802 1134 44 35 
cell-0-4-1 846 1134 44 35 
cell-0-4-2 890 1134 44 35 
cell-0-4-3 934 1134 44 35 
cell-0-5-0 802 1170 44 35 
cell-0-5-1 846 1170 44 35 
cell-0-5-2 890 1170 44 35 
cell-0-5-3 934 1170 44 35 
cell-0-6-0 802 1206 44 35 
cell-0-6-1 846 1206 44 35 
cell-0-6-2 890 1206 44 35 
cell-0-6-3 934 1206 44 35 
cell-0-7-0 802 1242 44 35 
cell-0-7-1 846 1242 44 35 
cell-0-7-2 890 1242 44 35 
cell-0-7-3 934 1242 44 35 
cell-0-8-0 802 1278 44 35 
cell-0-8-1 846 1278 44 35 
cell-0-8-2 890 1278 44 35 
cell-0-8-3 934 1278 44 35 
cell-0-9-0 802 1314 44 35 
cell-0-9-1 846 1314 44 35 
cell-0-9-2 890 1314 44 35 
cell-0-9-3 934 1314 44 35 
cell-0-10-0 802 1350 44 35 
cell-0-10-1 846 1350 44 35 
cell-0-10-2 890 1350 44 35 
cell-0-10-3 934 1350 44 35 
cell-0-11-0 802 1386 44 35 
cell-0-11-1 846 1386 44 35 
cell-0-11-2 890 1386 44 35 
cell-0-11-3 934 1386 44 35 
cell-0-12-0 802 1422 44 35 
cell-0-12-1 846 1422 44 35 
cell-0-12-2 890 1422 44 35 
cell-0-12-3 934 1422 44 35 
