table-0 684 297 183 566 
cell-0-0-0 684 297 45 35 
cell-0-0-1 729 297 45 35 
cell-0-0-2 774 297 45 35 
cell-0-0-3 819 297 45 35 
cell-0-1-0 684 345 45 35 
cell-0-1-1 729 345 45 35 
cell-0-1-2 774 345 45 35 
cell-0-1-3 819 345 45 35 
cell-0-2-0 684 393 45 35 
cell-0-2-1 729 393 45 35 
cell-0-2-2 774 393 45 35 
cell-0-2-3 819 393 45 35 
cell-0-3-0 684 441 45 35 
cell-0-3-1 729 441 45 35 
cell-0-3-2 774 441 45 35 
cell-0-3-3 819 441 45 35 
cell-0-4-0 684 489 45 35 
cell-0-4-1 729 489 45 35 
cell-0-4-2 774 489 45 35 
cell-0-4-3 819 489 45 35 
cell-0-5-0 684 537 45 35 
cell-0-5-1 729 537 45 35 
cell-0-5-2 774 537 45 35 
cell-0-5-3 819 537 45 35 
cell-0-6-0 684 585 45 35 
cell-0-6-1 729 585 45 35 
cell-0-6-2 774 585 45 35 
cell-0-6-3 819 585 45 35 
cell-0-7-0 684 633 45 35 
cell-0-7-1 729 633 45 35 
cell-0-7-2 774 633 45 35 
cell-0-7-3 819 633 45 35 
cell-0-8-0 684 681 45 35 
cell-0-8-1 729 681 45 35 
cell-0-8-2 774 681 45 35 
cell-0-8-3 819 681 45 35 
cell-0-9-0 684 729 45 35 
cell-0-9-1 729 729 45 35 
cell-0-9-2 774 729 45 35 
cell-0-9-3 819 729 45 35 
cell-0-10-0 684 777 45 35 
cell-0-10-1 729 777 45 35 
cell-0-10-2 774 777 45 35 
cell-0-10-3 819 777 45 35 
cell-0-11-0 684 825 45 35 
cell-0-11-1 729 825 45 35 
cell-0-11-2 774 825 45 35 
cell-0-11-3 819 825 45 35 
table-2 75 169 216 406 
cell-2-0-0 75 169 43 35 
cell-2-0-1 118 169 43 35 
cell-2-0-2 161 169 43 35 
cell-2-0-3 204 169 43 35 
cell-2-0-4 247 169 43 35 
cell-2-1-0 75 206 43 35 
cell-2-1-1 118 206 43 35 
cell-2-1-2 161 206 43 35 
cell-2-1-3 204 206 43 35 
cell-2-1-4 247 206 43 35 
cell-2-2-0 75 243 43 35 
cell-2-2-1 118 243 43 35 
cell-2-2-2 161 243 43 35 
cell-2-2-3 204 243 43 35 
cell-2-2-4 247 243 43 35 
cell-2-3-0 75 280 43 35 
cell-2-3-1 118 280 43 35 
cell-2-3-2 161 280 43 35 
cell-2-3-3 204 280 43 35 
cell-2-3-4 247 280 43 35 
cell-2-4-0 75 317 43 35 
cell-2-4-1 118 317 43 35 
cell-2-4-2 161 317 43 35 
cell-2-4-3 204 317 43 35 
cell-2-4-4 247 317 43 35 
cell-2-5-0 75 354 43 35 
cell-2-5-1 118 354 43 35 
cell-2-5-2 161 354 43 35 
cell-2-5-3 204 354 43 35 
cell-2-5-4 247 354 43 35 
cell-2-6-0 75 391 43 35 
cell-2-6-1 118 391 43 35 
cell-2-6-2 161 391 43 35 
cell-2-6-3 204 391 43 35 
cell-2-6-4 247 391 43 35 
cell-2-7-0 75 428 43 35 
cell-2-7-1 118 428 43 35 
cell-2-7-2 161 428 43 35 
cell-2-7-3 204 428 43 35 
cell-2-7-4 247 428 43 35 
cell-2-8-0 75 465 43 35 
cell-2-8-1 118 465 43 35 
cell-2-8-2 161 465 43 35 
cell-2-8-3 204 465 43 35 
cell-2-8-4 247 465 43 35 
cell-2-9-0 75 502 43 35 
cell-2-9-1 118 502 43 35 
cell-2-9-2 161 502 43 35 
cell-2-9-3 204 502 43 35 
cell-2-9-4 247 502 43 35 
cell-2-10-0 75 539 43 35 
cell-2-10-1 118 539 43 35 
cell-2-10-2 161 539 43 35 
cell-2-10-3 204 539 43 35 
cell-2-10-4 247 539 43 35 
