table-0 102 745 222 667 
cell-0-0-0 102 745 44 35 
cell-0-0-1 146 745 44 35 
cell-0-0-2 190 745 44 35 
cell-0-0-3 234 745 44 35 
cell-0-0-4 278 745 44 35 
cell-0-1-0 102 790 44 35 
cell-0-1-1 146 790 44 35 
cell-0-1-2 190 790 44 35 
cell-0-1-3 234 790 44 35 
cell-0-1-4 278 790 44 35 
cell-0-2-0 102 835 44 35 
cell-0-2-1 146 835 44 35 
cell-0-2-2 190 835 44 35 
cell-0-2-3 234 835 44 35 
cell-0-2-4 278 835 44 35 
cell-0-3-0 102 880 44 35 
cell-0-3-1 146 880 44 35 
cell-0-3-2 190 880 44 35 
cell-0-3-3 234 880 44 35 
cell-0-3-4 278 880 44 35 
cell-0-4-0 102 925 44 35 
cell-0-4-1 146 925 44 35 
cell-0-4-2 190 925 44 35 
cell-0-4-3 234 925 44 35 
cell-0-4-4 278 925 44 35 
cell-0-5-0 102 970 44 35 
cell-0-5-1 146 970 44 35 
cell-0-5-2 190 970 44 35 
cell-0-5-3 234 970 44 35 
cell-0-5-4 278 970 44 35 
cell-0-6-0 102 1015 44 35 
cell-0-6-1 146 1015 44 35 
cell-0-6-2 190 1015 44 35 
cell-0-6-3 234 1015 44 35 
cell-0-6-4 278 1015 44 35 
cell-0-7-0 102 1060 44 35 
cell-0-7-1 146 1060 44 35 
cell-0-7-2 190 1060 44 35 
cell-0-7-3 234 1060 44 35 
cell-0-7-4 278 1060 44 35 
cell-0-8-0 102 1105 44 35 
cell-0-8-1 146 1105 44 35 
cell-0-8-2 190 1105 44 35 
cell-0-8-3 234 1105 44 35 
cell-0-8-4 278 1105 44 35 
cell-0-9-0 102 1150 44 35 
cell-0-9-1 146 1150 44 35 
cell-0-9-2 190 1150 44 35 
cell-0-9-3 234 1150 44 35 
cell-0-9-4 278 1150 44 35 
cell-0-10-0 102 1195 44 35 
cell-0-10-1 146 1195 44 35 
cell-0-10-2 190 1195 44 35 
cell-0-10-3 234 1195 44 35 
cell-0-10-4 278 1195 44 35 
cell-0-11-0 102 1240 44 35 
cell-0-11-1 146 1240 44 35 
cell-0-11-2 190 1240 44 35 
cell-0-11-3 234 1240 44 35 
cell-0-11-4 278 1240 44 35 
cell-0-12-0 102 1285 44 35 
cell-0-12-1 146 1285 44 35 
cell-0-12-2 190 1285 44 35 
cell-0-12-3 234 1285 44 35 
cell-0-12-4 278 1285 44 35 
cell-0-13-0 102 1330 44 35 
cell-0-13-1 146 1330 44 35 
cell-0-13-2 190 1330 44 35 
cell-0-13-3 234 1330 44 35 
cell-0-13-4 278 1330 44 35 
cell-0-14-0 102 1375 44 35 
cell-0-14-1 146 1375 44 35 
cell-0-14-2 190 1375 44 35 
cell-0-14-3 234 1375 44 35 
cell-0-14-4 278 1375 44 35 
table-1 425 277 501 733 
cell-1-0-0 425 277 44 42 
cell-1-0-1 469 277 44 42 
cell-1-0-2 513 277 44 42 
cell-1-0-3 557 277 44 42 
cell-1-0-4 601 277 323 42 
cell-1-1-0 425 330 44 42 
cell-1-1-1 469 330 44 42 
cell-1-1-2 513 330 44 42 
cell-1-1-3 557 330 44 42 
cell-1-1-4 601 330 323 42 
cell-1-2-0 425 383 44 42 
cell-1-2-1 469 383 44 42 
cell-1-2-2 513 383 44 42 
cell-1-2-3 557 383 44 42 
cell-1-2-4 601 383 323 42 
cell-1-3-0 425 436 44 42 
cell-1-3-1 469 436 44 42 
cell-1-3-2 513 436 44 42 
cell-1-3-3 557 436 44 42 
cell-1-3-4 601 436 323 42 
cell-1-4-0 425 489 44 42 
cell-1-4-1 469 489 44 42 
cell-1-4-2 513 489 44 42 
cell-1-4-3 557 489 44 42 
cell-1-4-4 601 489 323 42 
cell-1-5-0 425 542 44 42 
cell-1-5-1 469 542 44 42 
cell-1-5-2 513 542 44 42 
cell-1-5-3 557 542 44 42 
cell-1-5-4 601 542 323 42 
cell-1-6-0 425 595 44 42 
cell-1-6-1 469 595 44 42 
cell-1-6-2 513 595 44 42 
cell-1-6-3 557 595 44 42 
cell-1-6-4 601 595 323 42 
cell-1-7-0 425 648 44 42 
cell-1-7-1 469 648 44 42 
cell-1-7-2 513 648 44 42 
cell-1-7-3 557 648 44 42 
cell-1-7-4 601 648 323 42 
cell-1-8-0 425 701 44 42 
cell-1-8-1 469 701 44 42 
cell-1-8-2 513 701 44 42 
cell-1-8-3 557 701 44 42 
cell-1-8-4 601 701 323 42 
cell-1-9-0 425 754 44 42 
cell-1-9-1 469 754 44 42 
cell-1-9-2 513 754 44 42 
cell-1-9-3 557 754 44 42 
cell-1-9-4 601 754 323 42 
cell-1-10-0 425 807 44 42 
cell-1-10-1 469 807 44 42 
cell-1-10-2 513 807 44 42 
cell-1-10-3 557 807 44 42 
cell-1-10-4 601 807 323 42 
cell-1-11-0 425 860 44 42 
cell-1-11-1 469 860 44 42 
cell-1-11-2 513 860 44 42 
cell-1-11-3 557 860 44 42 
cell-1-11-4 601 860 323 42 
cell-1-12-0 425 913 44 42 
cell-1-12-1 469 913 44 42 
cell-1-12-2 513 913 44 42 
cell-1-12-3 557 913 44 42 
cell-1-12-4 601 913 323 42 
cell-1-13-0 425 966 44 42 
cell-1-13-1 469 966 44 42 
cell-1-13-2 513 966 44 42 
cell-1-13-3 557 966 44 42 
cell-1-13-4 601 966 323 42 
