table-0 240 535 800 221 
cell-0-0-0 240 535 133 39 
cell-0-0-1 373 535 133 39 
cell-0-0-2 506 535 133 39 
cell-0-0-3 639 535 133 39 
cell-0-0-4 772 535 133 39 
cell-0-0-5 905 535 133 39 
cell-0-1-0 240 580 133 39 
cell-0-1-1 373 580 133 39 
cell-0-1-2 506 580 133 39 
cell-0-1-3 639 580 133 39 
cell-0-1-4 772 580 133 39 
cell-0-1-5 905 580 133 39 
cell-0-2-0 240 625 133 39 
cell-0-2-1 373 625 133 39 
cell-0-2-2 506 625 133 39 
cell-0-2-3 639 625 133 39 
cell-0-2-4 772 625 133 39 
cell-0-2-5 905 625 133 39 
cell-0-3-0 240 670 133 39 
cell-0-3-1 373 670 133 39 
cell-0-3-2 506 670 133 39 
cell-0-3-3 639 670 133 39 
cell-0-3-4 772 670 133 39 
cell-0-3-5 905 670 133 39 
cell-0-4-0 240 715 133 39 
cell-0-4-1 373 715 133 39 
cell-0-4-2 506 715 133 39 
cell-0-4-3 639 715 133 39 
cell-0-4-4 772 715 133 39 
cell-0-4-5 905 715 133 39 
header-5 160 1124 820 193 
row-1-1 160 1124 418 40 
row-1-2 598 1124 319 40 
row-2-1 160 1174 352 40 
row-2-2 532 1174 444 40 
row-3-1 160 1224 715 40 
row-4-1 160 1274 484 40 
