table-0 498 870 266 407 
cell-0-0-0 498 870 44 35 
cell-0-0-1 542 870 44 35 
cell-0-0-2 586 870 44 35 
cell-0-0-3 630 870 44 35 
cell-0-0-4 674 870 44 35 
cell-0-0-5 718 870 44 35 
cell-0-1-0 498 907 44 35 
cell-0-1-1 542 907 44 35 
cell-0-1-2 586 907 44 35 
cell-0-1-3 630 907 44 35 
cell-0-1-4 674 907 44 35 
cell-0-1-5 718 907 44 35 
cell-0-2-0 498 944 44 35 
cell-0-2-1 542 944 44 35 
cell-0-2-2 586 944 44 35 
cell-0-2-3 630 944 44 35 
cell-0-2-4 674 944 44 35 
cell-0-2-5 718 944 44 35 
cell-0-3-0 498 981 44 35 
cell-0-3-1 542 981 44 35 
cell-0-3-2 586 981 44 35 
cell-0-3-3 630 981 44 35 
cell-0-3-4 674 981 44 35 
cell-0-3-5 718 981 44 35 
cell-0-4-0 498 1018 44 35 
cell-0-4-1 542 1018 44 35 
cell-0-4-2 586 1018 44 35 
cell-0-4-3 630 1018 44 35 
cell-0-4-4 674 1018 44 35 
cell-0-4-5 718 1018 44 35 
cell-0-5-0 498 1055 44 35 
cell-0-5-1 542 1055 44 35 
cell-0-5-2 586 1055 44 35 
cell-0-5-3 630 1055 44 35 
cell-0-5-4 674 1055 44 35 
cell-0-5-5 718 1055 44 35 
cell-0-6-0 498 1092 44 35 
cell-0-6-1 542 1092 44 35 
cell-0-6-2 586 1092 44 35 
cell-0-6-3 630 1092 44 35 
cell-0-6-4 674 1092 44 35 
cell-0-6-5 718 1092 44 35 
cell-0-7-0 498 1129 44 35 
cell-0-7-1 542 1129 44 35 
cell-0-7-2 586 1129 44 35 
cell-0-7-3 630 1129 44 35 
cell-0-7-4 674 1129 44 35 
cell-0-7-5 718 1129 44 35 
cell-0-8-0 498 1166 44 35 
cell-0-8-1 542 1166 44 35 
cell-0-8-2 586 1166 44 35 
cell-0-8-3 630 1166 44 35 
cell-0-8-4 674 1166 44 35 
cell-0-8-5 718 1166 44 35 
cell-0-9-0 498 1203 44 35 
cell-0-9-1 542 1203 44 35 
cell-0-9-2 586 1203 44 35 
cell-0-9-3 630 1203 44 35 
cell-0-9-4 674 1203 44 35 
cell-0-9-5 718 1203 44 35 
cell-0-10-0 498 1240 44 35 
cell-0-10-1 542 1240 44 35 
cell-0-10-2 586 1240 44 35 
cell-0-10-3 630 1240 44 35 
cell-0-10-4 674 1240 44 35 
cell-0-10-5 718 1240 44 35 
header-4 91 368 905 193 
row-1-1 91 368 347 40 
row-1-2 458 368 347 40 
row-2-1 91 418 380 40 
row-2-2 491 418 498 40 
row-3-1 91 468 776 40 
row-4-1 91 518 479 40 
