table-0 485 339 216 509 
cell-0-0-0 485 339 43 35 
cell-0-0-1 528 339 43 35 
cell-0-0-2 571 339 43 35 
cell-0-0-3 614 339 43 35 
cell-0-0-4 657 339 43 35 
cell-0-1-0 485 382 43 35 
cell-0-1-1 528 382 43 35 
cell-0-1-2 571 382 43 35 
cell-0-1-3 614 382 43 35 
cell-0-1-4 657 382 43 35 
cell-0-2-0 485 425 43 35 
cell-0-2-1 528 425 43 35 
cell-0-2-2 571 425 43 35 
cell-0-2-3 614 425 43 35 
cell-0-2-4 657 425 43 35 
cell-0-3-0 485 468 43 35 
cell-0-3-1 528 468 43 35 
cell-0-3-2 571 468 43 35 
cell-0-3-3 614 468 43 35 
cell-0-3-4 657 468 43 35 
cell-0-4-0 485 511 43 35 
cell-0-4-1 528 511 43 35 
cell-0-4-2 571 511 43 35 
cell-0-4-3 614 511 43 35 
cell-0-4-4 657 511 43 35 
cell-0-5-0 485 554 43 35 
cell-0-5-1 528 554 43 35 
cell-0-5-2 571 554 43 35 
cell-0-5-3 614 554 43 35 
cell-0-5-4 657 554 43 35 
cell-0-6-0 485 597 43 35 
cell-0-6-1 528 597 43 35 
cell-0-6-2 571 597 43 35 
cell-0-6-3 614 597 43 35 
cell-0-6-4 657 597 43 35 
cell-0-7-0 485 640 43 35 
cell-0-7-1 528 640 43 35 
cell-0-7-2 571 640 43 35 
cell-0-7-3 614 640 43 35 
cell-0-7-4 657 640 43 35 
cell-0-8-0 485 683 43 35 
cell-0-8-1 528 683 43 35 
cell-0-8-2 571 683 43 35 
cell-0-8-3 614 683 43 35 
cell-0-8-4 657 683 43 35 
cell-0-9-0 485 726 43 35 
cell-0-9-1 528 726 43 35 
cell-0-9-2 571 726 43 35 
cell-0-9-3 614 726 43 35 
cell-0-9-4 657 726 43 35 
cell-0-10-0 485 769 43 35 
cell-0-10-1 528 769 43 35 
cell-0-10-2 571 769 43 35 
cell-0-10-3 614 769 43 35 
cell-0-10-4 657 769 43 35 
cell-0-11-0 485 812 43 35 
cell-0-11-1 528 812 43 35 
cell-0-11-2 571 812 43 35 
cell-0-11-3 614 812 43 35 
cell-0-11-4 657 812 43 35 
table-2 392 995 600 441 
cell-2-0-0 392 995 75 55 
cell-2-0-1 467 995 75 55 
cell-2-0-2 542 995 75 55 
cell-2-0-3 617 995 75 55 
cell-2-0-4 692 995 75 55 
cell-2-0-5 767 995 75 55 
cell-2-0-6 842 995 75 55 
cell-2-0-7 917 995 75 55 
cell-2-1-0 392 1050 75 55 
cell-2-1-1 467 1050 75 55 
cell-2-1-2 542 1050 75 55 
cell-2-1-3 617 1050 75 55 
cell-2-1-4 692 1050 75 55 
cell-2-1-5 767 1050 75 55 
cell-2-1-6 842 1050 75 55 
cell-2-1-7 917 1050 75 55 
cell-2-2-0 392 1105 75 55 
cell-2-2-1 467 1105 75 55 
cell-2-2-2 542 1105 75 55 
cell-2-2-3 617 1105 75 55 
cell-2-2-4 692 1105 75 55 
cell-2-2-5 767 1105 75 55 
cell-2-2-6 842 1105 75 55 
cell-2-2-7 917 1105 75 55 
cell-2-3-0 392 1160 75 55 
cell-2-3-1 467 1160 75 55 
cell-2-3-2 542 1160 75 55 
cell-2-3-3 617 1160 75 55 
cell-2-3-4 692 1160 75 55 
cell-2-3-5 767 1160 75 55 
cell-2-3-6 842 1160 75 55 
cell-2-3-7 917 1160 75 55 
cell-2-4-0 392 1215 75 55 
cell-2-4-1 467 1215 75 55 
cell-2-4-2 542 1215 75 55 
cell-2-4-3 617 1215 75 55 
cell-2-4-4 692 1215 75 55 
cell-2-4-5 767 1215 75 55 
cell-2-4-6 842 1215 75 55 
cell-2-4-7 917 1215 75 55 
cell-2-5-0 392 1270 75 55 
cell-2-5-1 467 1270 75 55 
cell-2-5-2 542 1270 75 55 
cell-2-5-3 617 1270 75 55 
cell-2-5-4 692 1270 75 55 
cell-2-5-5 767 1270 75 55 
cell-2-5-6 842 1270 75 55 
cell-2-5-7 917 1270 75 55 
cell-2-6-0 392 1325 75 55 
cell-2-6-1 467 1325 75 55 
cell-2-6-2 542 1325 75 55 
cell-2-6-3 617 1325 75 55 
cell-2-6-4 692 1325 75 55 
cell-2-6-5 767 1325 75 55 
cell-2-6-6 842 1325 75 55 
cell-2-6-7 917 1325 75 55 
cell-2-7-0 392 1380 75 55 
cell-2-7-1 467 1380 75 55 
cell-2-7-2 542 1380 75 55 
cell-2-7-3 617 1380 75 55 
cell-2-7-4 692 1380 75 55 
cell-2-7-5 767 1380 75 55 
cell-2-7-6 842 1380 75 55 
cell-2-7-7 917 1380 75 55 
