table-0 425 656 600 481 
cell-0-0-0 425 656 100 37 
cell-0-0-1 525 656 100 37 
cell-0-0-2 625 656 100 37 
cell-0-0-3 725 656 100 37 
cell-0-0-4 825 656 100 37 
cell-0-0-5 925 656 100 37 
cell-0-1-0 425 705 100 37 
cell-0-1-1 525 705 100 37 
cell-0-1-2 625 705 100 37 
cell-0-1-3 725 705 100 37 
cell-0-1-4 825 705 100 37 
cell-0-1-5 925 705 100 37 
cell-0-2-0 425 754 100 37 
cell-0-2-1 525 754 100 37 
cell-0-2-2 625 754 100 37 
cell-0-2-3 725 754 100 37 
cell-0-2-4 825 754 100 37 
cell-0-2-5 925 754 100 37 
cell-0-3-0 425 803 100 37 
cell-0-3-1 525 803 100 37 
cell-0-3-2 625 803 100 37 
cell-0-3-3 725 803 100 37 
cell-0-3-4 825 803 100 37 
cell-0-3-5 925 803 100 37 
cell-0-4-0 425 852 100 37 
cell-0-4-1 525 852 100 37 
cell-0-4-2 625 852 100 37 
cell-0-4-3 725 852 100 37 
cell-0-4-4 825 852 100 37 
cell-0-4-5 925 852 100 37 
cell-0-5-0 425 901 100 37 
cell-0-5-1 525 901 100 37 
cell-0-5-2 625 901 100 37 
cell-0-5-3 725 901 100 37 
cell-0-5-4 825 901 100 37 
cell-0-5-5 925 901 100 37 
cell-0-6-0 425 950 100 37 
cell-0-6-1 525 950 100 37 
cell-0-6-2 625 950 100 37 
cell-0-6-3 725 950 100 37 
cell-0-6-4 825 950 100 37 
cell-0-6-5 925 950 100 37 
cell-0-7-0 425 999 100 37 
cell-0-7-1 525 999 100 37 
cell-0-7-2 625 999 100 37 
cell-0-7-3 725 999 100 37 
cell-0-7-4 825 999 100 37 
cell-0-7-5 925 999 100 37 
cell-0-8-0 425 1048 100 37 
cell-0-8-1 525 1048 100 37 
cell-0-8-2 625 1048 100 37 
cell-0-8-3 725 1048 100 37 
cell-0-8-4 825 1048 100 37 
cell-0-8-5 925 1048 100 37 
cell-0-9-0 425 1097 100 37 
cell-0-9-1 525 1097 100 37 
cell-0-9-2 625 1097 100 37 
cell-0-9-3 725 1097 100 37 
cell-0-9-4 825 1097 100 37 
cell-0-9-5 925 1097 100 37 
