table-0 60 977 1000 407 
cell-0-0-0 60 977 111 58 
cell-0-0-1 171 977 111 58 
cell-0-0-2 282 977 111 58 
cell-0-0-3 393 977 111 58 
cell-0-0-4 504 977 111 58 
cell-0-0-5 615 977 111 58 
cell-0-0-6 726 977 111 58 
cell-0-0-7 837 977 111 58 
cell-0-0-8 948 977 111 58 
cell-0-1-0 60 1035 111 58 
cell-0-1-1 171 1035 111 58 
cell-0-1-2 282 1035 111 58 
cell-0-1-3 393 1035 111 58 
cell-0-1-4 504 1035 111 58 
cell-0-1-5 615 1035 111 58 
cell-0-1-6 726 1035 111 58 
cell-0-1-7 837 1035 111 58 
cell-0-1-8 948 1035 111 58 
cell-0-2-0 60 1093 111 58 
cell-0-2-1 171 1093 111 58 
cell-0-2-2 282 1093 111 58 
cell-0-2-3 393 1093 111 58 
cell-0-2-4 504 1093 111 58 
cell-0-2-5 615 1093 111 58 
cell-0-2-6 726 1093 111 58 
cell-0-2-7 837 1093 111 58 
cell-0-2-8 948 1093 111 58 
cell-0-3-0 60 1151 111 58 
cell-0-3-1 171 1151 111 58 
cell-0-3-2 282 1151 111 58 
cell-0-3-3 393 1151 111 58 
cell-0-3-4 504 1151 111 58 
cell-0-3-5 615 1151 111 58 
cell-0-3-6 726 1151 111 58 
cell-0-3-7 837 1151 111 58 
cell-0-3-8 948 1151 111 58 
cell-0-4-0 60 1209 111 58 
cell-0-4-1 171 1209 111 58 
cell-0-4-2 282 1209 111 58 
cell-0-4-3 393 1209 111 58 
cell-0-4-4 504 1209 111 58 
cell-0-4-5 615 1209 111 58 
cell-0-4-6 726 1209 111 58 
cell-0-4-7 837 1209 111 58 
cell-0-4-8 948 1209 111 58 
cell-0-5-0 60 1267 111 58 
cell-0-5-1 171 1267 111 58 
cell-0-5-2 282 1267 111 58 
cell-0-5-3 393 1267 111 58 
cell-0-5-4 504 1267 111 58 
cell-0-5-5 615 1267 111 58 
cell-0-5-6 726 1267 111 58 
cell-0-5-7 837 1267 111 58 
cell-0-5-8 948 1267 111 58 
cell-0-6-0 60 1325 111 58 
cell-0-6-1 171 1325 111 58 
cell-0-6-2 282 1325 111 58 
cell-0-6-3 393 1325 111 58 
cell-0-6-4 504 1325 111 58 
cell-0-6-5 615 1325 111 58 
cell-0-6-6 726 1325 111 58 
cell-0-6-7 837 1325 111 58 
cell-0-6-8 948 1325 111 58 
header-1 67 476 784 195 
row-1-1 67 476 359 41 
row-1-2 446 476 293 41 
row-2-1 67 527 260 41 
row-2-2 347 527 463 41 
row-3-1 67 578 788 41 
row-4-1 67 629 557 41 
