table-0 119 189 695 618 
cell-0-0-0 119 189 44 43 
cell-0-0-1 163 189 44 43 
cell-0-0-2 207 189 44 43 
cell-0-0-3 251 189 44 43 
cell-0-0-4 295 189 44 43 
cell-0-0-5 339 189 471 43 
cell-0-1-0 119 241 44 43 
cell-0-1-1 163 241 44 43 
cell-0-1-2 207 241 44 43 
cell-0-1-3 251 241 44 43 
cell-0-1-4 295 241 44 43 
cell-0-1-5 339 241 471 43 
cell-0-2-0 119 293 44 43 
cell-0-2-1 163 293 44 43 
cell-0-2-2 207 293 44 43 
cell-0-2-3 251 293 44 43 
cell-0-2-4 295 293 44 43 
cell-0-2-5 339 293 471 43 
cell-0-3-0 119 345 44 43 
cell-0-3-1 163 345 44 43 
cell-0-3-2 207 345 44 43 
cell-0-3-3 251 345 44 43 
cell-0-3-4 295 345 44 43 
cell-0-3-5 339 345 471 43 
cell-0-4-0 119 397 44 43 
cell-0-4-1 163 397 44 43 
cell-0-4-2 207 397 44 43 
cell-0-4-3 251 397 44 43 
cell-0-4-4 295 397 44 43 
cell-0-4-5 339 397 471 43 
cell-0-5-0 119 449 44 43 
cell-0-5-1 163 449 44 43 
cell-0-5-2 207 449 44 43 
cell-0-5-3 251 449 44 43 
cell-0-5-4 295 449 44 43 
cell-0-5-5 339 449 471 43 
cell-0-6-0 119 501 44 43 
cell-0-6-1 163 501 44 43 
cell-0-6-2 207 501 44 43 
cell-0-6-3 251 501 44 43 
cell-0-6-4 295 501 44 43 
cell-0-6-5 339 501 471 43 
cell-0-7-0 119 553 44 43 
cell-0-7-1 163 553 44 43 
cell-0-7-2 207 553 44 43 
cell-0-7-3 251 553 44 43 
cell-0-7-4 295 553 44 43 
cell-0-7-5 339 553 471 43 
cell-0-8-0 119 605 44 43 
cell-0-8-1 163 605 44 43 
cell-0-8-2 207 605 44 43 
cell-0-8-3 251 605 44 43 
cell-0-8-4 295 605 44 43 
cell-0-8-5 339 605 471 43 
cell-0-9-0 119 657 44 43 
cell-0-9-1 163 657 44 43 
cell-0-9-2 207 657 44 43 
cell-0-9-3 251 657 44 43 
cell-0-9-4 295 657 44 43 
cell-0-9-5 339 657 471 43 
cell-0-10-0 119 709 44 43 
cell-0-10-1 163 709 44 43 
cell-0-10-2 207 709 44 43 
cell-0-10-3 251 709 44 43 
cell-0-10-4 295 709 44 43 
cell-0-10-5 339 709 471 43 
cell-0-11-0 119 761 44 43 
cell-0-11-1 163 761 44 43 
cell-0-11-2 207 761 44 43 
cell-0-11-3 251 761 44 43 
cell-0-11-4 295 761 44 43 
cell-0-11-5 339 761 471 43 
