table-0 243 636 600 490 
cell-0-0-0 243 636 150 47 
cell-0-0-1 393 636 150 47 
cell-0-0-2 543 636 150 47 
cell-0-0-3 693 636 150 47 
cell-0-1-0 243 691 150 47 
cell-0-1-1 393 691 150 47 
cell-0-1-2 543 691 150 47 
cell-0-1-3 693 691 150 47 
cell-0-2-0 243 746 150 47 
cell-0-2-1 393 746 150 47 
cell-0-2-2 543 746 150 47 
cell-0-2-3 693 746 150 47 
cell-0-3-0 243 801 150 47 
cell-0-3-1 393 801 150 47 
cell-0-3-2 543 801 150 47 
cell-0-3-3 693 801 150 47 
cell-0-4-0 243 856 150 47 
cell-0-4-1 393 856 150 47 
cell-0-4-2 543 856 150 47 
cell-0-4-3 693 856 150 47 
cell-0-5-0 243 911 150 47 
cell-0-5-1 393 911 150 47 
cell-0-5-2 543 911 150 47 
cell-0-5-3 693 911 150 47 
cell-0-6-0 243 966 150 47 
cell-0-6-1 393 966 150 47 
cell-0-6-2 543 966 150 47 
cell-0-6-3 693 966 150 47 
cell-0-7-0 243 1021 150 47 
cell-0-7-1 393 1021 150 47 
cell-0-7-2 543 1021 150 47 
cell-0-7-3 693 1021 150 47 
cell-0-8-0 243 1076 150 47 
cell-0-8-1 393 1076 150 47 
cell-0-8-2 543 1076 150 47 
cell-0-8-3 693 1076 150 47 
header-2 228 1217 751 193 
row-1-1 228 1217 363 40 
row-1-2 611 1217 363 40 
row-2-1 228 1267 264 40 
row-2-2 512 1267 451 40 
row-3-1 228 1317 495 40 
row-4-1 228 1367 495 40 
