table-0 147 295 222 681 
cell-0-0-0 147 295 44 35 
cell-0-0-1 191 295 44 35 
cell-0-0-2 235 295 44 35 
cell-0-0-3 279 295 44 35 
cell-0-0-4 323 295 44 35 
cell-0-1-0 147 341 44 35 
cell-0-1-1 191 341 44 35 
cell-0-1-2 235 341 44 35 
cell-0-1-3 279 341 44 35 
cell-0-1-4 323 341 44 35 
cell-0-2-0 147 387 44 35 
cell-0-2-1 191 387 44 35 
cell-0-2-2 235 387 44 35 
cell-0-2-3 279 387 44 35 
cell-0-2-4 323 387 44 35 
cell-0-3-0 147 433 44 35 
cell-0-3-1 191 433 44 35 
cell-0-3-2 235 433 44 35 
cell-0-3-3 279 433 44 35 
cell-0-3-4 323 433 44 35 
cell-0-4-0 147 479 44 35 
cell-0-4-1 191 479 44 35 
cell-0-4-2 235 479 44 35 
cell-0-4-3 279 479 44 35 
cell-0-4-4 323 479 44 35 
cell-0-5-0 147 525 44 35 
cell-0-5-1 191 525 44 35 
cell-0-5-2 235 525 44 35 
cell-0-5-3 279 525 44 35 
cell-0-5-4 323 525 44 35 
cell-0-6-0 147 571 44 35 
cell-0-6-1 191 571 44 35 
cell-0-6-2 235 571 44 35 
cell-0-6-3 279 571 44 35 
cell-0-6-4 323 571 44 35 
cell-0-7-0 147 617 44 35 
cell-0-7-1 191 617 44 35 
cell-0-7-2 235 617 44 35 
cell-0-7-3 279 617 44 35 
cell-0-7-4 323 617 44 35 
cell-0-8-0 147 663 44 35 
cell-0-8-1 191 663 44 35 
cell-0-8-2 235 663 44 35 
cell-0-8-3 279 663 44 35 
cell-0-8-4 323 663 44 35 
cell-0-9-0 147 709 44 35 
cell-0-9-1 191 709 44 35 
cell-0-9-2 235 709 44 35 
cell-0-9-3 279 709 44 35 
cell-0-9-4 323 709 44 35 
cell-0-10-0 147 755 44 35 
cell-0-10-1 191 755 44 35 
cell-0-10-2 235 755 44 35 
cell-0-10-3 279 755 44 35 
cell-0-10-4 323 755 44 35 
cell-0-11-0 147 801 44 35 
cell-0-11-1 191 801 44 35 
cell-0-11-2 235 801 44 35 
cell-0-11-3 279 801 44 35 
cell-0-11-4 323 801 44 35 
cell-0-12-0 147 847 44 35 
cell-0-12-1 191 847 44 35 
cell-0-12-2 235 847 44 35 
cell-0-12-3 279 847 44 35 
cell-0-12-4 323 847 44 35 
cell-0-13-0 147 893 44 35 
cell-0-13-1 191 893 44 35 
cell-0-13-2 235 893 44 35 
cell-0-13-3 279 893 44 35 
cell-0-13-4 323 893 44 35 
cell-0-14-0 147 939 44 35 
cell-0-14-1 191 939 44 35 
cell-0-14-2 235 939 44 35 
cell-0-14-3 279 939 44 35 
cell-0-14-4 323 939 44 35 
header-2 83 1100 941 193 
row-1-1 83 1100 385 40 
row-1-2 488 1100 418 40 
row-2-1 83 1150 418 40 
row-2-2 521 1150 499 40 
row-3-1 83 1200 814 40 
row-4-1 83 1250 484 40 
