table-0 372 604 645 642 
cell-0-0-0 372 604 43 41 
cell-0-0-1 415 604 43 41 
cell-0-0-2 458 604 43 41 
cell-0-0-3 501 604 43 41 
cell-0-0-4 544 604 43 41 
cell-0-0-5 587 604 429 41 
cell-0-1-0 372 654 43 41 
cell-0-1-1 415 654 43 41 
cell-0-1-2 458 654 43 41 
cell-0-1-3 501 654 43 41 
cell-0-1-4 544 654 43 41 
cell-0-1-5 587 654 429 41 
cell-0-2-0 372 704 43 41 
cell-0-2-1 415 704 43 41 
cell-0-2-2 458 704 43 41 
cell-0-2-3 501 704 43 41 
cell-0-2-4 544 704 43 41 
cell-0-2-5 587 704 429 41 
cell-0-3-0 372 754 43 41 
cell-0-3-1 415 754 43 41 
cell-0-3-2 458 754 43 41 
cell-0-3-3 501 754 43 41 
cell-0-3-4 544 754 43 41 
cell-0-3-5 587 754 429 41 
cell-0-4-0 372 804 43 41 
cell-0-4-1 415 804 43 41 
cell-0-4-2 458 804 43 41 
cell-0-4-3 501 804 43 41 
cell-0-4-4 544 804 43 41 
cell-0-4-5 587 804 429 41 
cell-0-5-0 372 854 43 41 
cell-0-5-1 415 854 43 41 
cell-0-5-2 458 854 43 41 
cell-0-5-3 501 854 43 41 
cell-0-5-4 544 854 43 41 
cell-0-5-5 587 854 429 41 
cell-0-6-0 372 904 43 41 
cell-0-6-1 415 904 43 41 
cell-0-6-2 458 904 43 41 
cell-0-6-3 501 904 43 41 
cell-0-6-4 544 904 43 41 
cell-0-6-5 587 904 429 41 
cell-0-7-0 372 954 43 41 
cell-0-7-1 415 954 43 41 
cell-0-7-2 458 954 43 41 
cell-0-7-3 501 954 43 41 
cell-0-7-4 544 954 43 41 
cell-0-7-5 587 954 429 41 
cell-0-8-0 372 1004 43 41 
cell-0-8-1 415 1004 43 41 
cell-0-8-2 458 1004 43 41 
cell-0-8-3 501 1004 43 41 
cell-0-8-4 544 1004 43 41 
cell-0-8-5 587 1004 429 41 
cell-0-9-0 372 1054 43 41 
cell-0-9-1 415 1054 43 41 
cell-0-9-2 458 1054 43 41 
cell-0-9-3 501 1054 43 41 
cell-0-9-4 544 1054 43 41 
cell-0-9-5 587 1054 429 41 
cell-0-10-0 372 1104 43 41 
cell-0-10-1 415 1104 43 41 
cell-0-10-2 458 1104 43 41 
cell-0-10-3 501 1104 43 41 
cell-0-10-4 544 1104 43 41 
cell-0-10-5 587 1104 429 41 
cell-0-11-0 372 1154 43 41 
cell-0-11-1 415 1154 43 41 
cell-0-11-2 458 1154 43 41 
cell-0-11-3 501 1154 43 41 
cell-0-11-4 544 1154 43 41 
cell-0-11-5 587 1154 429 41 
cell-0-12-0 372 1204 43 41 
cell-0-12-1 415 1204 43 41 
cell-0-12-2 458 1204 43 41 
cell-0-12-3 501 1204 43 41 
cell-0-12-4 544 1204 43 41 
cell-0-12-5 587 1204 429 41 
