table-0 150 391 558 694 
cell-0-0-0 150 391 44 42 
cell-0-0-1 194 391 44 42 
cell-0-0-2 238 391 44 42 
cell-0-0-3 282 391 44 42 
cell-0-0-4 326 391 380 42 
cell-0-1-0 150 441 44 42 
cell-0-1-1 194 441 44 42 
cell-0-1-2 238 441 44 42 
cell-0-1-3 282 441 44 42 
cell-0-1-4 326 441 380 42 
cell-0-2-0 150 491 44 42 
cell-0-2-1 194 491 44 42 
cell-0-2-2 238 491 44 42 
cell-0-2-3 282 491 44 42 
cell-0-2-4 326 491 380 42 
cell-0-3-0 150 541 44 42 
cell-0-3-1 194 541 44 42 
cell-0-3-2 238 541 44 42 
cell-0-3-3 282 541 44 42 
cell-0-3-4 326 541 380 42 
cell-0-4-0 150 591 44 42 
cell-0-4-1 194 591 44 42 
cell-0-4-2 238 591 44 42 
cell-0-4-3 282 591 44 42 
cell-0-4-4 326 591 380 42 
cell-0-5-0 150 641 44 42 
cell-0-5-1 194 641 44 42 
cell-0-5-2 238 641 44 42 
cell-0-5-3 282 641 44 42 
cell-0-5-4 326 641 380 42 
cell-0-6-0 150 691 44 42 
cell-0-6-1 194 691 44 42 
cell-0-6-2 238 691 44 42 
cell-0-6-3 282 691 44 42 
cell-0-6-4 326 691 380 42 
cell-0-7-0 150 741 44 42 
cell-0-7-1 194 741 44 42 
cell-0-7-2 238 741 44 42 
cell-0-7-3 282 741 44 42 
cell-0-7-4 326 741 380 42 
cell-0-8-0 150 791 44 42 
cell-0-8-1 194 791 44 42 
cell-0-8-2 238 791 44 42 
cell-0-8-3 282 791 44 42 
cell-0-8-4 326 791 380 42 
cell-0-9-0 150 841 44 42 
cell-0-9-1 194 841 44 42 
cell-0-9-2 238 841 44 42 
cell-0-9-3 282 841 44 42 
cell-0-9-4 326 841 380 42 
cell-0-10-0 150 891 44 42 
cell-0-10-1 194 891 44 42 
cell-0-10-2 238 891 44 42 
cell-0-10-3 282 891 44 42 
cell-0-10-4 326 891 380 42 
cell-0-11-0 150 941 44 42 
cell-0-11-1 194 941 44 42 
cell-0-11-2 238 941 44 42 
cell-0-11-3 282 941 44 42 
cell-0-11-4 326 941 380 42 
cell-0-12-0 150 991 44 42 
cell-0-12-1 194 991 44 42 
cell-0-12-2 238 991 44 42 
cell-0-12-3 282 991 44 42 
cell-0-12-4 326 991 380 42 
cell-0-13-0 150 1041 44 42 
cell-0-13-1 194 1041 44 42 
cell-0-13-2 238 1041 44 42 
cell-0-13-3 282 1041 44 42 
cell-0-13-4 326 1041 380 42 
