table-0 364 709 606 559 
cell-0-0-0 364 709 43 41 
cell-0-0-1 407 709 43 41 
cell-0-0-2 450 709 43 41 
cell-0-0-3 493 709 43 41 
cell-0-0-4 536 709 43 41 
cell-0-0-5 579 709 390 41 
cell-0-1-0 364 756 43 41 
cell-0-1-1 407 756 43 41 
cell-0-1-2 450 756 43 41 
cell-0-1-3 493 756 43 41 
cell-0-1-4 536 756 43 41 
cell-0-1-5 579 756 390 41 
cell-0-2-0 364 803 43 41 
cell-0-2-1 407 803 43 41 
cell-0-2-2 450 803 43 41 
cell-0-2-3 493 803 43 41 
cell-0-2-4 536 803 43 41 
cell-0-2-5 579 803 390 41 
cell-0-3-0 364 850 43 41 
cell-0-3-1 407 850 43 41 
cell-0-3-2 450 850 43 41 
cell-0-3-3 493 850 43 41 
cell-0-3-4 536 850 43 41 
cell-0-3-5 579 850 390 41 
cell-0-4-0 364 897 43 41 
cell-0-4-1 407 897 43 41 
cell-0-4-2 450 897 43 41 
cell-0-4-3 493 897 43 41 
cell-0-4-4 536 897 43 41 
cell-0-4-5 579 897 390 41 
cell-0-5-0 364 944 43 41 
cell-0-5-1 407 944 43 41 
cell-0-5-2 450 944 43 41 
cell-0-5-3 493 944 43 41 
cell-0-5-4 536 944 43 41 
cell-0-5-5 579 944 390 41 
cell-0-6-0 364 991 43 41 
cell-0-6-1 407 991 43 41 
cell-0-6-2 450 991 43 41 
cell-0-6-3 493 991 43 41 
cell-0-6-4 536 991 43 41 
cell-0-6-5 579 991 390 41 
cell-0-7-0 364 1038 43 41 
cell-0-7-1 407 1038 43 41 
cell-0-7-2 450 1038 43 41 
cell-0-7-3 493 1038 43 41 
cell-0-7-4 536 1038 43 41 
cell-0-7-5 579 1038 390 41 
cell-0-8-0 364 1085 43 41 
cell-0-8-1 407 1085 43 41 
cell-0-8-2 450 1085 43 41 
cell-0-8-3 493 1085 43 41 
cell-0-8-4 536 1085 43 41 
cell-0-8-5 579 1085 390 41 
cell-0-9-0 364 1132 43 41 
cell-0-9-1 407 1132 43 41 
cell-0-9-2 450 1132 43 41 
cell-0-9-3 493 1132 43 41 
cell-0-9-4 536 1132 43 41 
cell-0-9-5 579 1132 390 41 
cell-0-10-0 364 1179 43 41 
cell-0-10-1 407 1179 43 41 
cell-0-10-2 450 1179 43 41 
cell-0-10-3 493 1179 43 41 
cell-0-10-4 536 1179 43 41 
cell-0-10-5 579 1179 390 41 
cell-0-11-0 364 1226 43 41 
cell-0-11-1 407 1226 43 41 
cell-0-11-2 450 1226 43 41 
cell-0-11-3 493 1226 43 41 
cell-0-11-4 536 1226 43 41 
cell-0-11-5 579 1226 390 41 
