table-0 98 823 259 540 
cell-0-0-0 98 823 43 35 
cell-0-0-1 141 823 43 35 
cell-0-0-2 184 823 43 35 
cell-0-0-3 227 823 43 35 
cell-0-0-4 270 823 43 35 
cell-0-0-5 313 823 43 35 
cell-0-1-0 98 859 43 35 
cell-0-1-1 141 859 43 35 
cell-0-1-2 184 859 43 35 
cell-0-1-3 227 859 43 35 
cell-0-1-4 270 859 43 35 
cell-0-1-5 313 859 43 35 
cell-0-2-0 98 895 43 35 
cell-0-2-1 141 895 43 35 
cell-0-2-2 184 895 43 35 
cell-0-2-3 227 895 43 35 
cell-0-2-4 270 895 43 35 
cell-0-2-5 313 895 43 35 
cell-0-3-0 98 931 43 35 
cell-0-3-1 141 931 43 35 
cell-0-3-2 184 931 43 35 
cell-0-3-3 227 931 43 35 
cell-0-3-4 270 931 43 35 
cell-0-3-5 313 931 43 35 
cell-0-4-0 98 967 43 35 
cell-0-4-1 141 967 43 35 
cell-0-4-2 184 967 43 35 
cell-0-4-3 227 967 43 35 
cell-0-4-4 270 967 43 35 
cell-0-4-5 313 967 43 35 
cell-0-5-0 98 1003 43 35 
cell-0-5-1 141 1003 43 35 
cell-0-5-2 184 1003 43 35 
cell-0-5-3 227 1003 43 35 
cell-0-5-4 270 1003 43 35 
cell-0-5-5 313 1003 43 35 
cell-0-6-0 98 1039 43 35 
cell-0-6-1 141 1039 43 35 
cell-0-6-2 184 1039 43 35 
cell-0-6-3 227 1039 43 35 
cell-0-6-4 270 1039 43 35 
cell-0-6-5 313 1039 43 35 
cell-0-7-0 98 1075 43 35 
cell-0-7-1 141 1075 43 35 
cell-0-7-2 184 1075 43 35 
cell-0-7-3 227 1075 43 35 
cell-0-7-4 270 1075 43 35 
cell-0-7-5 313 1075 43 35 
cell-0-8-0 98 1111 43 35 
cell-0-8-1 141 1111 43 35 
cell-0-8-2 184 1111 43 35 
cell-0-8-3 227 1111 43 35 
cell-0-8-4 270 1111 43 35 
cell-0-8-5 313 1111 43 35 
cell-0-9-0 98 1147 43 35 
cell-0-9-1 141 1147 43 35 
cell-0-9-2 184 1147 43 35 
cell-0-9-3 227 1147 43 35 
cell-0-9-4 270 1147 43 35 
cell-0-9-5 313 1147 43 35 
cell-0-10-0 98 1183 43 35 
cell-0-10-1 141 1183 43 35 
cell-0-10-2 184 1183 43 35 
cell-0-10-3 227 1183 43 35 
cell-0-10-4 270 1183 43 35 
cell-0-10-5 313 1183 43 35 
cell-0-11-0 98 1219 43 35 
cell-0-11-1 141 1219 43 35 
cell-0-11-2 184 1219 43 35 
cell-0-11-3 227 1219 43 35 
cell-0-11-4 270 1219 43 35 
cell-0-11-5 313 1219 43 35 
cell-0-12-0 98 1255 43 35 
cell-0-12-1 141 1255 43 35 
cell-0-12-2 184 1255 43 35 
cell-0-12-3 227 1255 43 35 
cell-0-12-4 270 1255 43 35 
cell-0-12-5 313 1255 43 35 
cell-0-13-0 98 1291 43 35 
cell-0-13-1 141 1291 43 35 
cell-0-13-2 184 1291 43 35 
cell-0-13-3 227 1291 43 35 
cell-0-13-4 270 1291 43 35 
cell-0-13-5 313 1291 43 35 
cell-0-14-0 98 1327 43 35 
cell-0-14-1 141 1327 43 35 
cell-0-14-2 184 1327 43 35 
cell-0-14-3 227 1327 43 35 
cell-0-14-4 270 1327 43 35 
cell-0-14-5 313 1327 43 35 
table-1 196 384 800 181 
cell-1-0-0 196 384 100 35 
cell-1-0-1 296 384 100 35 
cell-1-0-2 396 384 100 35 
cell-1-0-3 496 384 100 35 
cell-1-0-4 596 384 100 35 
cell-1-0-5 696 384 100 35 
cell-1-0-6 796 384 100 35 
cell-1-0-7 896 384 100 35 
cell-1-1-0 196 420 100 35 
cell-1-1-1 296 420 100 35 
cell-1-1-2 396 420 100 35 
cell-1-1-3 496 420 100 35 
cell-1-1-4 596 420 100 35 
cell-1-1-5 696 420 100 35 
cell-1-1-6 796 420 100 35 
cell-1-1-7 896 420 100 35 
cell-1-2-0 196 456 100 35 
cell-1-2-1 296 456 100 35 
cell-1-2-2 396 456 100 35 
cell-1-2-3 496 456 100 35 
cell-1-2-4 596 456 100 35 
cell-1-2-5 696 456 100 35 
cell-1-2-6 796 456 100 35 
cell-1-2-7 896 456 100 35 
cell-1-3-0 196 492 100 35 
cell-1-3-1 296 492 100 35 
cell-1-3-2 396 492 100 35 
cell-1-3-3 496 492 100 35 
cell-1-3-4 596 492 100 35 
cell-1-3-5 696 492 100 35 
cell-1-3-6 796 492 100 35 
cell-1-3-7 896 492 100 35 
cell-1-4-0 196 528 100 35 
cell-1-4-1 296 528 100 35 
cell-1-4-2 396 528 100 35 
cell-1-4-3 496 528 100 35 
cell-1-4-4 596 528 100 35 
cell-1-4-5 696 528 100 35 
cell-1-4-6 796 528 100 35 
cell-1-4-7 896 528 100 35 
