table-0 192 202 645 680 
cell-0-0-0 192 202 44 42 
cell-0-0-1 236 202 44 42 
cell-0-0-2 280 202 44 42 
cell-0-0-3 324 202 44 42 
cell-0-0-4 368 202 467 42 
cell-0-1-0 192 255 44 42 
cell-0-1-1 236 255 44 42 
cell-0-1-2 280 255 44 42 
cell-0-1-3 324 255 44 42 
cell-0-1-4 368 255 467 42 
cell-0-2-0 192 308 44 42 
cell-0-2-1 236 308 44 42 
cell-0-2-2 280 308 44 42 
cell-0-2-3 324 308 44 42 
cell-0-2-4 368 308 467 42 
cell-0-3-0 192 361 44 42 
cell-0-3-1 236 361 44 42 
cell-0-3-2 280 361 44 42 
cell-0-3-3 324 361 44 42 
cell-0-3-4 368 361 467 42 
cell-0-4-0 192 414 44 42 
cell-0-4-1 236 414 44 42 
cell-0-4-2 280 414 44 42 
cell-0-4-3 324 414 44 42 
cell-0-4-4 368 414 467 42 
cell-0-5-0 192 467 44 42 
cell-0-5-1 236 467 44 42 
cell-0-5-2 280 467 44 42 
cell-0-5-3 324 467 44 42 
cell-0-5-4 368 467 467 42 
cell-0-6-0 192 520 44 42 
cell-0-6-1 236 520 44 42 
cell-0-6-2 280 520 44 42 
cell-0-6-3 324 520 44 42 
cell-0-6-4 368 520 467 42 
cell-0-7-0 192 573 44 42 
cell-0-7-1 236 573 44 42 
cell-0-7-2 280 573 44 42 
cell-0-7-3 324 573 44 42 
cell-0-7-4 368 573 467 42 
cell-0-8-0 192 626 44 42 
cell-0-8-1 236 626 44 42 
cell-0-8-2 280 626 44 42 
cell-0-8-3 324 626 44 42 
cell-0-8-4 368 626 467 42 
cell-0-9-0 192 679 44 42 
cell-0-9-1 236 679 44 42 
cell-0-9-2 280 679 44 42 
cell-0-9-3 324 679 44 42 
cell-0-9-4 368 679 467 42 
cell-0-10-0 192 732 44 42 
cell-0-10-1 236 732 44 42 
cell-0-10-2 280 732 44 42 
cell-0-10-3 324 732 44 42 
cell-0-10-4 368 732 467 42 
cell-0-11-0 192 785 44 42 
cell-0-11-1 236 785 44 42 
cell-0-11-2 280 785 44 42 
cell-0-11-3 324 785 44 42 
cell-0-11-4 368 785 467 42 
cell-0-12-0 192 838 44 42 
cell-0-12-1 236 838 44 42 
cell-0-12-2 280 838 44 42 
cell-0-12-3 324 838 44 42 
cell-0-12-4 368 838 467 42 
