table-0 188 724 512 325 
cell-0-1-0 188 724 34 35 
cell-0-1-1 222 724 34 35 
cell-0-1-2 256 724 34 35 
cell-0-1-3 290 724 34 35 
cell-0-1-4 324 724 34 35 
cell-0-1-5 358 724 34 35 
cell-0-1-6 392 724 34 35 
cell-0-1-7 426 724 34 35 
cell-0-1-8 460 724 34 35 
cell-0-1-9 494 724 34 35 
cell-0-1-10 528 724 34 35 
cell-0-1-11 562 724 34 35 
cell-0-1-12 596 724 34 35 
cell-0-1-13 630 724 34 35 
cell-0-1-14 664 724 34 35 
cell-0-2-0 188 772 34 35 
cell-0-2-1 222 772 34 35 
cell-0-2-2 256 772 34 35 
cell-0-2-3 290 772 34 35 
cell-0-2-4 324 772 34 35 
cell-0-2-5 358 772 34 35 
cell-0-2-6 392 772 34 35 
cell-0-2-7 426 772 34 35 
cell-0-2-8 460 772 34 35 
cell-0-2-9 494 772 34 35 
cell-0-2-10 528 772 34 35 
cell-0-2-11 562 772 34 35 
cell-0-2-12 596 772 34 35 
cell-0-2-13 630 772 34 35 
cell-0-2-14 664 772 34 35 
cell-0-3-0 188 820 34 35 
cell-0-3-1 222 820 34 35 
cell-0-3-2 256 820 34 35 
cell-0-3-3 290 820 34 35 
cell-0-3-4 324 820 34 35 
cell-0-3-5 358 820 34 35 
cell-0-3-6 392 820 34 35 
cell-0-3-7 426 820 34 35 
cell-0-3-8 460 820 34 35 
cell-0-3-9 494 820 34 35 
cell-0-3-10 528 820 34 35 
cell-0-3-11 562 820 34 35 
cell-0-3-12 596 820 34 35 
cell-0-3-13 630 820 34 35 
cell-0-3-14 664 820 34 35 
cell-0-4-0 188 868 34 35 
cell-0-4-1 222 868 34 35 
cell-0-4-2 256 868 34 35 
cell-0-4-3 290 868 34 35 
cell-0-4-4 324 868 34 35 
cell-0-4-5 358 868 34 35 
cell-0-4-6 392 868 34 35 
cell-0-4-7 426 868 34 35 
cell-0-4-8 460 868 34 35 
cell-0-4-9 494 868 34 35 
cell-0-4-10 528 868 34 35 
cell-0-4-11 562 868 34 35 
cell-0-4-12 596 868 34 35 
cell-0-4-13 630 868 34 35 
cell-0-4-14 664 868 34 35 
cell-0-5-0 188 916 34 35 
cell-0-5-1 222 916 34 35 
cell-0-5-2 256 916 34 35 
cell-0-5-3 290 916 34 35 
cell-0-5-4 324 916 34 35 
cell-0-5-5 358 916 34 35 
cell-0-5-6 392 916 34 35 
cell-0-5-7 426 916 34 35 
cell-0-5-8 460 916 34 35 
cell-0-5-9 494 916 34 35 
cell-0-5-10 528 916 34 35 
cell-0-5-11 562 916 34 35 
cell-0-5-12 596 916 34 35 
cell-0-5-13 630 916 34 35 
cell-0-5-14 664 916 34 35 
cell-0-6-0 188 964 34 35 
cell-0-6-1 222 964 34 35 
cell-0-6-2 256 964 34 35 
cell-0-6-3 290 964 34 35 
cell-0-6-4 324 964 34 35 
cell-0-6-5 358 964 34 35 
cell-0-6-6 392 964 34 35 
cell-0-6-7 426 964 34 35 
cell-0-6-8 460 964 34 35 
cell-0-6-9 494 964 34 35 
cell-0-6-10 528 964 34 35 
cell-0-6-11 562 964 34 35 
cell-0-6-12 596 964 34 35 
cell-0-6-13 630 964 34 35 
cell-0-6-14 664 964 34 35 
cell-0-7-0 188 1012 34 35 
cell-0-7-1 222 1012 34 35 
cell-0-7-2 256 1012 34 35 
cell-0-7-3 290 1012 34 35 
cell-0-7-4 324 1012 34 35 
cell-0-7-5 358 1012 34 35 
cell-0-7-6 392 1012 34 35 
cell-0-7-7 426 1012 34 35 
cell-0-7-8 460 1012 34 35 
cell-0-7-9 494 1012 34 35 
cell-0-7-10 528 1012 34 35 
cell-0-7-11 562 1012 34 35 
cell-0-7-12 596 1012 34 35 
cell-0-7-13 630 1012 34 35 
cell-0-7-14 664 1012 34 35 
