table-0 432 224 216 498 
cell-0-0-0 432 224 43 35 
cell-0-0-1 475 224 43 35 
cell-0-0-2 518 224 43 35 
cell-0-0-3 561 224 43 35 
cell-0-0-4 604 224 43 35 
cell-0-1-0 432 266 43 35 
cell-0-1-1 475 266 43 35 
cell-0-1-2 518 266 43 35 
cell-0-1-3 561 266 43 35 
cell-0-1-4 604 266 43 35 
cell-0-2-0 432 308 43 35 
cell-0-2-1 475 308 43 35 
cell-0-2-2 518 308 43 35 
cell-0-2-3 561 308 43 35 
cell-0-2-4 604 308 43 35 
cell-0-3-0 432 350 43 35 
cell-0-3-1 475 350 43 35 
cell-0-3-2 518 350 43 35 
cell-0-3-3 561 350 43 35 
cell-0-3-4 604 350 43 35 
cell-0-4-0 432 392 43 35 
cell-0-4-1 475 392 43 35 
cell-0-4-2 518 392 43 35 
cell-0-4-3 561 392 43 35 
cell-0-4-4 604 392 43 35 
cell-0-5-0 432 434 43 35 
cell-0-5-1 475 434 43 35 
cell-0-5-2 518 434 43 35 
cell-0-5-3 561 434 43 35 
cell-0-5-4 604 434 43 35 
cell-0-6-0 432 476 43 35 
cell-0-6-1 475 476 43 35 
cell-0-6-2 518 476 43 35 
cell-0-6-3 561 476 43 35 
cell-0-6-4 604 476 43 35 
cell-0-7-0 432 518 43 35 
cell-0-7-1 475 518 43 35 
cell-0-7-2 518 518 43 35 
cell-0-7-3 561 518 43 35 
cell-0-7-4 604 518 43 35 
cell-0-8-0 432 560 43 35 
cell-0-8-1 475 560 43 35 
cell-0-8-2 518 560 43 35 
cell-0-8-3 561 560 43 35 
cell-0-8-4 604 560 43 35 
cell-0-9-0 432 602 43 35 
cell-0-9-1 475 602 43 35 
cell-0-9-2 518 602 43 35 
cell-0-9-3 561 602 43 35 
cell-0-9-4 604 602 43 35 
cell-0-10-0 432 644 43 35 
cell-0-10-1 475 644 43 35 
cell-0-10-2 518 644 43 35 
cell-0-10-3 561 644 43 35 
cell-0-10-4 604 644 43 35 
cell-0-11-0 432 686 43 35 
cell-0-11-1 475 686 43 35 
cell-0-11-2 518 686 43 35 
cell-0-11-3 561 686 43 35 
cell-0-11-4 604 686 43 35 
header-3 123 1017 818 193 
row-1-1 123 1017 315 40 
row-1-2 458 1017 282 40 
row-2-1 123 1067 348 40 
row-2-2 491 1067 444 40 
row-3-1 123 1117 513 40 
row-4-1 123 1167 810 40 
