table-0 293 127 648 436 
cell-0-1-0 293 127 34 35 
cell-0-1-1 327 127 34 35 
cell-0-1-2 361 127 34 35 
cell-0-1-3 395 127 34 35 
cell-0-1-4 429 127 34 35 
cell-0-1-5 463 127 34 35 
cell-0-1-6 497 127 34 35 
cell-0-1-7 531 127 34 35 
cell-0-1-8 565 127 34 35 
cell-0-1-9 599 127 34 35 
cell-0-1-10 633 127 34 35 
cell-0-1-11 667 127 34 35 
cell-0-1-12 701 127 34 35 
cell-0-1-13 735 127 34 35 
cell-0-1-14 769 127 34 35 
cell-0-1-15 803 127 34 35 
cell-0-1-16 837 127 34 35 
cell-0-1-17 871 127 34 35 
cell-0-1-18 905 127 34 35 
cell-0-2-0 293 184 34 35 
cell-0-2-1 327 184 34 35 
cell-0-2-2 361 184 34 35 
cell-0-2-3 395 184 34 35 
cell-0-2-4 429 184 34 35 
cell-0-2-5 463 184 34 35 
cell-0-2-6 497 184 34 35 
cell-0-2-7 531 184 34 35 
cell-0-2-8 565 184 34 35 
cell-0-2-9 599 184 34 35 
cell-0-2-10 633 184 34 35 
cell-0-2-11 667 184 34 35 
cell-0-2-12 701 184 34 35 
cell-0-2-13 735 184 34 35 
cell-0-2-14 769 184 34 35 
cell-0-2-15 803 184 34 35 
cell-0-2-16 837 184 34 35 
cell-0-2-17 871 184 34 35 
cell-0-2-18 905 184 34 35 
cell-0-3-0 293 241 34 35 
cell-0-3-1 327 241 34 35 
cell-0-3-2 361 241 34 35 
cell-0-3-3 395 241 34 35 
cell-0-3-4 429 241 34 35 
cell-0-3-5 463 241 34 35 
cell-0-3-6 497 241 34 35 
cell-0-3-7 531 241 34 35 
cell-0-3-8 565 241 34 35 
cell-0-3-9 599 241 34 35 
cell-0-3-10 633 241 34 35 
cell-0-3-11 667 241 34 35 
cell-0-3-12 701 241 34 35 
cell-0-3-13 735 241 34 35 
cell-0-3-14 769 241 34 35 
cell-0-3-15 803 241 34 35 
cell-0-3-16 837 241 34 35 
cell-0-3-17 871 241 34 35 
cell-0-3-18 905 241 34 35 
cell-0-4-0 293 298 34 35 
cell-0-4-1 327 298 34 35 
cell-0-4-2 361 298 34 35 
cell-0-4-3 395 298 34 35 
cell-0-4-4 429 298 34 35 
cell-0-4-5 463 298 34 35 
cell-0-4-6 497 298 34 35 
cell-0-4-7 531 298 34 35 
cell-0-4-8 565 298 34 35 
cell-0-4-9 599 298 34 35 
cell-0-4-10 633 298 34 35 
cell-0-4-11 667 298 34 35 
cell-0-4-12 701 298 34 35 
cell-0-4-13 735 298 34 35 
cell-0-4-14 769 298 34 35 
cell-0-4-15 803 298 34 35 
cell-0-4-16 837 298 34 35 
cell-0-4-17 871 298 34 35 
cell-0-4-18 905 298 34 35 
cell-0-5-0 293 355 34 35 
cell-0-5-1 327 355 34 35 
cell-0-5-2 361 355 34 35 
cell-0-5-3 395 355 34 35 
cell-0-5-4 429 355 34 35 
cell-0-5-5 463 355 34 35 
cell-0-5-6 497 355 34 35 
cell-0-5-7 531 355 34 35 
cell-0-5-8 565 355 34 35 
cell-0-5-9 599 355 34 35 
cell-0-5-10 633 355 34 35 
cell-0-5-11 667 355 34 35 
cell-0-5-12 701 355 34 35 
cell-0-5-13 735 355 34 35 
cell-0-5-14 769 355 34 35 
cell-0-5-15 803 355 34 35 
cell-0-5-16 837 355 34 35 
cell-0-5-17 871 355 34 35 
cell-0-5-18 905 355 34 35 
cell-0-6-0 293 412 34 35 
cell-0-6-1 327 412 34 35 
cell-0-6-2 361 412 34 35 
cell-0-6-3 395 412 34 35 
cell-0-6-4 429 412 34 35 
cell-0-6-5 463 412 34 35 
cell-0-6-6 497 412 34 35 
cell-0-6-7 531 412 34 35 
cell-0-6-8 565 412 34 35 
cell-0-6-9 599 412 34 35 
cell-0-6-10 633 412 34 35 
cell-0-6-11 667 412 34 35 
cell-0-6-12 701 412 34 35 
cell-0-6-13 735 412 34 35 
cell-0-6-14 769 412 34 35 
cell-0-6-15 803 412 34 35 
cell-0-6-16 837 412 34 35 
cell-0-6-17 871 412 34 35 
cell-0-6-18 905 412 34 35 
cell-0-7-0 293 469 34 35 
cell-0-7-1 327 469 34 35 
cell-0-7-2 361 469 34 35 
cell-0-7-3 395 469 34 35 
cell-0-7-4 429 469 34 35 
cell-0-7-5 463 469 34 35 
cell-0-7-6 497 469 34 35 
cell-0-7-7 531 469 34 35 
cell-0-7-8 565 469 34 35 
cell-0-7-9 599 469 34 35 
cell-0-7-10 633 469 34 35 
cell-0-7-11 667 469 34 35 
cell-0-7-12 701 469 34 35 
cell-0-7-13 735 469 34 35 
cell-0-7-14 769 469 34 35 
cell-0-7-15 803 469 34 35 
cell-0-7-16 837 469 34 35 
cell-0-7-17 871 469 34 35 
cell-0-7-18 905 469 34 35 
cell-0-8-0 293 526 34 35 
cell-0-8-1 327 526 34 35 
cell-0-8-2 361 526 34 35 
cell-0-8-3 395 526 34 35 
cell-0-8-4 429 526 34 35 
cell-0-8-5 463 526 34 35 
cell-0-8-6 497 526 34 35 
cell-0-8-7 531 526 34 35 
cell-0-8-8 565 526 34 35 
cell-0-8-9 599 526 34 35 
cell-0-8-10 633 526 34 35 
cell-0-8-11 667 526 34 35 
cell-0-8-12 701 526 34 35 
cell-0-8-13 735 526 34 35 
cell-0-8-14 769 526 34 35 
cell-0-8-15 803 526 34 35 
cell-0-8-16 837 526 34 35 
cell-0-8-17 871 526 34 35 
cell-0-8-18 905 526 34 35 
table-3 183 658 707 718 
cell-3-0-0 183 658 43 41 
cell-3-0-1 226 658 43 41 
cell-3-0-2 269 658 43 41 
cell-3-0-3 312 658 43 41 
cell-3-0-4 355 658 43 41 
cell-3-0-5 398 658 43 41 
cell-3-0-6 441 658 449 41 
cell-3-1-0 183 710 43 41 
cell-3-1-1 226 710 43 41 
cell-3-1-2 269 710 43 41 
cell-3-1-3 312 710 43 41 
cell-3-1-4 355 710 43 41 
cell-3-1-5 398 710 43 41 
cell-3-1-6 441 710 449 41 
cell-3-2-0 183 762 43 41 
cell-3-2-1 226 762 43 41 
cell-3-2-2 269 762 43 41 
cell-3-2-3 312 762 43 41 
cell-3-2-4 355 762 43 41 
cell-3-2-5 398 762 43 41 
cell-3-2-6 441 762 449 41 
cell-3-3-0 183 814 43 41 
cell-3-3-1 226 814 43 41 
cell-3-3-2 269 814 43 41 
cell-3-3-3 312 814 43 41 
cell-3-3-4 355 814 43 41 
cell-3-3-5 398 814 43 41 
cell-3-3-6 441 814 449 41 
cell-3-4-0 183 866 43 41 
cell-3-4-1 226 866 43 41 
cell-3-4-2 269 866 43 41 
cell-3-4-3 312 866 43 41 
cell-3-4-4 355 866 43 41 
cell-3-4-5 398 866 43 41 
cell-3-4-6 441 866 449 41 
cell-3-5-0 183 918 43 41 
cell-3-5-1 226 918 43 41 
cell-3-5-2 269 918 43 41 
cell-3-5-3 312 918 43 41 
cell-3-5-4 355 918 43 41 
cell-3-5-5 398 918 43 41 
cell-3-5-6 441 918 449 41 
cell-3-6-0 183 970 43 41 
cell-3-6-1 226 970 43 41 
cell-3-6-2 269 970 43 41 
cell-3-6-3 312 970 43 41 
cell-3-6-4 355 970 43 41 
cell-3-6-5 398 970 43 41 
cell-3-6-6 441 970 449 41 
cell-3-7-0 183 1022 43 41 
cell-3-7-1 226 1022 43 41 
cell-3-7-2 269 1022 43 41 
cell-3-7-3 312 1022 43 41 
cell-3-7-4 355 1022 43 41 
cell-3-7-5 398 1022 43 41 
cell-3-7-6 441 1022 449 41 
cell-3-8-0 183 1074 43 41 
cell-3-8-1 226 1074 43 41 
cell-3-8-2 269 1074 43 41 
cell-3-8-3 312 1074 43 41 
cell-3-8-4 355 1074 43 41 
cell-3-8-5 398 1074 43 41 
cell-3-8-6 441 1074 449 41 
cell-3-9-0 183 1126 43 41 
cell-3-9-1 226 1126 43 41 
cell-3-9-2 269 1126 43 41 
cell-3-9-3 312 1126 43 41 
cell-3-9-4 355 1126 43 41 
cell-3-9-5 398 1126 43 41 
cell-3-9-6 441 1126 449 41 
cell-3-10-0 183 1178 43 41 
cell-3-10-1 226 1178 43 41 
cell-3-10-2 269 1178 43 41 
cell-3-10-3 312 1178 43 41 
cell-3-10-4 355 1178 43 41 
cell-3-10-5 398 1178 43 41 
cell-3-10-6 441 1178 449 41 
cell-3-11-0 183 1230 43 41 
cell-3-11-1 226 1230 43 41 
cell-3-11-2 269 1230 43 41 
cell-3-11-3 312 1230 43 41 
cell-3-11-4 355 1230 43 41 
cell-3-11-5 398 1230 43 41 
cell-3-11-6 441 1230 449 41 
cell-3-12-0 183 1282 43 41 
cell-3-12-1 226 1282 43 41 
cell-3-12-2 269 1282 43 41 
cell-3-12-3 312 1282 43 41 
cell-3-12-4 355 1282 43 41 
cell-3-12-5 398 1282 43 41 
cell-3-12-6 441 1282 449 41 
cell-3-13-0 183 1334 43 41 
cell-3-13-1 226 1334 43 41 
cell-3-13-2 269 1334 43 41 
cell-3-13-3 312 1334 43 41 
cell-3-13-4 355 1334 43 41 
cell-3-13-5 398 1334 43 41 
cell-3-13-6 441 1334 449 41 
