table-0 117 124 800 398 
cell-0-0-0 117 124 100 37 
cell-0-0-1 217 124 100 37 
cell-0-0-2 317 124 100 37 
cell-0-0-3 417 124 100 37 
cell-0-0-4 517 124 100 37 
cell-0-0-5 617 124 100 37 
cell-0-0-6 717 124 100 37 
cell-0-0-7 817 124 100 37 
cell-0-1-0 117 169 100 37 
cell-0-1-1 217 169 100 37 
cell-0-1-2 317 169 100 37 
cell-0-1-3 417 169 100 37 
cell-0-1-4 517 169 100 37 
cell-0-1-5 617 169 100 37 
cell-0-1-6 717 169 100 37 
cell-0-1-7 817 169 100 37 
cell-0-2-0 117 214 100 37 
cell-0-2-1 217 214 100 37 
cell-0-2-2 317 214 100 37 
cell-0-2-3 417 214 100 37 
cell-0-2-4 517 214 100 37 
cell-0-2-5 617 214 100 37 
cell-0-2-6 717 214 100 37 
cell-0-2-7 817 214 100 37 
cell-0-3-0 117 259 100 37 
cell-0-3-1 217 259 100 37 
cell-0-3-2 317 259 100 37 
cell-0-3-3 417 259 100 37 
cell-0-3-4 517 259 100 37 
cell-0-3-5 617 259 100 37 
cell-0-3-6 717 259 100 37 
cell-0-3-7 817 259 100 37 
cell-0-4-0 117 304 100 37 
cell-0-4-1 217 304 100 37 
cell-0-4-2 317 304 100 37 
cell-0-4-3 417 304 100 37 
cell-0-4-4 517 304 100 37 
cell-0-4-5 617 304 100 37 
cell-0-4-6 717 304 100 37 
cell-0-4-7 817 304 100 37 
cell-0-5-0 117 349 100 37 
cell-0-5-1 217 349 100 37 
cell-0-5-2 317 349 100 37 
cell-0-5-3 417 349 100 37 
cell-0-5-4 517 349 100 37 
cell-0-5-5 617 349 100 37 
cell-0-5-6 717 349 100 37 
cell-0-5-7 817 349 100 37 
cell-0-6-0 117 394 100 37 
cell-0-6-1 217 394 100 37 
cell-0-6-2 317 394 100 37 
cell-0-6-3 417 394 100 37 
cell-0-6-4 517 394 100 37 
cell-0-6-5 617 394 100 37 
cell-0-6-6 717 394 100 37 
cell-0-6-7 817 394 100 37 
cell-0-7-0 117 439 100 37 
cell-0-7-1 217 439 100 37 
cell-0-7-2 317 439 100 37 
cell-0-7-3 417 439 100 37 
cell-0-7-4 517 439 100 37 
cell-0-7-5 617 439 100 37 
cell-0-7-6 717 439 100 37 
cell-0-7-7 817 439 100 37 
cell-0-8-0 117 484 100 37 
cell-0-8-1 217 484 100 37 
cell-0-8-2 317 484 100 37 
cell-0-8-3 417 484 100 37 
cell-0-8-4 517 484 100 37 
cell-0-8-5 617 484 100 37 
cell-0-8-6 717 484 100 37 
cell-0-8-7 817 484 100 37 
table-1 536 825 495 546 
cell-1-0-0 536 825 45 43 
cell-1-0-1 581 825 45 43 
cell-1-0-2 626 825 45 43 
cell-1-0-3 671 825 45 43 
cell-1-0-4 716 825 313 43 
cell-1-1-0 536 875 45 43 
cell-1-1-1 581 875 45 43 
cell-1-1-2 626 875 45 43 
cell-1-1-3 671 875 45 43 
cell-1-1-4 716 875 313 43 
cell-1-2-0 536 925 45 43 
cell-1-2-1 581 925 45 43 
cell-1-2-2 626 925 45 43 
cell-1-2-3 671 925 45 43 
cell-1-2-4 716 925 313 43 
cell-1-3-0 536 975 45 43 
cell-1-3-1 581 975 45 43 
cell-1-3-2 626 975 45 43 
cell-1-3-3 671 975 45 43 
cell-1-3-4 716 975 313 43 
cell-1-4-0 536 1025 45 43 
cell-1-4-1 581 1025 45 43 
cell-1-4-2 626 1025 45 43 
cell-1-4-3 671 1025 45 43 
cell-1-4-4 716 1025 313 43 
cell-1-5-0 536 1075 45 43 
cell-1-5-1 581 1075 45 43 
cell-1-5-2 626 1075 45 43 
cell-1-5-3 671 1075 45 43 
cell-1-5-4 716 1075 313 43 
cell-1-6-0 536 1125 45 43 
cell-1-6-1 581 1125 45 43 
cell-1-6-2 626 1125 45 43 
cell-1-6-3 671 1125 45 43 
cell-1-6-4 716 1125 313 43 
cell-1-7-0 536 1175 45 43 
cell-1-7-1 581 1175 45 43 
cell-1-7-2 626 1175 45 43 
cell-1-7-3 671 1175 45 43 
cell-1-7-4 716 1175 313 43 
cell-1-8-0 536 1225 45 43 
cell-1-8-1 581 1225 45 43 
cell-1-8-2 626 1225 45 43 
cell-1-8-3 671 1225 45 43 
cell-1-8-4 716 1225 313 43 
cell-1-9-0 536 1275 45 43 
cell-1-9-1 581 1275 45 43 
cell-1-9-2 626 1275 45 43 
cell-1-9-3 671 1275 45 43 
cell-1-9-4 716 1275 313 43 
cell-1-10-0 536 1325 45 43 
cell-1-10-1 581 1325 45 43 
cell-1-10-2 626 1325 45 43 
cell-1-10-3 671 1325 45 43 
cell-1-10-4 716 1325 313 43 
