table-0 150 345 800 359 
cell-0-0-0 150 345 200 35 
cell-0-0-1 350 345 200 35 
cell-0-0-2 550 345 200 35 
cell-0-0-3 750 345 200 35 
cell-0-1-0 150 391 200 35 
cell-0-1-1 350 391 200 35 
cell-0-1-2 550 391 200 35 
cell-0-1-3 750 391 200 35 
cell-0-2-0 150 437 200 35 
cell-0-2-1 350 437 200 35 
cell-0-2-2 550 437 200 35 
cell-0-2-3 750 437 200 35 
cell-0-3-0 150 483 200 35 
cell-0-3-1 350 483 200 35 
cell-0-3-2 550 483 200 35 
cell-0-3-3 750 483 200 35 
cell-0-4-0 150 529 200 35 
cell-0-4-1 350 529 200 35 
cell-0-4-2 550 529 200 35 
cell-0-4-3 750 529 200 35 
cell-0-5-0 150 575 200 35 
cell-0-5-1 350 575 200 35 
cell-0-5-2 550 575 200 35 
cell-0-5-3 750 575 200 35 
cell-0-6-0 150 621 200 35 
cell-0-6-1 350 621 200 35 
cell-0-6-2 550 621 200 35 
cell-0-6-3 750 621 200 35 
cell-0-7-0 150 667 200 35 
cell-0-7-1 350 667 200 35 
cell-0-7-2 550 667 200 35 
cell-0-7-3 750 667 200 35 
