table-0 263 162 222 499 
cell-0-0-0 263 162 44 35 
cell-0-0-1 307 162 44 35 
cell-0-0-2 351 162 44 35 
cell-0-0-3 395 162 44 35 
cell-0-0-4 439 162 44 35 
cell-0-1-0 263 204 44 35 
cell-0-1-1 307 204 44 35 
cell-0-1-2 351 204 44 35 
cell-0-1-3 395 204 44 35 
cell-0-1-4 439 204 44 35 
cell-0-2-0 263 246 44 35 
cell-0-2-1 307 246 44 35 
cell-0-2-2 351 246 44 35 
cell-0-2-3 395 246 44 35 
cell-0-2-4 439 246 44 35 
cell-0-3-0 263 288 44 35 
cell-0-3-1 307 288 44 35 
cell-0-3-2 351 288 44 35 
cell-0-3-3 395 288 44 35 
cell-0-3-4 439 288 44 35 
cell-0-4-0 263 330 44 35 
cell-0-4-1 307 330 44 35 
cell-0-4-2 351 330 44 35 
cell-0-4-3 395 330 44 35 
cell-0-4-4 439 330 44 35 
cell-0-5-0 263 372 44 35 
cell-0-5-1 307 372 44 35 
cell-0-5-2 351 372 44 35 
cell-0-5-3 395 372 44 35 
cell-0-5-4 439 372 44 35 
cell-0-6-0 263 414 44 35 
cell-0-6-1 307 414 44 35 
cell-0-6-2 351 414 44 35 
cell-0-6-3 395 414 44 35 
cell-0-6-4 439 414 44 35 
cell-0-7-0 263 456 44 35 
cell-0-7-1 307 456 44 35 
cell-0-7-2 351 456 44 35 
cell-0-7-3 395 456 44 35 
cell-0-7-4 439 456 44 35 
cell-0-8-0 263 498 44 35 
cell-0-8-1 307 498 44 35 
cell-0-8-2 351 498 44 35 
cell-0-8-3 395 498 44 35 
cell-0-8-4 439 498 44 35 
cell-0-9-0 263 540 44 35 
cell-0-9-1 307 540 44 35 
cell-0-9-2 351 540 44 35 
cell-0-9-3 395 540 44 35 
cell-0-9-4 439 540 44 35 
cell-0-10-0 263 582 44 35 
cell-0-10-1 307 582 44 35 
cell-0-10-2 351 582 44 35 
cell-0-10-3 395 582 44 35 
cell-0-10-4 439 582 44 35 
cell-0-11-0 263 624 44 35 
cell-0-11-1 307 624 44 35 
cell-0-11-2 351 624 44 35 
cell-0-11-3 395 624 44 35 
cell-0-11-4 439 624 44 35 
table-1 60 1115 1000 329 
cell-1-0-0 60 1115 250 31 
cell-1-0-1 310 1115 250 31 
cell-1-0-2 560 1115 250 31 
cell-1-0-3 810 1115 250 31 
cell-1-1-0 60 1148 250 31 
cell-1-1-1 310 1148 250 31 
cell-1-1-2 560 1148 250 31 
cell-1-1-3 810 1148 250 31 
cell-1-2-0 60 1181 250 31 
cell-1-2-1 310 1181 250 31 
cell-1-2-2 560 1181 250 31 
cell-1-2-3 810 1181 250 31 
cell-1-3-0 60 1214 250 31 
cell-1-3-1 310 1214 250 31 
cell-1-3-2 560 1214 250 31 
cell-1-3-3 810 1214 250 31 
cell-1-4-0 60 1247 250 31 
cell-1-4-1 310 1247 250 31 
cell-1-4-2 560 1247 250 31 
cell-1-4-3 810 1247 250 31 
cell-1-5-0 60 1280 250 31 
cell-1-5-1 310 1280 250 31 
cell-1-5-2 560 1280 250 31 
cell-1-5-3 810 1280 250 31 
cell-1-6-0 60 1313 250 31 
cell-1-6-1 310 1313 250 31 
cell-1-6-2 560 1313 250 31 
cell-1-6-3 810 1313 250 31 
cell-1-7-0 60 1346 250 31 
cell-1-7-1 310 1346 250 31 
cell-1-7-2 560 1346 250 31 
cell-1-7-3 810 1346 250 31 
cell-1-8-0 60 1379 250 31 
cell-1-8-1 310 1379 250 31 
cell-1-8-2 560 1379 250 31 
cell-1-8-3 810 1379 250 31 
cell-1-9-0 60 1412 250 31 
cell-1-9-1 310 1412 250 31 
cell-1-9-2 560 1412 250 31 
cell-1-9-3 810 1412 250 31 
