table-0 166 106 577 644 
cell-0-0-0 166 106 44 43 
cell-0-0-1 210 106 44 43 
cell-0-0-2 254 106 44 43 
cell-0-0-3 298 106 44 43 
cell-0-0-4 342 106 44 43 
cell-0-0-5 386 106 353 43 
cell-0-1-0 166 152 44 43 
cell-0-1-1 210 152 44 43 
cell-0-1-2 254 152 44 43 
cell-0-1-3 298 152 44 43 
cell-0-1-4 342 152 44 43 
cell-0-1-5 386 152 353 43 
cell-0-2-0 166 198 44 43 
cell-0-2-1 210 198 44 43 
cell-0-2-2 254 198 44 43 
cell-0-2-3 298 198 44 43 
cell-0-2-4 342 198 44 43 
cell-0-2-5 386 198 353 43 
cell-0-3-0 166 244 44 43 
cell-0-3-1 210 244 44 43 
cell-0-3-2 254 244 44 43 
cell-0-3-3 298 244 44 43 
cell-0-3-4 342 244 44 43 
cell-0-3-5 386 244 353 43 
cell-0-4-0 166 290 44 43 
cell-0-4-1 210 290 44 43 
cell-0-4-2 254 290 44 43 
cell-0-4-3 298 290 44 43 
cell-0-4-4 342 290 44 43 
cell-0-4-5 386 290 353 43 
cell-0-5-0 166 336 44 43 
cell-0-5-1 210 336 44 43 
cell-0-5-2 254 336 44 43 
cell-0-5-3 298 336 44 43 
cell-0-5-4 342 336 44 43 
cell-0-5-5 386 336 353 43 
cell-0-6-0 166 382 44 43 
cell-0-6-1 210 382 44 43 
cell-0-6-2 254 382 44 43 
cell-0-6-3 298 382 44 43 
cell-0-6-4 342 382 44 43 
cell-0-6-5 386 382 353 43 
cell-0-7-0 166 428 44 43 
cell-0-7-1 210 428 44 43 
cell-0-7-2 254 428 44 43 
cell-0-7-3 298 428 44 43 
cell-0-7-4 342 428 44 43 
cell-0-7-5 386 428 353 43 
cell-0-8-0 166 474 44 43 
cell-0-8-1 210 474 44 43 
cell-0-8-2 254 474 44 43 
cell-0-8-3 298 474 44 43 
cell-0-8-4 342 474 44 43 
cell-0-8-5 386 474 353 43 
cell-0-9-0 166 520 44 43 
cell-0-9-1 210 520 44 43 
cell-0-9-2 254 520 44 43 
cell-0-9-3 298 520 44 43 
cell-0-9-4 342 520 44 43 
cell-0-9-5 386 520 353 43 
cell-0-10-0 166 566 44 43 
cell-0-10-1 210 566 44 43 
cell-0-10-2 254 566 44 43 
cell-0-10-3 298 566 44 43 
cell-0-10-4 342 566 44 43 
cell-0-10-5 386 566 353 43 
cell-0-11-0 166 612 44 43 
cell-0-11-1 210 612 44 43 
cell-0-11-2 254 612 44 43 
cell-0-11-3 298 612 44 43 
cell-0-11-4 342 612 44 43 
cell-0-11-5 386 612 353 43 
cell-0-12-0 166 658 44 43 
cell-0-12-1 210 658 44 43 
cell-0-12-2 254 658 44 43 
cell-0-12-3 298 658 44 43 
cell-0-12-4 342 658 44 43 
cell-0-12-5 386 658 353 43 
cell-0-13-0 166 704 44 43 
cell-0-13-1 210 704 44 43 
cell-0-13-2 254 704 44 43 
cell-0-13-3 298 704 44 43 
cell-0-13-4 342 704 44 43 
cell-0-13-5 386 704 353 43 
table-3 71 857 259 553 
cell-3-0-0 71 857 43 35 
cell-3-0-1 114 857 43 35 
cell-3-0-2 157 857 43 35 
cell-3-0-3 200 857 43 35 
cell-3-0-4 243 857 43 35 
cell-3-0-5 286 857 43 35 
cell-3-1-0 71 904 43 35 
cell-3-1-1 114 904 43 35 
cell-3-1-2 157 904 43 35 
cell-3-1-3 200 904 43 35 
cell-3-1-4 243 904 43 35 
cell-3-1-5 286 904 43 35 
cell-3-2-0 71 951 43 35 
cell-3-2-1 114 951 43 35 
cell-3-2-2 157 951 43 35 
cell-3-2-3 200 951 43 35 
cell-3-2-4 243 951 43 35 
cell-3-2-5 286 951 43 35 
cell-3-3-0 71 998 43 35 
cell-3-3-1 114 998 43 35 
cell-3-3-2 157 998 43 35 
cell-3-3-3 200 998 43 35 
cell-3-3-4 243 998 43 35 
cell-3-3-5 286 998 43 35 
cell-3-4-0 71 1045 43 35 
cell-3-4-1 114 1045 43 35 
cell-3-4-2 157 1045 43 35 
cell-3-4-3 200 1045 43 35 
cell-3-4-4 243 1045 43 35 
cell-3-4-5 286 1045 43 35 
cell-3-5-0 71 1092 43 35 
cell-3-5-1 114 1092 43 35 
cell-3-5-2 157 1092 43 35 
cell-3-5-3 200 1092 43 35 
cell-3-5-4 243 1092 43 35 
cell-3-5-5 286 1092 43 35 
cell-3-6-0 71 1139 43 35 
cell-3-6-1 114 1139 43 35 
cell-3-6-2 157 1139 43 35 
cell-3-6-3 200 1139 43 35 
cell-3-6-4 243 1139 43 35 
cell-3-6-5 286 1139 43 35 
cell-3-7-0 71 1186 43 35 
cell-3-7-1 114 1186 43 35 
cell-3-7-2 157 1186 43 35 
cell-3-7-3 200 1186 43 35 
cell-3-7-4 243 1186 43 35 
cell-3-7-5 286 1186 43 35 
cell-3-8-0 71 1233 43 35 
cell-3-8-1 114 1233 43 35 
cell-3-8-2 157 1233 43 35 
cell-3-8-3 200 1233 43 35 
cell-3-8-4 243 1233 43 35 
cell-3-8-5 286 1233 43 35 
cell-3-9-0 71 1280 43 35 
cell-3-9-1 114 1280 43 35 
cell-3-9-2 157 1280 43 35 
cell-3-9-3 200 1280 43 35 
cell-3-9-4 243 1280 43 35 
cell-3-9-5 286 1280 43 35 
cell-3-10-0 71 1327 43 35 
cell-3-10-1 114 1327 43 35 
cell-3-10-2 157 1327 43 35 
cell-3-10-3 200 1327 43 35 
cell-3-10-4 243 1327 43 35 
cell-3-10-5 286 1327 43 35 
cell-3-11-0 71 1374 43 35 
cell-3-11-1 114 1374 43 35 
cell-3-11-2 157 1374 43 35 
cell-3-11-3 200 1374 43 35 
cell-3-11-4 243 1374 43 35 
cell-3-11-5 286 1374 43 35 
