header-0 194 1200 793 193 
row-1-1 194 1200 376 40 
row-1-2 590 1200 376 40 
row-2-1 194 1250 310 40 
row-2-2 524 1250 462 40 
row-3-1 194 1300 607 40 
row-4-1 194 1350 673 40 
table-1 332 68 612 431 
cell-1-0-0 332 68 43 42 
cell-1-0-1 375 68 43 42 
cell-1-0-2 418 68 43 42 
cell-1-0-3 461 68 43 42 
cell-1-0-4 504 68 43 42 
cell-1-0-5 547 68 43 42 
cell-1-0-6 590 68 350 42 
cell-1-1-0 332 111 43 42 
cell-1-1-1 375 111 43 42 
cell-1-1-2 418 111 43 42 
cell-1-1-3 461 111 43 42 
cell-1-1-4 504 111 43 42 
cell-1-1-5 547 111 43 42 
cell-1-1-6 590 111 350 42 
cell-1-2-0 332 154 43 42 
cell-1-2-1 375 154 43 42 
cell-1-2-2 418 154 43 42 
cell-1-2-3 461 154 43 42 
cell-1-2-4 504 154 43 42 
cell-1-2-5 547 154 43 42 
cell-1-2-6 590 154 350 42 
cell-1-3-0 332 197 43 42 
cell-1-3-1 375 197 43 42 
cell-1-3-2 418 197 43 42 
cell-1-3-3 461 197 43 42 
cell-1-3-4 504 197 43 42 
cell-1-3-5 547 197 43 42 
cell-1-3-6 590 197 350 42 
cell-1-4-0 332 240 43 42 
cell-1-4-1 375 240 43 42 
cell-1-4-2 418 240 43 42 
cell-1-4-3 461 240 43 42 
cell-1-4-4 504 240 43 42 
cell-1-4-5 547 240 43 42 
cell-1-4-6 590 240 350 42 
cell-1-5-0 332 283 43 42 
cell-1-5-1 375 283 43 42 
cell-1-5-2 418 283 43 42 
cell-1-5-3 461 283 43 42 
cell-1-5-4 504 283 43 42 
cell-1-5-5 547 283 43 42 
cell-1-5-6 590 283 350 42 
cell-1-6-0 332 326 43 42 
cell-1-6-1 375 326 43 42 
cell-1-6-2 418 326 43 42 
cell-1-6-3 461 326 43 42 
cell-1-6-4 504 326 43 42 
cell-1-6-5 547 326 43 42 
cell-1-6-6 590 326 350 42 
cell-1-7-0 332 369 43 42 
cell-1-7-1 375 369 43 42 
cell-1-7-2 418 369 43 42 
cell-1-7-3 461 369 43 42 
cell-1-7-4 504 369 43 42 
cell-1-7-5 547 369 43 42 
cell-1-7-6 590 369 350 42 
cell-1-8-0 332 412 43 42 
cell-1-8-1 375 412 43 42 
cell-1-8-2 418 412 43 42 
cell-1-8-3 461 412 43 42 
cell-1-8-4 504 412 43 42 
cell-1-8-5 547 412 43 42 
cell-1-8-6 590 412 350 42 
cell-1-9-0 332 455 43 42 
cell-1-9-1 375 455 43 42 
cell-1-9-2 418 455 43 42 
cell-1-9-3 461 455 43 42 
cell-1-9-4 504 455 43 42 
cell-1-9-5 547 455 43 42 
cell-1-9-6 590 455 350 42 
