table-0 420 609 582 487 
cell-0-1-0 420 609 36 35 
cell-0-1-1 459 609 36 35 
cell-0-1-2 498 609 36 35 
cell-0-1-3 537 609 36 35 
cell-0-1-4 576 609 36 35 
cell-0-1-5 615 609 36 35 
cell-0-1-6 654 609 36 35 
cell-0-1-7 693 609 36 35 
cell-0-1-8 732 609 36 35 
cell-0-1-9 771 609 36 35 
cell-0-1-10 810 609 36 35 
cell-0-1-11 849 609 36 35 
cell-0-1-12 888 609 36 35 
cell-0-1-13 927 609 36 35 
cell-0-1-14 966 609 36 35 
cell-0-2-0 420 654 36 35 
cell-0-2-1 459 654 36 35 
cell-0-2-2 498 654 36 35 
cell-0-2-3 537 654 36 35 
cell-0-2-4 576 654 36 35 
cell-0-2-5 615 654 36 35 
cell-0-2-6 654 654 36 35 
cell-0-2-7 693 654 36 35 
cell-0-2-8 732 654 36 35 
cell-0-2-9 771 654 36 35 
cell-0-2-10 810 654 36 35 
cell-0-2-11 849 654 36 35 
cell-0-2-12 888 654 36 35 
cell-0-2-13 927 654 36 35 
cell-0-2-14 966 654 36 35 
cell-0-3-0 420 699 36 35 
cell-0-3-1 459 699 36 35 
cell-0-3-2 498 699 36 35 
cell-0-3-3 537 699 36 35 
cell-0-3-4 576 699 36 35 
cell-0-3-5 615 699 36 35 
cell-0-3-6 654 699 36 35 
cell-0-3-7 693 699 36 35 
cell-0-3-8 732 699 36 35 
cell-0-3-9 771 699 36 35 
cell-0-3-10 810 699 36 35 
cell-0-3-11 849 699 36 35 
cell-0-3-12 888 699 36 35 
cell-0-3-13 927 699 36 35 
cell-0-3-14 966 699 36 35 
cell-0-4-0 420 744 36 35 
cell-0-4-1 459 744 36 35 
cell-0-4-2 498 744 36 35 
cell-0-4-3 537 744 36 35 
cell-0-4-4 576 744 36 35 
cell-0-4-5 615 744 36 35 
cell-0-4-6 654 744 36 35 
cell-0-4-7 693 744 36 35 
cell-0-4-8 732 744 36 35 
cell-0-4-9 771 744 36 35 
cell-0-4-10 810 744 36 35 
cell-0-4-11 849 744 36 35 
cell-0-4-12 888 744 36 35 
cell-0-4-13 927 744 36 35 
cell-0-4-14 966 744 36 35 
cell-0-5-0 420 789 36 35 
cell-0-5-1 459 789 36 35 
cell-0-5-2 498 789 36 35 
cell-0-5-3 537 789 36 35 
cell-0-5-4 576 789 36 35 
cell-0-5-5 615 789 36 35 
cell-0-5-6 654 789 36 35 
cell-0-5-7 693 789 36 35 
cell-0-5-8 732 789 36 35 
cell-0-5-9 771 789 36 35 
cell-0-5-10 810 789 36 35 
cell-0-5-11 849 789 36 35 
cell-0-5-12 888 789 36 35 
cell-0-5-13 927 789 36 35 
cell-0-5-14 966 789 36 35 
cell-0-6-0 420 834 36 35 
cell-0-6-1 459 834 36 35 
cell-0-6-2 498 834 36 35 
cell-0-6-3 537 834 36 35 
cell-0-6-4 576 834 36 35 
cell-0-6-5 615 834 36 35 
cell-0-6-6 654 834 36 35 
cell-0-6-7 693 834 36 35 
cell-0-6-8 732 834 36 35 
cell-0-6-9 771 834 36 35 
cell-0-6-10 810 834 36 35 
cell-0-6-11 849 834 36 35 
cell-0-6-12 888 834 36 35 
cell-0-6-13 927 834 36 35 
cell-0-6-14 966 834 36 35 
cell-0-7-0 420 879 36 35 
cell-0-7-1 459 879 36 35 
cell-0-7-2 498 879 36 35 
cell-0-7-3 537 879 36 35 
cell-0-7-4 576 879 36 35 
cell-0-7-5 615 879 36 35 
cell-0-7-6 654 879 36 35 
cell-0-7-7 693 879 36 35 
cell-0-7-8 732 879 36 35 
cell-0-7-9 771 879 36 35 
cell-0-7-10 810 879 36 35 
cell-0-7-11 849 879 36 35 
cell-0-7-12 888 879 36 35 
cell-0-7-13 927 879 36 35 
cell-0-7-14 966 879 36 35 
cell-0-8-0 420 924 36 35 
cell-0-8-1 459 924 36 35 
cell-0-8-2 498 924 36 35 
cell-0-8-3 537 924 36 35 
cell-0-8-4 576 924 36 35 
cell-0-8-5 615 924 36 35 
cell-0-8-6 654 924 36 35 
cell-0-8-7 693 924 36 35 
cell-0-8-8 732 924 36 35 
cell-0-8-9 771 924 36 35 
cell-0-8-10 810 924 36 35 
cell-0-8-11 849 924 36 35 
cell-0-8-12 888 924 36 35 
cell-0-8-13 927 924 36 35 
cell-0-8-14 966 924 36 35 
cell-0-9-0 420 969 36 35 
cell-0-9-1 459 969 36 35 
cell-0-9-2 498 969 36 35 
cell-0-9-3 537 969 36 35 
cell-0-9-4 576 969 36 35 
cell-0-9-5 615 969 36 35 
cell-0-9-6 654 969 36 35 
cell-0-9-7 693 969 36 35 
cell-0-9-8 732 969 36 35 
cell-0-9-9 771 969 36 35 
cell-0-9-10 810 969 36 35 
cell-0-9-11 849 969 36 35 
cell-0-9-12 888 969 36 35 
cell-0-9-13 927 969 36 35 
cell-0-9-14 966 969 36 35 
cell-0-10-0 420 1014 36 35 
cell-0-10-1 459 1014 36 35 
cell-0-10-2 498 1014 36 35 
cell-0-10-3 537 1014 36 35 
cell-0-10-4 576 1014 36 35 
cell-0-10-5 615 1014 36 35 
cell-0-10-6 654 1014 36 35 
cell-0-10-7 693 1014 36 35 
cell-0-10-8 732 1014 36 35 
cell-0-10-9 771 1014 36 35 
cell-0-10-10 810 1014 36 35 
cell-0-10-11 849 1014 36 35 
cell-0-10-12 888 1014 36 35 
cell-0-10-13 927 1014 36 35 
cell-0-10-14 966 1014 36 35 
cell-0-11-0 420 1059 36 35 
cell-0-11-1 459 1059 36 35 
cell-0-11-2 498 1059 36 35 
cell-0-11-3 537 1059 36 35 
cell-0-11-4 576 1059 36 35 
cell-0-11-5 615 1059 36 35 
cell-0-11-6 654 1059 36 35 
cell-0-11-7 693 1059 36 35 
cell-0-11-8 732 1059 36 35 
cell-0-11-9 771 1059 36 35 
cell-0-11-10 810 1059 36 35 
cell-0-11-11 849 1059 36 35 
cell-0-11-12 888 1059 36 35 
cell-0-11-13 927 1059 36 35 
cell-0-11-14 966 1059 36 35 
table-2 185 219 633 178 
cell-2-1-0 185 219 35 35 
cell-2-1-1 220 219 35 35 
cell-2-1-2 255 219 35 35 
cell-2-1-3 290 219 35 35 
cell-2-1-4 325 219 35 35 
cell-2-1-5 360 219 35 35 
cell-2-1-6 395 219 35 35 
cell-2-1-7 430 219 35 35 
cell-2-1-8 465 219 35 35 
cell-2-1-9 500 219 35 35 
cell-2-1-10 535 219 35 35 
cell-2-1-11 570 219 35 35 
cell-2-1-12 605 219 35 35 
cell-2-1-13 640 219 35 35 
cell-2-1-14 675 219 35 35 
cell-2-1-15 710 219 35 35 
cell-2-1-16 745 219 35 35 
cell-2-1-17 780 219 35 35 
cell-2-2-0 185 254 35 35 
cell-2-2-1 220 254 35 35 
cell-2-2-2 255 254 35 35 
cell-2-2-3 290 254 35 35 
cell-2-2-4 325 254 35 35 
cell-2-2-5 360 254 35 35 
cell-2-2-6 395 254 35 35 
cell-2-2-7 430 254 35 35 
cell-2-2-8 465 254 35 35 
cell-2-2-9 500 254 35 35 
cell-2-2-10 535 254 35 35 
cell-2-2-11 570 254 35 35 
cell-2-2-12 605 254 35 35 
cell-2-2-13 640 254 35 35 
cell-2-2-14 675 254 35 35 
cell-2-2-15 710 254 35 35 
cell-2-2-16 745 254 35 35 
cell-2-2-17 780 254 35 35 
cell-2-3-0 185 289 35 35 
cell-2-3-1 220 289 35 35 
cell-2-3-2 255 289 35 35 
cell-2-3-3 290 289 35 35 
cell-2-3-4 325 289 35 35 
cell-2-3-5 360 289 35 35 
cell-2-3-6 395 289 35 35 
cell-2-3-7 430 289 35 35 
cell-2-3-8 465 289 35 35 
cell-2-3-9 500 289 35 35 
cell-2-3-10 535 289 35 35 
cell-2-3-11 570 289 35 35 
cell-2-3-12 605 289 35 35 
cell-2-3-13 640 289 35 35 
cell-2-3-14 675 289 35 35 
cell-2-3-15 710 289 35 35 
cell-2-3-16 745 289 35 35 
cell-2-3-17 780 289 35 35 
cell-2-4-0 185 324 35 35 
cell-2-4-1 220 324 35 35 
cell-2-4-2 255 324 35 35 
cell-2-4-3 290 324 35 35 
cell-2-4-4 325 324 35 35 
cell-2-4-5 360 324 35 35 
cell-2-4-6 395 324 35 35 
cell-2-4-7 430 324 35 35 
cell-2-4-8 465 324 35 35 
cell-2-4-9 500 324 35 35 
cell-2-4-10 535 324 35 35 
cell-2-4-11 570 324 35 35 
cell-2-4-12 605 324 35 35 
cell-2-4-13 640 324 35 35 
cell-2-4-14 675 324 35 35 
cell-2-4-15 710 324 35 35 
cell-2-4-16 745 324 35 35 
cell-2-4-17 780 324 35 35 
cell-2-5-0 185 359 35 35 
cell-2-5-1 220 359 35 35 
cell-2-5-2 255 359 35 35 
cell-2-5-3 290 359 35 35 
cell-2-5-4 325 359 35 35 
cell-2-5-5 360 359 35 35 
cell-2-5-6 395 359 35 35 
cell-2-5-7 430 359 35 35 
cell-2-5-8 465 359 35 35 
cell-2-5-9 500 359 35 35 
cell-2-5-10 535 359 35 35 
cell-2-5-11 570 359 35 35 
cell-2-5-12 605 359 35 35 
cell-2-5-13 640 359 35 35 
cell-2-5-14 675 359 35 35 
cell-2-5-15 710 359 35 35 
cell-2-5-16 745 359 35 35 
cell-2-5-17 780 359 35 35 
