table-0 191 424 273 566 
cell-0-0-0 191 424 45 35 
cell-0-0-1 236 424 45 35 
cell-0-0-2 281 424 45 35 
cell-0-0-3 326 424 45 35 
cell-0-0-4 371 424 45 35 
cell-0-0-5 416 424 45 35 
cell-0-1-0 191 472 45 35 
cell-0-1-1 236 472 45 35 
cell-0-1-2 281 472 45 35 
cell-0-1-3 326 472 45 35 
cell-0-1-4 371 472 45 35 
cell-0-1-5 416 472 45 35 
cell-0-2-0 191 520 45 35 
cell-0-2-1 236 520 45 35 
cell-0-2-2 281 520 45 35 
cell-0-2-3 326 520 45 35 
cell-0-2-4 371 520 45 35 
cell-0-2-5 416 520 45 35 
cell-0-3-0 191 568 45 35 
cell-0-3-1 236 568 45 35 
cell-0-3-2 281 568 45 35 
cell-0-3-3 326 568 45 35 
cell-0-3-4 371 568 45 35 
cell-0-3-5 416 568 45 35 
cell-0-4-0 191 616 45 35 
cell-0-4-1 236 616 45 35 
cell-0-4-2 281 616 45 35 
cell-0-4-3 326 616 45 35 
cell-0-4-4 371 616 45 35 
cell-0-4-5 416 616 45 35 
cell-0-5-0 191 664 45 35 
cell-0-5-1 236 664 45 35 
cell-0-5-2 281 664 45 35 
cell-0-5-3 326 664 45 35 
cell-0-5-4 371 664 45 35 
cell-0-5-5 416 664 45 35 
cell-0-6-0 191 712 45 35 
cell-0-6-1 236 712 45 35 
cell-0-6-2 281 712 45 35 
cell-0-6-3 326 712 45 35 
cell-0-6-4 371 712 45 35 
cell-0-6-5 416 712 45 35 
cell-0-7-0 191 760 45 35 
cell-0-7-1 236 760 45 35 
cell-0-7-2 281 760 45 35 
cell-0-7-3 326 760 45 35 
cell-0-7-4 371 760 45 35 
cell-0-7-5 416 760 45 35 
cell-0-8-0 191 808 45 35 
cell-0-8-1 236 808 45 35 
cell-0-8-2 281 808 45 35 
cell-0-8-3 326 808 45 35 
cell-0-8-4 371 808 45 35 
cell-0-8-5 416 808 45 35 
cell-0-9-0 191 856 45 35 
cell-0-9-1 236 856 45 35 
cell-0-9-2 281 856 45 35 
cell-0-9-3 326 856 45 35 
cell-0-9-4 371 856 45 35 
cell-0-9-5 416 856 45 35 
cell-0-10-0 191 904 45 35 
cell-0-10-1 236 904 45 35 
cell-0-10-2 281 904 45 35 
cell-0-10-3 326 904 45 35 
cell-0-10-4 371 904 45 35 
cell-0-10-5 416 904 45 35 
cell-0-11-0 191 952 45 35 
cell-0-11-1 236 952 45 35 
cell-0-11-2 281 952 45 35 
cell-0-11-3 326 952 45 35 
cell-0-11-4 371 952 45 35 
cell-0-11-5 416 952 45 35 
