table-0 133 755 525 662 
cell-0-0-0 133 755 45 43 
cell-0-0-1 178 755 45 43 
cell-0-0-2 223 755 45 43 
cell-0-0-3 268 755 45 43 
cell-0-0-4 313 755 343 43 
cell-0-1-0 133 799 45 43 
cell-0-1-1 178 799 45 43 
cell-0-1-2 223 799 45 43 
cell-0-1-3 268 799 45 43 
cell-0-1-4 313 799 343 43 
cell-0-2-0 133 843 45 43 
cell-0-2-1 178 843 45 43 
cell-0-2-2 223 843 45 43 
cell-0-2-3 268 843 45 43 
cell-0-2-4 313 843 343 43 
cell-0-3-0 133 887 45 43 
cell-0-3-1 178 887 45 43 
cell-0-3-2 223 887 45 43 
cell-0-3-3 268 887 45 43 
cell-0-3-4 313 887 343 43 
cell-0-4-0 133 931 45 43 
cell-0-4-1 178 931 45 43 
cell-0-4-2 223 931 45 43 
cell-0-4-3 268 931 45 43 
cell-0-4-4 313 931 343 43 
cell-0-5-0 133 975 45 43 
cell-0-5-1 178 975 45 43 
cell-0-5-2 223 975 45 43 
cell-0-5-3 268 975 45 43 
cell-0-5-4 313 975 343 43 
cell-0-6-0 133 1019 45 43 
cell-0-6-1 178 1019 45 43 
cell-0-6-2 223 1019 45 43 
cell-0-6-3 268 1019 45 43 
cell-0-6-4 313 1019 343 43 
cell-0-7-0 133 1063 45 43 
cell-0-7-1 178 1063 45 43 
cell-0-7-2 223 1063 45 43 
cell-0-7-3 268 1063 45 43 
cell-0-7-4 313 1063 343 43 
cell-0-8-0 133 1107 45 43 
cell-0-8-1 178 1107 45 43 
cell-0-8-2 223 1107 45 43 
cell-0-8-3 268 1107 45 43 
cell-0-8-4 313 1107 343 43 
cell-0-9-0 133 1151 45 43 
cell-0-9-1 178 1151 45 43 
cell-0-9-2 223 1151 45 43 
cell-0-9-3 268 1151 45 43 
cell-0-9-4 313 1151 343 43 
cell-0-10-0 133 1195 45 43 
cell-0-10-1 178 1195 45 43 
cell-0-10-2 223 1195 45 43 
cell-0-10-3 268 1195 45 43 
cell-0-10-4 313 1195 343 43 
cell-0-11-0 133 1239 45 43 
cell-0-11-1 178 1239 45 43 
cell-0-11-2 223 1239 45 43 
cell-0-11-3 268 1239 45 43 
cell-0-11-4 313 1239 343 43 
cell-0-12-0 133 1283 45 43 
cell-0-12-1 178 1283 45 43 
cell-0-12-2 223 1283 45 43 
cell-0-12-3 268 1283 45 43 
cell-0-12-4 313 1283 343 43 
cell-0-13-0 133 1327 45 43 
cell-0-13-1 178 1327 45 43 
cell-0-13-2 223 1327 45 43 
cell-0-13-3 268 1327 45 43 
cell-0-13-4 313 1327 343 43 
cell-0-14-0 133 1371 45 43 
cell-0-14-1 178 1371 45 43 
cell-0-14-2 223 1371 45 43 
cell-0-14-3 268 1371 45 43 
cell-0-14-4 313 1371 343 43 
table-3 60 185 1000 307 
cell-3-0-0 60 185 166 54 
cell-3-0-1 226 185 166 54 
cell-3-0-2 392 185 166 54 
cell-3-0-3 558 185 166 54 
cell-3-0-4 724 185 166 54 
cell-3-0-5 890 185 166 54 
cell-3-1-0 60 248 166 54 
cell-3-1-1 226 248 166 54 
cell-3-1-2 392 248 166 54 
cell-3-1-3 558 248 166 54 
cell-3-1-4 724 248 166 54 
cell-3-1-5 890 248 166 54 
cell-3-2-0 60 311 166 54 
cell-3-2-1 226 311 166 54 
cell-3-2-2 392 311 166 54 
cell-3-2-3 558 311 166 54 
cell-3-2-4 724 311 166 54 
cell-3-2-5 890 311 166 54 
cell-3-3-0 60 374 166 54 
cell-3-3-1 226 374 166 54 
cell-3-3-2 392 374 166 54 
cell-3-3-3 558 374 166 54 
cell-3-3-4 724 374 166 54 
cell-3-3-5 890 374 166 54 
cell-3-4-0 60 437 166 54 
cell-3-4-1 226 437 166 54 
cell-3-4-2 392 437 166 54 
cell-3-4-3 558 437 166 54 
cell-3-4-4 724 437 166 54 
cell-3-4-5 890 437 166 54 
