table-0 670 516 273 461 
cell-0-0-0 670 516 45 35 
cell-0-0-1 715 516 45 35 
cell-0-0-2 760 516 45 35 
cell-0-0-3 805 516 45 35 
cell-0-0-4 850 516 45 35 
cell-0-0-5 895 516 45 35 
cell-0-1-0 670 563 45 35 
cell-0-1-1 715 563 45 35 
cell-0-1-2 760 563 45 35 
cell-0-1-3 805 563 45 35 
cell-0-1-4 850 563 45 35 
cell-0-1-5 895 563 45 35 
cell-0-2-0 670 610 45 35 
cell-0-2-1 715 610 45 35 
cell-0-2-2 760 610 45 35 
cell-0-2-3 805 610 45 35 
cell-0-2-4 850 610 45 35 
cell-0-2-5 895 610 45 35 
cell-0-3-0 670 657 45 35 
cell-0-3-1 715 657 45 35 
cell-0-3-2 760 657 45 35 
cell-0-3-3 805 657 45 35 
cell-0-3-4 850 657 45 35 
cell-0-3-5 895 657 45 35 
cell-0-4-0 670 704 45 35 
cell-0-4-1 715 704 45 35 
cell-0-4-2 760 704 45 35 
cell-0-4-3 805 704 45 35 
cell-0-4-4 850 704 45 35 
cell-0-4-5 895 704 45 35 
cell-0-5-0 670 751 45 35 
cell-0-5-1 715 751 45 35 
cell-0-5-2 760 751 45 35 
cell-0-5-3 805 751 45 35 
cell-0-5-4 850 751 45 35 
cell-0-5-5 895 751 45 35 
cell-0-6-0 670 798 45 35 
cell-0-6-1 715 798 45 35 
cell-0-6-2 760 798 45 35 
cell-0-6-3 805 798 45 35 
cell-0-6-4 850 798 45 35 
cell-0-6-5 895 798 45 35 
cell-0-7-0 670 845 45 35 
cell-0-7-1 715 845 45 35 
cell-0-7-2 760 845 45 35 
cell-0-7-3 805 845 45 35 
cell-0-7-4 850 845 45 35 
cell-0-7-5 895 845 45 35 
cell-0-8-0 670 892 45 35 
cell-0-8-1 715 892 45 35 
cell-0-8-2 760 892 45 35 
cell-0-8-3 805 892 45 35 
cell-0-8-4 850 892 45 35 
cell-0-8-5 895 892 45 35 
cell-0-9-0 670 939 45 35 
cell-0-9-1 715 939 45 35 
cell-0-9-2 760 939 45 35 
cell-0-9-3 805 939 45 35 
cell-0-9-4 850 939 45 35 
cell-0-9-5 895 939 45 35 
header-1 126 226 890 193 
row-1-1 126 226 273 40 
row-1-2 419 226 405 40 
row-2-1 126 276 405 40 
row-2-2 551 276 462 40 
row-3-1 126 326 702 40 
row-4-1 126 376 702 40 
