table-0 140 641 900 460 
cell-0-0-0 140 641 112 42 
cell-0-0-1 252 641 112 42 
cell-0-0-2 364 641 112 42 
cell-0-0-3 476 641 112 42 
cell-0-0-4 588 641 112 42 
cell-0-0-5 700 641 112 42 
cell-0-0-6 812 641 112 42 
cell-0-0-7 924 641 112 42 
cell-0-1-0 140 693 112 42 
cell-0-1-1 252 693 112 42 
cell-0-1-2 364 693 112 42 
cell-0-1-3 476 693 112 42 
cell-0-1-4 588 693 112 42 
cell-0-1-5 700 693 112 42 
cell-0-1-6 812 693 112 42 
cell-0-1-7 924 693 112 42 
cell-0-2-0 140 745 112 42 
cell-0-2-1 252 745 112 42 
cell-0-2-2 364 745 112 42 
cell-0-2-3 476 745 112 42 
cell-0-2-4 588 745 112 42 
cell-0-2-5 700 745 112 42 
cell-0-2-6 812 745 112 42 
cell-0-2-7 924 745 112 42 
cell-0-3-0 140 797 112 42 
cell-0-3-1 252 797 112 42 
cell-0-3-2 364 797 112 42 
cell-0-3-3 476 797 112 42 
cell-0-3-4 588 797 112 42 
cell-0-3-5 700 797 112 42 
cell-0-3-6 812 797 112 42 
cell-0-3-7 924 797 112 42 
cell-0-4-0 140 849 112 42 
cell-0-4-1 252 849 112 42 
cell-0-4-2 364 849 112 42 
cell-0-4-3 476 849 112 42 
cell-0-4-4 588 849 112 42 
cell-0-4-5 700 849 112 42 
cell-0-4-6 812 849 112 42 
cell-0-4-7 924 849 112 42 
cell-0-5-0 140 901 112 42 
cell-0-5-1 252 901 112 42 
cell-0-5-2 364 901 112 42 
cell-0-5-3 476 901 112 42 
cell-0-5-4 588 901 112 42 
cell-0-5-5 700 901 112 42 
cell-0-5-6 812 901 112 42 
cell-0-5-7 924 901 112 42 
cell-0-6-0 140 953 112 42 
cell-0-6-1 252 953 112 42 
cell-0-6-2 364 953 112 42 
cell-0-6-3 476 953 112 42 
cell-0-6-4 588 953 112 42 
cell-0-6-5 700 953 112 42 
cell-0-6-6 812 953 112 42 
cell-0-6-7 924 953 112 42 
cell-0-7-0 140 1005 112 42 
cell-0-7-1 252 1005 112 42 
cell-0-7-2 364 1005 112 42 
cell-0-7-3 476 1005 112 42 
cell-0-7-4 588 1005 112 42 
cell-0-7-5 700 1005 112 42 
cell-0-7-6 812 1005 112 42 
cell-0-7-7 924 1005 112 42 
cell-0-8-0 140 1057 112 42 
cell-0-8-1 252 1057 112 42 
cell-0-8-2 364 1057 112 42 
cell-0-8-3 476 1057 112 42 
cell-0-8-4 588 1057 112 42 
cell-0-8-5 700 1057 112 42 
cell-0-8-6 812 1057 112 42 
cell-0-8-7 924 1057 112 42 
