table-0 187 273 617 566 
cell-0-0-0 187 273 45 43 
cell-0-0-1 232 273 45 43 
cell-0-0-2 277 273 45 43 
cell-0-0-3 322 273 45 43 
cell-0-0-4 367 273 435 43 
cell-0-1-0 187 325 45 43 
cell-0-1-1 232 325 45 43 
cell-0-1-2 277 325 45 43 
cell-0-1-3 322 325 45 43 
cell-0-1-4 367 325 435 43 
cell-0-2-0 187 377 45 43 
cell-0-2-1 232 377 45 43 
cell-0-2-2 277 377 45 43 
cell-0-2-3 322 377 45 43 
cell-0-2-4 367 377 435 43 
cell-0-3-0 187 429 45 43 
cell-0-3-1 232 429 45 43 
cell-0-3-2 277 429 45 43 
cell-0-3-3 322 429 45 43 
cell-0-3-4 367 429 435 43 
cell-0-4-0 187 481 45 43 
cell-0-4-1 232 481 45 43 
cell-0-4-2 277 481 45 43 
cell-0-4-3 322 481 45 43 
cell-0-4-4 367 481 435 43 
cell-0-5-0 187 533 45 43 
cell-0-5-1 232 533 45 43 
cell-0-5-2 277 533 45 43 
cell-0-5-3 322 533 45 43 
cell-0-5-4 367 533 435 43 
cell-0-6-0 187 585 45 43 
cell-0-6-1 232 585 45 43 
cell-0-6-2 277 585 45 43 
cell-0-6-3 322 585 45 43 
cell-0-6-4 367 585 435 43 
cell-0-7-0 187 637 45 43 
cell-0-7-1 232 637 45 43 
cell-0-7-2 277 637 45 43 
cell-0-7-3 322 637 45 43 
cell-0-7-4 367 637 435 43 
cell-0-8-0 187 689 45 43 
cell-0-8-1 232 689 45 43 
cell-0-8-2 277 689 45 43 
cell-0-8-3 322 689 45 43 
cell-0-8-4 367 689 435 43 
cell-0-9-0 187 741 45 43 
cell-0-9-1 232 741 45 43 
cell-0-9-2 277 741 45 43 
cell-0-9-3 322 741 45 43 
cell-0-9-4 367 741 435 43 
cell-0-10-0 187 793 45 43 
cell-0-10-1 232 793 45 43 
cell-0-10-2 277 793 45 43 
cell-0-10-3 322 793 45 43 
cell-0-10-4 367 793 435 43 
header-5 161 1134 773 195 
row-1-1 161 1134 324 41 
row-1-2 505 1134 258 41 
row-2-1 161 1185 324 41 
row-2-2 505 1185 427 41 
row-3-1 161 1236 753 41 
row-4-1 161 1287 489 41 
