table-0 267 830 183 506 
cell-0-0-0 267 830 45 35 
cell-0-0-1 312 830 45 35 
cell-0-0-2 357 830 45 35 
cell-0-0-3 402 830 45 35 
cell-0-1-0 267 869 45 35 
cell-0-1-1 312 869 45 35 
cell-0-1-2 357 869 45 35 
cell-0-1-3 402 869 45 35 
cell-0-2-0 267 908 45 35 
cell-0-2-1 312 908 45 35 
cell-0-2-2 357 908 45 35 
cell-0-2-3 402 908 45 35 
cell-0-3-0 267 947 45 35 
cell-0-3-1 312 947 45 35 
cell-0-3-2 357 947 45 35 
cell-0-3-3 402 947 45 35 
cell-0-4-0 267 986 45 35 
cell-0-4-1 312 986 45 35 
cell-0-4-2 357 986 45 35 
cell-0-4-3 402 986 45 35 
cell-0-5-0 267 1025 45 35 
cell-0-5-1 312 1025 45 35 
cell-0-5-2 357 1025 45 35 
cell-0-5-3 402 1025 45 35 
cell-0-6-0 267 1064 45 35 
cell-0-6-1 312 1064 45 35 
cell-0-6-2 357 1064 45 35 
cell-0-6-3 402 1064 45 35 
cell-0-7-0 267 1103 45 35 
cell-0-7-1 312 1103 45 35 
cell-0-7-2 357 1103 45 35 
cell-0-7-3 402 1103 45 35 
cell-0-8-0 267 1142 45 35 
cell-0-8-1 312 1142 45 35 
cell-0-8-2 357 1142 45 35 
cell-0-8-3 402 1142 45 35 
cell-0-9-0 267 1181 45 35 
cell-0-9-1 312 1181 45 35 
cell-0-9-2 357 1181 45 35 
cell-0-9-3 402 1181 45 35 
cell-0-10-0 267 1220 45 35 
cell-0-10-1 312 1220 45 35 
cell-0-10-2 357 1220 45 35 
cell-0-10-3 402 1220 45 35 
cell-0-11-0 267 1259 45 35 
cell-0-11-1 312 1259 45 35 
cell-0-11-2 357 1259 45 35 
cell-0-11-3 402 1259 45 35 
cell-0-12-0 267 1298 45 35 
cell-0-12-1 312 1298 45 35 
cell-0-12-2 357 1298 45 35 
cell-0-12-3 402 1298 45 35 
table-1 307 303 173 441 
cell-1-0-0 307 303 43 35 
cell-1-0-1 350 303 43 35 
cell-1-0-2 393 303 43 35 
cell-1-0-3 436 303 43 35 
cell-1-1-0 307 348 43 35 
cell-1-1-1 350 348 43 35 
cell-1-1-2 393 348 43 35 
cell-1-1-3 436 348 43 35 
cell-1-2-0 307 393 43 35 
cell-1-2-1 350 393 43 35 
cell-1-2-2 393 393 43 35 
cell-1-2-3 436 393 43 35 
cell-1-3-0 307 438 43 35 
cell-1-3-1 350 438 43 35 
cell-1-3-2 393 438 43 35 
cell-1-3-3 436 438 43 35 
cell-1-4-0 307 483 43 35 
cell-1-4-1 350 483 43 35 
cell-1-4-2 393 483 43 35 
cell-1-4-3 436 483 43 35 
cell-1-5-0 307 528 43 35 
cell-1-5-1 350 528 43 35 
cell-1-5-2 393 528 43 35 
cell-1-5-3 436 528 43 35 
cell-1-6-0 307 573 43 35 
cell-1-6-1 350 573 43 35 
cell-1-6-2 393 573 43 35 
cell-1-6-3 436 573 43 35 
cell-1-7-0 307 618 43 35 
cell-1-7-1 350 618 43 35 
cell-1-7-2 393 618 43 35 
cell-1-7-3 436 618 43 35 
cell-1-8-0 307 663 43 35 
cell-1-8-1 350 663 43 35 
cell-1-8-2 393 663 43 35 
cell-1-8-3 436 663 43 35 
cell-1-9-0 307 708 43 35 
cell-1-9-1 350 708 43 35 
cell-1-9-2 393 708 43 35 
cell-1-9-3 436 708 43 35 
