table-0 374 895 259 516 
cell-0-0-0 374 895 43 35 
cell-0-0-1 417 895 43 35 
cell-0-0-2 460 895 43 35 
cell-0-0-3 503 895 43 35 
cell-0-0-4 546 895 43 35 
cell-0-0-5 589 895 43 35 
cell-0-1-0 374 943 43 35 
cell-0-1-1 417 943 43 35 
cell-0-1-2 460 943 43 35 
cell-0-1-3 503 943 43 35 
cell-0-1-4 546 943 43 35 
cell-0-1-5 589 943 43 35 
cell-0-2-0 374 991 43 35 
cell-0-2-1 417 991 43 35 
cell-0-2-2 460 991 43 35 
cell-0-2-3 503 991 43 35 
cell-0-2-4 546 991 43 35 
cell-0-2-5 589 991 43 35 
cell-0-3-0 374 1039 43 35 
cell-0-3-1 417 1039 43 35 
cell-0-3-2 460 1039 43 35 
cell-0-3-3 503 1039 43 35 
cell-0-3-4 546 1039 43 35 
cell-0-3-5 589 1039 43 35 
cell-0-4-0 374 1087 43 35 
cell-0-4-1 417 1087 43 35 
cell-0-4-2 460 1087 43 35 
cell-0-4-3 503 1087 43 35 
cell-0-4-4 546 1087 43 35 
cell-0-4-5 589 1087 43 35 
cell-0-5-0 374 1135 43 35 
cell-0-5-1 417 1135 43 35 
cell-0-5-2 460 1135 43 35 
cell-0-5-3 503 1135 43 35 
cell-0-5-4 546 1135 43 35 
cell-0-5-5 589 1135 43 35 
cell-0-6-0 374 1183 43 35 
cell-0-6-1 417 1183 43 35 
cell-0-6-2 460 1183 43 35 
cell-0-6-3 503 1183 43 35 
cell-0-6-4 546 1183 43 35 
cell-0-6-5 589 1183 43 35 
cell-0-7-0 374 1231 43 35 
cell-0-7-1 417 1231 43 35 
cell-0-7-2 460 1231 43 35 
cell-0-7-3 503 1231 43 35 
cell-0-7-4 546 1231 43 35 
cell-0-7-5 589 1231 43 35 
cell-0-8-0 374 1279 43 35 
cell-0-8-1 417 1279 43 35 
cell-0-8-2 460 1279 43 35 
cell-0-8-3 503 1279 43 35 
cell-0-8-4 546 1279 43 35 
cell-0-8-5 589 1279 43 35 
cell-0-9-0 374 1327 43 35 
cell-0-9-1 417 1327 43 35 
cell-0-9-2 460 1327 43 35 
cell-0-9-3 503 1327 43 35 
cell-0-9-4 546 1327 43 35 
cell-0-9-5 589 1327 43 35 
cell-0-10-0 374 1375 43 35 
cell-0-10-1 417 1375 43 35 
cell-0-10-2 460 1375 43 35 
cell-0-10-3 503 1375 43 35 
cell-0-10-4 546 1375 43 35 
cell-0-10-5 589 1375 43 35 
header-3 174 369 877 193 
row-1-1 174 369 365 40 
row-1-2 559 369 365 40 
row-2-1 174 419 398 40 
row-2-2 592 419 452 40 
row-3-1 174 469 563 40 
row-4-1 174 519 464 40 
