table-0 584 612 266 433 
cell-0-0-0 584 612 44 35 
cell-0-0-1 628 612 44 35 
cell-0-0-2 672 612 44 35 
cell-0-0-3 716 612 44 35 
cell-0-0-4 760 612 44 35 
cell-0-0-5 804 612 44 35 
cell-0-1-0 584 648 44 35 
cell-0-1-1 628 648 44 35 
cell-0-1-2 672 648 44 35 
cell-0-1-3 716 648 44 35 
cell-0-1-4 760 648 44 35 
cell-0-1-5 804 648 44 35 
cell-0-2-0 584 684 44 35 
cell-0-2-1 628 684 44 35 
cell-0-2-2 672 684 44 35 
cell-0-2-3 716 684 44 35 
cell-0-2-4 760 684 44 35 
cell-0-2-5 804 684 44 35 
cell-0-3-0 584 720 44 35 
cell-0-3-1 628 720 44 35 
cell-0-3-2 672 720 44 35 
cell-0-3-3 716 720 44 35 
cell-0-3-4 760 720 44 35 
cell-0-3-5 804 720 44 35 
cell-0-4-0 584 756 44 35 
cell-0-4-1 628 756 44 35 
cell-0-4-2 672 756 44 35 
cell-0-4-3 716 756 44 35 
cell-0-4-4 760 756 44 35 
cell-0-4-5 804 756 44 35 
cell-0-5-0 584 792 44 35 
cell-0-5-1 628 792 44 35 
cell-0-5-2 672 792 44 35 
cell-0-5-3 716 792 44 35 
cell-0-5-4 760 792 44 35 
cell-0-5-5 804 792 44 35 
cell-0-6-0 584 828 44 35 
cell-0-6-1 628 828 44 35 
cell-0-6-2 672 828 44 35 
cell-0-6-3 716 828 44 35 
cell-0-6-4 760 828 44 35 
cell-0-6-5 804 828 44 35 
cell-0-7-0 584 864 44 35 
cell-0-7-1 628 864 44 35 
cell-0-7-2 672 864 44 35 
cell-0-7-3 716 864 44 35 
cell-0-7-4 760 864 44 35 
cell-0-7-5 804 864 44 35 
cell-0-8-0 584 900 44 35 
cell-0-8-1 628 900 44 35 
cell-0-8-2 672 900 44 35 
cell-0-8-3 716 900 44 35 
cell-0-8-4 760 900 44 35 
cell-0-8-5 804 900 44 35 
cell-0-9-0 584 936 44 35 
cell-0-9-1 628 936 44 35 
cell-0-9-2 672 936 44 35 
cell-0-9-3 716 936 44 35 
cell-0-9-4 760 936 44 35 
cell-0-9-5 804 936 44 35 
cell-0-10-0 584 972 44 35 
cell-0-10-1 628 972 44 35 
cell-0-10-2 672 972 44 35 
cell-0-10-3 716 972 44 35 
cell-0-10-4 760 972 44 35 
cell-0-10-5 804 972 44 35 
cell-0-11-0 584 1008 44 35 
cell-0-11-1 628 1008 44 35 
cell-0-11-2 672 1008 44 35 
cell-0-11-3 716 1008 44 35 
cell-0-11-4 760 1008 44 35 
cell-0-11-5 804 1008 44 35 
table-2 308 380 178 433 
cell-2-0-0 308 380 44 35 
cell-2-0-1 352 380 44 35 
cell-2-0-2 396 380 44 35 
cell-2-0-3 440 380 44 35 
cell-2-1-0 308 416 44 35 
cell-2-1-1 352 416 44 35 
cell-2-1-2 396 416 44 35 
cell-2-1-3 440 416 44 35 
cell-2-2-0 308 452 44 35 
cell-2-2-1 352 452 44 35 
cell-2-2-2 396 452 44 35 
cell-2-2-3 440 452 44 35 
cell-2-3-0 308 488 44 35 
cell-2-3-1 352 488 44 35 
cell-2-3-2 396 488 44 35 
cell-2-3-3 440 488 44 35 
cell-2-4-0 308 524 44 35 
cell-2-4-1 352 524 44 35 
cell-2-4-2 396 524 44 35 
cell-2-4-3 440 524 44 35 
cell-2-5-0 308 560 44 35 
cell-2-5-1 352 560 44 35 
cell-2-5-2 396 560 44 35 
cell-2-5-3 440 560 44 35 
cell-2-6-0 308 596 44 35 
cell-2-6-1 352 596 44 35 
cell-2-6-2 396 596 44 35 
cell-2-6-3 440 596 44 35 
cell-2-7-0 308 632 44 35 
cell-2-7-1 352 632 44 35 
cell-2-7-2 396 632 44 35 
cell-2-7-3 440 632 44 35 
cell-2-8-0 308 668 44 35 
cell-2-8-1 352 668 44 35 
cell-2-8-2 396 668 44 35 
cell-2-8-3 440 668 44 35 
cell-2-9-0 308 704 44 35 
cell-2-9-1 352 704 44 35 
cell-2-9-2 396 704 44 35 
cell-2-9-3 440 704 44 35 
cell-2-10-0 308 740 44 35 
cell-2-10-1 352 740 44 35 
cell-2-10-2 396 740 44 35 
cell-2-10-3 440 740 44 35 
cell-2-11-0 308 776 44 35 
cell-2-11-1 352 776 44 35 
cell-2-11-2 396 776 44 35 
cell-2-11-3 440 776 44 35 
