table-0 198 964 173 396 
cell-0-0-0 198 964 43 35 
cell-0-0-1 241 964 43 35 
cell-0-0-2 284 964 43 35 
cell-0-0-3 327 964 43 35 
cell-0-1-0 198 1004 43 35 
cell-0-1-1 241 1004 43 35 
cell-0-1-2 284 1004 43 35 
cell-0-1-3 327 1004 43 35 
cell-0-2-0 198 1044 43 35 
cell-0-2-1 241 1044 43 35 
cell-0-2-2 284 1044 43 35 
cell-0-2-3 327 1044 43 35 
cell-0-3-0 198 1084 43 35 
cell-0-3-1 241 1084 43 35 
cell-0-3-2 284 1084 43 35 
cell-0-3-3 327 1084 43 35 
cell-0-4-0 198 1124 43 35 
cell-0-4-1 241 1124 43 35 
cell-0-4-2 284 1124 43 35 
cell-0-4-3 327 1124 43 35 
cell-0-5-0 198 1164 43 35 
cell-0-5-1 241 1164 43 35 
cell-0-5-2 284 1164 43 35 
cell-0-5-3 327 1164 43 35 
cell-0-6-0 198 1204 43 35 
cell-0-6-1 241 1204 43 35 
cell-0-6-2 284 1204 43 35 
cell-0-6-3 327 1204 43 35 
cell-0-7-0 198 1244 43 35 
cell-0-7-1 241 1244 43 35 
cell-0-7-2 284 1244 43 35 
cell-0-7-3 327 1244 43 35 
cell-0-8-0 198 1284 43 35 
cell-0-8-1 241 1284 43 35 
cell-0-8-2 284 1284 43 35 
cell-0-8-3 327 1284 43 35 
cell-0-9-0 198 1324 43 35 
cell-0-9-1 241 1324 43 35 
cell-0-9-2 284 1324 43 35 
cell-0-9-3 327 1324 43 35 
