table-0 538 512 478 464 
cell-0-1-0 538 512 34 35 
cell-0-1-1 572 512 34 35 
cell-0-1-2 606 512 34 35 
cell-0-1-3 640 512 34 35 
cell-0-1-4 674 512 34 35 
cell-0-1-5 708 512 34 35 
cell-0-1-6 742 512 34 35 
cell-0-1-7 776 512 34 35 
cell-0-1-8 810 512 34 35 
cell-0-1-9 844 512 34 35 
cell-0-1-10 878 512 34 35 
cell-0-1-11 912 512 34 35 
cell-0-1-12 946 512 34 35 
cell-0-1-13 980 512 34 35 
cell-0-2-0 538 573 34 35 
cell-0-2-1 572 573 34 35 
cell-0-2-2 606 573 34 35 
cell-0-2-3 640 573 34 35 
cell-0-2-4 674 573 34 35 
cell-0-2-5 708 573 34 35 
cell-0-2-6 742 573 34 35 
cell-0-2-7 776 573 34 35 
cell-0-2-8 810 573 34 35 
cell-0-2-9 844 573 34 35 
cell-0-2-10 878 573 34 35 
cell-0-2-11 912 573 34 35 
cell-0-2-12 946 573 34 35 
cell-0-2-13 980 573 34 35 
cell-0-3-0 538 634 34 35 
cell-0-3-1 572 634 34 35 
cell-0-3-2 606 634 34 35 
cell-0-3-3 640 634 34 35 
cell-0-3-4 674 634 34 35 
cell-0-3-5 708 634 34 35 
cell-0-3-6 742 634 34 35 
cell-0-3-7 776 634 34 35 
cell-0-3-8 810 634 34 35 
cell-0-3-9 844 634 34 35 
cell-0-3-10 878 634 34 35 
cell-0-3-11 912 634 34 35 
cell-0-3-12 946 634 34 35 
cell-0-3-13 980 634 34 35 
cell-0-4-0 538 695 34 35 
cell-0-4-1 572 695 34 35 
cell-0-4-2 606 695 34 35 
cell-0-4-3 640 695 34 35 
cell-0-4-4 674 695 34 35 
cell-0-4-5 708 695 34 35 
cell-0-4-6 742 695 34 35 
cell-0-4-7 776 695 34 35 
cell-0-4-8 810 695 34 35 
cell-0-4-9 844 695 34 35 
cell-0-4-10 878 695 34 35 
cell-0-4-11 912 695 34 35 
cell-0-4-12 946 695 34 35 
cell-0-4-13 980 695 34 35 
cell-0-5-0 538 756 34 35 
cell-0-5-1 572 756 34 35 
cell-0-5-2 606 756 34 35 
cell-0-5-3 640 756 34 35 
cell-0-5-4 674 756 34 35 
cell-0-5-5 708 756 34 35 
cell-0-5-6 742 756 34 35 
cell-0-5-7 776 756 34 35 
cell-0-5-8 810 756 34 35 
cell-0-5-9 844 756 34 35 
cell-0-5-10 878 756 34 35 
cell-0-5-11 912 756 34 35 
cell-0-5-12 946 756 34 35 
cell-0-5-13 980 756 34 35 
cell-0-6-0 538 817 34 35 
cell-0-6-1 572 817 34 35 
cell-0-6-2 606 817 34 35 
cell-0-6-3 640 817 34 35 
cell-0-6-4 674 817 34 35 
cell-0-6-5 708 817 34 35 
cell-0-6-6 742 817 34 35 
cell-0-6-7 776 817 34 35 
cell-0-6-8 810 817 34 35 
cell-0-6-9 844 817 34 35 
cell-0-6-10 878 817 34 35 
cell-0-6-11 912 817 34 35 
cell-0-6-12 946 817 34 35 
cell-0-6-13 980 817 34 35 
cell-0-7-0 538 878 34 35 
cell-0-7-1 572 878 34 35 
cell-0-7-2 606 878 34 35 
cell-0-7-3 640 878 34 35 
cell-0-7-4 674 878 34 35 
cell-0-7-5 708 878 34 35 
cell-0-7-6 742 878 34 35 
cell-0-7-7 776 878 34 35 
cell-0-7-8 810 878 34 35 
cell-0-7-9 844 878 34 35 
cell-0-7-10 878 878 34 35 
cell-0-7-11 912 878 34 35 
cell-0-7-12 946 878 34 35 
cell-0-7-13 980 878 34 35 
cell-0-8-0 538 939 34 35 
cell-0-8-1 572 939 34 35 
cell-0-8-2 606 939 34 35 
cell-0-8-3 640 939 34 35 
cell-0-8-4 674 939 34 35 
cell-0-8-5 708 939 34 35 
cell-0-8-6 742 939 34 35 
cell-0-8-7 776 939 34 35 
cell-0-8-8 810 939 34 35 
cell-0-8-9 844 939 34 35 
cell-0-8-10 878 939 34 35 
cell-0-8-11 912 939 34 35 
cell-0-8-12 946 939 34 35 
cell-0-8-13 980 939 34 35 
