table-0 181 242 641 544 
cell-0-0-0 181 242 44 42 
cell-0-0-1 225 242 44 42 
cell-0-0-2 269 242 44 42 
cell-0-0-3 313 242 44 42 
cell-0-0-4 357 242 44 42 
cell-0-0-5 401 242 421 42 
cell-0-1-0 181 292 44 42 
cell-0-1-1 225 292 44 42 
cell-0-1-2 269 292 44 42 
cell-0-1-3 313 292 44 42 
cell-0-1-4 357 292 44 42 
cell-0-1-5 401 292 421 42 
cell-0-2-0 181 342 44 42 
cell-0-2-1 225 342 44 42 
cell-0-2-2 269 342 44 42 
cell-0-2-3 313 342 44 42 
cell-0-2-4 357 342 44 42 
cell-0-2-5 401 342 421 42 
cell-0-3-0 181 392 44 42 
cell-0-3-1 225 392 44 42 
cell-0-3-2 269 392 44 42 
cell-0-3-3 313 392 44 42 
cell-0-3-4 357 392 44 42 
cell-0-3-5 401 392 421 42 
cell-0-4-0 181 442 44 42 
cell-0-4-1 225 442 44 42 
cell-0-4-2 269 442 44 42 
cell-0-4-3 313 442 44 42 
cell-0-4-4 357 442 44 42 
cell-0-4-5 401 442 421 42 
cell-0-5-0 181 492 44 42 
cell-0-5-1 225 492 44 42 
cell-0-5-2 269 492 44 42 
cell-0-5-3 313 492 44 42 
cell-0-5-4 357 492 44 42 
cell-0-5-5 401 492 421 42 
cell-0-6-0 181 542 44 42 
cell-0-6-1 225 542 44 42 
cell-0-6-2 269 542 44 42 
cell-0-6-3 313 542 44 42 
cell-0-6-4 357 542 44 42 
cell-0-6-5 401 542 421 42 
cell-0-7-0 181 592 44 42 
cell-0-7-1 225 592 44 42 
cell-0-7-2 269 592 44 42 
cell-0-7-3 313 592 44 42 
cell-0-7-4 357 592 44 42 
cell-0-7-5 401 592 421 42 
cell-0-8-0 181 642 44 42 
cell-0-8-1 225 642 44 42 
cell-0-8-2 269 642 44 42 
cell-0-8-3 313 642 44 42 
cell-0-8-4 357 642 44 42 
cell-0-8-5 401 642 421 42 
cell-0-9-0 181 692 44 42 
cell-0-9-1 225 692 44 42 
cell-0-9-2 269 692 44 42 
cell-0-9-3 313 692 44 42 
cell-0-9-4 357 692 44 42 
cell-0-9-5 401 692 421 42 
cell-0-10-0 181 742 44 42 
cell-0-10-1 225 742 44 42 
cell-0-10-2 269 742 44 42 
cell-0-10-3 313 742 44 42 
cell-0-10-4 357 742 44 42 
cell-0-10-5 401 742 421 42 
