table-0 238 586 183 668 
cell-0-0-0 238 586 45 35 
cell-0-0-1 283 586 45 35 
cell-0-0-2 328 586 45 35 
cell-0-0-3 373 586 45 35 
cell-0-1-0 238 631 45 35 
cell-0-1-1 283 631 45 35 
cell-0-1-2 328 631 45 35 
cell-0-1-3 373 631 45 35 
cell-0-2-0 238 676 45 35 
cell-0-2-1 283 676 45 35 
cell-0-2-2 328 676 45 35 
cell-0-2-3 373 676 45 35 
cell-0-3-0 238 721 45 35 
cell-0-3-1 283 721 45 35 
cell-0-3-2 328 721 45 35 
cell-0-3-3 373 721 45 35 
cell-0-4-0 238 766 45 35 
cell-0-4-1 283 766 45 35 
cell-0-4-2 328 766 45 35 
cell-0-4-3 373 766 45 35 
cell-0-5-0 238 811 45 35 
cell-0-5-1 283 811 45 35 
cell-0-5-2 328 811 45 35 
cell-0-5-3 373 811 45 35 
cell-0-6-0 238 856 45 35 
cell-0-6-1 283 856 45 35 
cell-0-6-2 328 856 45 35 
cell-0-6-3 373 856 45 35 
cell-0-7-0 238 901 45 35 
cell-0-7-1 283 901 45 35 
cell-0-7-2 328 901 45 35 
cell-0-7-3 373 901 45 35 
cell-0-8-0 238 946 45 35 
cell-0-8-1 283 946 45 35 
cell-0-8-2 328 946 45 35 
cell-0-8-3 373 946 45 35 
cell-0-9-0 238 991 45 35 
cell-0-9-1 283 991 45 35 
cell-0-9-2 328 991 45 35 
cell-0-9-3 373 991 45 35 
cell-0-10-0 238 1036 45 35 
cell-0-10-1 283 1036 45 35 
cell-0-10-2 328 1036 45 35 
cell-0-10-3 373 1036 45 35 
cell-0-11-0 238 1081 45 35 
cell-0-11-1 283 1081 45 35 
cell-0-11-2 328 1081 45 35 
cell-0-11-3 373 1081 45 35 
cell-0-12-0 238 1126 45 35 
cell-0-12-1 283 1126 45 35 
cell-0-12-2 328 1126 45 35 
cell-0-12-3 373 1126 45 35 
cell-0-13-0 238 1171 45 35 
cell-0-13-1 283 1171 45 35 
cell-0-13-2 328 1171 45 35 
cell-0-13-3 373 1171 45 35 
cell-0-14-0 238 1216 45 35 
cell-0-14-1 283 1216 45 35 
cell-0-14-2 328 1216 45 35 
cell-0-14-3 373 1216 45 35 
