table-0 65 591 738 331 
cell-0-1-0 65 591 36 35 
cell-0-1-1 104 591 36 35 
cell-0-1-2 143 591 36 35 
cell-0-1-3 182 591 36 35 
cell-0-1-4 221 591 36 35 
cell-0-1-5 260 591 36 35 
cell-0-1-6 299 591 36 35 
cell-0-1-7 338 591 36 35 
cell-0-1-8 377 591 36 35 
cell-0-1-9 416 591 36 35 
cell-0-1-10 455 591 36 35 
cell-0-1-11 494 591 36 35 
cell-0-1-12 533 591 36 35 
cell-0-1-13 572 591 36 35 
cell-0-1-14 611 591 36 35 
cell-0-1-15 650 591 36 35 
cell-0-1-16 689 591 36 35 
cell-0-1-17 728 591 36 35 
cell-0-1-18 767 591 36 35 
cell-0-2-0 65 633 36 35 
cell-0-2-1 104 633 36 35 
cell-0-2-2 143 633 36 35 
cell-0-2-3 182 633 36 35 
cell-0-2-4 221 633 36 35 
cell-0-2-5 260 633 36 35 
cell-0-2-6 299 633 36 35 
cell-0-2-7 338 633 36 35 
cell-0-2-8 377 633 36 35 
cell-0-2-9 416 633 36 35 
cell-0-2-10 455 633 36 35 
cell-0-2-11 494 633 36 35 
cell-0-2-12 533 633 36 35 
cell-0-2-13 572 633 36 35 
cell-0-2-14 611 633 36 35 
cell-0-2-15 650 633 36 35 
cell-0-2-16 689 633 36 35 
cell-0-2-17 728 633 36 35 
cell-0-2-18 767 633 36 35 
cell-0-3-0 65 675 36 35 
cell-0-3-1 104 675 36 35 
cell-0-3-2 143 675 36 35 
cell-0-3-3 182 675 36 35 
cell-0-3-4 221 675 36 35 
cell-0-3-5 260 675 36 35 
cell-0-3-6 299 675 36 35 
cell-0-3-7 338 675 36 35 
cell-0-3-8 377 675 36 35 
cell-0-3-9 416 675 36 35 
cell-0-3-10 455 675 36 35 
cell-0-3-11 494 675 36 35 
cell-0-3-12 533 675 36 35 
cell-0-3-13 572 675 36 35 
cell-0-3-14 611 675 36 35 
cell-0-3-15 650 675 36 35 
cell-0-3-16 689 675 36 35 
cell-0-3-17 728 675 36 35 
cell-0-3-18 767 675 36 35 
cell-0-4-0 65 717 36 35 
cell-0-4-1 104 717 36 35 
cell-0-4-2 143 717 36 35 
cell-0-4-3 182 717 36 35 
cell-0-4-4 221 717 36 35 
cell-0-4-5 260 717 36 35 
cell-0-4-6 299 717 36 35 
cell-0-4-7 338 717 36 35 
cell-0-4-8 377 717 36 35 
cell-0-4-9 416 717 36 35 
cell-0-4-10 455 717 36 35 
cell-0-4-11 494 717 36 35 
cell-0-4-12 533 717 36 35 
cell-0-4-13 572 717 36 35 
cell-0-4-14 611 717 36 35 
cell-0-4-15 650 717 36 35 
cell-0-4-16 689 717 36 35 
cell-0-4-17 728 717 36 35 
cell-0-4-18 767 717 36 35 
cell-0-5-0 65 759 36 35 
cell-0-5-1 104 759 36 35 
cell-0-5-2 143 759 36 35 
cell-0-5-3 182 759 36 35 
cell-0-5-4 221 759 36 35 
cell-0-5-5 260 759 36 35 
cell-0-5-6 299 759 36 35 
cell-0-5-7 338 759 36 35 
cell-0-5-8 377 759 36 35 
cell-0-5-9 416 759 36 35 
cell-0-5-10 455 759 36 35 
cell-0-5-11 494 759 36 35 
cell-0-5-12 533 759 36 35 
cell-0-5-13 572 759 36 35 
cell-0-5-14 611 759 36 35 
cell-0-5-15 650 759 36 35 
cell-0-5-16 689 759 36 35 
cell-0-5-17 728 759 36 35 
cell-0-5-18 767 759 36 35 
cell-0-6-0 65 801 36 35 
cell-0-6-1 104 801 36 35 
cell-0-6-2 143 801 36 35 
cell-0-6-3 182 801 36 35 
cell-0-6-4 221 801 36 35 
cell-0-6-5 260 801 36 35 
cell-0-6-6 299 801 36 35 
cell-0-6-7 338 801 36 35 
cell-0-6-8 377 801 36 35 
cell-0-6-9 416 801 36 35 
cell-0-6-10 455 801 36 35 
cell-0-6-11 494 801 36 35 
cell-0-6-12 533 801 36 35 
cell-0-6-13 572 801 36 35 
cell-0-6-14 611 801 36 35 
cell-0-6-15 650 801 36 35 
cell-0-6-16 689 801 36 35 
cell-0-6-17 728 801 36 35 
cell-0-6-18 767 801 36 35 
cell-0-7-0 65 843 36 35 
cell-0-7-1 104 843 36 35 
cell-0-7-2 143 843 36 35 
cell-0-7-3 182 843 36 35 
cell-0-7-4 221 843 36 35 
cell-0-7-5 260 843 36 35 
cell-0-7-6 299 843 36 35 
cell-0-7-7 338 843 36 35 
cell-0-7-8 377 843 36 35 
cell-0-7-9 416 843 36 35 
cell-0-7-10 455 843 36 35 
cell-0-7-11 494 843 36 35 
cell-0-7-12 533 843 36 35 
cell-0-7-13 572 843 36 35 
cell-0-7-14 611 843 36 35 
cell-0-7-15 650 843 36 35 
cell-0-7-16 689 843 36 35 
cell-0-7-17 728 843 36 35 
cell-0-7-18 767 843 36 35 
cell-0-8-0 65 885 36 35 
cell-0-8-1 104 885 36 35 
cell-0-8-2 143 885 36 35 
cell-0-8-3 182 885 36 35 
cell-0-8-4 221 885 36 35 
cell-0-8-5 260 885 36 35 
cell-0-8-6 299 885 36 35 
cell-0-8-7 338 885 36 35 
cell-0-8-8 377 885 36 35 
cell-0-8-9 416 885 36 35 
cell-0-8-10 455 885 36 35 
cell-0-8-11 494 885 36 35 
cell-0-8-12 533 885 36 35 
cell-0-8-13 572 885 36 35 
cell-0-8-14 611 885 36 35 
cell-0-8-15 650 885 36 35 
cell-0-8-16 689 885 36 35 
cell-0-8-17 728 885 36 35 
cell-0-8-18 767 885 36 35 
