table-0 178 752 612 416 
cell-0-1-0 178 752 38 35 
cell-0-1-1 219 752 38 35 
cell-0-1-2 260 752 38 35 
cell-0-1-3 301 752 38 35 
cell-0-1-4 342 752 38 35 
cell-0-1-5 383 752 38 35 
cell-0-1-6 424 752 38 35 
cell-0-1-7 465 752 38 35 
cell-0-1-8 506 752 38 35 
cell-0-1-9 547 752 38 35 
cell-0-1-10 588 752 38 35 
cell-0-1-11 629 752 38 35 
cell-0-1-12 670 752 38 35 
cell-0-1-13 711 752 38 35 
cell-0-1-14 752 752 38 35 
cell-0-2-0 178 794 38 35 
cell-0-2-1 219 794 38 35 
cell-0-2-2 260 794 38 35 
cell-0-2-3 301 794 38 35 
cell-0-2-4 342 794 38 35 
cell-0-2-5 383 794 38 35 
cell-0-2-6 424 794 38 35 
cell-0-2-7 465 794 38 35 
cell-0-2-8 506 794 38 35 
cell-0-2-9 547 794 38 35 
cell-0-2-10 588 794 38 35 
cell-0-2-11 629 794 38 35 
cell-0-2-12 670 794 38 35 
cell-0-2-13 711 794 38 35 
cell-0-2-14 752 794 38 35 
cell-0-3-0 178 836 38 35 
cell-0-3-1 219 836 38 35 
cell-0-3-2 260 836 38 35 
cell-0-3-3 301 836 38 35 
cell-0-3-4 342 836 38 35 
cell-0-3-5 383 836 38 35 
cell-0-3-6 424 836 38 35 
cell-0-3-7 465 836 38 35 
cell-0-3-8 506 836 38 35 
cell-0-3-9 547 836 38 35 
cell-0-3-10 588 836 38 35 
cell-0-3-11 629 836 38 35 
cell-0-3-12 670 836 38 35 
cell-0-3-13 711 836 38 35 
cell-0-3-14 752 836 38 35 
cell-0-4-0 178 878 38 35 
cell-0-4-1 219 878 38 35 
cell-0-4-2 260 878 38 35 
cell-0-4-3 301 878 38 35 
cell-0-4-4 342 878 38 35 
cell-0-4-5 383 878 38 35 
cell-0-4-6 424 878 38 35 
cell-0-4-7 465 878 38 35 
cell-0-4-8 506 878 38 35 
cell-0-4-9 547 878 38 35 
cell-0-4-10 588 878 38 35 
cell-0-4-11 629 878 38 35 
cell-0-4-12 670 878 38 35 
cell-0-4-13 711 878 38 35 
cell-0-4-14 752 878 38 35 
cell-0-5-0 178 920 38 35 
cell-0-5-1 219 920 38 35 
cell-0-5-2 260 920 38 35 
cell-0-5-3 301 920 38 35 
cell-0-5-4 342 920 38 35 
cell-0-5-5 383 920 38 35 
cell-0-5-6 424 920 38 35 
cell-0-5-7 465 920 38 35 
cell-0-5-8 506 920 38 35 
cell-0-5-9 547 920 38 35 
cell-0-5-10 588 920 38 35 
cell-0-5-11 629 920 38 35 
cell-0-5-12 670 920 38 35 
cell-0-5-13 711 920 38 35 
cell-0-5-14 752 920 38 35 
cell-0-6-0 178 962 38 35 
cell-0-6-1 219 962 38 35 
cell-0-6-2 260 962 38 35 
cell-0-6-3 301 962 38 35 
cell-0-6-4 342 962 38 35 
cell-0-6-5 383 962 38 35 
cell-0-6-6 424 962 38 35 
cell-0-6-7 465 962 38 35 
cell-0-6-8 506 962 38 35 
cell-0-6-9 547 962 38 35 
cell-0-6-10 588 962 38 35 
cell-0-6-11 629 962 38 35 
cell-0-6-12 670 962 38 35 
cell-0-6-13 711 962 38 35 
cell-0-6-14 752 962 38 35 
cell-0-7-0 178 1004 38 35 
cell-0-7-1 219 1004 38 35 
cell-0-7-2 260 1004 38 35 
cell-0-7-3 301 1004 38 35 
cell-0-7-4 342 1004 38 35 
cell-0-7-5 383 1004 38 35 
cell-0-7-6 424 1004 38 35 
cell-0-7-7 465 1004 38 35 
cell-0-7-8 506 1004 38 35 
cell-0-7-9 547 1004 38 35 
cell-0-7-10 588 1004 38 35 
cell-0-7-11 629 1004 38 35 
cell-0-7-12 670 1004 38 35 
cell-0-7-13 711 1004 38 35 
cell-0-7-14 752 1004 38 35 
cell-0-8-0 178 1046 38 35 
cell-0-8-1 219 1046 38 35 
cell-0-8-2 260 1046 38 35 
cell-0-8-3 301 1046 38 35 
cell-0-8-4 342 1046 38 35 
cell-0-8-5 383 1046 38 35 
cell-0-8-6 424 1046 38 35 
cell-0-8-7 465 1046 38 35 
cell-0-8-8 506 1046 38 35 
cell-0-8-9 547 1046 38 35 
cell-0-8-10 588 1046 38 35 
cell-0-8-11 629 1046 38 35 
cell-0-8-12 670 1046 38 35 
cell-0-8-13 711 1046 38 35 
cell-0-8-14 752 1046 38 35 
cell-0-9-0 178 1088 38 35 
cell-0-9-1 219 1088 38 35 
cell-0-9-2 260 1088 38 35 
cell-0-9-3 301 1088 38 35 
cell-0-9-4 342 1088 38 35 
cell-0-9-5 383 1088 38 35 
cell-0-9-6 424 1088 38 35 
cell-0-9-7 465 1088 38 35 
cell-0-9-8 506 1088 38 35 
cell-0-9-9 547 1088 38 35 
cell-0-9-10 588 1088 38 35 
cell-0-9-11 629 1088 38 35 
cell-0-9-12 670 1088 38 35 
cell-0-9-13 711 1088 38 35 
cell-0-9-14 752 1088 38 35 
cell-0-10-0 178 1130 38 35 
cell-0-10-1 219 1130 38 35 
cell-0-10-2 260 1130 38 35 
cell-0-10-3 301 1130 38 35 
cell-0-10-4 342 1130 38 35 
cell-0-10-5 383 1130 38 35 
cell-0-10-6 424 1130 38 35 
cell-0-10-7 465 1130 38 35 
cell-0-10-8 506 1130 38 35 
cell-0-10-9 547 1130 38 35 
cell-0-10-10 588 1130 38 35 
cell-0-10-11 629 1130 38 35 
cell-0-10-12 670 1130 38 35 
cell-0-10-13 711 1130 38 35 
cell-0-10-14 752 1130 38 35 
