header-0 134 1192 836 193 
row-1-1 134 1192 331 40 
row-1-2 485 1192 331 40 
row-2-1 134 1242 364 40 
row-2-2 518 1242 445 40 
row-3-1 134 1292 727 40 
row-4-1 134 1342 496 40 
table-1 117 568 900 370 
cell-1-0-0 117 568 225 51 
cell-1-0-1 342 568 225 51 
cell-1-0-2 567 568 225 51 
cell-1-0-3 792 568 225 51 
cell-1-1-0 117 621 225 51 
cell-1-1-1 342 621 225 51 
cell-1-1-2 567 621 225 51 
cell-1-1-3 792 621 225 51 
cell-1-2-0 117 674 225 51 
cell-1-2-1 342 674 225 51 
cell-1-2-2 567 674 225 51 
cell-1-2-3 792 674 225 51 
cell-1-3-0 117 727 225 51 
cell-1-3-1 342 727 225 51 
cell-1-3-2 567 727 225 51 
cell-1-3-3 792 727 225 51 
cell-1-4-0 117 780 225 51 
cell-1-4-1 342 780 225 51 
cell-1-4-2 567 780 225 51 
cell-1-4-3 792 780 225 51 
cell-1-5-0 117 833 225 51 
cell-1-5-1 342 833 225 51 
cell-1-5-2 567 833 225 51 
cell-1-5-3 792 833 225 51 
cell-1-6-0 117 886 225 51 
cell-1-6-1 342 886 225 51 
cell-1-6-2 567 886 225 51 
cell-1-6-3 792 886 225 51 
