table-0 338 620 183 544 
cell-0-0-0 338 620 45 35 
cell-0-0-1 383 620 45 35 
cell-0-0-2 428 620 45 35 
cell-0-0-3 473 620 45 35 
cell-0-1-0 338 666 45 35 
cell-0-1-1 383 666 45 35 
cell-0-1-2 428 666 45 35 
cell-0-1-3 473 666 45 35 
cell-0-2-0 338 712 45 35 
cell-0-2-1 383 712 45 35 
cell-0-2-2 428 712 45 35 
cell-0-2-3 473 712 45 35 
cell-0-3-0 338 758 45 35 
cell-0-3-1 383 758 45 35 
cell-0-3-2 428 758 45 35 
cell-0-3-3 473 758 45 35 
cell-0-4-0 338 804 45 35 
cell-0-4-1 383 804 45 35 
cell-0-4-2 428 804 45 35 
cell-0-4-3 473 804 45 35 
cell-0-5-0 338 850 45 35 
cell-0-5-1 383 850 45 35 
cell-0-5-2 428 850 45 35 
cell-0-5-3 473 850 45 35 
cell-0-6-0 338 896 45 35 
cell-0-6-1 383 896 45 35 
cell-0-6-2 428 896 45 35 
cell-0-6-3 473 896 45 35 
cell-0-7-0 338 942 45 35 
cell-0-7-1 383 942 45 35 
cell-0-7-2 428 942 45 35 
cell-0-7-3 473 942 45 35 
cell-0-8-0 338 988 45 35 
cell-0-8-1 383 988 45 35 
cell-0-8-2 428 988 45 35 
cell-0-8-3 473 988 45 35 
cell-0-9-0 338 1034 45 35 
cell-0-9-1 383 1034 45 35 
cell-0-9-2 428 1034 45 35 
cell-0-9-3 473 1034 45 35 
cell-0-10-0 338 1080 45 35 
cell-0-10-1 383 1080 45 35 
cell-0-10-2 428 1080 45 35 
cell-0-10-3 473 1080 45 35 
cell-0-11-0 338 1126 45 35 
cell-0-11-1 383 1126 45 35 
cell-0-11-2 428 1126 45 35 
cell-0-11-3 473 1126 45 35 
header-1 119 185 794 195 
row-1-1 119 185 361 41 
row-1-2 500 185 328 41 
row-2-1 119 236 295 41 
row-2-2 434 236 448 41 
row-3-1 119 287 757 41 
row-4-1 119 338 790 41 
table-4 710 1053 273 353 
cell-4-0-0 710 1053 45 35 
cell-4-0-1 755 1053 45 35 
cell-4-0-2 800 1053 45 35 
cell-4-0-3 845 1053 45 35 
cell-4-0-4 890 1053 45 35 
cell-4-0-5 935 1053 45 35 
cell-4-1-0 710 1088 45 35 
cell-4-1-1 755 1088 45 35 
cell-4-1-2 800 1088 45 35 
cell-4-1-3 845 1088 45 35 
cell-4-1-4 890 1088 45 35 
cell-4-1-5 935 1088 45 35 
cell-4-2-0 710 1123 45 35 
cell-4-2-1 755 1123 45 35 
cell-4-2-2 800 1123 45 35 
cell-4-2-3 845 1123 45 35 
cell-4-2-4 890 1123 45 35 
cell-4-2-5 935 1123 45 35 
cell-4-3-0 710 1158 45 35 
cell-4-3-1 755 1158 45 35 
cell-4-3-2 800 1158 45 35 
cell-4-3-3 845 1158 45 35 
cell-4-3-4 890 1158 45 35 
cell-4-3-5 935 1158 45 35 
cell-4-4-0 710 1193 45 35 
cell-4-4-1 755 1193 45 35 
cell-4-4-2 800 1193 45 35 
cell-4-4-3 845 1193 45 35 
cell-4-4-4 890 1193 45 35 
cell-4-4-5 935 1193 45 35 
cell-4-5-0 710 1228 45 35 
cell-4-5-1 755 1228 45 35 
cell-4-5-2 800 1228 45 35 
cell-4-5-3 845 1228 45 35 
cell-4-5-4 890 1228 45 35 
cell-4-5-5 935 1228 45 35 
cell-4-6-0 710 1263 45 35 
cell-4-6-1 755 1263 45 35 
cell-4-6-2 800 1263 45 35 
cell-4-6-3 845 1263 45 35 
cell-4-6-4 890 1263 45 35 
cell-4-6-5 935 1263 45 35 
cell-4-7-0 710 1298 45 35 
cell-4-7-1 755 1298 45 35 
cell-4-7-2 800 1298 45 35 
cell-4-7-3 845 1298 45 35 
cell-4-7-4 890 1298 45 35 
cell-4-7-5 935 1298 45 35 
cell-4-8-0 710 1333 45 35 
cell-4-8-1 755 1333 45 35 
cell-4-8-2 800 1333 45 35 
cell-4-8-3 845 1333 45 35 
cell-4-8-4 890 1333 45 35 
cell-4-8-5 935 1333 45 35 
cell-4-9-0 710 1368 45 35 
cell-4-9-1 755 1368 45 35 
cell-4-9-2 800 1368 45 35 
cell-4-9-3 845 1368 45 35 
cell-4-9-4 890 1368 45 35 
cell-4-9-5 935 1368 45 35 
