table-0 277 210 668 548 
cell-0-1-0 277 210 35 35 
cell-0-1-1 312 210 35 35 
cell-0-1-2 347 210 35 35 
cell-0-1-3 382 210 35 35 
cell-0-1-4 417 210 35 35 
cell-0-1-5 452 210 35 35 
cell-0-1-6 487 210 35 35 
cell-0-1-7 522 210 35 35 
cell-0-1-8 557 210 35 35 
cell-0-1-9 592 210 35 35 
cell-0-1-10 627 210 35 35 
cell-0-1-11 662 210 35 35 
cell-0-1-12 697 210 35 35 
cell-0-1-13 732 210 35 35 
cell-0-1-14 767 210 35 35 
cell-0-1-15 802 210 35 35 
cell-0-1-16 837 210 35 35 
cell-0-1-17 872 210 35 35 
cell-0-1-18 907 210 35 35 
cell-0-2-0 277 261 35 35 
cell-0-2-1 312 261 35 35 
cell-0-2-2 347 261 35 35 
cell-0-2-3 382 261 35 35 
cell-0-2-4 417 261 35 35 
cell-0-2-5 452 261 35 35 
cell-0-2-6 487 261 35 35 
cell-0-2-7 522 261 35 35 
cell-0-2-8 557 261 35 35 
cell-0-2-9 592 261 35 35 
cell-0-2-10 627 261 35 35 
cell-0-2-11 662 261 35 35 
cell-0-2-12 697 261 35 35 
cell-0-2-13 732 261 35 35 
cell-0-2-14 767 261 35 35 
cell-0-2-15 802 261 35 35 
cell-0-2-16 837 261 35 35 
cell-0-2-17 872 261 35 35 
cell-0-2-18 907 261 35 35 
cell-0-3-0 277 312 35 35 
cell-0-3-1 312 312 35 35 
cell-0-3-2 347 312 35 35 
cell-0-3-3 382 312 35 35 
cell-0-3-4 417 312 35 35 
cell-0-3-5 452 312 35 35 
cell-0-3-6 487 312 35 35 
cell-0-3-7 522 312 35 35 
cell-0-3-8 557 312 35 35 
cell-0-3-9 592 312 35 35 
cell-0-3-10 627 312 35 35 
cell-0-3-11 662 312 35 35 
cell-0-3-12 697 312 35 35 
cell-0-3-13 732 312 35 35 
cell-0-3-14 767 312 35 35 
cell-0-3-15 802 312 35 35 
cell-0-3-16 837 312 35 35 
cell-0-3-17 872 312 35 35 
cell-0-3-18 907 312 35 35 
cell-0-4-0 277 363 35 35 
cell-0-4-1 312 363 35 35 
cell-0-4-2 347 363 35 35 
cell-0-4-3 382 363 35 35 
cell-0-4-4 417 363 35 35 
cell-0-4-5 452 363 35 35 
cell-0-4-6 487 363 35 35 
cell-0-4-7 522 363 35 35 
cell-0-4-8 557 363 35 35 
cell-0-4-9 592 363 35 35 
cell-0-4-10 627 363 35 35 
cell-0-4-11 662 363 35 35 
cell-0-4-12 697 363 35 35 
cell-0-4-13 732 363 35 35 
cell-0-4-14 767 363 35 35 
cell-0-4-15 802 363 35 35 
cell-0-4-16 837 363 35 35 
cell-0-4-17 872 363 35 35 
cell-0-4-18 907 363 35 35 
cell-0-5-0 277 414 35 35 
cell-0-5-1 312 414 35 35 
cell-0-5-2 347 414 35 35 
cell-0-5-3 382 414 35 35 
cell-0-5-4 417 414 35 35 
cell-0-5-5 452 414 35 35 
cell-0-5-6 487 414 35 35 
cell-0-5-7 522 414 35 35 
cell-0-5-8 557 414 35 35 
cell-0-5-9 592 414 35 35 
cell-0-5-10 627 414 35 35 
cell-0-5-11 662 414 35 35 
cell-0-5-12 697 414 35 35 
cell-0-5-13 732 414 35 35 
cell-0-5-14 767 414 35 35 
cell-0-5-15 802 414 35 35 
cell-0-5-16 837 414 35 35 
cell-0-5-17 872 414 35 35 
cell-0-5-18 907 414 35 35 
cell-0-6-0 277 465 35 35 
cell-0-6-1 312 465 35 35 
cell-0-6-2 347 465 35 35 
cell-0-6-3 382 465 35 35 
cell-0-6-4 417 465 35 35 
cell-0-6-5 452 465 35 35 
cell-0-6-6 487 465 35 35 
cell-0-6-7 522 465 35 35 
cell-0-6-8 557 465 35 35 
cell-0-6-9 592 465 35 35 
cell-0-6-10 627 465 35 35 
cell-0-6-11 662 465 35 35 
cell-0-6-12 697 465 35 35 
cell-0-6-13 732 465 35 35 
cell-0-6-14 767 465 35 35 
cell-0-6-15 802 465 35 35 
cell-0-6-16 837 465 35 35 
cell-0-6-17 872 465 35 35 
cell-0-6-18 907 465 35 35 
cell-0-7-0 277 516 35 35 
cell-0-7-1 312 516 35 35 
cell-0-7-2 347 516 35 35 
cell-0-7-3 382 516 35 35 
cell-0-7-4 417 516 35 35 
cell-0-7-5 452 516 35 35 
cell-0-7-6 487 516 35 35 
cell-0-7-7 522 516 35 35 
cell-0-7-8 557 516 35 35 
cell-0-7-9 592 516 35 35 
cell-0-7-10 627 516 35 35 
cell-0-7-11 662 516 35 35 
cell-0-7-12 697 516 35 35 
cell-0-7-13 732 516 35 35 
cell-0-7-14 767 516 35 35 
cell-0-7-15 802 516 35 35 
cell-0-7-16 837 516 35 35 
cell-0-7-17 872 516 35 35 
cell-0-7-18 907 516 35 35 
cell-0-8-0 277 567 35 35 
cell-0-8-1 312 567 35 35 
cell-0-8-2 347 567 35 35 
cell-0-8-3 382 567 35 35 
cell-0-8-4 417 567 35 35 
cell-0-8-5 452 567 35 35 
cell-0-8-6 487 567 35 35 
cell-0-8-7 522 567 35 35 
cell-0-8-8 557 567 35 35 
cell-0-8-9 592 567 35 35 
cell-0-8-10 627 567 35 35 
cell-0-8-11 662 567 35 35 
cell-0-8-12 697 567 35 35 
cell-0-8-13 732 567 35 35 
cell-0-8-14 767 567 35 35 
cell-0-8-15 802 567 35 35 
cell-0-8-16 837 567 35 35 
cell-0-8-17 872 567 35 35 
cell-0-8-18 907 567 35 35 
cell-0-9-0 277 618 35 35 
cell-0-9-1 312 618 35 35 
cell-0-9-2 347 618 35 35 
cell-0-9-3 382 618 35 35 
cell-0-9-4 417 618 35 35 
cell-0-9-5 452 618 35 35 
cell-0-9-6 487 618 35 35 
cell-0-9-7 522 618 35 35 
cell-0-9-8 557 618 35 35 
cell-0-9-9 592 618 35 35 
cell-0-9-10 627 618 35 35 
cell-0-9-11 662 618 35 35 
cell-0-9-12 697 618 35 35 
cell-0-9-13 732 618 35 35 
cell-0-9-14 767 618 35 35 
cell-0-9-15 802 618 35 35 
cell-0-9-16 837 618 35 35 
cell-0-9-17 872 618 35 35 
cell-0-9-18 907 618 35 35 
cell-0-10-0 277 669 35 35 
cell-0-10-1 312 669 35 35 
cell-0-10-2 347 669 35 35 
cell-0-10-3 382 669 35 35 
cell-0-10-4 417 669 35 35 
cell-0-10-5 452 669 35 35 
cell-0-10-6 487 669 35 35 
cell-0-10-7 522 669 35 35 
cell-0-10-8 557 669 35 35 
cell-0-10-9 592 669 35 35 
cell-0-10-10 627 669 35 35 
cell-0-10-11 662 669 35 35 
cell-0-10-12 697 669 35 35 
cell-0-10-13 732 669 35 35 
cell-0-10-14 767 669 35 35 
cell-0-10-15 802 669 35 35 
cell-0-10-16 837 669 35 35 
cell-0-10-17 872 669 35 35 
cell-0-10-18 907 669 35 35 
cell-0-11-0 277 720 35 35 
cell-0-11-1 312 720 35 35 
cell-0-11-2 347 720 35 35 
cell-0-11-3 382 720 35 35 
cell-0-11-4 417 720 35 35 
cell-0-11-5 452 720 35 35 
cell-0-11-6 487 720 35 35 
cell-0-11-7 522 720 35 35 
cell-0-11-8 557 720 35 35 
cell-0-11-9 592 720 35 35 
cell-0-11-10 627 720 35 35 
cell-0-11-11 662 720 35 35 
cell-0-11-12 697 720 35 35 
cell-0-11-13 732 720 35 35 
cell-0-11-14 767 720 35 35 
cell-0-11-15 802 720 35 35 
cell-0-11-16 837 720 35 35 
cell-0-11-17 872 720 35 35 
cell-0-11-18 907 720 35 35 
header-2 129 1014 891 193 
row-1-1 129 1014 296 40 
row-1-2 445 1014 329 40 
row-2-1 129 1064 395 40 
row-2-2 544 1064 468 40 
row-3-1 129 1114 527 40 
row-4-1 129 1164 725 40 
