table-0 257 930 700 516 
cell-0-0-0 257 930 100 38 
cell-0-0-1 357 930 100 38 
cell-0-0-2 457 930 100 38 
cell-0-0-3 557 930 100 38 
cell-0-0-4 657 930 100 38 
cell-0-0-5 757 930 100 38 
cell-0-0-6 857 930 100 38 
cell-0-1-0 257 983 100 38 
cell-0-1-1 357 983 100 38 
cell-0-1-2 457 983 100 38 
cell-0-1-3 557 983 100 38 
cell-0-1-4 657 983 100 38 
cell-0-1-5 757 983 100 38 
cell-0-1-6 857 983 100 38 
cell-0-2-0 257 1036 100 38 
cell-0-2-1 357 1036 100 38 
cell-0-2-2 457 1036 100 38 
cell-0-2-3 557 1036 100 38 
cell-0-2-4 657 1036 100 38 
cell-0-2-5 757 1036 100 38 
cell-0-2-6 857 1036 100 38 
cell-0-3-0 257 1089 100 38 
cell-0-3-1 357 1089 100 38 
cell-0-3-2 457 1089 100 38 
cell-0-3-3 557 1089 100 38 
cell-0-3-4 657 1089 100 38 
cell-0-3-5 757 1089 100 38 
cell-0-3-6 857 1089 100 38 
cell-0-4-0 257 1142 100 38 
cell-0-4-1 357 1142 100 38 
cell-0-4-2 457 1142 100 38 
cell-0-4-3 557 1142 100 38 
cell-0-4-4 657 1142 100 38 
cell-0-4-5 757 1142 100 38 
cell-0-4-6 857 1142 100 38 
cell-0-5-0 257 1195 100 38 
cell-0-5-1 357 1195 100 38 
cell-0-5-2 457 1195 100 38 
cell-0-5-3 557 1195 100 38 
cell-0-5-4 657 1195 100 38 
cell-0-5-5 757 1195 100 38 
cell-0-5-6 857 1195 100 38 
cell-0-6-0 257 1248 100 38 
cell-0-6-1 357 1248 100 38 
cell-0-6-2 457 1248 100 38 
cell-0-6-3 557 1248 100 38 
cell-0-6-4 657 1248 100 38 
cell-0-6-5 757 1248 100 38 
cell-0-6-6 857 1248 100 38 
cell-0-7-0 257 1301 100 38 
cell-0-7-1 357 1301 100 38 
cell-0-7-2 457 1301 100 38 
cell-0-7-3 557 1301 100 38 
cell-0-7-4 657 1301 100 38 
cell-0-7-5 757 1301 100 38 
cell-0-7-6 857 1301 100 38 
cell-0-8-0 257 1354 100 38 
cell-0-8-1 357 1354 100 38 
cell-0-8-2 457 1354 100 38 
cell-0-8-3 557 1354 100 38 
cell-0-8-4 657 1354 100 38 
cell-0-8-5 757 1354 100 38 
cell-0-8-6 857 1354 100 38 
cell-0-9-0 257 1407 100 38 
cell-0-9-1 357 1407 100 38 
cell-0-9-2 457 1407 100 38 
cell-0-9-3 557 1407 100 38 
cell-0-9-4 657 1407 100 38 
cell-0-9-5 757 1407 100 38 
cell-0-9-6 857 1407 100 38 
table-1 351 127 273 623 
cell-1-0-0 351 127 45 35 
cell-1-0-1 396 127 45 35 
cell-1-0-2 441 127 45 35 
cell-1-0-3 486 127 45 35 
cell-1-0-4 531 127 45 35 
cell-1-0-5 576 127 45 35 
cell-1-1-0 351 172 45 35 
cell-1-1-1 396 172 45 35 
cell-1-1-2 441 172 45 35 
cell-1-1-3 486 172 45 35 
cell-1-1-4 531 172 45 35 
cell-1-1-5 576 172 45 35 
cell-1-2-0 351 217 45 35 
cell-1-2-1 396 217 45 35 
cell-1-2-2 441 217 45 35 
cell-1-2-3 486 217 45 35 
cell-1-2-4 531 217 45 35 
cell-1-2-5 576 217 45 35 
cell-1-3-0 351 262 45 35 
cell-1-3-1 396 262 45 35 
cell-1-3-2 441 262 45 35 
cell-1-3-3 486 262 45 35 
cell-1-3-4 531 262 45 35 
cell-1-3-5 576 262 45 35 
cell-1-4-0 351 307 45 35 
cell-1-4-1 396 307 45 35 
cell-1-4-2 441 307 45 35 
cell-1-4-3 486 307 45 35 
cell-1-4-4 531 307 45 35 
cell-1-4-5 576 307 45 35 
cell-1-5-0 351 352 45 35 
cell-1-5-1 396 352 45 35 
cell-1-5-2 441 352 45 35 
cell-1-5-3 486 352 45 35 
cell-1-5-4 531 352 45 35 
cell-1-5-5 576 352 45 35 
cell-1-6-0 351 397 45 35 
cell-1-6-1 396 397 45 35 
cell-1-6-2 441 397 45 35 
cell-1-6-3 486 397 45 35 
cell-1-6-4 531 397 45 35 
cell-1-6-5 576 397 45 35 
cell-1-7-0 351 442 45 35 
cell-1-7-1 396 442 45 35 
cell-1-7-2 441 442 45 35 
cell-1-7-3 486 442 45 35 
cell-1-7-4 531 442 45 35 
cell-1-7-5 576 442 45 35 
cell-1-8-0 351 487 45 35 
cell-1-8-1 396 487 45 35 
cell-1-8-2 441 487 45 35 
cell-1-8-3 486 487 45 35 
cell-1-8-4 531 487 45 35 
cell-1-8-5 576 487 45 35 
cell-1-9-0 351 532 45 35 
cell-1-9-1 396 532 45 35 
cell-1-9-2 441 532 45 35 
cell-1-9-3 486 532 45 35 
cell-1-9-4 531 532 45 35 
cell-1-9-5 576 532 45 35 
cell-1-10-0 351 577 45 35 
cell-1-10-1 396 577 45 35 
cell-1-10-2 441 577 45 35 
cell-1-10-3 486 577 45 35 
cell-1-10-4 531 577 45 35 
cell-1-10-5 576 577 45 35 
cell-1-11-0 351 622 45 35 
cell-1-11-1 396 622 45 35 
cell-1-11-2 441 622 45 35 
cell-1-11-3 486 622 45 35 
cell-1-11-4 531 622 45 35 
cell-1-11-5 576 622 45 35 
cell-1-12-0 351 667 45 35 
cell-1-12-1 396 667 45 35 
cell-1-12-2 441 667 45 35 
cell-1-12-3 486 667 45 35 
cell-1-12-4 531 667 45 35 
cell-1-12-5 576 667 45 35 
cell-1-13-0 351 712 45 35 
cell-1-13-1 396 712 45 35 
cell-1-13-2 441 712 45 35 
cell-1-13-3 486 712 45 35 
cell-1-13-4 531 712 45 35 
cell-1-13-5 576 712 45 35 
