table-0 282 358 714 556 
cell-0-0-0 282 358 44 43 
cell-0-0-1 326 358 44 43 
cell-0-0-2 370 358 44 43 
cell-0-0-3 414 358 44 43 
cell-0-0-4 458 358 44 43 
cell-0-0-5 502 358 490 43 
cell-0-1-0 282 409 44 43 
cell-0-1-1 326 409 44 43 
cell-0-1-2 370 409 44 43 
cell-0-1-3 414 409 44 43 
cell-0-1-4 458 409 44 43 
cell-0-1-5 502 409 490 43 
cell-0-2-0 282 460 44 43 
cell-0-2-1 326 460 44 43 
cell-0-2-2 370 460 44 43 
cell-0-2-3 414 460 44 43 
cell-0-2-4 458 460 44 43 
cell-0-2-5 502 460 490 43 
cell-0-3-0 282 511 44 43 
cell-0-3-1 326 511 44 43 
cell-0-3-2 370 511 44 43 
cell-0-3-3 414 511 44 43 
cell-0-3-4 458 511 44 43 
cell-0-3-5 502 511 490 43 
cell-0-4-0 282 562 44 43 
cell-0-4-1 326 562 44 43 
cell-0-4-2 370 562 44 43 
cell-0-4-3 414 562 44 43 
cell-0-4-4 458 562 44 43 
cell-0-4-5 502 562 490 43 
cell-0-5-0 282 613 44 43 
cell-0-5-1 326 613 44 43 
cell-0-5-2 370 613 44 43 
cell-0-5-3 414 613 44 43 
cell-0-5-4 458 613 44 43 
cell-0-5-5 502 613 490 43 
cell-0-6-0 282 664 44 43 
cell-0-6-1 326 664 44 43 
cell-0-6-2 370 664 44 43 
cell-0-6-3 414 664 44 43 
cell-0-6-4 458 664 44 43 
cell-0-6-5 502 664 490 43 
cell-0-7-0 282 715 44 43 
cell-0-7-1 326 715 44 43 
cell-0-7-2 370 715 44 43 
cell-0-7-3 414 715 44 43 
cell-0-7-4 458 715 44 43 
cell-0-7-5 502 715 490 43 
cell-0-8-0 282 766 44 43 
cell-0-8-1 326 766 44 43 
cell-0-8-2 370 766 44 43 
cell-0-8-3 414 766 44 43 
cell-0-8-4 458 766 44 43 
cell-0-8-5 502 766 490 43 
cell-0-9-0 282 817 44 43 
cell-0-9-1 326 817 44 43 
cell-0-9-2 370 817 44 43 
cell-0-9-3 414 817 44 43 
cell-0-9-4 458 817 44 43 
cell-0-9-5 502 817 490 43 
cell-0-10-0 282 868 44 43 
cell-0-10-1 326 868 44 43 
cell-0-10-2 370 868 44 43 
cell-0-10-3 414 868 44 43 
cell-0-10-4 458 868 44 43 
cell-0-10-5 502 868 490 43 
