table-0 60 502 1000 347 
cell-0-0-0 60 502 111 39 
cell-0-0-1 171 502 111 39 
cell-0-0-2 282 502 111 39 
cell-0-0-3 393 502 111 39 
cell-0-0-4 504 502 111 39 
cell-0-0-5 615 502 111 39 
cell-0-0-6 726 502 111 39 
cell-0-0-7 837 502 111 39 
cell-0-0-8 948 502 111 39 
cell-0-1-0 60 553 111 39 
cell-0-1-1 171 553 111 39 
cell-0-1-2 282 553 111 39 
cell-0-1-3 393 553 111 39 
cell-0-1-4 504 553 111 39 
cell-0-1-5 615 553 111 39 
cell-0-1-6 726 553 111 39 
cell-0-1-7 837 553 111 39 
cell-0-1-8 948 553 111 39 
cell-0-2-0 60 604 111 39 
cell-0-2-1 171 604 111 39 
cell-0-2-2 282 604 111 39 
cell-0-2-3 393 604 111 39 
cell-0-2-4 504 604 111 39 
cell-0-2-5 615 604 111 39 
cell-0-2-6 726 604 111 39 
cell-0-2-7 837 604 111 39 
cell-0-2-8 948 604 111 39 
cell-0-3-0 60 655 111 39 
cell-0-3-1 171 655 111 39 
cell-0-3-2 282 655 111 39 
cell-0-3-3 393 655 111 39 
cell-0-3-4 504 655 111 39 
cell-0-3-5 615 655 111 39 
cell-0-3-6 726 655 111 39 
cell-0-3-7 837 655 111 39 
cell-0-3-8 948 655 111 39 
cell-0-4-0 60 706 111 39 
cell-0-4-1 171 706 111 39 
cell-0-4-2 282 706 111 39 
cell-0-4-3 393 706 111 39 
cell-0-4-4 504 706 111 39 
cell-0-4-5 615 706 111 39 
cell-0-4-6 726 706 111 39 
cell-0-4-7 837 706 111 39 
cell-0-4-8 948 706 111 39 
cell-0-5-0 60 757 111 39 
cell-0-5-1 171 757 111 39 
cell-0-5-2 282 757 111 39 
cell-0-5-3 393 757 111 39 
cell-0-5-4 504 757 111 39 
cell-0-5-5 615 757 111 39 
cell-0-5-6 726 757 111 39 
cell-0-5-7 837 757 111 39 
cell-0-5-8 948 757 111 39 
cell-0-6-0 60 808 111 39 
cell-0-6-1 171 808 111 39 
cell-0-6-2 282 808 111 39 
cell-0-6-3 393 808 111 39 
cell-0-6-4 504 808 111 39 
cell-0-6-5 615 808 111 39 
cell-0-6-6 726 808 111 39 
cell-0-6-7 837 808 111 39 
cell-0-6-8 948 808 111 39 
