table-0 292 82 500 437 
cell-0-0-0 292 82 125 38 
cell-0-0-1 417 82 125 38 
cell-0-0-2 542 82 125 38 
cell-0-0-3 667 82 125 38 
cell-0-1-0 292 126 125 38 
cell-0-1-1 417 126 125 38 
cell-0-1-2 542 126 125 38 
cell-0-1-3 667 126 125 38 
cell-0-2-0 292 170 125 38 
cell-0-2-1 417 170 125 38 
cell-0-2-2 542 170 125 38 
cell-0-2-3 667 170 125 38 
cell-0-3-0 292 214 125 38 
cell-0-3-1 417 214 125 38 
cell-0-3-2 542 214 125 38 
cell-0-3-3 667 214 125 38 
cell-0-4-0 292 258 125 38 
cell-0-4-1 417 258 125 38 
cell-0-4-2 542 258 125 38 
cell-0-4-3 667 258 125 38 
cell-0-5-0 292 302 125 38 
cell-0-5-1 417 302 125 38 
cell-0-5-2 542 302 125 38 
cell-0-5-3 667 302 125 38 
cell-0-6-0 292 346 125 38 
cell-0-6-1 417 346 125 38 
cell-0-6-2 542 346 125 38 
cell-0-6-3 667 346 125 38 
cell-0-7-0 292 390 125 38 
cell-0-7-1 417 390 125 38 
cell-0-7-2 542 390 125 38 
cell-0-7-3 667 390 125 38 
cell-0-8-0 292 434 125 38 
cell-0-8-1 417 434 125 38 
cell-0-8-2 542 434 125 38 
cell-0-8-3 667 434 125 38 
cell-0-9-0 292 478 125 38 
cell-0-9-1 417 478 125 38 
cell-0-9-2 542 478 125 38 
cell-0-9-3 667 478 125 38 
