table-0 356 1007 600 343 
cell-0-0-0 356 1007 100 41 
cell-0-0-1 456 1007 100 41 
cell-0-0-2 556 1007 100 41 
cell-0-0-3 656 1007 100 41 
cell-0-0-4 756 1007 100 41 
cell-0-0-5 856 1007 100 41 
cell-0-1-0 356 1057 100 41 
cell-0-1-1 456 1057 100 41 
cell-0-1-2 556 1057 100 41 
cell-0-1-3 656 1057 100 41 
cell-0-1-4 756 1057 100 41 
cell-0-1-5 856 1057 100 41 
cell-0-2-0 356 1107 100 41 
cell-0-2-1 456 1107 100 41 
cell-0-2-2 556 1107 100 41 
cell-0-2-3 656 1107 100 41 
cell-0-2-4 756 1107 100 41 
cell-0-2-5 856 1107 100 41 
cell-0-3-0 356 1157 100 41 
cell-0-3-1 456 1157 100 41 
cell-0-3-2 556 1157 100 41 
cell-0-3-3 656 1157 100 41 
cell-0-3-4 756 1157 100 41 
cell-0-3-5 856 1157 100 41 
cell-0-4-0 356 1207 100 41 
cell-0-4-1 456 1207 100 41 
cell-0-4-2 556 1207 100 41 
cell-0-4-3 656 1207 100 41 
cell-0-4-4 756 1207 100 41 
cell-0-4-5 856 1207 100 41 
cell-0-5-0 356 1257 100 41 
cell-0-5-1 456 1257 100 41 
cell-0-5-2 556 1257 100 41 
cell-0-5-3 656 1257 100 41 
cell-0-5-4 756 1257 100 41 
cell-0-5-5 856 1257 100 41 
cell-0-6-0 356 1307 100 41 
cell-0-6-1 456 1307 100 41 
cell-0-6-2 556 1307 100 41 
cell-0-6-3 656 1307 100 41 
cell-0-6-4 756 1307 100 41 
cell-0-6-5 856 1307 100 41 
table-1 254 284 626 309 
cell-1-1-0 254 284 34 35 
cell-1-1-1 291 284 34 35 
cell-1-1-2 328 284 34 35 
cell-1-1-3 365 284 34 35 
cell-1-1-4 402 284 34 35 
cell-1-1-5 439 284 34 35 
cell-1-1-6 476 284 34 35 
cell-1-1-7 513 284 34 35 
cell-1-1-8 550 284 34 35 
cell-1-1-9 587 284 34 35 
cell-1-1-10 624 284 34 35 
cell-1-1-11 661 284 34 35 
cell-1-1-12 698 284 34 35 
cell-1-1-13 735 284 34 35 
cell-1-1-14 772 284 34 35 
cell-1-1-15 809 284 34 35 
cell-1-1-16 846 284 34 35 
cell-1-2-0 254 323 34 35 
cell-1-2-1 291 323 34 35 
cell-1-2-2 328 323 34 35 
cell-1-2-3 365 323 34 35 
cell-1-2-4 402 323 34 35 
cell-1-2-5 439 323 34 35 
cell-1-2-6 476 323 34 35 
cell-1-2-7 513 323 34 35 
cell-1-2-8 550 323 34 35 
cell-1-2-9 587 323 34 35 
cell-1-2-10 624 323 34 35 
cell-1-2-11 661 323 34 35 
cell-1-2-12 698 323 34 35 
cell-1-2-13 735 323 34 35 
cell-1-2-14 772 323 34 35 
cell-1-2-15 809 323 34 35 
cell-1-2-16 846 323 34 35 
cell-1-3-0 254 362 34 35 
cell-1-3-1 291 362 34 35 
cell-1-3-2 328 362 34 35 
cell-1-3-3 365 362 34 35 
cell-1-3-4 402 362 34 35 
cell-1-3-5 439 362 34 35 
cell-1-3-6 476 362 34 35 
cell-1-3-7 513 362 34 35 
cell-1-3-8 550 362 34 35 
cell-1-3-9 587 362 34 35 
cell-1-3-10 624 362 34 35 
cell-1-3-11 661 362 34 35 
cell-1-3-12 698 362 34 35 
cell-1-3-13 735 362 34 35 
cell-1-3-14 772 362 34 35 
cell-1-3-15 809 362 34 35 
cell-1-3-16 846 362 34 35 
cell-1-4-0 254 401 34 35 
cell-1-4-1 291 401 34 35 
cell-1-4-2 328 401 34 35 
cell-1-4-3 365 401 34 35 
cell-1-4-4 402 401 34 35 
cell-1-4-5 439 401 34 35 
cell-1-4-6 476 401 34 35 
cell-1-4-7 513 401 34 35 
cell-1-4-8 550 401 34 35 
cell-1-4-9 587 401 34 35 
cell-1-4-10 624 401 34 35 
cell-1-4-11 661 401 34 35 
cell-1-4-12 698 401 34 35 
cell-1-4-13 735 401 34 35 
cell-1-4-14 772 401 34 35 
cell-1-4-15 809 401 34 35 
cell-1-4-16 846 401 34 35 
cell-1-5-0 254 440 34 35 
cell-1-5-1 291 440 34 35 
cell-1-5-2 328 440 34 35 
cell-1-5-3 365 440 34 35 
cell-1-5-4 402 440 34 35 
cell-1-5-5 439 440 34 35 
cell-1-5-6 476 440 34 35 
cell-1-5-7 513 440 34 35 
cell-1-5-8 550 440 34 35 
cell-1-5-9 587 440 34 35 
cell-1-5-10 624 440 34 35 
cell-1-5-11 661 440 34 35 
cell-1-5-12 698 440 34 35 
cell-1-5-13 735 440 34 35 
cell-1-5-14 772 440 34 35 
cell-1-5-15 809 440 34 35 
cell-1-5-16 846 440 34 35 
cell-1-6-0 254 479 34 35 
cell-1-6-1 291 479 34 35 
cell-1-6-2 328 479 34 35 
cell-1-6-3 365 479 34 35 
cell-1-6-4 402 479 34 35 
cell-1-6-5 439 479 34 35 
cell-1-6-6 476 479 34 35 
cell-1-6-7 513 479 34 35 
cell-1-6-8 550 479 34 35 
cell-1-6-9 587 479 34 35 
cell-1-6-10 624 479 34 35 
cell-1-6-11 661 479 34 35 
cell-1-6-12 698 479 34 35 
cell-1-6-13 735 479 34 35 
cell-1-6-14 772 479 34 35 
cell-1-6-15 809 479 34 35 
cell-1-6-16 846 479 34 35 
cell-1-7-0 254 518 34 35 
cell-1-7-1 291 518 34 35 
cell-1-7-2 328 518 34 35 
cell-1-7-3 365 518 34 35 
cell-1-7-4 402 518 34 35 
cell-1-7-5 439 518 34 35 
cell-1-7-6 476 518 34 35 
cell-1-7-7 513 518 34 35 
cell-1-7-8 550 518 34 35 
cell-1-7-9 587 518 34 35 
cell-1-7-10 624 518 34 35 
cell-1-7-11 661 518 34 35 
cell-1-7-12 698 518 34 35 
cell-1-7-13 735 518 34 35 
cell-1-7-14 772 518 34 35 
cell-1-7-15 809 518 34 35 
cell-1-7-16 846 518 34 35 
cell-1-8-0 254 557 34 35 
cell-1-8-1 291 557 34 35 
cell-1-8-2 328 557 34 35 
cell-1-8-3 365 557 34 35 
cell-1-8-4 402 557 34 35 
cell-1-8-5 439 557 34 35 
cell-1-8-6 476 557 34 35 
cell-1-8-7 513 557 34 35 
cell-1-8-8 550 557 34 35 
cell-1-8-9 587 557 34 35 
cell-1-8-10 624 557 34 35 
cell-1-8-11 661 557 34 35 
cell-1-8-12 698 557 34 35 
cell-1-8-13 735 557 34 35 
cell-1-8-14 772 557 34 35 
cell-1-8-15 809 557 34 35 
cell-1-8-16 846 557 34 35 
