table-0 349 256 178 493 
cell-0-0-0 349 256 44 35 
cell-0-0-1 393 256 44 35 
cell-0-0-2 437 256 44 35 
cell-0-0-3 481 256 44 35 
cell-0-1-0 349 294 44 35 
cell-0-1-1 393 294 44 35 
cell-0-1-2 437 294 44 35 
cell-0-1-3 481 294 44 35 
cell-0-2-0 349 332 44 35 
cell-0-2-1 393 332 44 35 
cell-0-2-2 437 332 44 35 
cell-0-2-3 481 332 44 35 
cell-0-3-0 349 370 44 35 
cell-0-3-1 393 370 44 35 
cell-0-3-2 437 370 44 35 
cell-0-3-3 481 370 44 35 
cell-0-4-0 349 408 44 35 
cell-0-4-1 393 408 44 35 
cell-0-4-2 437 408 44 35 
cell-0-4-3 481 408 44 35 
cell-0-5-0 349 446 44 35 
cell-0-5-1 393 446 44 35 
cell-0-5-2 437 446 44 35 
cell-0-5-3 481 446 44 35 
cell-0-6-0 349 484 44 35 
cell-0-6-1 393 484 44 35 
cell-0-6-2 437 484 44 35 
cell-0-6-3 481 484 44 35 
cell-0-7-0 349 522 44 35 
cell-0-7-1 393 522 44 35 
cell-0-7-2 437 522 44 35 
cell-0-7-3 481 522 44 35 
cell-0-8-0 349 560 44 35 
cell-0-8-1 393 560 44 35 
cell-0-8-2 437 560 44 35 
cell-0-8-3 481 560 44 35 
cell-0-9-0 349 598 44 35 
cell-0-9-1 393 598 44 35 
cell-0-9-2 437 598 44 35 
cell-0-9-3 481 598 44 35 
cell-0-10-0 349 636 44 35 
cell-0-10-1 393 636 44 35 
cell-0-10-2 437 636 44 35 
cell-0-10-3 481 636 44 35 
cell-0-11-0 349 674 44 35 
cell-0-11-1 393 674 44 35 
cell-0-11-2 437 674 44 35 
cell-0-11-3 481 674 44 35 
cell-0-12-0 349 712 44 35 
cell-0-12-1 393 712 44 35 
cell-0-12-2 437 712 44 35 
cell-0-12-3 481 712 44 35 
table-3 537 869 266 433 
cell-3-0-0 537 869 44 35 
cell-3-0-1 581 869 44 35 
cell-3-0-2 625 869 44 35 
cell-3-0-3 669 869 44 35 
cell-3-0-4 713 869 44 35 
cell-3-0-5 757 869 44 35 
cell-3-1-0 537 913 44 35 
cell-3-1-1 581 913 44 35 
cell-3-1-2 625 913 44 35 
cell-3-1-3 669 913 44 35 
cell-3-1-4 713 913 44 35 
cell-3-1-5 757 913 44 35 
cell-3-2-0 537 957 44 35 
cell-3-2-1 581 957 44 35 
cell-3-2-2 625 957 44 35 
cell-3-2-3 669 957 44 35 
cell-3-2-4 713 957 44 35 
cell-3-2-5 757 957 44 35 
cell-3-3-0 537 1001 44 35 
cell-3-3-1 581 1001 44 35 
cell-3-3-2 625 1001 44 35 
cell-3-3-3 669 1001 44 35 
cell-3-3-4 713 1001 44 35 
cell-3-3-5 757 1001 44 35 
cell-3-4-0 537 1045 44 35 
cell-3-4-1 581 1045 44 35 
cell-3-4-2 625 1045 44 35 
cell-3-4-3 669 1045 44 35 
cell-3-4-4 713 1045 44 35 
cell-3-4-5 757 1045 44 35 
cell-3-5-0 537 1089 44 35 
cell-3-5-1 581 1089 44 35 
cell-3-5-2 625 1089 44 35 
cell-3-5-3 669 1089 44 35 
cell-3-5-4 713 1089 44 35 
cell-3-5-5 757 1089 44 35 
cell-3-6-0 537 1133 44 35 
cell-3-6-1 581 1133 44 35 
cell-3-6-2 625 1133 44 35 
cell-3-6-3 669 1133 44 35 
cell-3-6-4 713 1133 44 35 
cell-3-6-5 757 1133 44 35 
cell-3-7-0 537 1177 44 35 
cell-3-7-1 581 1177 44 35 
cell-3-7-2 625 1177 44 35 
cell-3-7-3 669 1177 44 35 
cell-3-7-4 713 1177 44 35 
cell-3-7-5 757 1177 44 35 
cell-3-8-0 537 1221 44 35 
cell-3-8-1 581 1221 44 35 
cell-3-8-2 625 1221 44 35 
cell-3-8-3 669 1221 44 35 
cell-3-8-4 713 1221 44 35 
cell-3-8-5 757 1221 44 35 
cell-3-9-0 537 1265 44 35 
cell-3-9-1 581 1265 44 35 
cell-3-9-2 625 1265 44 35 
cell-3-9-3 669 1265 44 35 
cell-3-9-4 713 1265 44 35 
cell-3-9-5 757 1265 44 35 
