table-0 125 501 621 485 
cell-0-1-0 125 501 36 35 
cell-0-1-1 164 501 36 35 
cell-0-1-2 203 501 36 35 
cell-0-1-3 242 501 36 35 
cell-0-1-4 281 501 36 35 
cell-0-1-5 320 501 36 35 
cell-0-1-6 359 501 36 35 
cell-0-1-7 398 501 36 35 
cell-0-1-8 437 501 36 35 
cell-0-1-9 476 501 36 35 
cell-0-1-10 515 501 36 35 
cell-0-1-11 554 501 36 35 
cell-0-1-12 593 501 36 35 
cell-0-1-13 632 501 36 35 
cell-0-1-14 671 501 36 35 
cell-0-1-15 710 501 36 35 
cell-0-2-0 125 557 36 35 
cell-0-2-1 164 557 36 35 
cell-0-2-2 203 557 36 35 
cell-0-2-3 242 557 36 35 
cell-0-2-4 281 557 36 35 
cell-0-2-5 320 557 36 35 
cell-0-2-6 359 557 36 35 
cell-0-2-7 398 557 36 35 
cell-0-2-8 437 557 36 35 
cell-0-2-9 476 557 36 35 
cell-0-2-10 515 557 36 35 
cell-0-2-11 554 557 36 35 
cell-0-2-12 593 557 36 35 
cell-0-2-13 632 557 36 35 
cell-0-2-14 671 557 36 35 
cell-0-2-15 710 557 36 35 
cell-0-3-0 125 613 36 35 
cell-0-3-1 164 613 36 35 
cell-0-3-2 203 613 36 35 
cell-0-3-3 242 613 36 35 
cell-0-3-4 281 613 36 35 
cell-0-3-5 320 613 36 35 
cell-0-3-6 359 613 36 35 
cell-0-3-7 398 613 36 35 
cell-0-3-8 437 613 36 35 
cell-0-3-9 476 613 36 35 
cell-0-3-10 515 613 36 35 
cell-0-3-11 554 613 36 35 
cell-0-3-12 593 613 36 35 
cell-0-3-13 632 613 36 35 
cell-0-3-14 671 613 36 35 
cell-0-3-15 710 613 36 35 
cell-0-4-0 125 669 36 35 
cell-0-4-1 164 669 36 35 
cell-0-4-2 203 669 36 35 
cell-0-4-3 242 669 36 35 
cell-0-4-4 281 669 36 35 
cell-0-4-5 320 669 36 35 
cell-0-4-6 359 669 36 35 
cell-0-4-7 398 669 36 35 
cell-0-4-8 437 669 36 35 
cell-0-4-9 476 669 36 35 
cell-0-4-10 515 669 36 35 
cell-0-4-11 554 669 36 35 
cell-0-4-12 593 669 36 35 
cell-0-4-13 632 669 36 35 
cell-0-4-14 671 669 36 35 
cell-0-4-15 710 669 36 35 
cell-0-5-0 125 725 36 35 
cell-0-5-1 164 725 36 35 
cell-0-5-2 203 725 36 35 
cell-0-5-3 242 725 36 35 
cell-0-5-4 281 725 36 35 
cell-0-5-5 320 725 36 35 
cell-0-5-6 359 725 36 35 
cell-0-5-7 398 725 36 35 
cell-0-5-8 437 725 36 35 
cell-0-5-9 476 725 36 35 
cell-0-5-10 515 725 36 35 
cell-0-5-11 554 725 36 35 
cell-0-5-12 593 725 36 35 
cell-0-5-13 632 725 36 35 
cell-0-5-14 671 725 36 35 
cell-0-5-15 710 725 36 35 
cell-0-6-0 125 781 36 35 
cell-0-6-1 164 781 36 35 
cell-0-6-2 203 781 36 35 
cell-0-6-3 242 781 36 35 
cell-0-6-4 281 781 36 35 
cell-0-6-5 320 781 36 35 
cell-0-6-6 359 781 36 35 
cell-0-6-7 398 781 36 35 
cell-0-6-8 437 781 36 35 
cell-0-6-9 476 781 36 35 
cell-0-6-10 515 781 36 35 
cell-0-6-11 554 781 36 35 
cell-0-6-12 593 781 36 35 
cell-0-6-13 632 781 36 35 
cell-0-6-14 671 781 36 35 
cell-0-6-15 710 781 36 35 
cell-0-7-0 125 837 36 35 
cell-0-7-1 164 837 36 35 
cell-0-7-2 203 837 36 35 
cell-0-7-3 242 837 36 35 
cell-0-7-4 281 837 36 35 
cell-0-7-5 320 837 36 35 
cell-0-7-6 359 837 36 35 
cell-0-7-7 398 837 36 35 
cell-0-7-8 437 837 36 35 
cell-0-7-9 476 837 36 35 
cell-0-7-10 515 837 36 35 
cell-0-7-11 554 837 36 35 
cell-0-7-12 593 837 36 35 
cell-0-7-13 632 837 36 35 
cell-0-7-14 671 837 36 35 
cell-0-7-15 710 837 36 35 
cell-0-8-0 125 893 36 35 
cell-0-8-1 164 893 36 35 
cell-0-8-2 203 893 36 35 
cell-0-8-3 242 893 36 35 
cell-0-8-4 281 893 36 35 
cell-0-8-5 320 893 36 35 
cell-0-8-6 359 893 36 35 
cell-0-8-7 398 893 36 35 
cell-0-8-8 437 893 36 35 
cell-0-8-9 476 893 36 35 
cell-0-8-10 515 893 36 35 
cell-0-8-11 554 893 36 35 
cell-0-8-12 593 893 36 35 
cell-0-8-13 632 893 36 35 
cell-0-8-14 671 893 36 35 
cell-0-8-15 710 893 36 35 
cell-0-9-0 125 949 36 35 
cell-0-9-1 164 949 36 35 
cell-0-9-2 203 949 36 35 
cell-0-9-3 242 949 36 35 
cell-0-9-4 281 949 36 35 
cell-0-9-5 320 949 36 35 
cell-0-9-6 359 949 36 35 
cell-0-9-7 398 949 36 35 
cell-0-9-8 437 949 36 35 
cell-0-9-9 476 949 36 35 
cell-0-9-10 515 949 36 35 
cell-0-9-11 554 949 36 35 
cell-0-9-12 593 949 36 35 
cell-0-9-13 632 949 36 35 
cell-0-9-14 671 949 36 35 
cell-0-9-15 710 949 36 35 
