table-0 216 127 676 732 
cell-0-0-0 216 127 44 43 
cell-0-0-1 260 127 44 43 
cell-0-0-2 304 127 44 43 
cell-0-0-3 348 127 44 43 
cell-0-0-4 392 127 44 43 
cell-0-0-5 436 127 452 43 
cell-0-1-0 216 176 44 43 
cell-0-1-1 260 176 44 43 
cell-0-1-2 304 176 44 43 
cell-0-1-3 348 176 44 43 
cell-0-1-4 392 176 44 43 
cell-0-1-5 436 176 452 43 
cell-0-2-0 216 225 44 43 
cell-0-2-1 260 225 44 43 
cell-0-2-2 304 225 44 43 
cell-0-2-3 348 225 44 43 
cell-0-2-4 392 225 44 43 
cell-0-2-5 436 225 452 43 
cell-0-3-0 216 274 44 43 
cell-0-3-1 260 274 44 43 
cell-0-3-2 304 274 44 43 
cell-0-3-3 348 274 44 43 
cell-0-3-4 392 274 44 43 
cell-0-3-5 436 274 452 43 
cell-0-4-0 216 323 44 43 
cell-0-4-1 260 323 44 43 
cell-0-4-2 304 323 44 43 
cell-0-4-3 348 323 44 43 
cell-0-4-4 392 323 44 43 
cell-0-4-5 436 323 452 43 
cell-0-5-0 216 372 44 43 
cell-0-5-1 260 372 44 43 
cell-0-5-2 304 372 44 43 
cell-0-5-3 348 372 44 43 
cell-0-5-4 392 372 44 43 
cell-0-5-5 436 372 452 43 
cell-0-6-0 216 421 44 43 
cell-0-6-1 260 421 44 43 
cell-0-6-2 304 421 44 43 
cell-0-6-3 348 421 44 43 
cell-0-6-4 392 421 44 43 
cell-0-6-5 436 421 452 43 
cell-0-7-0 216 470 44 43 
cell-0-7-1 260 470 44 43 
cell-0-7-2 304 470 44 43 
cell-0-7-3 348 470 44 43 
cell-0-7-4 392 470 44 43 
cell-0-7-5 436 470 452 43 
cell-0-8-0 216 519 44 43 
cell-0-8-1 260 519 44 43 
cell-0-8-2 304 519 44 43 
cell-0-8-3 348 519 44 43 
cell-0-8-4 392 519 44 43 
cell-0-8-5 436 519 452 43 
cell-0-9-0 216 568 44 43 
cell-0-9-1 260 568 44 43 
cell-0-9-2 304 568 44 43 
cell-0-9-3 348 568 44 43 
cell-0-9-4 392 568 44 43 
cell-0-9-5 436 568 452 43 
cell-0-10-0 216 617 44 43 
cell-0-10-1 260 617 44 43 
cell-0-10-2 304 617 44 43 
cell-0-10-3 348 617 44 43 
cell-0-10-4 392 617 44 43 
cell-0-10-5 436 617 452 43 
cell-0-11-0 216 666 44 43 
cell-0-11-1 260 666 44 43 
cell-0-11-2 304 666 44 43 
cell-0-11-3 348 666 44 43 
cell-0-11-4 392 666 44 43 
cell-0-11-5 436 666 452 43 
cell-0-12-0 216 715 44 43 
cell-0-12-1 260 715 44 43 
cell-0-12-2 304 715 44 43 
cell-0-12-3 348 715 44 43 
cell-0-12-4 392 715 44 43 
cell-0-12-5 436 715 452 43 
cell-0-13-0 216 764 44 43 
cell-0-13-1 260 764 44 43 
cell-0-13-2 304 764 44 43 
cell-0-13-3 348 764 44 43 
cell-0-13-4 392 764 44 43 
cell-0-13-5 436 764 452 43 
cell-0-14-0 216 813 44 43 
cell-0-14-1 260 813 44 43 
cell-0-14-2 304 813 44 43 
cell-0-14-3 348 813 44 43 
cell-0-14-4 392 813 44 43 
cell-0-14-5 436 813 452 43 
