header-0 72 669 863 193 
row-1-1 72 669 404 40 
row-1-2 496 669 371 40 
row-2-1 72 719 371 40 
row-2-2 463 719 468 40 
row-3-1 72 769 635 40 
row-4-1 72 819 503 40 
header-2 129 1153 902 193 
row-1-1 129 1153 345 40 
row-1-2 494 1153 378 40 
row-2-1 129 1203 411 40 
row-2-2 560 1203 463 40 
row-3-1 129 1253 741 40 
row-4-1 129 1303 510 40 
table-3 437 245 612 290 
cell-3-1-0 437 245 38 35 
cell-3-1-1 478 245 38 35 
cell-3-1-2 519 245 38 35 
cell-3-1-3 560 245 38 35 
cell-3-1-4 601 245 38 35 
cell-3-1-5 642 245 38 35 
cell-3-1-6 683 245 38 35 
cell-3-1-7 724 245 38 35 
cell-3-1-8 765 245 38 35 
cell-3-1-9 806 245 38 35 
cell-3-1-10 847 245 38 35 
cell-3-1-11 888 245 38 35 
cell-3-1-12 929 245 38 35 
cell-3-1-13 970 245 38 35 
cell-3-1-14 1011 245 38 35 
cell-3-2-0 437 287 38 35 
cell-3-2-1 478 287 38 35 
cell-3-2-2 519 287 38 35 
cell-3-2-3 560 287 38 35 
cell-3-2-4 601 287 38 35 
cell-3-2-5 642 287 38 35 
cell-3-2-6 683 287 38 35 
cell-3-2-7 724 287 38 35 
cell-3-2-8 765 287 38 35 
cell-3-2-9 806 287 38 35 
cell-3-2-10 847 287 38 35 
cell-3-2-11 888 287 38 35 
cell-3-2-12 929 287 38 35 
cell-3-2-13 970 287 38 35 
cell-3-2-14 1011 287 38 35 
cell-3-3-0 437 329 38 35 
cell-3-3-1 478 329 38 35 
cell-3-3-2 519 329 38 35 
cell-3-3-3 560 329 38 35 
cell-3-3-4 601 329 38 35 
cell-3-3-5 642 329 38 35 
cell-3-3-6 683 329 38 35 
cell-3-3-7 724 329 38 35 
cell-3-3-8 765 329 38 35 
cell-3-3-9 806 329 38 35 
cell-3-3-10 847 329 38 35 
cell-3-3-11 888 329 38 35 
cell-3-3-12 929 329 38 35 
cell-3-3-13 970 329 38 35 
cell-3-3-14 1011 329 38 35 
cell-3-4-0 437 371 38 35 
cell-3-4-1 478 371 38 35 
cell-3-4-2 519 371 38 35 
cell-3-4-3 560 371 38 35 
cell-3-4-4 601 371 38 35 
cell-3-4-5 642 371 38 35 
cell-3-4-6 683 371 38 35 
cell-3-4-7 724 371 38 35 
cell-3-4-8 765 371 38 35 
cell-3-4-9 806 371 38 35 
cell-3-4-10 847 371 38 35 
cell-3-4-11 888 371 38 35 
cell-3-4-12 929 371 38 35 
cell-3-4-13 970 371 38 35 
cell-3-4-14 1011 371 38 35 
cell-3-5-0 437 413 38 35 
cell-3-5-1 478 413 38 35 
cell-3-5-2 519 413 38 35 
cell-3-5-3 560 413 38 35 
cell-3-5-4 601 413 38 35 
cell-3-5-5 642 413 38 35 
cell-3-5-6 683 413 38 35 
cell-3-5-7 724 413 38 35 
cell-3-5-8 765 413 38 35 
cell-3-5-9 806 413 38 35 
cell-3-5-10 847 413 38 35 
cell-3-5-11 888 413 38 35 
cell-3-5-12 929 413 38 35 
cell-3-5-13 970 413 38 35 
cell-3-5-14 1011 413 38 35 
cell-3-6-0 437 455 38 35 
cell-3-6-1 478 455 38 35 
cell-3-6-2 519 455 38 35 
cell-3-6-3 560 455 38 35 
cell-3-6-4 601 455 38 35 
cell-3-6-5 642 455 38 35 
cell-3-6-6 683 455 38 35 
cell-3-6-7 724 455 38 35 
cell-3-6-8 765 455 38 35 
cell-3-6-9 806 455 38 35 
cell-3-6-10 847 455 38 35 
cell-3-6-11 888 455 38 35 
cell-3-6-12 929 455 38 35 
cell-3-6-13 970 455 38 35 
cell-3-6-14 1011 455 38 35 
cell-3-7-0 437 497 38 35 
cell-3-7-1 478 497 38 35 
cell-3-7-2 519 497 38 35 
cell-3-7-3 560 497 38 35 
cell-3-7-4 601 497 38 35 
cell-3-7-5 642 497 38 35 
cell-3-7-6 683 497 38 35 
cell-3-7-7 724 497 38 35 
cell-3-7-8 765 497 38 35 
cell-3-7-9 806 497 38 35 
cell-3-7-10 847 497 38 35 
cell-3-7-11 888 497 38 35 
cell-3-7-12 929 497 38 35 
cell-3-7-13 970 497 38 35 
cell-3-7-14 1011 497 38 35 
