table-0 128 404 614 501 
cell-0-1-0 128 404 34 35 
cell-0-1-1 162 404 34 35 
cell-0-1-2 196 404 34 35 
cell-0-1-3 230 404 34 35 
cell-0-1-4 264 404 34 35 
cell-0-1-5 298 404 34 35 
cell-0-1-6 332 404 34 35 
cell-0-1-7 366 404 34 35 
cell-0-1-8 400 404 34 35 
cell-0-1-9 434 404 34 35 
cell-0-1-10 468 404 34 35 
cell-0-1-11 502 404 34 35 
cell-0-1-12 536 404 34 35 
cell-0-1-13 570 404 34 35 
cell-0-1-14 604 404 34 35 
cell-0-1-15 638 404 34 35 
cell-0-1-16 672 404 34 35 
cell-0-1-17 706 404 34 35 
cell-0-2-0 128 462 34 35 
cell-0-2-1 162 462 34 35 
cell-0-2-2 196 462 34 35 
cell-0-2-3 230 462 34 35 
cell-0-2-4 264 462 34 35 
cell-0-2-5 298 462 34 35 
cell-0-2-6 332 462 34 35 
cell-0-2-7 366 462 34 35 
cell-0-2-8 400 462 34 35 
cell-0-2-9 434 462 34 35 
cell-0-2-10 468 462 34 35 
cell-0-2-11 502 462 34 35 
cell-0-2-12 536 462 34 35 
cell-0-2-13 570 462 34 35 
cell-0-2-14 604 462 34 35 
cell-0-2-15 638 462 34 35 
cell-0-2-16 672 462 34 35 
cell-0-2-17 706 462 34 35 
cell-0-3-0 128 520 34 35 
cell-0-3-1 162 520 34 35 
cell-0-3-2 196 520 34 35 
cell-0-3-3 230 520 34 35 
cell-0-3-4 264 520 34 35 
cell-0-3-5 298 520 34 35 
cell-0-3-6 332 520 34 35 
cell-0-3-7 366 520 34 35 
cell-0-3-8 400 520 34 35 
cell-0-3-9 434 520 34 35 
cell-0-3-10 468 520 34 35 
cell-0-3-11 502 520 34 35 
cell-0-3-12 536 520 34 35 
cell-0-3-13 570 520 34 35 
cell-0-3-14 604 520 34 35 
cell-0-3-15 638 520 34 35 
cell-0-3-16 672 520 34 35 
cell-0-3-17 706 520 34 35 
cell-0-4-0 128 578 34 35 
cell-0-4-1 162 578 34 35 
cell-0-4-2 196 578 34 35 
cell-0-4-3 230 578 34 35 
cell-0-4-4 264 578 34 35 
cell-0-4-5 298 578 34 35 
cell-0-4-6 332 578 34 35 
cell-0-4-7 366 578 34 35 
cell-0-4-8 400 578 34 35 
cell-0-4-9 434 578 34 35 
cell-0-4-10 468 578 34 35 
cell-0-4-11 502 578 34 35 
cell-0-4-12 536 578 34 35 
cell-0-4-13 570 578 34 35 
cell-0-4-14 604 578 34 35 
cell-0-4-15 638 578 34 35 
cell-0-4-16 672 578 34 35 
cell-0-4-17 706 578 34 35 
cell-0-5-0 128 636 34 35 
cell-0-5-1 162 636 34 35 
cell-0-5-2 196 636 34 35 
cell-0-5-3 230 636 34 35 
cell-0-5-4 264 636 34 35 
cell-0-5-5 298 636 34 35 
cell-0-5-6 332 636 34 35 
cell-0-5-7 366 636 34 35 
cell-0-5-8 400 636 34 35 
cell-0-5-9 434 636 34 35 
cell-0-5-10 468 636 34 35 
cell-0-5-11 502 636 34 35 
cell-0-5-12 536 636 34 35 
cell-0-5-13 570 636 34 35 
cell-0-5-14 604 636 34 35 
cell-0-5-15 638 636 34 35 
cell-0-5-16 672 636 34 35 
cell-0-5-17 706 636 34 35 
cell-0-6-0 128 694 34 35 
cell-0-6-1 162 694 34 35 
cell-0-6-2 196 694 34 35 
cell-0-6-3 230 694 34 35 
cell-0-6-4 264 694 34 35 
cell-0-6-5 298 694 34 35 
cell-0-6-6 332 694 34 35 
cell-0-6-7 366 694 34 35 
cell-0-6-8 400 694 34 35 
cell-0-6-9 434 694 34 35 
cell-0-6-10 468 694 34 35 
cell-0-6-11 502 694 34 35 
cell-0-6-12 536 694 34 35 
cell-0-6-13 570 694 34 35 
cell-0-6-14 604 694 34 35 
cell-0-6-15 638 694 34 35 
cell-0-6-16 672 694 34 35 
cell-0-6-17 706 694 34 35 
cell-0-7-0 128 752 34 35 
cell-0-7-1 162 752 34 35 
cell-0-7-2 196 752 34 35 
cell-0-7-3 230 752 34 35 
cell-0-7-4 264 752 34 35 
cell-0-7-5 298 752 34 35 
cell-0-7-6 332 752 34 35 
cell-0-7-7 366 752 34 35 
cell-0-7-8 400 752 34 35 
cell-0-7-9 434 752 34 35 
cell-0-7-10 468 752 34 35 
cell-0-7-11 502 752 34 35 
cell-0-7-12 536 752 34 35 
cell-0-7-13 570 752 34 35 
cell-0-7-14 604 752 34 35 
cell-0-7-15 638 752 34 35 
cell-0-7-16 672 752 34 35 
cell-0-7-17 706 752 34 35 
cell-0-8-0 128 810 34 35 
cell-0-8-1 162 810 34 35 
cell-0-8-2 196 810 34 35 
cell-0-8-3 230 810 34 35 
cell-0-8-4 264 810 34 35 
cell-0-8-5 298 810 34 35 
cell-0-8-6 332 810 34 35 
cell-0-8-7 366 810 34 35 
cell-0-8-8 400 810 34 35 
cell-0-8-9 434 810 34 35 
cell-0-8-10 468 810 34 35 
cell-0-8-11 502 810 34 35 
cell-0-8-12 536 810 34 35 
cell-0-8-13 570 810 34 35 
cell-0-8-14 604 810 34 35 
cell-0-8-15 638 810 34 35 
cell-0-8-16 672 810 34 35 
cell-0-8-17 706 810 34 35 
cell-0-9-0 128 868 34 35 
cell-0-9-1 162 868 34 35 
cell-0-9-2 196 868 34 35 
cell-0-9-3 230 868 34 35 
cell-0-9-4 264 868 34 35 
cell-0-9-5 298 868 34 35 
cell-0-9-6 332 868 34 35 
cell-0-9-7 366 868 34 35 
cell-0-9-8 400 868 34 35 
cell-0-9-9 434 868 34 35 
cell-0-9-10 468 868 34 35 
cell-0-9-11 502 868 34 35 
cell-0-9-12 536 868 34 35 
cell-0-9-13 570 868 34 35 
cell-0-9-14 604 868 34 35 
cell-0-9-15 638 868 34 35 
cell-0-9-16 672 868 34 35 
cell-0-9-17 706 868 34 35 
