table-0 482 497 574 802 
cell-0-0-0 482 497 45 43 
cell-0-0-1 527 497 45 43 
cell-0-0-2 572 497 45 43 
cell-0-0-3 617 497 45 43 
cell-0-0-4 662 497 392 43 
cell-0-1-0 482 551 45 43 
cell-0-1-1 527 551 45 43 
cell-0-1-2 572 551 45 43 
cell-0-1-3 617 551 45 43 
cell-0-1-4 662 551 392 43 
cell-0-2-0 482 605 45 43 
cell-0-2-1 527 605 45 43 
cell-0-2-2 572 605 45 43 
cell-0-2-3 617 605 45 43 
cell-0-2-4 662 605 392 43 
cell-0-3-0 482 659 45 43 
cell-0-3-1 527 659 45 43 
cell-0-3-2 572 659 45 43 
cell-0-3-3 617 659 45 43 
cell-0-3-4 662 659 392 43 
cell-0-4-0 482 713 45 43 
cell-0-4-1 527 713 45 43 
cell-0-4-2 572 713 45 43 
cell-0-4-3 617 713 45 43 
cell-0-4-4 662 713 392 43 
cell-0-5-0 482 767 45 43 
cell-0-5-1 527 767 45 43 
cell-0-5-2 572 767 45 43 
cell-0-5-3 617 767 45 43 
cell-0-5-4 662 767 392 43 
cell-0-6-0 482 821 45 43 
cell-0-6-1 527 821 45 43 
cell-0-6-2 572 821 45 43 
cell-0-6-3 617 821 45 43 
cell-0-6-4 662 821 392 43 
cell-0-7-0 482 875 45 43 
cell-0-7-1 527 875 45 43 
cell-0-7-2 572 875 45 43 
cell-0-7-3 617 875 45 43 
cell-0-7-4 662 875 392 43 
cell-0-8-0 482 929 45 43 
cell-0-8-1 527 929 45 43 
cell-0-8-2 572 929 45 43 
cell-0-8-3 617 929 45 43 
cell-0-8-4 662 929 392 43 
cell-0-9-0 482 983 45 43 
cell-0-9-1 527 983 45 43 
cell-0-9-2 572 983 45 43 
cell-0-9-3 617 983 45 43 
cell-0-9-4 662 983 392 43 
cell-0-10-0 482 1037 45 43 
cell-0-10-1 527 1037 45 43 
cell-0-10-2 572 1037 45 43 
cell-0-10-3 617 1037 45 43 
cell-0-10-4 662 1037 392 43 
cell-0-11-0 482 1091 45 43 
cell-0-11-1 527 1091 45 43 
cell-0-11-2 572 1091 45 43 
cell-0-11-3 617 1091 45 43 
cell-0-11-4 662 1091 392 43 
cell-0-12-0 482 1145 45 43 
cell-0-12-1 527 1145 45 43 
cell-0-12-2 572 1145 45 43 
cell-0-12-3 617 1145 45 43 
cell-0-12-4 662 1145 392 43 
cell-0-13-0 482 1199 45 43 
cell-0-13-1 527 1199 45 43 
cell-0-13-2 572 1199 45 43 
cell-0-13-3 617 1199 45 43 
cell-0-13-4 662 1199 392 43 
cell-0-14-0 482 1253 45 43 
cell-0-14-1 527 1253 45 43 
cell-0-14-2 572 1253 45 43 
cell-0-14-3 617 1253 45 43 
cell-0-14-4 662 1253 392 43 
header-2 109 147 780 193 
row-1-1 109 147 338 40 
row-1-2 467 147 272 40 
row-2-1 109 197 272 40 
row-2-2 401 197 484 40 
row-3-1 109 247 470 40 
row-4-1 109 297 734 40 
