table-0 129 195 500 605 
cell-0-0-0 129 195 100 54 
cell-0-0-1 229 195 100 54 
cell-0-0-2 329 195 100 54 
cell-0-0-3 429 195 100 54 
cell-0-0-4 529 195 100 54 
cell-0-1-0 129 256 100 54 
cell-0-1-1 229 256 100 54 
cell-0-1-2 329 256 100 54 
cell-0-1-3 429 256 100 54 
cell-0-1-4 529 256 100 54 
cell-0-2-0 129 317 100 54 
cell-0-2-1 229 317 100 54 
cell-0-2-2 329 317 100 54 
cell-0-2-3 429 317 100 54 
cell-0-2-4 529 317 100 54 
cell-0-3-0 129 378 100 54 
cell-0-3-1 229 378 100 54 
cell-0-3-2 329 378 100 54 
cell-0-3-3 429 378 100 54 
cell-0-3-4 529 378 100 54 
cell-0-4-0 129 439 100 54 
cell-0-4-1 229 439 100 54 
cell-0-4-2 329 439 100 54 
cell-0-4-3 429 439 100 54 
cell-0-4-4 529 439 100 54 
cell-0-5-0 129 500 100 54 
cell-0-5-1 229 500 100 54 
cell-0-5-2 329 500 100 54 
cell-0-5-3 429 500 100 54 
cell-0-5-4 529 500 100 54 
cell-0-6-0 129 561 100 54 
cell-0-6-1 229 561 100 54 
cell-0-6-2 329 561 100 54 
cell-0-6-3 429 561 100 54 
cell-0-6-4 529 561 100 54 
cell-0-7-0 129 622 100 54 
cell-0-7-1 229 622 100 54 
cell-0-7-2 329 622 100 54 
cell-0-7-3 429 622 100 54 
cell-0-7-4 529 622 100 54 
cell-0-8-0 129 683 100 54 
cell-0-8-1 229 683 100 54 
cell-0-8-2 329 683 100 54 
cell-0-8-3 429 683 100 54 
cell-0-8-4 529 683 100 54 
cell-0-9-0 129 744 100 54 
cell-0-9-1 229 744 100 54 
cell-0-9-2 329 744 100 54 
cell-0-9-3 429 744 100 54 
cell-0-9-4 529 744 100 54 
