table-0 746 424 216 610 
cell-0-0-0 746 424 43 35 
cell-0-0-1 789 424 43 35 
cell-0-0-2 832 424 43 35 
cell-0-0-3 875 424 43 35 
cell-0-0-4 918 424 43 35 
cell-0-1-0 746 465 43 35 
cell-0-1-1 789 465 43 35 
cell-0-1-2 832 465 43 35 
cell-0-1-3 875 465 43 35 
cell-0-1-4 918 465 43 35 
cell-0-2-0 746 506 43 35 
cell-0-2-1 789 506 43 35 
cell-0-2-2 832 506 43 35 
cell-0-2-3 875 506 43 35 
cell-0-2-4 918 506 43 35 
cell-0-3-0 746 547 43 35 
cell-0-3-1 789 547 43 35 
cell-0-3-2 832 547 43 35 
cell-0-3-3 875 547 43 35 
cell-0-3-4 918 547 43 35 
cell-0-4-0 746 588 43 35 
cell-0-4-1 789 588 43 35 
cell-0-4-2 832 588 43 35 
cell-0-4-3 875 588 43 35 
cell-0-4-4 918 588 43 35 
cell-0-5-0 746 629 43 35 
cell-0-5-1 789 629 43 35 
cell-0-5-2 832 629 43 35 
cell-0-5-3 875 629 43 35 
cell-0-5-4 918 629 43 35 
cell-0-6-0 746 670 43 35 
cell-0-6-1 789 670 43 35 
cell-0-6-2 832 670 43 35 
cell-0-6-3 875 670 43 35 
cell-0-6-4 918 670 43 35 
cell-0-7-0 746 711 43 35 
cell-0-7-1 789 711 43 35 
cell-0-7-2 832 711 43 35 
cell-0-7-3 875 711 43 35 
cell-0-7-4 918 711 43 35 
cell-0-8-0 746 752 43 35 
cell-0-8-1 789 752 43 35 
cell-0-8-2 832 752 43 35 
cell-0-8-3 875 752 43 35 
cell-0-8-4 918 752 43 35 
cell-0-9-0 746 793 43 35 
cell-0-9-1 789 793 43 35 
cell-0-9-2 832 793 43 35 
cell-0-9-3 875 793 43 35 
cell-0-9-4 918 793 43 35 
cell-0-10-0 746 834 43 35 
cell-0-10-1 789 834 43 35 
cell-0-10-2 832 834 43 35 
cell-0-10-3 875 834 43 35 
cell-0-10-4 918 834 43 35 
cell-0-11-0 746 875 43 35 
cell-0-11-1 789 875 43 35 
cell-0-11-2 832 875 43 35 
cell-0-11-3 875 875 43 35 
cell-0-11-4 918 875 43 35 
cell-0-12-0 746 916 43 35 
cell-0-12-1 789 916 43 35 
cell-0-12-2 832 916 43 35 
cell-0-12-3 875 916 43 35 
cell-0-12-4 918 916 43 35 
cell-0-13-0 746 957 43 35 
cell-0-13-1 789 957 43 35 
cell-0-13-2 832 957 43 35 
cell-0-13-3 875 957 43 35 
cell-0-13-4 918 957 43 35 
cell-0-14-0 746 998 43 35 
cell-0-14-1 789 998 43 35 
cell-0-14-2 832 998 43 35 
cell-0-14-3 875 998 43 35 
cell-0-14-4 918 998 43 35 
