header-0 226 184 779 193 
row-1-1 226 184 365 40 
row-1-2 611 184 266 40 
row-2-1 226 234 332 40 
row-2-2 578 234 420 40 
row-3-1 226 284 596 40 
row-4-1 226 334 761 40 
table-2 93 717 649 548 
cell-2-0-0 93 717 44 42 
cell-2-0-1 137 717 44 42 
cell-2-0-2 181 717 44 42 
cell-2-0-3 225 717 44 42 
cell-2-0-4 269 717 471 42 
cell-2-1-0 93 773 44 42 
cell-2-1-1 137 773 44 42 
cell-2-1-2 181 773 44 42 
cell-2-1-3 225 773 44 42 
cell-2-1-4 269 773 471 42 
cell-2-2-0 93 829 44 42 
cell-2-2-1 137 829 44 42 
cell-2-2-2 181 829 44 42 
cell-2-2-3 225 829 44 42 
cell-2-2-4 269 829 471 42 
cell-2-3-0 93 885 44 42 
cell-2-3-1 137 885 44 42 
cell-2-3-2 181 885 44 42 
cell-2-3-3 225 885 44 42 
cell-2-3-4 269 885 471 42 
cell-2-4-0 93 941 44 42 
cell-2-4-1 137 941 44 42 
cell-2-4-2 181 941 44 42 
cell-2-4-3 225 941 44 42 
cell-2-4-4 269 941 471 42 
cell-2-5-0 93 997 44 42 
cell-2-5-1 137 997 44 42 
cell-2-5-2 181 997 44 42 
cell-2-5-3 225 997 44 42 
cell-2-5-4 269 997 471 42 
cell-2-6-0 93 1053 44 42 
cell-2-6-1 137 1053 44 42 
cell-2-6-2 181 1053 44 42 
cell-2-6-3 225 1053 44 42 
cell-2-6-4 269 1053 471 42 
cell-2-7-0 93 1109 44 42 
cell-2-7-1 137 1109 44 42 
cell-2-7-2 181 1109 44 42 
cell-2-7-3 225 1109 44 42 
cell-2-7-4 269 1109 471 42 
cell-2-8-0 93 1165 44 42 
cell-2-8-1 137 1165 44 42 
cell-2-8-2 181 1165 44 42 
cell-2-8-3 225 1165 44 42 
cell-2-8-4 269 1165 471 42 
cell-2-9-0 93 1221 44 42 
cell-2-9-1 137 1221 44 42 
cell-2-9-2 181 1221 44 42 
cell-2-9-3 225 1221 44 42 
cell-2-9-4 269 1221 471 42 
