header-0 60 685 794 193 
row-1-1 60 685 286 40 
row-1-2 366 685 385 40 
row-2-1 60 735 319 40 
row-2-2 399 735 451 40 
row-3-1 60 785 748 40 
row-4-1 60 835 715 40 
header-1 107 1214 879 193 
row-1-1 107 1214 412 40 
row-1-2 539 1214 379 40 
row-2-1 107 1264 412 40 
row-2-2 539 1264 440 40 
row-3-1 107 1314 742 40 
row-4-1 107 1364 709 40 
table-3 117 118 478 260 
cell-3-1-0 117 118 34 35 
cell-3-1-1 154 118 34 35 
cell-3-1-2 191 118 34 35 
cell-3-1-3 228 118 34 35 
cell-3-1-4 265 118 34 35 
cell-3-1-5 302 118 34 35 
cell-3-1-6 339 118 34 35 
cell-3-1-7 376 118 34 35 
cell-3-1-8 413 118 34 35 
cell-3-1-9 450 118 34 35 
cell-3-1-10 487 118 34 35 
cell-3-1-11 524 118 34 35 
cell-3-1-12 561 118 34 35 
cell-3-2-0 117 174 34 35 
cell-3-2-1 154 174 34 35 
cell-3-2-2 191 174 34 35 
cell-3-2-3 228 174 34 35 
cell-3-2-4 265 174 34 35 
cell-3-2-5 302 174 34 35 
cell-3-2-6 339 174 34 35 
cell-3-2-7 376 174 34 35 
cell-3-2-8 413 174 34 35 
cell-3-2-9 450 174 34 35 
cell-3-2-10 487 174 34 35 
cell-3-2-11 524 174 34 35 
cell-3-2-12 561 174 34 35 
cell-3-3-0 117 230 34 35 
cell-3-3-1 154 230 34 35 
cell-3-3-2 191 230 34 35 
cell-3-3-3 228 230 34 35 
cell-3-3-4 265 230 34 35 
cell-3-3-5 302 230 34 35 
cell-3-3-6 339 230 34 35 
cell-3-3-7 376 230 34 35 
cell-3-3-8 413 230 34 35 
cell-3-3-9 450 230 34 35 
cell-3-3-10 487 230 34 35 
cell-3-3-11 524 230 34 35 
cell-3-3-12 561 230 34 35 
cell-3-4-0 117 286 34 35 
cell-3-4-1 154 286 34 35 
cell-3-4-2 191 286 34 35 
cell-3-4-3 228 286 34 35 
cell-3-4-4 265 286 34 35 
cell-3-4-5 302 286 34 35 
cell-3-4-6 339 286 34 35 
cell-3-4-7 376 286 34 35 
cell-3-4-8 413 286 34 35 
cell-3-4-9 450 286 34 35 
cell-3-4-10 487 286 34 35 
cell-3-4-11 524 286 34 35 
cell-3-4-12 561 286 34 35 
cell-3-5-0 117 342 34 35 
cell-3-5-1 154 342 34 35 
cell-3-5-2 191 342 34 35 
cell-3-5-3 228 342 34 35 
cell-3-5-4 265 342 34 35 
cell-3-5-5 302 342 34 35 
cell-3-5-6 339 342 34 35 
cell-3-5-7 376 342 34 35 
cell-3-5-8 413 342 34 35 
cell-3-5-9 450 342 34 35 
cell-3-5-10 487 342 34 35 
cell-3-5-11 524 342 34 35 
cell-3-5-12 561 342 34 35 
