table-0 116 707 600 419 
cell-0-0-0 116 707 100 40 
cell-0-0-1 216 707 100 40 
cell-0-0-2 316 707 100 40 
cell-0-0-3 416 707 100 40 
cell-0-0-4 516 707 100 40 
cell-0-0-5 616 707 100 40 
cell-0-1-0 116 761 100 40 
cell-0-1-1 216 761 100 40 
cell-0-1-2 316 761 100 40 
cell-0-1-3 416 761 100 40 
cell-0-1-4 516 761 100 40 
cell-0-1-5 616 761 100 40 
cell-0-2-0 116 815 100 40 
cell-0-2-1 216 815 100 40 
cell-0-2-2 316 815 100 40 
cell-0-2-3 416 815 100 40 
cell-0-2-4 516 815 100 40 
cell-0-2-5 616 815 100 40 
cell-0-3-0 116 869 100 40 
cell-0-3-1 216 869 100 40 
cell-0-3-2 316 869 100 40 
cell-0-3-3 416 869 100 40 
cell-0-3-4 516 869 100 40 
cell-0-3-5 616 869 100 40 
cell-0-4-0 116 923 100 40 
cell-0-4-1 216 923 100 40 
cell-0-4-2 316 923 100 40 
cell-0-4-3 416 923 100 40 
cell-0-4-4 516 923 100 40 
cell-0-4-5 616 923 100 40 
cell-0-5-0 116 977 100 40 
cell-0-5-1 216 977 100 40 
cell-0-5-2 316 977 100 40 
cell-0-5-3 416 977 100 40 
cell-0-5-4 516 977 100 40 
cell-0-5-5 616 977 100 40 
cell-0-6-0 116 1031 100 40 
cell-0-6-1 216 1031 100 40 
cell-0-6-2 316 1031 100 40 
cell-0-6-3 416 1031 100 40 
cell-0-6-4 516 1031 100 40 
cell-0-6-5 616 1031 100 40 
cell-0-7-0 116 1085 100 40 
cell-0-7-1 216 1085 100 40 
cell-0-7-2 316 1085 100 40 
cell-0-7-3 416 1085 100 40 
cell-0-7-4 516 1085 100 40 
cell-0-7-5 616 1085 100 40 
header-2 164 138 848 195 
row-1-1 164 138 261 41 
row-1-2 445 138 261 41 
row-2-1 164 189 393 41 
row-2-2 577 189 426 41 
row-3-1 164 240 525 41 
row-4-1 164 291 690 41 
