table-0 154 792 800 254 
cell-0-0-0 154 792 88 40 
cell-0-0-1 242 792 88 40 
cell-0-0-2 330 792 88 40 
cell-0-0-3 418 792 88 40 
cell-0-0-4 506 792 88 40 
cell-0-0-5 594 792 88 40 
cell-0-0-6 682 792 88 40 
cell-0-0-7 770 792 88 40 
cell-0-0-8 858 792 88 40 
cell-0-1-0 154 845 88 40 
cell-0-1-1 242 845 88 40 
cell-0-1-2 330 845 88 40 
cell-0-1-3 418 845 88 40 
cell-0-1-4 506 845 88 40 
cell-0-1-5 594 845 88 40 
cell-0-1-6 682 845 88 40 
cell-0-1-7 770 845 88 40 
cell-0-1-8 858 845 88 40 
cell-0-2-0 154 898 88 40 
cell-0-2-1 242 898 88 40 
cell-0-2-2 330 898 88 40 
cell-0-2-3 418 898 88 40 
cell-0-2-4 506 898 88 40 
cell-0-2-5 594 898 88 40 
cell-0-2-6 682 898 88 40 
cell-0-2-7 770 898 88 40 
cell-0-2-8 858 898 88 40 
cell-0-3-0 154 951 88 40 
cell-0-3-1 242 951 88 40 
cell-0-3-2 330 951 88 40 
cell-0-3-3 418 951 88 40 
cell-0-3-4 506 951 88 40 
cell-0-3-5 594 951 88 40 
cell-0-3-6 682 951 88 40 
cell-0-3-7 770 951 88 40 
cell-0-3-8 858 951 88 40 
cell-0-4-0 154 1004 88 40 
cell-0-4-1 242 1004 88 40 
cell-0-4-2 330 1004 88 40 
cell-0-4-3 418 1004 88 40 
cell-0-4-4 506 1004 88 40 
cell-0-4-5 594 1004 88 40 
cell-0-4-6 682 1004 88 40 
cell-0-4-7 770 1004 88 40 
cell-0-4-8 858 1004 88 40 
