table-0 384 709 520 608 
cell-0-0-0 384 709 44 42 
cell-0-0-1 428 709 44 42 
cell-0-0-2 472 709 44 42 
cell-0-0-3 516 709 44 42 
cell-0-0-4 560 709 44 42 
cell-0-0-5 604 709 300 42 
cell-0-1-0 384 756 44 42 
cell-0-1-1 428 756 44 42 
cell-0-1-2 472 756 44 42 
cell-0-1-3 516 756 44 42 
cell-0-1-4 560 756 44 42 
cell-0-1-5 604 756 300 42 
cell-0-2-0 384 803 44 42 
cell-0-2-1 428 803 44 42 
cell-0-2-2 472 803 44 42 
cell-0-2-3 516 803 44 42 
cell-0-2-4 560 803 44 42 
cell-0-2-5 604 803 300 42 
cell-0-3-0 384 850 44 42 
cell-0-3-1 428 850 44 42 
cell-0-3-2 472 850 44 42 
cell-0-3-3 516 850 44 42 
cell-0-3-4 560 850 44 42 
cell-0-3-5 604 850 300 42 
cell-0-4-0 384 897 44 42 
cell-0-4-1 428 897 44 42 
cell-0-4-2 472 897 44 42 
cell-0-4-3 516 897 44 42 
cell-0-4-4 560 897 44 42 
cell-0-4-5 604 897 300 42 
cell-0-5-0 384 944 44 42 
cell-0-5-1 428 944 44 42 
cell-0-5-2 472 944 44 42 
cell-0-5-3 516 944 44 42 
cell-0-5-4 560 944 44 42 
cell-0-5-5 604 944 300 42 
cell-0-6-0 384 991 44 42 
cell-0-6-1 428 991 44 42 
cell-0-6-2 472 991 44 42 
cell-0-6-3 516 991 44 42 
cell-0-6-4 560 991 44 42 
cell-0-6-5 604 991 300 42 
cell-0-7-0 384 1038 44 42 
cell-0-7-1 428 1038 44 42 
cell-0-7-2 472 1038 44 42 
cell-0-7-3 516 1038 44 42 
cell-0-7-4 560 1038 44 42 
cell-0-7-5 604 1038 300 42 
cell-0-8-0 384 1085 44 42 
cell-0-8-1 428 1085 44 42 
cell-0-8-2 472 1085 44 42 
cell-0-8-3 516 1085 44 42 
cell-0-8-4 560 1085 44 42 
cell-0-8-5 604 1085 300 42 
cell-0-9-0 384 1132 44 42 
cell-0-9-1 428 1132 44 42 
cell-0-9-2 472 1132 44 42 
cell-0-9-3 516 1132 44 42 
cell-0-9-4 560 1132 44 42 
cell-0-9-5 604 1132 300 42 
cell-0-10-0 384 1179 44 42 
cell-0-10-1 428 1179 44 42 
cell-0-10-2 472 1179 44 42 
cell-0-10-3 516 1179 44 42 
cell-0-10-4 560 1179 44 42 
cell-0-10-5 604 1179 300 42 
cell-0-11-0 384 1226 44 42 
cell-0-11-1 428 1226 44 42 
cell-0-11-2 472 1226 44 42 
cell-0-11-3 516 1226 44 42 
cell-0-11-4 560 1226 44 42 
cell-0-11-5 604 1226 300 42 
cell-0-12-0 384 1273 44 42 
cell-0-12-1 428 1273 44 42 
cell-0-12-2 472 1273 44 42 
cell-0-12-3 516 1273 44 42 
cell-0-12-4 560 1273 44 42 
cell-0-12-5 604 1273 300 42 
table-3 280 69 641 492 
cell-3-0-0 280 69 43 41 
cell-3-0-1 323 69 43 41 
cell-3-0-2 366 69 43 41 
cell-3-0-3 409 69 43 41 
cell-3-0-4 452 69 43 41 
cell-3-0-5 495 69 43 41 
cell-3-0-6 538 69 383 41 
cell-3-1-0 280 114 43 41 
cell-3-1-1 323 114 43 41 
cell-3-1-2 366 114 43 41 
cell-3-1-3 409 114 43 41 
cell-3-1-4 452 114 43 41 
cell-3-1-5 495 114 43 41 
cell-3-1-6 538 114 383 41 
cell-3-2-0 280 159 43 41 
cell-3-2-1 323 159 43 41 
cell-3-2-2 366 159 43 41 
cell-3-2-3 409 159 43 41 
cell-3-2-4 452 159 43 41 
cell-3-2-5 495 159 43 41 
cell-3-2-6 538 159 383 41 
cell-3-3-0 280 204 43 41 
cell-3-3-1 323 204 43 41 
cell-3-3-2 366 204 43 41 
cell-3-3-3 409 204 43 41 
cell-3-3-4 452 204 43 41 
cell-3-3-5 495 204 43 41 
cell-3-3-6 538 204 383 41 
cell-3-4-0 280 249 43 41 
cell-3-4-1 323 249 43 41 
cell-3-4-2 366 249 43 41 
cell-3-4-3 409 249 43 41 
cell-3-4-4 452 249 43 41 
cell-3-4-5 495 249 43 41 
cell-3-4-6 538 249 383 41 
cell-3-5-0 280 294 43 41 
cell-3-5-1 323 294 43 41 
cell-3-5-2 366 294 43 41 
cell-3-5-3 409 294 43 41 
cell-3-5-4 452 294 43 41 
cell-3-5-5 495 294 43 41 
cell-3-5-6 538 294 383 41 
cell-3-6-0 280 339 43 41 
cell-3-6-1 323 339 43 41 
cell-3-6-2 366 339 43 41 
cell-3-6-3 409 339 43 41 
cell-3-6-4 452 339 43 41 
cell-3-6-5 495 339 43 41 
cell-3-6-6 538 339 383 41 
cell-3-7-0 280 384 43 41 
cell-3-7-1 323 384 43 41 
cell-3-7-2 366 384 43 41 
cell-3-7-3 409 384 43 41 
cell-3-7-4 452 384 43 41 
cell-3-7-5 495 384 43 41 
cell-3-7-6 538 384 383 41 
cell-3-8-0 280 429 43 41 
cell-3-8-1 323 429 43 41 
cell-3-8-2 366 429 43 41 
cell-3-8-3 409 429 43 41 
cell-3-8-4 452 429 43 41 
cell-3-8-5 495 429 43 41 
cell-3-8-6 538 429 383 41 
cell-3-9-0 280 474 43 41 
cell-3-9-1 323 474 43 41 
cell-3-9-2 366 474 43 41 
cell-3-9-3 409 474 43 41 
cell-3-9-4 452 474 43 41 
cell-3-9-5 495 474 43 41 
cell-3-9-6 538 474 383 41 
cell-3-10-0 280 519 43 41 
cell-3-10-1 323 519 43 41 
cell-3-10-2 366 519 43 41 
cell-3-10-3 409 519 43 41 
cell-3-10-4 452 519 43 41 
cell-3-10-5 495 519 43 41 
cell-3-10-6 538 519 383 41 
