table-0 415 374 222 517 
cell-0-0-0 415 374 44 35 
cell-0-0-1 459 374 44 35 
cell-0-0-2 503 374 44 35 
cell-0-0-3 547 374 44 35 
cell-0-0-4 591 374 44 35 
cell-0-1-0 415 414 44 35 
cell-0-1-1 459 414 44 35 
cell-0-1-2 503 414 44 35 
cell-0-1-3 547 414 44 35 
cell-0-1-4 591 414 44 35 
cell-0-2-0 415 454 44 35 
cell-0-2-1 459 454 44 35 
cell-0-2-2 503 454 44 35 
cell-0-2-3 547 454 44 35 
cell-0-2-4 591 454 44 35 
cell-0-3-0 415 494 44 35 
cell-0-3-1 459 494 44 35 
cell-0-3-2 503 494 44 35 
cell-0-3-3 547 494 44 35 
cell-0-3-4 591 494 44 35 
cell-0-4-0 415 534 44 35 
cell-0-4-1 459 534 44 35 
cell-0-4-2 503 534 44 35 
cell-0-4-3 547 534 44 35 
cell-0-4-4 591 534 44 35 
cell-0-5-0 415 574 44 35 
cell-0-5-1 459 574 44 35 
cell-0-5-2 503 574 44 35 
cell-0-5-3 547 574 44 35 
cell-0-5-4 591 574 44 35 
cell-0-6-0 415 614 44 35 
cell-0-6-1 459 614 44 35 
cell-0-6-2 503 614 44 35 
cell-0-6-3 547 614 44 35 
cell-0-6-4 591 614 44 35 
cell-0-7-0 415 654 44 35 
cell-0-7-1 459 654 44 35 
cell-0-7-2 503 654 44 35 
cell-0-7-3 547 654 44 35 
cell-0-7-4 591 654 44 35 
cell-0-8-0 415 694 44 35 
cell-0-8-1 459 694 44 35 
cell-0-8-2 503 694 44 35 
cell-0-8-3 547 694 44 35 
cell-0-8-4 591 694 44 35 
cell-0-9-0 415 734 44 35 
cell-0-9-1 459 734 44 35 
cell-0-9-2 503 734 44 35 
cell-0-9-3 547 734 44 35 
cell-0-9-4 591 734 44 35 
cell-0-10-0 415 774 44 35 
cell-0-10-1 459 774 44 35 
cell-0-10-2 503 774 44 35 
cell-0-10-3 547 774 44 35 
cell-0-10-4 591 774 44 35 
cell-0-11-0 415 814 44 35 
cell-0-11-1 459 814 44 35 
cell-0-11-2 503 814 44 35 
cell-0-11-3 547 814 44 35 
cell-0-11-4 591 814 44 35 
cell-0-12-0 415 854 44 35 
cell-0-12-1 459 854 44 35 
cell-0-12-2 503 854 44 35 
cell-0-12-3 547 854 44 35 
cell-0-12-4 591 854 44 35 
