table-0 60 710 1000 380 
cell-0-0-0 60 710 166 54 
cell-0-0-1 226 710 166 54 
cell-0-0-2 392 710 166 54 
cell-0-0-3 558 710 166 54 
cell-0-0-4 724 710 166 54 
cell-0-0-5 890 710 166 54 
cell-0-1-0 60 764 166 54 
cell-0-1-1 226 764 166 54 
cell-0-1-2 392 764 166 54 
cell-0-1-3 558 764 166 54 
cell-0-1-4 724 764 166 54 
cell-0-1-5 890 764 166 54 
cell-0-2-0 60 818 166 54 
cell-0-2-1 226 818 166 54 
cell-0-2-2 392 818 166 54 
cell-0-2-3 558 818 166 54 
cell-0-2-4 724 818 166 54 
cell-0-2-5 890 818 166 54 
cell-0-3-0 60 872 166 54 
cell-0-3-1 226 872 166 54 
cell-0-3-2 392 872 166 54 
cell-0-3-3 558 872 166 54 
cell-0-3-4 724 872 166 54 
cell-0-3-5 890 872 166 54 
cell-0-4-0 60 926 166 54 
cell-0-4-1 226 926 166 54 
cell-0-4-2 392 926 166 54 
cell-0-4-3 558 926 166 54 
cell-0-4-4 724 926 166 54 
cell-0-4-5 890 926 166 54 
cell-0-5-0 60 980 166 54 
cell-0-5-1 226 980 166 54 
cell-0-5-2 392 980 166 54 
cell-0-5-3 558 980 166 54 
cell-0-5-4 724 980 166 54 
cell-0-5-5 890 980 166 54 
cell-0-6-0 60 1034 166 54 
cell-0-6-1 226 1034 166 54 
cell-0-6-2 392 1034 166 54 
cell-0-6-3 558 1034 166 54 
cell-0-6-4 724 1034 166 54 
cell-0-6-5 890 1034 166 54 
