header-0 204 792 772 193 
row-1-1 204 792 298 40 
row-1-2 522 792 331 40 
row-2-1 204 842 331 40 
row-2-2 555 842 414 40 
row-3-1 204 892 463 40 
row-4-1 204 942 562 40 
table-3 593 114 178 541 
cell-3-0-0 593 114 44 35 
cell-3-0-1 637 114 44 35 
cell-3-0-2 681 114 44 35 
cell-3-0-3 725 114 44 35 
cell-3-1-0 593 150 44 35 
cell-3-1-1 637 150 44 35 
cell-3-1-2 681 150 44 35 
cell-3-1-3 725 150 44 35 
cell-3-2-0 593 186 44 35 
cell-3-2-1 637 186 44 35 
cell-3-2-2 681 186 44 35 
cell-3-2-3 725 186 44 35 
cell-3-3-0 593 222 44 35 
cell-3-3-1 637 222 44 35 
cell-3-3-2 681 222 44 35 
cell-3-3-3 725 222 44 35 
cell-3-4-0 593 258 44 35 
cell-3-4-1 637 258 44 35 
cell-3-4-2 681 258 44 35 
cell-3-4-3 725 258 44 35 
cell-3-5-0 593 294 44 35 
cell-3-5-1 637 294 44 35 
cell-3-5-2 681 294 44 35 
cell-3-5-3 725 294 44 35 
cell-3-6-0 593 330 44 35 
cell-3-6-1 637 330 44 35 
cell-3-6-2 681 330 44 35 
cell-3-6-3 725 330 44 35 
cell-3-7-0 593 366 44 35 
cell-3-7-1 637 366 44 35 
cell-3-7-2 681 366 44 35 
cell-3-7-3 725 366 44 35 
cell-3-8-0 593 402 44 35 
cell-3-8-1 637 402 44 35 
cell-3-8-2 681 402 44 35 
cell-3-8-3 725 402 44 35 
cell-3-9-0 593 438 44 35 
cell-3-9-1 637 438 44 35 
cell-3-9-2 681 438 44 35 
cell-3-9-3 725 438 44 35 
cell-3-10-0 593 474 44 35 
cell-3-10-1 637 474 44 35 
cell-3-10-2 681 474 44 35 
cell-3-10-3 725 474 44 35 
cell-3-11-0 593 510 44 35 
cell-3-11-1 637 510 44 35 
cell-3-11-2 681 510 44 35 
cell-3-11-3 725 510 44 35 
cell-3-12-0 593 546 44 35 
cell-3-12-1 637 546 44 35 
cell-3-12-2 681 546 44 35 
cell-3-12-3 725 546 44 35 
cell-3-13-0 593 582 44 35 
cell-3-13-1 637 582 44 35 
cell-3-13-2 681 582 44 35 
cell-3-13-3 725 582 44 35 
cell-3-14-0 593 618 44 35 
cell-3-14-1 637 618 44 35 
cell-3-14-2 681 618 44 35 
cell-3-14-3 725 618 44 35 
