table-0 153 930 463 240 
cell-0-1-0 153 930 33 35 
cell-0-1-1 186 930 33 35 
cell-0-1-2 219 930 33 35 
cell-0-1-3 252 930 33 35 
cell-0-1-4 285 930 33 35 
cell-0-1-5 318 930 33 35 
cell-0-1-6 351 930 33 35 
cell-0-1-7 384 930 33 35 
cell-0-1-8 417 930 33 35 
cell-0-1-9 450 930 33 35 
cell-0-1-10 483 930 33 35 
cell-0-1-11 516 930 33 35 
cell-0-1-12 549 930 33 35 
cell-0-1-13 582 930 33 35 
cell-0-2-0 153 981 33 35 
cell-0-2-1 186 981 33 35 
cell-0-2-2 219 981 33 35 
cell-0-2-3 252 981 33 35 
cell-0-2-4 285 981 33 35 
cell-0-2-5 318 981 33 35 
cell-0-2-6 351 981 33 35 
cell-0-2-7 384 981 33 35 
cell-0-2-8 417 981 33 35 
cell-0-2-9 450 981 33 35 
cell-0-2-10 483 981 33 35 
cell-0-2-11 516 981 33 35 
cell-0-2-12 549 981 33 35 
cell-0-2-13 582 981 33 35 
cell-0-3-0 153 1032 33 35 
cell-0-3-1 186 1032 33 35 
cell-0-3-2 219 1032 33 35 
cell-0-3-3 252 1032 33 35 
cell-0-3-4 285 1032 33 35 
cell-0-3-5 318 1032 33 35 
cell-0-3-6 351 1032 33 35 
cell-0-3-7 384 1032 33 35 
cell-0-3-8 417 1032 33 35 
cell-0-3-9 450 1032 33 35 
cell-0-3-10 483 1032 33 35 
cell-0-3-11 516 1032 33 35 
cell-0-3-12 549 1032 33 35 
cell-0-3-13 582 1032 33 35 
cell-0-4-0 153 1083 33 35 
cell-0-4-1 186 1083 33 35 
cell-0-4-2 219 1083 33 35 
cell-0-4-3 252 1083 33 35 
cell-0-4-4 285 1083 33 35 
cell-0-4-5 318 1083 33 35 
cell-0-4-6 351 1083 33 35 
cell-0-4-7 384 1083 33 35 
cell-0-4-8 417 1083 33 35 
cell-0-4-9 450 1083 33 35 
cell-0-4-10 483 1083 33 35 
cell-0-4-11 516 1083 33 35 
cell-0-4-12 549 1083 33 35 
cell-0-4-13 582 1083 33 35 
cell-0-5-0 153 1134 33 35 
cell-0-5-1 186 1134 33 35 
cell-0-5-2 219 1134 33 35 
cell-0-5-3 252 1134 33 35 
cell-0-5-4 285 1134 33 35 
cell-0-5-5 318 1134 33 35 
cell-0-5-6 351 1134 33 35 
cell-0-5-7 384 1134 33 35 
cell-0-5-8 417 1134 33 35 
cell-0-5-9 450 1134 33 35 
cell-0-5-10 483 1134 33 35 
cell-0-5-11 516 1134 33 35 
cell-0-5-12 549 1134 33 35 
cell-0-5-13 582 1134 33 35 
header-2 105 272 880 193 
row-1-1 105 272 287 40 
row-1-2 412 272 386 40 
row-2-1 105 322 386 40 
row-2-2 511 322 470 40 
row-3-1 105 372 551 40 
row-4-1 105 422 815 40 
