table-0 571 134 259 378 
cell-0-0-0 571 134 43 35 
cell-0-0-1 614 134 43 35 
cell-0-0-2 657 134 43 35 
cell-0-0-3 700 134 43 35 
cell-0-0-4 743 134 43 35 
cell-0-0-5 786 134 43 35 
cell-0-1-0 571 172 43 35 
cell-0-1-1 614 172 43 35 
cell-0-1-2 657 172 43 35 
cell-0-1-3 700 172 43 35 
cell-0-1-4 743 172 43 35 
cell-0-1-5 786 172 43 35 
cell-0-2-0 571 210 43 35 
cell-0-2-1 614 210 43 35 
cell-0-2-2 657 210 43 35 
cell-0-2-3 700 210 43 35 
cell-0-2-4 743 210 43 35 
cell-0-2-5 786 210 43 35 
cell-0-3-0 571 248 43 35 
cell-0-3-1 614 248 43 35 
cell-0-3-2 657 248 43 35 
cell-0-3-3 700 248 43 35 
cell-0-3-4 743 248 43 35 
cell-0-3-5 786 248 43 35 
cell-0-4-0 571 286 43 35 
cell-0-4-1 614 286 43 35 
cell-0-4-2 657 286 43 35 
cell-0-4-3 700 286 43 35 
cell-0-4-4 743 286 43 35 
cell-0-4-5 786 286 43 35 
cell-0-5-0 571 324 43 35 
cell-0-5-1 614 324 43 35 
cell-0-5-2 657 324 43 35 
cell-0-5-3 700 324 43 35 
cell-0-5-4 743 324 43 35 
cell-0-5-5 786 324 43 35 
cell-0-6-0 571 362 43 35 
cell-0-6-1 614 362 43 35 
cell-0-6-2 657 362 43 35 
cell-0-6-3 700 362 43 35 
cell-0-6-4 743 362 43 35 
cell-0-6-5 786 362 43 35 
cell-0-7-0 571 400 43 35 
cell-0-7-1 614 400 43 35 
cell-0-7-2 657 400 43 35 
cell-0-7-3 700 400 43 35 
cell-0-7-4 743 400 43 35 
cell-0-7-5 786 400 43 35 
cell-0-8-0 571 438 43 35 
cell-0-8-1 614 438 43 35 
cell-0-8-2 657 438 43 35 
cell-0-8-3 700 438 43 35 
cell-0-8-4 743 438 43 35 
cell-0-8-5 786 438 43 35 
cell-0-9-0 571 476 43 35 
cell-0-9-1 614 476 43 35 
cell-0-9-2 657 476 43 35 
cell-0-9-3 700 476 43 35 
cell-0-9-4 743 476 43 35 
cell-0-9-5 786 476 43 35 
table-3 454 621 228 544 
cell-3-0-0 454 621 45 35 
cell-3-0-1 499 621 45 35 
cell-3-0-2 544 621 45 35 
cell-3-0-3 589 621 45 35 
cell-3-0-4 634 621 45 35 
cell-3-1-0 454 667 45 35 
cell-3-1-1 499 667 45 35 
cell-3-1-2 544 667 45 35 
cell-3-1-3 589 667 45 35 
cell-3-1-4 634 667 45 35 
cell-3-2-0 454 713 45 35 
cell-3-2-1 499 713 45 35 
cell-3-2-2 544 713 45 35 
cell-3-2-3 589 713 45 35 
cell-3-2-4 634 713 45 35 
cell-3-3-0 454 759 45 35 
cell-3-3-1 499 759 45 35 
cell-3-3-2 544 759 45 35 
cell-3-3-3 589 759 45 35 
cell-3-3-4 634 759 45 35 
cell-3-4-0 454 805 45 35 
cell-3-4-1 499 805 45 35 
cell-3-4-2 544 805 45 35 
cell-3-4-3 589 805 45 35 
cell-3-4-4 634 805 45 35 
cell-3-5-0 454 851 45 35 
cell-3-5-1 499 851 45 35 
cell-3-5-2 544 851 45 35 
cell-3-5-3 589 851 45 35 
cell-3-5-4 634 851 45 35 
cell-3-6-0 454 897 45 35 
cell-3-6-1 499 897 45 35 
cell-3-6-2 544 897 45 35 
cell-3-6-3 589 897 45 35 
cell-3-6-4 634 897 45 35 
cell-3-7-0 454 943 45 35 
cell-3-7-1 499 943 45 35 
cell-3-7-2 544 943 45 35 
cell-3-7-3 589 943 45 35 
cell-3-7-4 634 943 45 35 
cell-3-8-0 454 989 45 35 
cell-3-8-1 499 989 45 35 
cell-3-8-2 544 989 45 35 
cell-3-8-3 589 989 45 35 
cell-3-8-4 634 989 45 35 
cell-3-9-0 454 1035 45 35 
cell-3-9-1 499 1035 45 35 
cell-3-9-2 544 1035 45 35 
cell-3-9-3 589 1035 45 35 
cell-3-9-4 634 1035 45 35 
cell-3-10-0 454 1081 45 35 
cell-3-10-1 499 1081 45 35 
cell-3-10-2 544 1081 45 35 
cell-3-10-3 589 1081 45 35 
cell-3-10-4 634 1081 45 35 
cell-3-11-0 454 1127 45 35 
cell-3-11-1 499 1127 45 35 
cell-3-11-2 544 1127 45 35 
cell-3-11-3 589 1127 45 35 
cell-3-11-4 634 1127 45 35 
