table-0 682 718 183 555 
cell-0-0-0 682 718 45 35 
cell-0-0-1 727 718 45 35 
cell-0-0-2 772 718 45 35 
cell-0-0-3 817 718 45 35 
cell-0-1-0 682 765 45 35 
cell-0-1-1 727 765 45 35 
cell-0-1-2 772 765 45 35 
cell-0-1-3 817 765 45 35 
cell-0-2-0 682 812 45 35 
cell-0-2-1 727 812 45 35 
cell-0-2-2 772 812 45 35 
cell-0-2-3 817 812 45 35 
cell-0-3-0 682 859 45 35 
cell-0-3-1 727 859 45 35 
cell-0-3-2 772 859 45 35 
cell-0-3-3 817 859 45 35 
cell-0-4-0 682 906 45 35 
cell-0-4-1 727 906 45 35 
cell-0-4-2 772 906 45 35 
cell-0-4-3 817 906 45 35 
cell-0-5-0 682 953 45 35 
cell-0-5-1 727 953 45 35 
cell-0-5-2 772 953 45 35 
cell-0-5-3 817 953 45 35 
cell-0-6-0 682 1000 45 35 
cell-0-6-1 727 1000 45 35 
cell-0-6-2 772 1000 45 35 
cell-0-6-3 817 1000 45 35 
cell-0-7-0 682 1047 45 35 
cell-0-7-1 727 1047 45 35 
cell-0-7-2 772 1047 45 35 
cell-0-7-3 817 1047 45 35 
cell-0-8-0 682 1094 45 35 
cell-0-8-1 727 1094 45 35 
cell-0-8-2 772 1094 45 35 
cell-0-8-3 817 1094 45 35 
cell-0-9-0 682 1141 45 35 
cell-0-9-1 727 1141 45 35 
cell-0-9-2 772 1141 45 35 
cell-0-9-3 817 1141 45 35 
cell-0-10-0 682 1188 45 35 
cell-0-10-1 727 1188 45 35 
cell-0-10-2 772 1188 45 35 
cell-0-10-3 817 1188 45 35 
cell-0-11-0 682 1235 45 35 
cell-0-11-1 727 1235 45 35 
cell-0-11-2 772 1235 45 35 
cell-0-11-3 817 1235 45 35 
table-3 133 743 259 686 
cell-3-0-0 133 743 43 35 
cell-3-0-1 176 743 43 35 
cell-3-0-2 219 743 43 35 
cell-3-0-3 262 743 43 35 
cell-3-0-4 305 743 43 35 
cell-3-0-5 348 743 43 35 
cell-3-1-0 133 793 43 35 
cell-3-1-1 176 793 43 35 
cell-3-1-2 219 793 43 35 
cell-3-1-3 262 793 43 35 
cell-3-1-4 305 793 43 35 
cell-3-1-5 348 793 43 35 
cell-3-2-0 133 843 43 35 
cell-3-2-1 176 843 43 35 
cell-3-2-2 219 843 43 35 
cell-3-2-3 262 843 43 35 
cell-3-2-4 305 843 43 35 
cell-3-2-5 348 843 43 35 
cell-3-3-0 133 893 43 35 
cell-3-3-1 176 893 43 35 
cell-3-3-2 219 893 43 35 
cell-3-3-3 262 893 43 35 
cell-3-3-4 305 893 43 35 
cell-3-3-5 348 893 43 35 
cell-3-4-0 133 943 43 35 
cell-3-4-1 176 943 43 35 
cell-3-4-2 219 943 43 35 
cell-3-4-3 262 943 43 35 
cell-3-4-4 305 943 43 35 
cell-3-4-5 348 943 43 35 
cell-3-5-0 133 993 43 35 
cell-3-5-1 176 993 43 35 
cell-3-5-2 219 993 43 35 
cell-3-5-3 262 993 43 35 
cell-3-5-4 305 993 43 35 
cell-3-5-5 348 993 43 35 
cell-3-6-0 133 1043 43 35 
cell-3-6-1 176 1043 43 35 
cell-3-6-2 219 1043 43 35 
cell-3-6-3 262 1043 43 35 
cell-3-6-4 305 1043 43 35 
cell-3-6-5 348 1043 43 35 
cell-3-7-0 133 1093 43 35 
cell-3-7-1 176 1093 43 35 
cell-3-7-2 219 1093 43 35 
cell-3-7-3 262 1093 43 35 
cell-3-7-4 305 1093 43 35 
cell-3-7-5 348 1093 43 35 
cell-3-8-0 133 1143 43 35 
cell-3-8-1 176 1143 43 35 
cell-3-8-2 219 1143 43 35 
cell-3-8-3 262 1143 43 35 
cell-3-8-4 305 1143 43 35 
cell-3-8-5 348 1143 43 35 
cell-3-9-0 133 1193 43 35 
cell-3-9-1 176 1193 43 35 
cell-3-9-2 219 1193 43 35 
cell-3-9-3 262 1193 43 35 
cell-3-9-4 305 1193 43 35 
cell-3-9-5 348 1193 43 35 
cell-3-10-0 133 1243 43 35 
cell-3-10-1 176 1243 43 35 
cell-3-10-2 219 1243 43 35 
cell-3-10-3 262 1243 43 35 
cell-3-10-4 305 1243 43 35 
cell-3-10-5 348 1243 43 35 
cell-3-11-0 133 1293 43 35 
cell-3-11-1 176 1293 43 35 
cell-3-11-2 219 1293 43 35 
cell-3-11-3 262 1293 43 35 
cell-3-11-4 305 1293 43 35 
cell-3-11-5 348 1293 43 35 
cell-3-12-0 133 1343 43 35 
cell-3-12-1 176 1343 43 35 
cell-3-12-2 219 1343 43 35 
cell-3-12-3 262 1343 43 35 
cell-3-12-4 305 1343 43 35 
cell-3-12-5 348 1343 43 35 
cell-3-13-0 133 1393 43 35 
cell-3-13-1 176 1393 43 35 
cell-3-13-2 219 1393 43 35 
cell-3-13-3 262 1393 43 35 
cell-3-13-4 305 1393 43 35 
cell-3-13-5 348 1393 43 35 
