table-0 307 858 644 512 
cell-0-0-0 307 858 43 41 
cell-0-0-1 350 858 43 41 
cell-0-0-2 393 858 43 41 
cell-0-0-3 436 858 43 41 
cell-0-0-4 479 858 470 41 
cell-0-1-0 307 905 43 41 
cell-0-1-1 350 905 43 41 
cell-0-1-2 393 905 43 41 
cell-0-1-3 436 905 43 41 
cell-0-1-4 479 905 470 41 
cell-0-2-0 307 952 43 41 
cell-0-2-1 350 952 43 41 
cell-0-2-2 393 952 43 41 
cell-0-2-3 436 952 43 41 
cell-0-2-4 479 952 470 41 
cell-0-3-0 307 999 43 41 
cell-0-3-1 350 999 43 41 
cell-0-3-2 393 999 43 41 
cell-0-3-3 436 999 43 41 
cell-0-3-4 479 999 470 41 
cell-0-4-0 307 1046 43 41 
cell-0-4-1 350 1046 43 41 
cell-0-4-2 393 1046 43 41 
cell-0-4-3 436 1046 43 41 
cell-0-4-4 479 1046 470 41 
cell-0-5-0 307 1093 43 41 
cell-0-5-1 350 1093 43 41 
cell-0-5-2 393 1093 43 41 
cell-0-5-3 436 1093 43 41 
cell-0-5-4 479 1093 470 41 
cell-0-6-0 307 1140 43 41 
cell-0-6-1 350 1140 43 41 
cell-0-6-2 393 1140 43 41 
cell-0-6-3 436 1140 43 41 
cell-0-6-4 479 1140 470 41 
cell-0-7-0 307 1187 43 41 
cell-0-7-1 350 1187 43 41 
cell-0-7-2 393 1187 43 41 
cell-0-7-3 436 1187 43 41 
cell-0-7-4 479 1187 470 41 
cell-0-8-0 307 1234 43 41 
cell-0-8-1 350 1234 43 41 
cell-0-8-2 393 1234 43 41 
cell-0-8-3 436 1234 43 41 
cell-0-8-4 479 1234 470 41 
cell-0-9-0 307 1281 43 41 
cell-0-9-1 350 1281 43 41 
cell-0-9-2 393 1281 43 41 
cell-0-9-3 436 1281 43 41 
cell-0-9-4 479 1281 470 41 
cell-0-10-0 307 1328 43 41 
cell-0-10-1 350 1328 43 41 
cell-0-10-2 393 1328 43 41 
cell-0-10-3 436 1328 43 41 
cell-0-10-4 479 1328 470 41 
header-3 169 188 798 193 
row-1-1 169 188 269 40 
row-1-2 458 188 335 40 
row-2-1 169 238 302 40 
row-2-2 491 238 471 40 
row-3-1 169 288 599 40 
row-4-1 169 338 566 40 
