table-0 410 586 535 610 
cell-0-0-0 410 586 45 43 
cell-0-0-1 455 586 45 43 
cell-0-0-2 500 586 45 43 
cell-0-0-3 545 586 45 43 
cell-0-0-4 590 586 353 43 
cell-0-1-0 410 633 45 43 
cell-0-1-1 455 633 45 43 
cell-0-1-2 500 633 45 43 
cell-0-1-3 545 633 45 43 
cell-0-1-4 590 633 353 43 
cell-0-2-0 410 680 45 43 
cell-0-2-1 455 680 45 43 
cell-0-2-2 500 680 45 43 
cell-0-2-3 545 680 45 43 
cell-0-2-4 590 680 353 43 
cell-0-3-0 410 727 45 43 
cell-0-3-1 455 727 45 43 
cell-0-3-2 500 727 45 43 
cell-0-3-3 545 727 45 43 
cell-0-3-4 590 727 353 43 
cell-0-4-0 410 774 45 43 
cell-0-4-1 455 774 45 43 
cell-0-4-2 500 774 45 43 
cell-0-4-3 545 774 45 43 
cell-0-4-4 590 774 353 43 
cell-0-5-0 410 821 45 43 
cell-0-5-1 455 821 45 43 
cell-0-5-2 500 821 45 43 
cell-0-5-3 545 821 45 43 
cell-0-5-4 590 821 353 43 
cell-0-6-0 410 868 45 43 
cell-0-6-1 455 868 45 43 
cell-0-6-2 500 868 45 43 
cell-0-6-3 545 868 45 43 
cell-0-6-4 590 868 353 43 
cell-0-7-0 410 915 45 43 
cell-0-7-1 455 915 45 43 
cell-0-7-2 500 915 45 43 
cell-0-7-3 545 915 45 43 
cell-0-7-4 590 915 353 43 
cell-0-8-0 410 962 45 43 
cell-0-8-1 455 962 45 43 
cell-0-8-2 500 962 45 43 
cell-0-8-3 545 962 45 43 
cell-0-8-4 590 962 353 43 
cell-0-9-0 410 1009 45 43 
cell-0-9-1 455 1009 45 43 
cell-0-9-2 500 1009 45 43 
cell-0-9-3 545 1009 45 43 
cell-0-9-4 590 1009 353 43 
cell-0-10-0 410 1056 45 43 
cell-0-10-1 455 1056 45 43 
cell-0-10-2 500 1056 45 43 
cell-0-10-3 545 1056 45 43 
cell-0-10-4 590 1056 353 43 
cell-0-11-0 410 1103 45 43 
cell-0-11-1 455 1103 45 43 
cell-0-11-2 500 1103 45 43 
cell-0-11-3 545 1103 45 43 
cell-0-11-4 590 1103 353 43 
cell-0-12-0 410 1150 45 43 
cell-0-12-1 455 1150 45 43 
cell-0-12-2 500 1150 45 43 
cell-0-12-3 545 1150 45 43 
cell-0-12-4 590 1150 353 43 
table-5 409 148 407 326 
cell-5-1-0 409 148 38 35 
cell-5-1-1 450 148 38 35 
cell-5-1-2 491 148 38 35 
cell-5-1-3 532 148 38 35 
cell-5-1-4 573 148 38 35 
cell-5-1-5 614 148 38 35 
cell-5-1-6 655 148 38 35 
cell-5-1-7 696 148 38 35 
cell-5-1-8 737 148 38 35 
cell-5-1-9 778 148 38 35 
cell-5-2-0 409 196 38 35 
cell-5-2-1 450 196 38 35 
cell-5-2-2 491 196 38 35 
cell-5-2-3 532 196 38 35 
cell-5-2-4 573 196 38 35 
cell-5-2-5 614 196 38 35 
cell-5-2-6 655 196 38 35 
cell-5-2-7 696 196 38 35 
cell-5-2-8 737 196 38 35 
cell-5-2-9 778 196 38 35 
cell-5-3-0 409 244 38 35 
cell-5-3-1 450 244 38 35 
cell-5-3-2 491 244 38 35 
cell-5-3-3 532 244 38 35 
cell-5-3-4 573 244 38 35 
cell-5-3-5 614 244 38 35 
cell-5-3-6 655 244 38 35 
cell-5-3-7 696 244 38 35 
cell-5-3-8 737 244 38 35 
cell-5-3-9 778 244 38 35 
cell-5-4-0 409 292 38 35 
cell-5-4-1 450 292 38 35 
cell-5-4-2 491 292 38 35 
cell-5-4-3 532 292 38 35 
cell-5-4-4 573 292 38 35 
cell-5-4-5 614 292 38 35 
cell-5-4-6 655 292 38 35 
cell-5-4-7 696 292 38 35 
cell-5-4-8 737 292 38 35 
cell-5-4-9 778 292 38 35 
cell-5-5-0 409 340 38 35 
cell-5-5-1 450 340 38 35 
cell-5-5-2 491 340 38 35 
cell-5-5-3 532 340 38 35 
cell-5-5-4 573 340 38 35 
cell-5-5-5 614 340 38 35 
cell-5-5-6 655 340 38 35 
cell-5-5-7 696 340 38 35 
cell-5-5-8 737 340 38 35 
cell-5-5-9 778 340 38 35 
cell-5-6-0 409 388 38 35 
cell-5-6-1 450 388 38 35 
cell-5-6-2 491 388 38 35 
cell-5-6-3 532 388 38 35 
cell-5-6-4 573 388 38 35 
cell-5-6-5 614 388 38 35 
cell-5-6-6 655 388 38 35 
cell-5-6-7 696 388 38 35 
cell-5-6-8 737 388 38 35 
cell-5-6-9 778 388 38 35 
cell-5-7-0 409 436 38 35 
cell-5-7-1 450 436 38 35 
cell-5-7-2 491 436 38 35 
cell-5-7-3 532 436 38 35 
cell-5-7-4 573 436 38 35 
cell-5-7-5 614 436 38 35 
cell-5-7-6 655 436 38 35 
cell-5-7-7 696 436 38 35 
cell-5-7-8 737 436 38 35 
cell-5-7-9 778 436 38 35 
