table-0 297 759 600 302 
cell-0-0-0 297 759 120 49 
cell-0-0-1 417 759 120 49 
cell-0-0-2 537 759 120 49 
cell-0-0-3 657 759 120 49 
cell-0-0-4 777 759 120 49 
cell-0-1-0 297 809 120 49 
cell-0-1-1 417 809 120 49 
cell-0-1-2 537 809 120 49 
cell-0-1-3 657 809 120 49 
cell-0-1-4 777 809 120 49 
cell-0-2-0 297 859 120 49 
cell-0-2-1 417 859 120 49 
cell-0-2-2 537 859 120 49 
cell-0-2-3 657 859 120 49 
cell-0-2-4 777 859 120 49 
cell-0-3-0 297 909 120 49 
cell-0-3-1 417 909 120 49 
cell-0-3-2 537 909 120 49 
cell-0-3-3 657 909 120 49 
cell-0-3-4 777 909 120 49 
cell-0-4-0 297 959 120 49 
cell-0-4-1 417 959 120 49 
cell-0-4-2 537 959 120 49 
cell-0-4-3 657 959 120 49 
cell-0-4-4 777 959 120 49 
cell-0-5-0 297 1009 120 49 
cell-0-5-1 417 1009 120 49 
cell-0-5-2 537 1009 120 49 
cell-0-5-3 657 1009 120 49 
cell-0-5-4 777 1009 120 49 
header-1 129 248 833 193 
row-1-1 129 248 304 40 
row-1-2 453 248 403 40 
row-2-1 129 298 370 40 
row-2-2 519 298 439 40 
row-3-1 129 348 535 40 
row-4-1 129 398 667 40 
