table-0 237 245 694 290 
cell-0-1-0 237 245 38 35 
cell-0-1-1 278 245 38 35 
cell-0-1-2 319 245 38 35 
cell-0-1-3 360 245 38 35 
cell-0-1-4 401 245 38 35 
cell-0-1-5 442 245 38 35 
cell-0-1-6 483 245 38 35 
cell-0-1-7 524 245 38 35 
cell-0-1-8 565 245 38 35 
cell-0-1-9 606 245 38 35 
cell-0-1-10 647 245 38 35 
cell-0-1-11 688 245 38 35 
cell-0-1-12 729 245 38 35 
cell-0-1-13 770 245 38 35 
cell-0-1-14 811 245 38 35 
cell-0-1-15 852 245 38 35 
cell-0-1-16 893 245 38 35 
cell-0-2-0 237 308 38 35 
cell-0-2-1 278 308 38 35 
cell-0-2-2 319 308 38 35 
cell-0-2-3 360 308 38 35 
cell-0-2-4 401 308 38 35 
cell-0-2-5 442 308 38 35 
cell-0-2-6 483 308 38 35 
cell-0-2-7 524 308 38 35 
cell-0-2-8 565 308 38 35 
cell-0-2-9 606 308 38 35 
cell-0-2-10 647 308 38 35 
cell-0-2-11 688 308 38 35 
cell-0-2-12 729 308 38 35 
cell-0-2-13 770 308 38 35 
cell-0-2-14 811 308 38 35 
cell-0-2-15 852 308 38 35 
cell-0-2-16 893 308 38 35 
cell-0-3-0 237 371 38 35 
cell-0-3-1 278 371 38 35 
cell-0-3-2 319 371 38 35 
cell-0-3-3 360 371 38 35 
cell-0-3-4 401 371 38 35 
cell-0-3-5 442 371 38 35 
cell-0-3-6 483 371 38 35 
cell-0-3-7 524 371 38 35 
cell-0-3-8 565 371 38 35 
cell-0-3-9 606 371 38 35 
cell-0-3-10 647 371 38 35 
cell-0-3-11 688 371 38 35 
cell-0-3-12 729 371 38 35 
cell-0-3-13 770 371 38 35 
cell-0-3-14 811 371 38 35 
cell-0-3-15 852 371 38 35 
cell-0-3-16 893 371 38 35 
cell-0-4-0 237 434 38 35 
cell-0-4-1 278 434 38 35 
cell-0-4-2 319 434 38 35 
cell-0-4-3 360 434 38 35 
cell-0-4-4 401 434 38 35 
cell-0-4-5 442 434 38 35 
cell-0-4-6 483 434 38 35 
cell-0-4-7 524 434 38 35 
cell-0-4-8 565 434 38 35 
cell-0-4-9 606 434 38 35 
cell-0-4-10 647 434 38 35 
cell-0-4-11 688 434 38 35 
cell-0-4-12 729 434 38 35 
cell-0-4-13 770 434 38 35 
cell-0-4-14 811 434 38 35 
cell-0-4-15 852 434 38 35 
cell-0-4-16 893 434 38 35 
cell-0-5-0 237 497 38 35 
cell-0-5-1 278 497 38 35 
cell-0-5-2 319 497 38 35 
cell-0-5-3 360 497 38 35 
cell-0-5-4 401 497 38 35 
cell-0-5-5 442 497 38 35 
cell-0-5-6 483 497 38 35 
cell-0-5-7 524 497 38 35 
cell-0-5-8 565 497 38 35 
cell-0-5-9 606 497 38 35 
cell-0-5-10 647 497 38 35 
cell-0-5-11 688 497 38 35 
cell-0-5-12 729 497 38 35 
cell-0-5-13 770 497 38 35 
cell-0-5-14 811 497 38 35 
cell-0-5-15 852 497 38 35 
cell-0-5-16 893 497 38 35 
