table-0 96 240 900 237 
cell-0-0-0 96 240 180 40 
cell-0-0-1 276 240 180 40 
cell-0-0-2 456 240 180 40 
cell-0-0-3 636 240 180 40 
cell-0-0-4 816 240 180 40 
cell-0-1-0 96 289 180 40 
cell-0-1-1 276 289 180 40 
cell-0-1-2 456 289 180 40 
cell-0-1-3 636 289 180 40 
cell-0-1-4 816 289 180 40 
cell-0-2-0 96 338 180 40 
cell-0-2-1 276 338 180 40 
cell-0-2-2 456 338 180 40 
cell-0-2-3 636 338 180 40 
cell-0-2-4 816 338 180 40 
cell-0-3-0 96 387 180 40 
cell-0-3-1 276 387 180 40 
cell-0-3-2 456 387 180 40 
cell-0-3-3 636 387 180 40 
cell-0-3-4 816 387 180 40 
cell-0-4-0 96 436 180 40 
cell-0-4-1 276 436 180 40 
cell-0-4-2 456 436 180 40 
cell-0-4-3 636 436 180 40 
cell-0-4-4 816 436 180 40 
table-3 249 781 222 406 
cell-3-0-0 249 781 44 35 
cell-3-0-1 293 781 44 35 
cell-3-0-2 337 781 44 35 
cell-3-0-3 381 781 44 35 
cell-3-0-4 425 781 44 35 
cell-3-1-0 249 822 44 35 
cell-3-1-1 293 822 44 35 
cell-3-1-2 337 822 44 35 
cell-3-1-3 381 822 44 35 
cell-3-1-4 425 822 44 35 
cell-3-2-0 249 863 44 35 
cell-3-2-1 293 863 44 35 
cell-3-2-2 337 863 44 35 
cell-3-2-3 381 863 44 35 
cell-3-2-4 425 863 44 35 
cell-3-3-0 249 904 44 35 
cell-3-3-1 293 904 44 35 
cell-3-3-2 337 904 44 35 
cell-3-3-3 381 904 44 35 
cell-3-3-4 425 904 44 35 
cell-3-4-0 249 945 44 35 
cell-3-4-1 293 945 44 35 
cell-3-4-2 337 945 44 35 
cell-3-4-3 381 945 44 35 
cell-3-4-4 425 945 44 35 
cell-3-5-0 249 986 44 35 
cell-3-5-1 293 986 44 35 
cell-3-5-2 337 986 44 35 
cell-3-5-3 381 986 44 35 
cell-3-5-4 425 986 44 35 
cell-3-6-0 249 1027 44 35 
cell-3-6-1 293 1027 44 35 
cell-3-6-2 337 1027 44 35 
cell-3-6-3 381 1027 44 35 
cell-3-6-4 425 1027 44 35 
cell-3-7-0 249 1068 44 35 
cell-3-7-1 293 1068 44 35 
cell-3-7-2 337 1068 44 35 
cell-3-7-3 381 1068 44 35 
cell-3-7-4 425 1068 44 35 
cell-3-8-0 249 1109 44 35 
cell-3-8-1 293 1109 44 35 
cell-3-8-2 337 1109 44 35 
cell-3-8-3 381 1109 44 35 
cell-3-8-4 425 1109 44 35 
cell-3-9-0 249 1150 44 35 
cell-3-9-1 293 1150 44 35 
cell-3-9-2 337 1150 44 35 
cell-3-9-3 381 1150 44 35 
cell-3-9-4 425 1150 44 35 
