table-0 120 64 900 468 
cell-0-0-0 120 64 225 44 
cell-0-0-1 345 64 225 44 
cell-0-0-2 570 64 225 44 
cell-0-0-3 795 64 225 44 
cell-0-1-0 120 111 225 44 
cell-0-1-1 345 111 225 44 
cell-0-1-2 570 111 225 44 
cell-0-1-3 795 111 225 44 
cell-0-2-0 120 158 225 44 
cell-0-2-1 345 158 225 44 
cell-0-2-2 570 158 225 44 
cell-0-2-3 795 158 225 44 
cell-0-3-0 120 205 225 44 
cell-0-3-1 345 205 225 44 
cell-0-3-2 570 205 225 44 
cell-0-3-3 795 205 225 44 
cell-0-4-0 120 252 225 44 
cell-0-4-1 345 252 225 44 
cell-0-4-2 570 252 225 44 
cell-0-4-3 795 252 225 44 
cell-0-5-0 120 299 225 44 
cell-0-5-1 345 299 225 44 
cell-0-5-2 570 299 225 44 
cell-0-5-3 795 299 225 44 
cell-0-6-0 120 346 225 44 
cell-0-6-1 345 346 225 44 
cell-0-6-2 570 346 225 44 
cell-0-6-3 795 346 225 44 
cell-0-7-0 120 393 225 44 
cell-0-7-1 345 393 225 44 
cell-0-7-2 570 393 225 44 
cell-0-7-3 795 393 225 44 
cell-0-8-0 120 440 225 44 
cell-0-8-1 345 440 225 44 
cell-0-8-2 570 440 225 44 
cell-0-8-3 795 440 225 44 
cell-0-9-0 120 487 225 44 
cell-0-9-1 345 487 225 44 
cell-0-9-2 570 487 225 44 
cell-0-9-3 795 487 225 44 
