table-0 198 292 699 163 
cell-0-1-0 198 292 36 35 
cell-0-1-1 237 292 36 35 
cell-0-1-2 276 292 36 35 
cell-0-1-3 315 292 36 35 
cell-0-1-4 354 292 36 35 
cell-0-1-5 393 292 36 35 
cell-0-1-6 432 292 36 35 
cell-0-1-7 471 292 36 35 
cell-0-1-8 510 292 36 35 
cell-0-1-9 549 292 36 35 
cell-0-1-10 588 292 36 35 
cell-0-1-11 627 292 36 35 
cell-0-1-12 666 292 36 35 
cell-0-1-13 705 292 36 35 
cell-0-1-14 744 292 36 35 
cell-0-1-15 783 292 36 35 
cell-0-1-16 822 292 36 35 
cell-0-1-17 861 292 36 35 
cell-0-2-0 198 334 36 35 
cell-0-2-1 237 334 36 35 
cell-0-2-2 276 334 36 35 
cell-0-2-3 315 334 36 35 
cell-0-2-4 354 334 36 35 
cell-0-2-5 393 334 36 35 
cell-0-2-6 432 334 36 35 
cell-0-2-7 471 334 36 35 
cell-0-2-8 510 334 36 35 
cell-0-2-9 549 334 36 35 
cell-0-2-10 588 334 36 35 
cell-0-2-11 627 334 36 35 
cell-0-2-12 666 334 36 35 
cell-0-2-13 705 334 36 35 
cell-0-2-14 744 334 36 35 
cell-0-2-15 783 334 36 35 
cell-0-2-16 822 334 36 35 
cell-0-2-17 861 334 36 35 
cell-0-3-0 198 376 36 35 
cell-0-3-1 237 376 36 35 
cell-0-3-2 276 376 36 35 
cell-0-3-3 315 376 36 35 
cell-0-3-4 354 376 36 35 
cell-0-3-5 393 376 36 35 
cell-0-3-6 432 376 36 35 
cell-0-3-7 471 376 36 35 
cell-0-3-8 510 376 36 35 
cell-0-3-9 549 376 36 35 
cell-0-3-10 588 376 36 35 
cell-0-3-11 627 376 36 35 
cell-0-3-12 666 376 36 35 
cell-0-3-13 705 376 36 35 
cell-0-3-14 744 376 36 35 
cell-0-3-15 783 376 36 35 
cell-0-3-16 822 376 36 35 
cell-0-3-17 861 376 36 35 
cell-0-4-0 198 418 36 35 
cell-0-4-1 237 418 36 35 
cell-0-4-2 276 418 36 35 
cell-0-4-3 315 418 36 35 
cell-0-4-4 354 418 36 35 
cell-0-4-5 393 418 36 35 
cell-0-4-6 432 418 36 35 
cell-0-4-7 471 418 36 35 
cell-0-4-8 510 418 36 35 
cell-0-4-9 549 418 36 35 
cell-0-4-10 588 418 36 35 
cell-0-4-11 627 418 36 35 
cell-0-4-12 666 418 36 35 
cell-0-4-13 705 418 36 35 
cell-0-4-14 744 418 36 35 
cell-0-4-15 783 418 36 35 
cell-0-4-16 822 418 36 35 
cell-0-4-17 861 418 36 35 
table-3 148 687 216 708 
cell-3-0-0 148 687 43 35 
cell-3-0-1 191 687 43 35 
cell-3-0-2 234 687 43 35 
cell-3-0-3 277 687 43 35 
cell-3-0-4 320 687 43 35 
cell-3-1-0 148 735 43 35 
cell-3-1-1 191 735 43 35 
cell-3-1-2 234 735 43 35 
cell-3-1-3 277 735 43 35 
cell-3-1-4 320 735 43 35 
cell-3-2-0 148 783 43 35 
cell-3-2-1 191 783 43 35 
cell-3-2-2 234 783 43 35 
cell-3-2-3 277 783 43 35 
cell-3-2-4 320 783 43 35 
cell-3-3-0 148 831 43 35 
cell-3-3-1 191 831 43 35 
cell-3-3-2 234 831 43 35 
cell-3-3-3 277 831 43 35 
cell-3-3-4 320 831 43 35 
cell-3-4-0 148 879 43 35 
cell-3-4-1 191 879 43 35 
cell-3-4-2 234 879 43 35 
cell-3-4-3 277 879 43 35 
cell-3-4-4 320 879 43 35 
cell-3-5-0 148 927 43 35 
cell-3-5-1 191 927 43 35 
cell-3-5-2 234 927 43 35 
cell-3-5-3 277 927 43 35 
cell-3-5-4 320 927 43 35 
cell-3-6-0 148 975 43 35 
cell-3-6-1 191 975 43 35 
cell-3-6-2 234 975 43 35 
cell-3-6-3 277 975 43 35 
cell-3-6-4 320 975 43 35 
cell-3-7-0 148 1023 43 35 
cell-3-7-1 191 1023 43 35 
cell-3-7-2 234 1023 43 35 
cell-3-7-3 277 1023 43 35 
cell-3-7-4 320 1023 43 35 
cell-3-8-0 148 1071 43 35 
cell-3-8-1 191 1071 43 35 
cell-3-8-2 234 1071 43 35 
cell-3-8-3 277 1071 43 35 
cell-3-8-4 320 1071 43 35 
cell-3-9-0 148 1119 43 35 
cell-3-9-1 191 1119 43 35 
cell-3-9-2 234 1119 43 35 
cell-3-9-3 277 1119 43 35 
cell-3-9-4 320 1119 43 35 
cell-3-10-0 148 1167 43 35 
cell-3-10-1 191 1167 43 35 
cell-3-10-2 234 1167 43 35 
cell-3-10-3 277 1167 43 35 
cell-3-10-4 320 1167 43 35 
cell-3-11-0 148 1215 43 35 
cell-3-11-1 191 1215 43 35 
cell-3-11-2 234 1215 43 35 
cell-3-11-3 277 1215 43 35 
cell-3-11-4 320 1215 43 35 
cell-3-12-0 148 1263 43 35 
cell-3-12-1 191 1263 43 35 
cell-3-12-2 234 1263 43 35 
cell-3-12-3 277 1263 43 35 
cell-3-12-4 320 1263 43 35 
cell-3-13-0 148 1311 43 35 
cell-3-13-1 191 1311 43 35 
cell-3-13-2 234 1311 43 35 
cell-3-13-3 277 1311 43 35 
cell-3-13-4 320 1311 43 35 
cell-3-14-0 148 1359 43 35 
cell-3-14-1 191 1359 43 35 
cell-3-14-2 234 1359 43 35 
cell-3-14-3 277 1359 43 35 
cell-3-14-4 320 1359 43 35 
