table-0 528 834 173 454 
cell-0-0-0 528 834 43 35 
cell-0-0-1 571 834 43 35 
cell-0-0-2 614 834 43 35 
cell-0-0-3 657 834 43 35 
cell-0-1-0 528 872 43 35 
cell-0-1-1 571 872 43 35 
cell-0-1-2 614 872 43 35 
cell-0-1-3 657 872 43 35 
cell-0-2-0 528 910 43 35 
cell-0-2-1 571 910 43 35 
cell-0-2-2 614 910 43 35 
cell-0-2-3 657 910 43 35 
cell-0-3-0 528 948 43 35 
cell-0-3-1 571 948 43 35 
cell-0-3-2 614 948 43 35 
cell-0-3-3 657 948 43 35 
cell-0-4-0 528 986 43 35 
cell-0-4-1 571 986 43 35 
cell-0-4-2 614 986 43 35 
cell-0-4-3 657 986 43 35 
cell-0-5-0 528 1024 43 35 
cell-0-5-1 571 1024 43 35 
cell-0-5-2 614 1024 43 35 
cell-0-5-3 657 1024 43 35 
cell-0-6-0 528 1062 43 35 
cell-0-6-1 571 1062 43 35 
cell-0-6-2 614 1062 43 35 
cell-0-6-3 657 1062 43 35 
cell-0-7-0 528 1100 43 35 
cell-0-7-1 571 1100 43 35 
cell-0-7-2 614 1100 43 35 
cell-0-7-3 657 1100 43 35 
cell-0-8-0 528 1138 43 35 
cell-0-8-1 571 1138 43 35 
cell-0-8-2 614 1138 43 35 
cell-0-8-3 657 1138 43 35 
cell-0-9-0 528 1176 43 35 
cell-0-9-1 571 1176 43 35 
cell-0-9-2 614 1176 43 35 
cell-0-9-3 657 1176 43 35 
cell-0-10-0 528 1214 43 35 
cell-0-10-1 571 1214 43 35 
cell-0-10-2 614 1214 43 35 
cell-0-10-3 657 1214 43 35 
cell-0-11-0 528 1252 43 35 
cell-0-11-1 571 1252 43 35 
cell-0-11-2 614 1252 43 35 
cell-0-11-3 657 1252 43 35 
