table-0 76 1015 700 419 
cell-0-0-0 76 1015 77 34 
cell-0-0-1 153 1015 77 34 
cell-0-0-2 230 1015 77 34 
cell-0-0-3 307 1015 77 34 
cell-0-0-4 384 1015 77 34 
cell-0-0-5 461 1015 77 34 
cell-0-0-6 538 1015 77 34 
cell-0-0-7 615 1015 77 34 
cell-0-0-8 692 1015 77 34 
cell-0-1-0 76 1063 77 34 
cell-0-1-1 153 1063 77 34 
cell-0-1-2 230 1063 77 34 
cell-0-1-3 307 1063 77 34 
cell-0-1-4 384 1063 77 34 
cell-0-1-5 461 1063 77 34 
cell-0-1-6 538 1063 77 34 
cell-0-1-7 615 1063 77 34 
cell-0-1-8 692 1063 77 34 
cell-0-2-0 76 1111 77 34 
cell-0-2-1 153 1111 77 34 
cell-0-2-2 230 1111 77 34 
cell-0-2-3 307 1111 77 34 
cell-0-2-4 384 1111 77 34 
cell-0-2-5 461 1111 77 34 
cell-0-2-6 538 1111 77 34 
cell-0-2-7 615 1111 77 34 
cell-0-2-8 692 1111 77 34 
cell-0-3-0 76 1159 77 34 
cell-0-3-1 153 1159 77 34 
cell-0-3-2 230 1159 77 34 
cell-0-3-3 307 1159 77 34 
cell-0-3-4 384 1159 77 34 
cell-0-3-5 461 1159 77 34 
cell-0-3-6 538 1159 77 34 
cell-0-3-7 615 1159 77 34 
cell-0-3-8 692 1159 77 34 
cell-0-4-0 76 1207 77 34 
cell-0-4-1 153 1207 77 34 
cell-0-4-2 230 1207 77 34 
cell-0-4-3 307 1207 77 34 
cell-0-4-4 384 1207 77 34 
cell-0-4-5 461 1207 77 34 
cell-0-4-6 538 1207 77 34 
cell-0-4-7 615 1207 77 34 
cell-0-4-8 692 1207 77 34 
cell-0-5-0 76 1255 77 34 
cell-0-5-1 153 1255 77 34 
cell-0-5-2 230 1255 77 34 
cell-0-5-3 307 1255 77 34 
cell-0-5-4 384 1255 77 34 
cell-0-5-5 461 1255 77 34 
cell-0-5-6 538 1255 77 34 
cell-0-5-7 615 1255 77 34 
cell-0-5-8 692 1255 77 34 
cell-0-6-0 76 1303 77 34 
cell-0-6-1 153 1303 77 34 
cell-0-6-2 230 1303 77 34 
cell-0-6-3 307 1303 77 34 
cell-0-6-4 384 1303 77 34 
cell-0-6-5 461 1303 77 34 
cell-0-6-6 538 1303 77 34 
cell-0-6-7 615 1303 77 34 
cell-0-6-8 692 1303 77 34 
cell-0-7-0 76 1351 77 34 
cell-0-7-1 153 1351 77 34 
cell-0-7-2 230 1351 77 34 
cell-0-7-3 307 1351 77 34 
cell-0-7-4 384 1351 77 34 
cell-0-7-5 461 1351 77 34 
cell-0-7-6 538 1351 77 34 
cell-0-7-7 615 1351 77 34 
cell-0-7-8 692 1351 77 34 
cell-0-8-0 76 1399 77 34 
cell-0-8-1 153 1399 77 34 
cell-0-8-2 230 1399 77 34 
cell-0-8-3 307 1399 77 34 
cell-0-8-4 384 1399 77 34 
cell-0-8-5 461 1399 77 34 
cell-0-8-6 538 1399 77 34 
cell-0-8-7 615 1399 77 34 
cell-0-8-8 692 1399 77 34 
