table-0 302 606 738 233 
cell-0-1-0 302 606 36 35 
cell-0-1-1 341 606 36 35 
cell-0-1-2 380 606 36 35 
cell-0-1-3 419 606 36 35 
cell-0-1-4 458 606 36 35 
cell-0-1-5 497 606 36 35 
cell-0-1-6 536 606 36 35 
cell-0-1-7 575 606 36 35 
cell-0-1-8 614 606 36 35 
cell-0-1-9 653 606 36 35 
cell-0-1-10 692 606 36 35 
cell-0-1-11 731 606 36 35 
cell-0-1-12 770 606 36 35 
cell-0-1-13 809 606 36 35 
cell-0-1-14 848 606 36 35 
cell-0-1-15 887 606 36 35 
cell-0-1-16 926 606 36 35 
cell-0-1-17 965 606 36 35 
cell-0-1-18 1004 606 36 35 
cell-0-2-0 302 655 36 35 
cell-0-2-1 341 655 36 35 
cell-0-2-2 380 655 36 35 
cell-0-2-3 419 655 36 35 
cell-0-2-4 458 655 36 35 
cell-0-2-5 497 655 36 35 
cell-0-2-6 536 655 36 35 
cell-0-2-7 575 655 36 35 
cell-0-2-8 614 655 36 35 
cell-0-2-9 653 655 36 35 
cell-0-2-10 692 655 36 35 
cell-0-2-11 731 655 36 35 
cell-0-2-12 770 655 36 35 
cell-0-2-13 809 655 36 35 
cell-0-2-14 848 655 36 35 
cell-0-2-15 887 655 36 35 
cell-0-2-16 926 655 36 35 
cell-0-2-17 965 655 36 35 
cell-0-2-18 1004 655 36 35 
cell-0-3-0 302 704 36 35 
cell-0-3-1 341 704 36 35 
cell-0-3-2 380 704 36 35 
cell-0-3-3 419 704 36 35 
cell-0-3-4 458 704 36 35 
cell-0-3-5 497 704 36 35 
cell-0-3-6 536 704 36 35 
cell-0-3-7 575 704 36 35 
cell-0-3-8 614 704 36 35 
cell-0-3-9 653 704 36 35 
cell-0-3-10 692 704 36 35 
cell-0-3-11 731 704 36 35 
cell-0-3-12 770 704 36 35 
cell-0-3-13 809 704 36 35 
cell-0-3-14 848 704 36 35 
cell-0-3-15 887 704 36 35 
cell-0-3-16 926 704 36 35 
cell-0-3-17 965 704 36 35 
cell-0-3-18 1004 704 36 35 
cell-0-4-0 302 753 36 35 
cell-0-4-1 341 753 36 35 
cell-0-4-2 380 753 36 35 
cell-0-4-3 419 753 36 35 
cell-0-4-4 458 753 36 35 
cell-0-4-5 497 753 36 35 
cell-0-4-6 536 753 36 35 
cell-0-4-7 575 753 36 35 
cell-0-4-8 614 753 36 35 
cell-0-4-9 653 753 36 35 
cell-0-4-10 692 753 36 35 
cell-0-4-11 731 753 36 35 
cell-0-4-12 770 753 36 35 
cell-0-4-13 809 753 36 35 
cell-0-4-14 848 753 36 35 
cell-0-4-15 887 753 36 35 
cell-0-4-16 926 753 36 35 
cell-0-4-17 965 753 36 35 
cell-0-4-18 1004 753 36 35 
cell-0-5-0 302 802 36 35 
cell-0-5-1 341 802 36 35 
cell-0-5-2 380 802 36 35 
cell-0-5-3 419 802 36 35 
cell-0-5-4 458 802 36 35 
cell-0-5-5 497 802 36 35 
cell-0-5-6 536 802 36 35 
cell-0-5-7 575 802 36 35 
cell-0-5-8 614 802 36 35 
cell-0-5-9 653 802 36 35 
cell-0-5-10 692 802 36 35 
cell-0-5-11 731 802 36 35 
cell-0-5-12 770 802 36 35 
cell-0-5-13 809 802 36 35 
cell-0-5-14 848 802 36 35 
cell-0-5-15 887 802 36 35 
cell-0-5-16 926 802 36 35 
cell-0-5-17 965 802 36 35 
cell-0-5-18 1004 802 36 35 
table-2 233 1010 700 432 
cell-2-0-0 233 1010 100 57 
cell-2-0-1 333 1010 100 57 
cell-2-0-2 433 1010 100 57 
cell-2-0-3 533 1010 100 57 
cell-2-0-4 633 1010 100 57 
cell-2-0-5 733 1010 100 57 
cell-2-0-6 833 1010 100 57 
cell-2-1-0 233 1072 100 57 
cell-2-1-1 333 1072 100 57 
cell-2-1-2 433 1072 100 57 
cell-2-1-3 533 1072 100 57 
cell-2-1-4 633 1072 100 57 
cell-2-1-5 733 1072 100 57 
cell-2-1-6 833 1072 100 57 
cell-2-2-0 233 1134 100 57 
cell-2-2-1 333 1134 100 57 
cell-2-2-2 433 1134 100 57 
cell-2-2-3 533 1134 100 57 
cell-2-2-4 633 1134 100 57 
cell-2-2-5 733 1134 100 57 
cell-2-2-6 833 1134 100 57 
cell-2-3-0 233 1196 100 57 
cell-2-3-1 333 1196 100 57 
cell-2-3-2 433 1196 100 57 
cell-2-3-3 533 1196 100 57 
cell-2-3-4 633 1196 100 57 
cell-2-3-5 733 1196 100 57 
cell-2-3-6 833 1196 100 57 
cell-2-4-0 233 1258 100 57 
cell-2-4-1 333 1258 100 57 
cell-2-4-2 433 1258 100 57 
cell-2-4-3 533 1258 100 57 
cell-2-4-4 633 1258 100 57 
cell-2-4-5 733 1258 100 57 
cell-2-4-6 833 1258 100 57 
cell-2-5-0 233 1320 100 57 
cell-2-5-1 333 1320 100 57 
cell-2-5-2 433 1320 100 57 
cell-2-5-3 533 1320 100 57 
cell-2-5-4 633 1320 100 57 
cell-2-5-5 733 1320 100 57 
cell-2-5-6 833 1320 100 57 
cell-2-6-0 233 1382 100 57 
cell-2-6-1 333 1382 100 57 
cell-2-6-2 433 1382 100 57 
cell-2-6-3 533 1382 100 57 
cell-2-6-4 633 1382 100 57 
cell-2-6-5 733 1382 100 57 
cell-2-6-6 833 1382 100 57 
table-4 68 106 589 153 
cell-4-1-0 68 106 34 35 
cell-4-1-1 105 106 34 35 
cell-4-1-2 142 106 34 35 
cell-4-1-3 179 106 34 35 
cell-4-1-4 216 106 34 35 
cell-4-1-5 253 106 34 35 
cell-4-1-6 290 106 34 35 
cell-4-1-7 327 106 34 35 
cell-4-1-8 364 106 34 35 
cell-4-1-9 401 106 34 35 
cell-4-1-10 438 106 34 35 
cell-4-1-11 475 106 34 35 
cell-4-1-12 512 106 34 35 
cell-4-1-13 549 106 34 35 
cell-4-1-14 586 106 34 35 
cell-4-1-15 623 106 34 35 
cell-4-2-0 68 145 34 35 
cell-4-2-1 105 145 34 35 
cell-4-2-2 142 145 34 35 
cell-4-2-3 179 145 34 35 
cell-4-2-4 216 145 34 35 
cell-4-2-5 253 145 34 35 
cell-4-2-6 290 145 34 35 
cell-4-2-7 327 145 34 35 
cell-4-2-8 364 145 34 35 
cell-4-2-9 401 145 34 35 
cell-4-2-10 438 145 34 35 
cell-4-2-11 475 145 34 35 
cell-4-2-12 512 145 34 35 
cell-4-2-13 549 145 34 35 
cell-4-2-14 586 145 34 35 
cell-4-2-15 623 145 34 35 
cell-4-3-0 68 184 34 35 
cell-4-3-1 105 184 34 35 
cell-4-3-2 142 184 34 35 
cell-4-3-3 179 184 34 35 
cell-4-3-4 216 184 34 35 
cell-4-3-5 253 184 34 35 
cell-4-3-6 290 184 34 35 
cell-4-3-7 327 184 34 35 
cell-4-3-8 364 184 34 35 
cell-4-3-9 401 184 34 35 
cell-4-3-10 438 184 34 35 
cell-4-3-11 475 184 34 35 
cell-4-3-12 512 184 34 35 
cell-4-3-13 549 184 34 35 
cell-4-3-14 586 184 34 35 
cell-4-3-15 623 184 34 35 
cell-4-4-0 68 223 34 35 
cell-4-4-1 105 223 34 35 
cell-4-4-2 142 223 34 35 
cell-4-4-3 179 223 34 35 
cell-4-4-4 216 223 34 35 
cell-4-4-5 253 223 34 35 
cell-4-4-6 290 223 34 35 
cell-4-4-7 327 223 34 35 
cell-4-4-8 364 223 34 35 
cell-4-4-9 401 223 34 35 
cell-4-4-10 438 223 34 35 
cell-4-4-11 475 223 34 35 
cell-4-4-12 512 223 34 35 
cell-4-4-13 549 223 34 35 
cell-4-4-14 586 223 34 35 
cell-4-4-15 623 223 34 35 
