table-0 177 421 755 458 
cell-0-0-0 177 421 43 42 
cell-0-0-1 220 421 43 42 
cell-0-0-2 263 421 43 42 
cell-0-0-3 306 421 43 42 
cell-0-0-4 349 421 43 42 
cell-0-0-5 392 421 43 42 
cell-0-0-6 435 421 493 42 
cell-0-1-0 177 467 43 42 
cell-0-1-1 220 467 43 42 
cell-0-1-2 263 467 43 42 
cell-0-1-3 306 467 43 42 
cell-0-1-4 349 467 43 42 
cell-0-1-5 392 467 43 42 
cell-0-1-6 435 467 493 42 
cell-0-2-0 177 513 43 42 
cell-0-2-1 220 513 43 42 
cell-0-2-2 263 513 43 42 
cell-0-2-3 306 513 43 42 
cell-0-2-4 349 513 43 42 
cell-0-2-5 392 513 43 42 
cell-0-2-6 435 513 493 42 
cell-0-3-0 177 559 43 42 
cell-0-3-1 220 559 43 42 
cell-0-3-2 263 559 43 42 
cell-0-3-3 306 559 43 42 
cell-0-3-4 349 559 43 42 
cell-0-3-5 392 559 43 42 
cell-0-3-6 435 559 493 42 
cell-0-4-0 177 605 43 42 
cell-0-4-1 220 605 43 42 
cell-0-4-2 263 605 43 42 
cell-0-4-3 306 605 43 42 
cell-0-4-4 349 605 43 42 
cell-0-4-5 392 605 43 42 
cell-0-4-6 435 605 493 42 
cell-0-5-0 177 651 43 42 
cell-0-5-1 220 651 43 42 
cell-0-5-2 263 651 43 42 
cell-0-5-3 306 651 43 42 
cell-0-5-4 349 651 43 42 
cell-0-5-5 392 651 43 42 
cell-0-5-6 435 651 493 42 
cell-0-6-0 177 697 43 42 
cell-0-6-1 220 697 43 42 
cell-0-6-2 263 697 43 42 
cell-0-6-3 306 697 43 42 
cell-0-6-4 349 697 43 42 
cell-0-6-5 392 697 43 42 
cell-0-6-6 435 697 493 42 
cell-0-7-0 177 743 43 42 
cell-0-7-1 220 743 43 42 
cell-0-7-2 263 743 43 42 
cell-0-7-3 306 743 43 42 
cell-0-7-4 349 743 43 42 
cell-0-7-5 392 743 43 42 
cell-0-7-6 435 743 493 42 
cell-0-8-0 177 789 43 42 
cell-0-8-1 220 789 43 42 
cell-0-8-2 263 789 43 42 
cell-0-8-3 306 789 43 42 
cell-0-8-4 349 789 43 42 
cell-0-8-5 392 789 43 42 
cell-0-8-6 435 789 493 42 
cell-0-9-0 177 835 43 42 
cell-0-9-1 220 835 43 42 
cell-0-9-2 263 835 43 42 
cell-0-9-3 306 835 43 42 
cell-0-9-4 349 835 43 42 
cell-0-9-5 392 835 43 42 
cell-0-9-6 435 835 493 42 
