table-0 328 411 183 710 
cell-0-0-0 328 411 45 35 
cell-0-0-1 373 411 45 35 
cell-0-0-2 418 411 45 35 
cell-0-0-3 463 411 45 35 
cell-0-1-0 328 459 45 35 
cell-0-1-1 373 459 45 35 
cell-0-1-2 418 459 45 35 
cell-0-1-3 463 459 45 35 
cell-0-2-0 328 507 45 35 
cell-0-2-1 373 507 45 35 
cell-0-2-2 418 507 45 35 
cell-0-2-3 463 507 45 35 
cell-0-3-0 328 555 45 35 
cell-0-3-1 373 555 45 35 
cell-0-3-2 418 555 45 35 
cell-0-3-3 463 555 45 35 
cell-0-4-0 328 603 45 35 
cell-0-4-1 373 603 45 35 
cell-0-4-2 418 603 45 35 
cell-0-4-3 463 603 45 35 
cell-0-5-0 328 651 45 35 
cell-0-5-1 373 651 45 35 
cell-0-5-2 418 651 45 35 
cell-0-5-3 463 651 45 35 
cell-0-6-0 328 699 45 35 
cell-0-6-1 373 699 45 35 
cell-0-6-2 418 699 45 35 
cell-0-6-3 463 699 45 35 
cell-0-7-0 328 747 45 35 
cell-0-7-1 373 747 45 35 
cell-0-7-2 418 747 45 35 
cell-0-7-3 463 747 45 35 
cell-0-8-0 328 795 45 35 
cell-0-8-1 373 795 45 35 
cell-0-8-2 418 795 45 35 
cell-0-8-3 463 795 45 35 
cell-0-9-0 328 843 45 35 
cell-0-9-1 373 843 45 35 
cell-0-9-2 418 843 45 35 
cell-0-9-3 463 843 45 35 
cell-0-10-0 328 891 45 35 
cell-0-10-1 373 891 45 35 
cell-0-10-2 418 891 45 35 
cell-0-10-3 463 891 45 35 
cell-0-11-0 328 939 45 35 
cell-0-11-1 373 939 45 35 
cell-0-11-2 418 939 45 35 
cell-0-11-3 463 939 45 35 
cell-0-12-0 328 987 45 35 
cell-0-12-1 373 987 45 35 
cell-0-12-2 418 987 45 35 
cell-0-12-3 463 987 45 35 
cell-0-13-0 328 1035 45 35 
cell-0-13-1 373 1035 45 35 
cell-0-13-2 418 1035 45 35 
cell-0-13-3 463 1035 45 35 
cell-0-14-0 328 1083 45 35 
cell-0-14-1 373 1083 45 35 
cell-0-14-2 418 1083 45 35 
cell-0-14-3 463 1083 45 35 
table-1 712 740 216 468 
cell-1-0-0 712 740 43 35 
cell-1-0-1 755 740 43 35 
cell-1-0-2 798 740 43 35 
cell-1-0-3 841 740 43 35 
cell-1-0-4 884 740 43 35 
cell-1-1-0 712 788 43 35 
cell-1-1-1 755 788 43 35 
cell-1-1-2 798 788 43 35 
cell-1-1-3 841 788 43 35 
cell-1-1-4 884 788 43 35 
cell-1-2-0 712 836 43 35 
cell-1-2-1 755 836 43 35 
cell-1-2-2 798 836 43 35 
cell-1-2-3 841 836 43 35 
cell-1-2-4 884 836 43 35 
cell-1-3-0 712 884 43 35 
cell-1-3-1 755 884 43 35 
cell-1-3-2 798 884 43 35 
cell-1-3-3 841 884 43 35 
cell-1-3-4 884 884 43 35 
cell-1-4-0 712 932 43 35 
cell-1-4-1 755 932 43 35 
cell-1-4-2 798 932 43 35 
cell-1-4-3 841 932 43 35 
cell-1-4-4 884 932 43 35 
cell-1-5-0 712 980 43 35 
cell-1-5-1 755 980 43 35 
cell-1-5-2 798 980 43 35 
cell-1-5-3 841 980 43 35 
cell-1-5-4 884 980 43 35 
cell-1-6-0 712 1028 43 35 
cell-1-6-1 755 1028 43 35 
cell-1-6-2 798 1028 43 35 
cell-1-6-3 841 1028 43 35 
cell-1-6-4 884 1028 43 35 
cell-1-7-0 712 1076 43 35 
cell-1-7-1 755 1076 43 35 
cell-1-7-2 798 1076 43 35 
cell-1-7-3 841 1076 43 35 
cell-1-7-4 884 1076 43 35 
cell-1-8-0 712 1124 43 35 
cell-1-8-1 755 1124 43 35 
cell-1-8-2 798 1124 43 35 
cell-1-8-3 841 1124 43 35 
cell-1-8-4 884 1124 43 35 
cell-1-9-0 712 1172 43 35 
cell-1-9-1 755 1172 43 35 
cell-1-9-2 798 1172 43 35 
cell-1-9-3 841 1172 43 35 
cell-1-9-4 884 1172 43 35 
