table-0 115 852 777 577 
cell-0-1-0 115 852 36 35 
cell-0-1-1 154 852 36 35 
cell-0-1-2 193 852 36 35 
cell-0-1-3 232 852 36 35 
cell-0-1-4 271 852 36 35 
cell-0-1-5 310 852 36 35 
cell-0-1-6 349 852 36 35 
cell-0-1-7 388 852 36 35 
cell-0-1-8 427 852 36 35 
cell-0-1-9 466 852 36 35 
cell-0-1-10 505 852 36 35 
cell-0-1-11 544 852 36 35 
cell-0-1-12 583 852 36 35 
cell-0-1-13 622 852 36 35 
cell-0-1-14 661 852 36 35 
cell-0-1-15 700 852 36 35 
cell-0-1-16 739 852 36 35 
cell-0-1-17 778 852 36 35 
cell-0-1-18 817 852 36 35 
cell-0-1-19 856 852 36 35 
cell-0-2-0 115 906 36 35 
cell-0-2-1 154 906 36 35 
cell-0-2-2 193 906 36 35 
cell-0-2-3 232 906 36 35 
cell-0-2-4 271 906 36 35 
cell-0-2-5 310 906 36 35 
cell-0-2-6 349 906 36 35 
cell-0-2-7 388 906 36 35 
cell-0-2-8 427 906 36 35 
cell-0-2-9 466 906 36 35 
cell-0-2-10 505 906 36 35 
cell-0-2-11 544 906 36 35 
cell-0-2-12 583 906 36 35 
cell-0-2-13 622 906 36 35 
cell-0-2-14 661 906 36 35 
cell-0-2-15 700 906 36 35 
cell-0-2-16 739 906 36 35 
cell-0-2-17 778 906 36 35 
cell-0-2-18 817 906 36 35 
cell-0-2-19 856 906 36 35 
cell-0-3-0 115 960 36 35 
cell-0-3-1 154 960 36 35 
cell-0-3-2 193 960 36 35 
cell-0-3-3 232 960 36 35 
cell-0-3-4 271 960 36 35 
cell-0-3-5 310 960 36 35 
cell-0-3-6 349 960 36 35 
cell-0-3-7 388 960 36 35 
cell-0-3-8 427 960 36 35 
cell-0-3-9 466 960 36 35 
cell-0-3-10 505 960 36 35 
cell-0-3-11 544 960 36 35 
cell-0-3-12 583 960 36 35 
cell-0-3-13 622 960 36 35 
cell-0-3-14 661 960 36 35 
cell-0-3-15 700 960 36 35 
cell-0-3-16 739 960 36 35 
cell-0-3-17 778 960 36 35 
cell-0-3-18 817 960 36 35 
cell-0-3-19 856 960 36 35 
cell-0-4-0 115 1014 36 35 
cell-0-4-1 154 1014 36 35 
cell-0-4-2 193 1014 36 35 
cell-0-4-3 232 1014 36 35 
cell-0-4-4 271 1014 36 35 
cell-0-4-5 310 1014 36 35 
cell-0-4-6 349 1014 36 35 
cell-0-4-7 388 1014 36 35 
cell-0-4-8 427 1014 36 35 
cell-0-4-9 466 1014 36 35 
cell-0-4-10 505 1014 36 35 
cell-0-4-11 544 1014 36 35 
cell-0-4-12 583 1014 36 35 
cell-0-4-13 622 1014 36 35 
cell-0-4-14 661 1014 36 35 
cell-0-4-15 700 1014 36 35 
cell-0-4-16 739 1014 36 35 
cell-0-4-17 778 1014 36 35 
cell-0-4-18 817 1014 36 35 
cell-0-4-19 856 1014 36 35 
cell-0-5-0 115 1068 36 35 
cell-0-5-1 154 1068 36 35 
cell-0-5-2 193 1068 36 35 
cell-0-5-3 232 1068 36 35 
cell-0-5-4 271 1068 36 35 
cell-0-5-5 310 1068 36 35 
cell-0-5-6 349 1068 36 35 
cell-0-5-7 388 1068 36 35 
cell-0-5-8 427 1068 36 35 
cell-0-5-9 466 1068 36 35 
cell-0-5-10 505 1068 36 35 
cell-0-5-11 544 1068 36 35 
cell-0-5-12 583 1068 36 35 
cell-0-5-13 622 1068 36 35 
cell-0-5-14 661 1068 36 35 
cell-0-5-15 700 1068 36 35 
cell-0-5-16 739 1068 36 35 
cell-0-5-17 778 1068 36 35 
cell-0-5-18 817 1068 36 35 
cell-0-5-19 856 1068 36 35 
cell-0-6-0 115 1122 36 35 
cell-0-6-1 154 1122 36 35 
cell-0-6-2 193 1122 36 35 
cell-0-6-3 232 1122 36 35 
cell-0-6-4 271 1122 36 35 
cell-0-6-5 310 1122 36 35 
cell-0-6-6 349 1122 36 35 
cell-0-6-7 388 1122 36 35 
cell-0-6-8 427 1122 36 35 
cell-0-6-9 466 1122 36 35 
cell-0-6-10 505 1122 36 35 
cell-0-6-11 544 1122 36 35 
cell-0-6-12 583 1122 36 35 
cell-0-6-13 622 1122 36 35 
cell-0-6-14 661 1122 36 35 
cell-0-6-15 700 1122 36 35 
cell-0-6-16 739 1122 36 35 
cell-0-6-17 778 1122 36 35 
cell-0-6-18 817 1122 36 35 
cell-0-6-19 856 1122 36 35 
cell-0-7-0 115 1176 36 35 
cell-0-7-1 154 1176 36 35 
cell-0-7-2 193 1176 36 35 
cell-0-7-3 232 1176 36 35 
cell-0-7-4 271 1176 36 35 
cell-0-7-5 310 1176 36 35 
cell-0-7-6 349 1176 36 35 
cell-0-7-7 388 1176 36 35 
cell-0-7-8 427 1176 36 35 
cell-0-7-9 466 1176 36 35 
cell-0-7-10 505 1176 36 35 
cell-0-7-11 544 1176 36 35 
cell-0-7-12 583 1176 36 35 
cell-0-7-13 622 1176 36 35 
cell-0-7-14 661 1176 36 35 
cell-0-7-15 700 1176 36 35 
cell-0-7-16 739 1176 36 35 
cell-0-7-17 778 1176 36 35 
cell-0-7-18 817 1176 36 35 
cell-0-7-19 856 1176 36 35 
cell-0-8-0 115 1230 36 35 
cell-0-8-1 154 1230 36 35 
cell-0-8-2 193 1230 36 35 
cell-0-8-3 232 1230 36 35 
cell-0-8-4 271 1230 36 35 
cell-0-8-5 310 1230 36 35 
cell-0-8-6 349 1230 36 35 
cell-0-8-7 388 1230 36 35 
cell-0-8-8 427 1230 36 35 
cell-0-8-9 466 1230 36 35 
cell-0-8-10 505 1230 36 35 
cell-0-8-11 544 1230 36 35 
cell-0-8-12 583 1230 36 35 
cell-0-8-13 622 1230 36 35 
cell-0-8-14 661 1230 36 35 
cell-0-8-15 700 1230 36 35 
cell-0-8-16 739 1230 36 35 
cell-0-8-17 778 1230 36 35 
cell-0-8-18 817 1230 36 35 
cell-0-8-19 856 1230 36 35 
cell-0-9-0 115 1284 36 35 
cell-0-9-1 154 1284 36 35 
cell-0-9-2 193 1284 36 35 
cell-0-9-3 232 1284 36 35 
cell-0-9-4 271 1284 36 35 
cell-0-9-5 310 1284 36 35 
cell-0-9-6 349 1284 36 35 
cell-0-9-7 388 1284 36 35 
cell-0-9-8 427 1284 36 35 
cell-0-9-9 466 1284 36 35 
cell-0-9-10 505 1284 36 35 
cell-0-9-11 544 1284 36 35 
cell-0-9-12 583 1284 36 35 
cell-0-9-13 622 1284 36 35 
cell-0-9-14 661 1284 36 35 
cell-0-9-15 700 1284 36 35 
cell-0-9-16 739 1284 36 35 
cell-0-9-17 778 1284 36 35 
cell-0-9-18 817 1284 36 35 
cell-0-9-19 856 1284 36 35 
cell-0-10-0 115 1338 36 35 
cell-0-10-1 154 1338 36 35 
cell-0-10-2 193 1338 36 35 
cell-0-10-3 232 1338 36 35 
cell-0-10-4 271 1338 36 35 
cell-0-10-5 310 1338 36 35 
cell-0-10-6 349 1338 36 35 
cell-0-10-7 388 1338 36 35 
cell-0-10-8 427 1338 36 35 
cell-0-10-9 466 1338 36 35 
cell-0-10-10 505 1338 36 35 
cell-0-10-11 544 1338 36 35 
cell-0-10-12 583 1338 36 35 
cell-0-10-13 622 1338 36 35 
cell-0-10-14 661 1338 36 35 
cell-0-10-15 700 1338 36 35 
cell-0-10-16 739 1338 36 35 
cell-0-10-17 778 1338 36 35 
cell-0-10-18 817 1338 36 35 
cell-0-10-19 856 1338 36 35 
cell-0-11-0 115 1392 36 35 
cell-0-11-1 154 1392 36 35 
cell-0-11-2 193 1392 36 35 
cell-0-11-3 232 1392 36 35 
cell-0-11-4 271 1392 36 35 
cell-0-11-5 310 1392 36 35 
cell-0-11-6 349 1392 36 35 
cell-0-11-7 388 1392 36 35 
cell-0-11-8 427 1392 36 35 
cell-0-11-9 466 1392 36 35 
cell-0-11-10 505 1392 36 35 
cell-0-11-11 544 1392 36 35 
cell-0-11-12 583 1392 36 35 
cell-0-11-13 622 1392 36 35 
cell-0-11-14 661 1392 36 35 
cell-0-11-15 700 1392 36 35 
cell-0-11-16 739 1392 36 35 
cell-0-11-17 778 1392 36 35 
cell-0-11-18 817 1392 36 35 
cell-0-11-19 856 1392 36 35 
