table-0 219 528 666 744 
cell-0-0-0 219 528 43 42 
cell-0-0-1 262 528 43 42 
cell-0-0-2 305 528 43 42 
cell-0-0-3 348 528 43 42 
cell-0-0-4 391 528 43 42 
cell-0-0-5 434 528 43 42 
cell-0-0-6 477 528 404 42 
cell-0-1-0 219 578 43 42 
cell-0-1-1 262 578 43 42 
cell-0-1-2 305 578 43 42 
cell-0-1-3 348 578 43 42 
cell-0-1-4 391 578 43 42 
cell-0-1-5 434 578 43 42 
cell-0-1-6 477 578 404 42 
cell-0-2-0 219 628 43 42 
cell-0-2-1 262 628 43 42 
cell-0-2-2 305 628 43 42 
cell-0-2-3 348 628 43 42 
cell-0-2-4 391 628 43 42 
cell-0-2-5 434 628 43 42 
cell-0-2-6 477 628 404 42 
cell-0-3-0 219 678 43 42 
cell-0-3-1 262 678 43 42 
cell-0-3-2 305 678 43 42 
cell-0-3-3 348 678 43 42 
cell-0-3-4 391 678 43 42 
cell-0-3-5 434 678 43 42 
cell-0-3-6 477 678 404 42 
cell-0-4-0 219 728 43 42 
cell-0-4-1 262 728 43 42 
cell-0-4-2 305 728 43 42 
cell-0-4-3 348 728 43 42 
cell-0-4-4 391 728 43 42 
cell-0-4-5 434 728 43 42 
cell-0-4-6 477 728 404 42 
cell-0-5-0 219 778 43 42 
cell-0-5-1 262 778 43 42 
cell-0-5-2 305 778 43 42 
cell-0-5-3 348 778 43 42 
cell-0-5-4 391 778 43 42 
cell-0-5-5 434 778 43 42 
cell-0-5-6 477 778 404 42 
cell-0-6-0 219 828 43 42 
cell-0-6-1 262 828 43 42 
cell-0-6-2 305 828 43 42 
cell-0-6-3 348 828 43 42 
cell-0-6-4 391 828 43 42 
cell-0-6-5 434 828 43 42 
cell-0-6-6 477 828 404 42 
cell-0-7-0 219 878 43 42 
cell-0-7-1 262 878 43 42 
cell-0-7-2 305 878 43 42 
cell-0-7-3 348 878 43 42 
cell-0-7-4 391 878 43 42 
cell-0-7-5 434 878 43 42 
cell-0-7-6 477 878 404 42 
cell-0-8-0 219 928 43 42 
cell-0-8-1 262 928 43 42 
cell-0-8-2 305 928 43 42 
cell-0-8-3 348 928 43 42 
cell-0-8-4 391 928 43 42 
cell-0-8-5 434 928 43 42 
cell-0-8-6 477 928 404 42 
cell-0-9-0 219 978 43 42 
cell-0-9-1 262 978 43 42 
cell-0-9-2 305 978 43 42 
cell-0-9-3 348 978 43 42 
cell-0-9-4 391 978 43 42 
cell-0-9-5 434 978 43 42 
cell-0-9-6 477 978 404 42 
cell-0-10-0 219 1028 43 42 
cell-0-10-1 262 1028 43 42 
cell-0-10-2 305 1028 43 42 
cell-0-10-3 348 1028 43 42 
cell-0-10-4 391 1028 43 42 
cell-0-10-5 434 1028 43 42 
cell-0-10-6 477 1028 404 42 
cell-0-11-0 219 1078 43 42 
cell-0-11-1 262 1078 43 42 
cell-0-11-2 305 1078 43 42 
cell-0-11-3 348 1078 43 42 
cell-0-11-4 391 1078 43 42 
cell-0-11-5 434 1078 43 42 
cell-0-11-6 477 1078 404 42 
cell-0-12-0 219 1128 43 42 
cell-0-12-1 262 1128 43 42 
cell-0-12-2 305 1128 43 42 
cell-0-12-3 348 1128 43 42 
cell-0-12-4 391 1128 43 42 
cell-0-12-5 434 1128 43 42 
cell-0-12-6 477 1128 404 42 
cell-0-13-0 219 1178 43 42 
cell-0-13-1 262 1178 43 42 
cell-0-13-2 305 1178 43 42 
cell-0-13-3 348 1178 43 42 
cell-0-13-4 391 1178 43 42 
cell-0-13-5 434 1178 43 42 
cell-0-13-6 477 1178 404 42 
cell-0-14-0 219 1228 43 42 
cell-0-14-1 262 1228 43 42 
cell-0-14-2 305 1228 43 42 
cell-0-14-3 348 1228 43 42 
cell-0-14-4 391 1228 43 42 
cell-0-14-5 434 1228 43 42 
cell-0-14-6 477 1228 404 42 
