table-0 130 748 633 308 
cell-0-1-0 130 748 35 35 
cell-0-1-1 165 748 35 35 
cell-0-1-2 200 748 35 35 
cell-0-1-3 235 748 35 35 
cell-0-1-4 270 748 35 35 
cell-0-1-5 305 748 35 35 
cell-0-1-6 340 748 35 35 
cell-0-1-7 375 748 35 35 
cell-0-1-8 410 748 35 35 
cell-0-1-9 445 748 35 35 
cell-0-1-10 480 748 35 35 
cell-0-1-11 515 748 35 35 
cell-0-1-12 550 748 35 35 
cell-0-1-13 585 748 35 35 
cell-0-1-14 620 748 35 35 
cell-0-1-15 655 748 35 35 
cell-0-1-16 690 748 35 35 
cell-0-1-17 725 748 35 35 
cell-0-2-0 130 802 35 35 
cell-0-2-1 165 802 35 35 
cell-0-2-2 200 802 35 35 
cell-0-2-3 235 802 35 35 
cell-0-2-4 270 802 35 35 
cell-0-2-5 305 802 35 35 
cell-0-2-6 340 802 35 35 
cell-0-2-7 375 802 35 35 
cell-0-2-8 410 802 35 35 
cell-0-2-9 445 802 35 35 
cell-0-2-10 480 802 35 35 
cell-0-2-11 515 802 35 35 
cell-0-2-12 550 802 35 35 
cell-0-2-13 585 802 35 35 
cell-0-2-14 620 802 35 35 
cell-0-2-15 655 802 35 35 
cell-0-2-16 690 802 35 35 
cell-0-2-17 725 802 35 35 
cell-0-3-0 130 856 35 35 
cell-0-3-1 165 856 35 35 
cell-0-3-2 200 856 35 35 
cell-0-3-3 235 856 35 35 
cell-0-3-4 270 856 35 35 
cell-0-3-5 305 856 35 35 
cell-0-3-6 340 856 35 35 
cell-0-3-7 375 856 35 35 
cell-0-3-8 410 856 35 35 
cell-0-3-9 445 856 35 35 
cell-0-3-10 480 856 35 35 
cell-0-3-11 515 856 35 35 
cell-0-3-12 550 856 35 35 
cell-0-3-13 585 856 35 35 
cell-0-3-14 620 856 35 35 
cell-0-3-15 655 856 35 35 
cell-0-3-16 690 856 35 35 
cell-0-3-17 725 856 35 35 
cell-0-4-0 130 910 35 35 
cell-0-4-1 165 910 35 35 
cell-0-4-2 200 910 35 35 
cell-0-4-3 235 910 35 35 
cell-0-4-4 270 910 35 35 
cell-0-4-5 305 910 35 35 
cell-0-4-6 340 910 35 35 
cell-0-4-7 375 910 35 35 
cell-0-4-8 410 910 35 35 
cell-0-4-9 445 910 35 35 
cell-0-4-10 480 910 35 35 
cell-0-4-11 515 910 35 35 
cell-0-4-12 550 910 35 35 
cell-0-4-13 585 910 35 35 
cell-0-4-14 620 910 35 35 
cell-0-4-15 655 910 35 35 
cell-0-4-16 690 910 35 35 
cell-0-4-17 725 910 35 35 
cell-0-5-0 130 964 35 35 
cell-0-5-1 165 964 35 35 
cell-0-5-2 200 964 35 35 
cell-0-5-3 235 964 35 35 
cell-0-5-4 270 964 35 35 
cell-0-5-5 305 964 35 35 
cell-0-5-6 340 964 35 35 
cell-0-5-7 375 964 35 35 
cell-0-5-8 410 964 35 35 
cell-0-5-9 445 964 35 35 
cell-0-5-10 480 964 35 35 
cell-0-5-11 515 964 35 35 
cell-0-5-12 550 964 35 35 
cell-0-5-13 585 964 35 35 
cell-0-5-14 620 964 35 35 
cell-0-5-15 655 964 35 35 
cell-0-5-16 690 964 35 35 
cell-0-5-17 725 964 35 35 
cell-0-6-0 130 1018 35 35 
cell-0-6-1 165 1018 35 35 
cell-0-6-2 200 1018 35 35 
cell-0-6-3 235 1018 35 35 
cell-0-6-4 270 1018 35 35 
cell-0-6-5 305 1018 35 35 
cell-0-6-6 340 1018 35 35 
cell-0-6-7 375 1018 35 35 
cell-0-6-8 410 1018 35 35 
cell-0-6-9 445 1018 35 35 
cell-0-6-10 480 1018 35 35 
cell-0-6-11 515 1018 35 35 
cell-0-6-12 550 1018 35 35 
cell-0-6-13 585 1018 35 35 
cell-0-6-14 620 1018 35 35 
cell-0-6-15 655 1018 35 35 
cell-0-6-16 690 1018 35 35 
cell-0-6-17 725 1018 35 35 
