table-0 385 540 648 343 
cell-0-1-0 385 540 34 35 
cell-0-1-1 419 540 34 35 
cell-0-1-2 453 540 34 35 
cell-0-1-3 487 540 34 35 
cell-0-1-4 521 540 34 35 
cell-0-1-5 555 540 34 35 
cell-0-1-6 589 540 34 35 
cell-0-1-7 623 540 34 35 
cell-0-1-8 657 540 34 35 
cell-0-1-9 691 540 34 35 
cell-0-1-10 725 540 34 35 
cell-0-1-11 759 540 34 35 
cell-0-1-12 793 540 34 35 
cell-0-1-13 827 540 34 35 
cell-0-1-14 861 540 34 35 
cell-0-1-15 895 540 34 35 
cell-0-1-16 929 540 34 35 
cell-0-1-17 963 540 34 35 
cell-0-1-18 997 540 34 35 
cell-0-2-0 385 591 34 35 
cell-0-2-1 419 591 34 35 
cell-0-2-2 453 591 34 35 
cell-0-2-3 487 591 34 35 
cell-0-2-4 521 591 34 35 
cell-0-2-5 555 591 34 35 
cell-0-2-6 589 591 34 35 
cell-0-2-7 623 591 34 35 
cell-0-2-8 657 591 34 35 
cell-0-2-9 691 591 34 35 
cell-0-2-10 725 591 34 35 
cell-0-2-11 759 591 34 35 
cell-0-2-12 793 591 34 35 
cell-0-2-13 827 591 34 35 
cell-0-2-14 861 591 34 35 
cell-0-2-15 895 591 34 35 
cell-0-2-16 929 591 34 35 
cell-0-2-17 963 591 34 35 
cell-0-2-18 997 591 34 35 
cell-0-3-0 385 642 34 35 
cell-0-3-1 419 642 34 35 
cell-0-3-2 453 642 34 35 
cell-0-3-3 487 642 34 35 
cell-0-3-4 521 642 34 35 
cell-0-3-5 555 642 34 35 
cell-0-3-6 589 642 34 35 
cell-0-3-7 623 642 34 35 
cell-0-3-8 657 642 34 35 
cell-0-3-9 691 642 34 35 
cell-0-3-10 725 642 34 35 
cell-0-3-11 759 642 34 35 
cell-0-3-12 793 642 34 35 
cell-0-3-13 827 642 34 35 
cell-0-3-14 861 642 34 35 
cell-0-3-15 895 642 34 35 
cell-0-3-16 929 642 34 35 
cell-0-3-17 963 642 34 35 
cell-0-3-18 997 642 34 35 
cell-0-4-0 385 693 34 35 
cell-0-4-1 419 693 34 35 
cell-0-4-2 453 693 34 35 
cell-0-4-3 487 693 34 35 
cell-0-4-4 521 693 34 35 
cell-0-4-5 555 693 34 35 
cell-0-4-6 589 693 34 35 
cell-0-4-7 623 693 34 35 
cell-0-4-8 657 693 34 35 
cell-0-4-9 691 693 34 35 
cell-0-4-10 725 693 34 35 
cell-0-4-11 759 693 34 35 
cell-0-4-12 793 693 34 35 
cell-0-4-13 827 693 34 35 
cell-0-4-14 861 693 34 35 
cell-0-4-15 895 693 34 35 
cell-0-4-16 929 693 34 35 
cell-0-4-17 963 693 34 35 
cell-0-4-18 997 693 34 35 
cell-0-5-0 385 744 34 35 
cell-0-5-1 419 744 34 35 
cell-0-5-2 453 744 34 35 
cell-0-5-3 487 744 34 35 
cell-0-5-4 521 744 34 35 
cell-0-5-5 555 744 34 35 
cell-0-5-6 589 744 34 35 
cell-0-5-7 623 744 34 35 
cell-0-5-8 657 744 34 35 
cell-0-5-9 691 744 34 35 
cell-0-5-10 725 744 34 35 
cell-0-5-11 759 744 34 35 
cell-0-5-12 793 744 34 35 
cell-0-5-13 827 744 34 35 
cell-0-5-14 861 744 34 35 
cell-0-5-15 895 744 34 35 
cell-0-5-16 929 744 34 35 
cell-0-5-17 963 744 34 35 
cell-0-5-18 997 744 34 35 
cell-0-6-0 385 795 34 35 
cell-0-6-1 419 795 34 35 
cell-0-6-2 453 795 34 35 
cell-0-6-3 487 795 34 35 
cell-0-6-4 521 795 34 35 
cell-0-6-5 555 795 34 35 
cell-0-6-6 589 795 34 35 
cell-0-6-7 623 795 34 35 
cell-0-6-8 657 795 34 35 
cell-0-6-9 691 795 34 35 
cell-0-6-10 725 795 34 35 
cell-0-6-11 759 795 34 35 
cell-0-6-12 793 795 34 35 
cell-0-6-13 827 795 34 35 
cell-0-6-14 861 795 34 35 
cell-0-6-15 895 795 34 35 
cell-0-6-16 929 795 34 35 
cell-0-6-17 963 795 34 35 
cell-0-6-18 997 795 34 35 
cell-0-7-0 385 846 34 35 
cell-0-7-1 419 846 34 35 
cell-0-7-2 453 846 34 35 
cell-0-7-3 487 846 34 35 
cell-0-7-4 521 846 34 35 
cell-0-7-5 555 846 34 35 
cell-0-7-6 589 846 34 35 
cell-0-7-7 623 846 34 35 
cell-0-7-8 657 846 34 35 
cell-0-7-9 691 846 34 35 
cell-0-7-10 725 846 34 35 
cell-0-7-11 759 846 34 35 
cell-0-7-12 793 846 34 35 
cell-0-7-13 827 846 34 35 
cell-0-7-14 861 846 34 35 
cell-0-7-15 895 846 34 35 
cell-0-7-16 929 846 34 35 
cell-0-7-17 963 846 34 35 
cell-0-7-18 997 846 34 35 
table-3 64 79 173 708 
cell-3-0-0 64 79 43 35 
cell-3-0-1 107 79 43 35 
cell-3-0-2 150 79 43 35 
cell-3-0-3 193 79 43 35 
cell-3-1-0 64 127 43 35 
cell-3-1-1 107 127 43 35 
cell-3-1-2 150 127 43 35 
cell-3-1-3 193 127 43 35 
cell-3-2-0 64 175 43 35 
cell-3-2-1 107 175 43 35 
cell-3-2-2 150 175 43 35 
cell-3-2-3 193 175 43 35 
cell-3-3-0 64 223 43 35 
cell-3-3-1 107 223 43 35 
cell-3-3-2 150 223 43 35 
cell-3-3-3 193 223 43 35 
cell-3-4-0 64 271 43 35 
cell-3-4-1 107 271 43 35 
cell-3-4-2 150 271 43 35 
cell-3-4-3 193 271 43 35 
cell-3-5-0 64 319 43 35 
cell-3-5-1 107 319 43 35 
cell-3-5-2 150 319 43 35 
cell-3-5-3 193 319 43 35 
cell-3-6-0 64 367 43 35 
cell-3-6-1 107 367 43 35 
cell-3-6-2 150 367 43 35 
cell-3-6-3 193 367 43 35 
cell-3-7-0 64 415 43 35 
cell-3-7-1 107 415 43 35 
cell-3-7-2 150 415 43 35 
cell-3-7-3 193 415 43 35 
cell-3-8-0 64 463 43 35 
cell-3-8-1 107 463 43 35 
cell-3-8-2 150 463 43 35 
cell-3-8-3 193 463 43 35 
cell-3-9-0 64 511 43 35 
cell-3-9-1 107 511 43 35 
cell-3-9-2 150 511 43 35 
cell-3-9-3 193 511 43 35 
cell-3-10-0 64 559 43 35 
cell-3-10-1 107 559 43 35 
cell-3-10-2 150 559 43 35 
cell-3-10-3 193 559 43 35 
cell-3-11-0 64 607 43 35 
cell-3-11-1 107 607 43 35 
cell-3-11-2 150 607 43 35 
cell-3-11-3 193 607 43 35 
cell-3-12-0 64 655 43 35 
cell-3-12-1 107 655 43 35 
cell-3-12-2 150 655 43 35 
cell-3-12-3 193 655 43 35 
cell-3-13-0 64 703 43 35 
cell-3-13-1 107 703 43 35 
cell-3-13-2 150 703 43 35 
cell-3-13-3 193 703 43 35 
cell-3-14-0 64 751 43 35 
cell-3-14-1 107 751 43 35 
cell-3-14-2 150 751 43 35 
cell-3-14-3 193 751 43 35 
