header-0 65 281 840 193 
row-1-1 65 281 403 40 
row-1-2 488 281 403 40 
row-2-1 65 331 370 40 
row-2-2 455 331 446 40 
row-3-1 65 381 568 40 
row-4-1 65 431 469 40 
table-1 291 576 503 572 
cell-1-0-0 291 576 44 42 
cell-1-0-1 335 576 44 42 
cell-1-0-2 379 576 44 42 
cell-1-0-3 423 576 44 42 
cell-1-0-4 467 576 325 42 
cell-1-1-0 291 624 44 42 
cell-1-1-1 335 624 44 42 
cell-1-1-2 379 624 44 42 
cell-1-1-3 423 624 44 42 
cell-1-1-4 467 624 325 42 
cell-1-2-0 291 672 44 42 
cell-1-2-1 335 672 44 42 
cell-1-2-2 379 672 44 42 
cell-1-2-3 423 672 44 42 
cell-1-2-4 467 672 325 42 
cell-1-3-0 291 720 44 42 
cell-1-3-1 335 720 44 42 
cell-1-3-2 379 720 44 42 
cell-1-3-3 423 720 44 42 
cell-1-3-4 467 720 325 42 
cell-1-4-0 291 768 44 42 
cell-1-4-1 335 768 44 42 
cell-1-4-2 379 768 44 42 
cell-1-4-3 423 768 44 42 
cell-1-4-4 467 768 325 42 
cell-1-5-0 291 816 44 42 
cell-1-5-1 335 816 44 42 
cell-1-5-2 379 816 44 42 
cell-1-5-3 423 816 44 42 
cell-1-5-4 467 816 325 42 
cell-1-6-0 291 864 44 42 
cell-1-6-1 335 864 44 42 
cell-1-6-2 379 864 44 42 
cell-1-6-3 423 864 44 42 
cell-1-6-4 467 864 325 42 
cell-1-7-0 291 912 44 42 
cell-1-7-1 335 912 44 42 
cell-1-7-2 379 912 44 42 
cell-1-7-3 423 912 44 42 
cell-1-7-4 467 912 325 42 
cell-1-8-0 291 960 44 42 
cell-1-8-1 335 960 44 42 
cell-1-8-2 379 960 44 42 
cell-1-8-3 423 960 44 42 
cell-1-8-4 467 960 325 42 
cell-1-9-0 291 1008 44 42 
cell-1-9-1 335 1008 44 42 
cell-1-9-2 379 1008 44 42 
cell-1-9-3 423 1008 44 42 
cell-1-9-4 467 1008 325 42 
cell-1-10-0 291 1056 44 42 
cell-1-10-1 335 1056 44 42 
cell-1-10-2 379 1056 44 42 
cell-1-10-3 423 1056 44 42 
cell-1-10-4 467 1056 325 42 
cell-1-11-0 291 1104 44 42 
cell-1-11-1 335 1104 44 42 
cell-1-11-2 379 1104 44 42 
cell-1-11-3 423 1104 44 42 
cell-1-11-4 467 1104 325 42 
