table-0 185 921 228 511 
cell-0-0-0 185 921 45 35 
cell-0-0-1 230 921 45 35 
cell-0-0-2 275 921 45 35 
cell-0-0-3 320 921 45 35 
cell-0-0-4 365 921 45 35 
cell-0-1-0 185 964 45 35 
cell-0-1-1 230 964 45 35 
cell-0-1-2 275 964 45 35 
cell-0-1-3 320 964 45 35 
cell-0-1-4 365 964 45 35 
cell-0-2-0 185 1007 45 35 
cell-0-2-1 230 1007 45 35 
cell-0-2-2 275 1007 45 35 
cell-0-2-3 320 1007 45 35 
cell-0-2-4 365 1007 45 35 
cell-0-3-0 185 1050 45 35 
cell-0-3-1 230 1050 45 35 
cell-0-3-2 275 1050 45 35 
cell-0-3-3 320 1050 45 35 
cell-0-3-4 365 1050 45 35 
cell-0-4-0 185 1093 45 35 
cell-0-4-1 230 1093 45 35 
cell-0-4-2 275 1093 45 35 
cell-0-4-3 320 1093 45 35 
cell-0-4-4 365 1093 45 35 
cell-0-5-0 185 1136 45 35 
cell-0-5-1 230 1136 45 35 
cell-0-5-2 275 1136 45 35 
cell-0-5-3 320 1136 45 35 
cell-0-5-4 365 1136 45 35 
cell-0-6-0 185 1179 45 35 
cell-0-6-1 230 1179 45 35 
cell-0-6-2 275 1179 45 35 
cell-0-6-3 320 1179 45 35 
cell-0-6-4 365 1179 45 35 
cell-0-7-0 185 1222 45 35 
cell-0-7-1 230 1222 45 35 
cell-0-7-2 275 1222 45 35 
cell-0-7-3 320 1222 45 35 
cell-0-7-4 365 1222 45 35 
cell-0-8-0 185 1265 45 35 
cell-0-8-1 230 1265 45 35 
cell-0-8-2 275 1265 45 35 
cell-0-8-3 320 1265 45 35 
cell-0-8-4 365 1265 45 35 
cell-0-9-0 185 1308 45 35 
cell-0-9-1 230 1308 45 35 
cell-0-9-2 275 1308 45 35 
cell-0-9-3 320 1308 45 35 
cell-0-9-4 365 1308 45 35 
cell-0-10-0 185 1351 45 35 
cell-0-10-1 230 1351 45 35 
cell-0-10-2 275 1351 45 35 
cell-0-10-3 320 1351 45 35 
cell-0-10-4 365 1351 45 35 
cell-0-11-0 185 1394 45 35 
cell-0-11-1 230 1394 45 35 
cell-0-11-2 275 1394 45 35 
cell-0-11-3 320 1394 45 35 
cell-0-11-4 365 1394 45 35 
table-2 289 198 690 469 
cell-2-0-0 289 198 44 43 
cell-2-0-1 333 198 44 43 
cell-2-0-2 377 198 44 43 
cell-2-0-3 421 198 44 43 
cell-2-0-4 465 198 44 43 
cell-2-0-5 509 198 44 43 
cell-2-0-6 553 198 424 43 
cell-2-1-0 289 245 44 43 
cell-2-1-1 333 245 44 43 
cell-2-1-2 377 245 44 43 
cell-2-1-3 421 245 44 43 
cell-2-1-4 465 245 44 43 
cell-2-1-5 509 245 44 43 
cell-2-1-6 553 245 424 43 
cell-2-2-0 289 292 44 43 
cell-2-2-1 333 292 44 43 
cell-2-2-2 377 292 44 43 
cell-2-2-3 421 292 44 43 
cell-2-2-4 465 292 44 43 
cell-2-2-5 509 292 44 43 
cell-2-2-6 553 292 424 43 
cell-2-3-0 289 339 44 43 
cell-2-3-1 333 339 44 43 
cell-2-3-2 377 339 44 43 
cell-2-3-3 421 339 44 43 
cell-2-3-4 465 339 44 43 
cell-2-3-5 509 339 44 43 
cell-2-3-6 553 339 424 43 
cell-2-4-0 289 386 44 43 
cell-2-4-1 333 386 44 43 
cell-2-4-2 377 386 44 43 
cell-2-4-3 421 386 44 43 
cell-2-4-4 465 386 44 43 
cell-2-4-5 509 386 44 43 
cell-2-4-6 553 386 424 43 
cell-2-5-0 289 433 44 43 
cell-2-5-1 333 433 44 43 
cell-2-5-2 377 433 44 43 
cell-2-5-3 421 433 44 43 
cell-2-5-4 465 433 44 43 
cell-2-5-5 509 433 44 43 
cell-2-5-6 553 433 424 43 
cell-2-6-0 289 480 44 43 
cell-2-6-1 333 480 44 43 
cell-2-6-2 377 480 44 43 
cell-2-6-3 421 480 44 43 
cell-2-6-4 465 480 44 43 
cell-2-6-5 509 480 44 43 
cell-2-6-6 553 480 424 43 
cell-2-7-0 289 527 44 43 
cell-2-7-1 333 527 44 43 
cell-2-7-2 377 527 44 43 
cell-2-7-3 421 527 44 43 
cell-2-7-4 465 527 44 43 
cell-2-7-5 509 527 44 43 
cell-2-7-6 553 527 424 43 
cell-2-8-0 289 574 44 43 
cell-2-8-1 333 574 44 43 
cell-2-8-2 377 574 44 43 
cell-2-8-3 421 574 44 43 
cell-2-8-4 465 574 44 43 
cell-2-8-5 509 574 44 43 
cell-2-8-6 553 574 424 43 
cell-2-9-0 289 621 44 43 
cell-2-9-1 333 621 44 43 
cell-2-9-2 377 621 44 43 
cell-2-9-3 421 621 44 43 
cell-2-9-4 465 621 44 43 
cell-2-9-5 509 621 44 43 
cell-2-9-6 553 621 424 43 
