table-0 325 245 542 731 
cell-0-0-0 325 245 43 41 
cell-0-0-1 368 245 43 41 
cell-0-0-2 411 245 43 41 
cell-0-0-3 454 245 43 41 
cell-0-0-4 497 245 43 41 
cell-0-0-5 540 245 326 41 
cell-0-1-0 325 298 43 41 
cell-0-1-1 368 298 43 41 
cell-0-1-2 411 298 43 41 
cell-0-1-3 454 298 43 41 
cell-0-1-4 497 298 43 41 
cell-0-1-5 540 298 326 41 
cell-0-2-0 325 351 43 41 
cell-0-2-1 368 351 43 41 
cell-0-2-2 411 351 43 41 
cell-0-2-3 454 351 43 41 
cell-0-2-4 497 351 43 41 
cell-0-2-5 540 351 326 41 
cell-0-3-0 325 404 43 41 
cell-0-3-1 368 404 43 41 
cell-0-3-2 411 404 43 41 
cell-0-3-3 454 404 43 41 
cell-0-3-4 497 404 43 41 
cell-0-3-5 540 404 326 41 
cell-0-4-0 325 457 43 41 
cell-0-4-1 368 457 43 41 
cell-0-4-2 411 457 43 41 
cell-0-4-3 454 457 43 41 
cell-0-4-4 497 457 43 41 
cell-0-4-5 540 457 326 41 
cell-0-5-0 325 510 43 41 
cell-0-5-1 368 510 43 41 
cell-0-5-2 411 510 43 41 
cell-0-5-3 454 510 43 41 
cell-0-5-4 497 510 43 41 
cell-0-5-5 540 510 326 41 
cell-0-6-0 325 563 43 41 
cell-0-6-1 368 563 43 41 
cell-0-6-2 411 563 43 41 
cell-0-6-3 454 563 43 41 
cell-0-6-4 497 563 43 41 
cell-0-6-5 540 563 326 41 
cell-0-7-0 325 616 43 41 
cell-0-7-1 368 616 43 41 
cell-0-7-2 411 616 43 41 
cell-0-7-3 454 616 43 41 
cell-0-7-4 497 616 43 41 
cell-0-7-5 540 616 326 41 
cell-0-8-0 325 669 43 41 
cell-0-8-1 368 669 43 41 
cell-0-8-2 411 669 43 41 
cell-0-8-3 454 669 43 41 
cell-0-8-4 497 669 43 41 
cell-0-8-5 540 669 326 41 
cell-0-9-0 325 722 43 41 
cell-0-9-1 368 722 43 41 
cell-0-9-2 411 722 43 41 
cell-0-9-3 454 722 43 41 
cell-0-9-4 497 722 43 41 
cell-0-9-5 540 722 326 41 
cell-0-10-0 325 775 43 41 
cell-0-10-1 368 775 43 41 
cell-0-10-2 411 775 43 41 
cell-0-10-3 454 775 43 41 
cell-0-10-4 497 775 43 41 
cell-0-10-5 540 775 326 41 
cell-0-11-0 325 828 43 41 
cell-0-11-1 368 828 43 41 
cell-0-11-2 411 828 43 41 
cell-0-11-3 454 828 43 41 
cell-0-11-4 497 828 43 41 
cell-0-11-5 540 828 326 41 
cell-0-12-0 325 881 43 41 
cell-0-12-1 368 881 43 41 
cell-0-12-2 411 881 43 41 
cell-0-12-3 454 881 43 41 
cell-0-12-4 497 881 43 41 
cell-0-12-5 540 881 326 41 
cell-0-13-0 325 934 43 41 
cell-0-13-1 368 934 43 41 
cell-0-13-2 411 934 43 41 
cell-0-13-3 454 934 43 41 
cell-0-13-4 497 934 43 41 
cell-0-13-5 540 934 326 41 
