table-0 101 525 259 396 
cell-0-0-0 101 525 43 35 
cell-0-0-1 144 525 43 35 
cell-0-0-2 187 525 43 35 
cell-0-0-3 230 525 43 35 
cell-0-0-4 273 525 43 35 
cell-0-0-5 316 525 43 35 
cell-0-1-0 101 561 43 35 
cell-0-1-1 144 561 43 35 
cell-0-1-2 187 561 43 35 
cell-0-1-3 230 561 43 35 
cell-0-1-4 273 561 43 35 
cell-0-1-5 316 561 43 35 
cell-0-2-0 101 597 43 35 
cell-0-2-1 144 597 43 35 
cell-0-2-2 187 597 43 35 
cell-0-2-3 230 597 43 35 
cell-0-2-4 273 597 43 35 
cell-0-2-5 316 597 43 35 
cell-0-3-0 101 633 43 35 
cell-0-3-1 144 633 43 35 
cell-0-3-2 187 633 43 35 
cell-0-3-3 230 633 43 35 
cell-0-3-4 273 633 43 35 
cell-0-3-5 316 633 43 35 
cell-0-4-0 101 669 43 35 
cell-0-4-1 144 669 43 35 
cell-0-4-2 187 669 43 35 
cell-0-4-3 230 669 43 35 
cell-0-4-4 273 669 43 35 
cell-0-4-5 316 669 43 35 
cell-0-5-0 101 705 43 35 
cell-0-5-1 144 705 43 35 
cell-0-5-2 187 705 43 35 
cell-0-5-3 230 705 43 35 
cell-0-5-4 273 705 43 35 
cell-0-5-5 316 705 43 35 
cell-0-6-0 101 741 43 35 
cell-0-6-1 144 741 43 35 
cell-0-6-2 187 741 43 35 
cell-0-6-3 230 741 43 35 
cell-0-6-4 273 741 43 35 
cell-0-6-5 316 741 43 35 
cell-0-7-0 101 777 43 35 
cell-0-7-1 144 777 43 35 
cell-0-7-2 187 777 43 35 
cell-0-7-3 230 777 43 35 
cell-0-7-4 273 777 43 35 
cell-0-7-5 316 777 43 35 
cell-0-8-0 101 813 43 35 
cell-0-8-1 144 813 43 35 
cell-0-8-2 187 813 43 35 
cell-0-8-3 230 813 43 35 
cell-0-8-4 273 813 43 35 
cell-0-8-5 316 813 43 35 
cell-0-9-0 101 849 43 35 
cell-0-9-1 144 849 43 35 
cell-0-9-2 187 849 43 35 
cell-0-9-3 230 849 43 35 
cell-0-9-4 273 849 43 35 
cell-0-9-5 316 849 43 35 
cell-0-10-0 101 885 43 35 
cell-0-10-1 144 885 43 35 
cell-0-10-2 187 885 43 35 
cell-0-10-3 230 885 43 35 
cell-0-10-4 273 885 43 35 
cell-0-10-5 316 885 43 35 
table-2 477 956 273 452 
cell-2-0-0 477 956 45 35 
cell-2-0-1 522 956 45 35 
cell-2-0-2 567 956 45 35 
cell-2-0-3 612 956 45 35 
cell-2-0-4 657 956 45 35 
cell-2-0-5 702 956 45 35 
cell-2-1-0 477 1002 45 35 
cell-2-1-1 522 1002 45 35 
cell-2-1-2 567 1002 45 35 
cell-2-1-3 612 1002 45 35 
cell-2-1-4 657 1002 45 35 
cell-2-1-5 702 1002 45 35 
cell-2-2-0 477 1048 45 35 
cell-2-2-1 522 1048 45 35 
cell-2-2-2 567 1048 45 35 
cell-2-2-3 612 1048 45 35 
cell-2-2-4 657 1048 45 35 
cell-2-2-5 702 1048 45 35 
cell-2-3-0 477 1094 45 35 
cell-2-3-1 522 1094 45 35 
cell-2-3-2 567 1094 45 35 
cell-2-3-3 612 1094 45 35 
cell-2-3-4 657 1094 45 35 
cell-2-3-5 702 1094 45 35 
cell-2-4-0 477 1140 45 35 
cell-2-4-1 522 1140 45 35 
cell-2-4-2 567 1140 45 35 
cell-2-4-3 612 1140 45 35 
cell-2-4-4 657 1140 45 35 
cell-2-4-5 702 1140 45 35 
cell-2-5-0 477 1186 45 35 
cell-2-5-1 522 1186 45 35 
cell-2-5-2 567 1186 45 35 
cell-2-5-3 612 1186 45 35 
cell-2-5-4 657 1186 45 35 
cell-2-5-5 702 1186 45 35 
cell-2-6-0 477 1232 45 35 
cell-2-6-1 522 1232 45 35 
cell-2-6-2 567 1232 45 35 
cell-2-6-3 612 1232 45 35 
cell-2-6-4 657 1232 45 35 
cell-2-6-5 702 1232 45 35 
cell-2-7-0 477 1278 45 35 
cell-2-7-1 522 1278 45 35 
cell-2-7-2 567 1278 45 35 
cell-2-7-3 612 1278 45 35 
cell-2-7-4 657 1278 45 35 
cell-2-7-5 702 1278 45 35 
cell-2-8-0 477 1324 45 35 
cell-2-8-1 522 1324 45 35 
cell-2-8-2 567 1324 45 35 
cell-2-8-3 612 1324 45 35 
cell-2-8-4 657 1324 45 35 
cell-2-8-5 702 1324 45 35 
cell-2-9-0 477 1370 45 35 
cell-2-9-1 522 1370 45 35 
cell-2-9-2 567 1370 45 35 
cell-2-9-3 612 1370 45 35 
cell-2-9-4 657 1370 45 35 
cell-2-9-5 702 1370 45 35 
