table-0 360 359 687 668 
cell-0-0-0 360 359 43 42 
cell-0-0-1 403 359 43 42 
cell-0-0-2 446 359 43 42 
cell-0-0-3 489 359 43 42 
cell-0-0-4 532 359 43 42 
cell-0-0-5 575 359 43 42 
cell-0-0-6 618 359 425 42 
cell-0-1-0 360 411 43 42 
cell-0-1-1 403 411 43 42 
cell-0-1-2 446 411 43 42 
cell-0-1-3 489 411 43 42 
cell-0-1-4 532 411 43 42 
cell-0-1-5 575 411 43 42 
cell-0-1-6 618 411 425 42 
cell-0-2-0 360 463 43 42 
cell-0-2-1 403 463 43 42 
cell-0-2-2 446 463 43 42 
cell-0-2-3 489 463 43 42 
cell-0-2-4 532 463 43 42 
cell-0-2-5 575 463 43 42 
cell-0-2-6 618 463 425 42 
cell-0-3-0 360 515 43 42 
cell-0-3-1 403 515 43 42 
cell-0-3-2 446 515 43 42 
cell-0-3-3 489 515 43 42 
cell-0-3-4 532 515 43 42 
cell-0-3-5 575 515 43 42 
cell-0-3-6 618 515 425 42 
cell-0-4-0 360 567 43 42 
cell-0-4-1 403 567 43 42 
cell-0-4-2 446 567 43 42 
cell-0-4-3 489 567 43 42 
cell-0-4-4 532 567 43 42 
cell-0-4-5 575 567 43 42 
cell-0-4-6 618 567 425 42 
cell-0-5-0 360 619 43 42 
cell-0-5-1 403 619 43 42 
cell-0-5-2 446 619 43 42 
cell-0-5-3 489 619 43 42 
cell-0-5-4 532 619 43 42 
cell-0-5-5 575 619 43 42 
cell-0-5-6 618 619 425 42 
cell-0-6-0 360 671 43 42 
cell-0-6-1 403 671 43 42 
cell-0-6-2 446 671 43 42 
cell-0-6-3 489 671 43 42 
cell-0-6-4 532 671 43 42 
cell-0-6-5 575 671 43 42 
cell-0-6-6 618 671 425 42 
cell-0-7-0 360 723 43 42 
cell-0-7-1 403 723 43 42 
cell-0-7-2 446 723 43 42 
cell-0-7-3 489 723 43 42 
cell-0-7-4 532 723 43 42 
cell-0-7-5 575 723 43 42 
cell-0-7-6 618 723 425 42 
cell-0-8-0 360 775 43 42 
cell-0-8-1 403 775 43 42 
cell-0-8-2 446 775 43 42 
cell-0-8-3 489 775 43 42 
cell-0-8-4 532 775 43 42 
cell-0-8-5 575 775 43 42 
cell-0-8-6 618 775 425 42 
cell-0-9-0 360 827 43 42 
cell-0-9-1 403 827 43 42 
cell-0-9-2 446 827 43 42 
cell-0-9-3 489 827 43 42 
cell-0-9-4 532 827 43 42 
cell-0-9-5 575 827 43 42 
cell-0-9-6 618 827 425 42 
cell-0-10-0 360 879 43 42 
cell-0-10-1 403 879 43 42 
cell-0-10-2 446 879 43 42 
cell-0-10-3 489 879 43 42 
cell-0-10-4 532 879 43 42 
cell-0-10-5 575 879 43 42 
cell-0-10-6 618 879 425 42 
cell-0-11-0 360 931 43 42 
cell-0-11-1 403 931 43 42 
cell-0-11-2 446 931 43 42 
cell-0-11-3 489 931 43 42 
cell-0-11-4 532 931 43 42 
cell-0-11-5 575 931 43 42 
cell-0-11-6 618 931 425 42 
cell-0-12-0 360 983 43 42 
cell-0-12-1 403 983 43 42 
cell-0-12-2 446 983 43 42 
cell-0-12-3 489 983 43 42 
cell-0-12-4 532 983 43 42 
cell-0-12-5 575 983 43 42 
cell-0-12-6 618 983 425 42 
