table-0 98 672 541 627 
cell-0-0-0 98 672 44 42 
cell-0-0-1 142 672 44 42 
cell-0-0-2 186 672 44 42 
cell-0-0-3 230 672 44 42 
cell-0-0-4 274 672 44 42 
cell-0-0-5 318 672 321 42 
cell-0-1-0 98 725 44 42 
cell-0-1-1 142 725 44 42 
cell-0-1-2 186 725 44 42 
cell-0-1-3 230 725 44 42 
cell-0-1-4 274 725 44 42 
cell-0-1-5 318 725 321 42 
cell-0-2-0 98 778 44 42 
cell-0-2-1 142 778 44 42 
cell-0-2-2 186 778 44 42 
cell-0-2-3 230 778 44 42 
cell-0-2-4 274 778 44 42 
cell-0-2-5 318 778 321 42 
cell-0-3-0 98 831 44 42 
cell-0-3-1 142 831 44 42 
cell-0-3-2 186 831 44 42 
cell-0-3-3 230 831 44 42 
cell-0-3-4 274 831 44 42 
cell-0-3-5 318 831 321 42 
cell-0-4-0 98 884 44 42 
cell-0-4-1 142 884 44 42 
cell-0-4-2 186 884 44 42 
cell-0-4-3 230 884 44 42 
cell-0-4-4 274 884 44 42 
cell-0-4-5 318 884 321 42 
cell-0-5-0 98 937 44 42 
cell-0-5-1 142 937 44 42 
cell-0-5-2 186 937 44 42 
cell-0-5-3 230 937 44 42 
cell-0-5-4 274 937 44 42 
cell-0-5-5 318 937 321 42 
cell-0-6-0 98 990 44 42 
cell-0-6-1 142 990 44 42 
cell-0-6-2 186 990 44 42 
cell-0-6-3 230 990 44 42 
cell-0-6-4 274 990 44 42 
cell-0-6-5 318 990 321 42 
cell-0-7-0 98 1043 44 42 
cell-0-7-1 142 1043 44 42 
cell-0-7-2 186 1043 44 42 
cell-0-7-3 230 1043 44 42 
cell-0-7-4 274 1043 44 42 
cell-0-7-5 318 1043 321 42 
cell-0-8-0 98 1096 44 42 
cell-0-8-1 142 1096 44 42 
cell-0-8-2 186 1096 44 42 
cell-0-8-3 230 1096 44 42 
cell-0-8-4 274 1096 44 42 
cell-0-8-5 318 1096 321 42 
cell-0-9-0 98 1149 44 42 
cell-0-9-1 142 1149 44 42 
cell-0-9-2 186 1149 44 42 
cell-0-9-3 230 1149 44 42 
cell-0-9-4 274 1149 44 42 
cell-0-9-5 318 1149 321 42 
cell-0-10-0 98 1202 44 42 
cell-0-10-1 142 1202 44 42 
cell-0-10-2 186 1202 44 42 
cell-0-10-3 230 1202 44 42 
cell-0-10-4 274 1202 44 42 
cell-0-10-5 318 1202 321 42 
cell-0-11-0 98 1255 44 42 
cell-0-11-1 142 1255 44 42 
cell-0-11-2 186 1255 44 42 
cell-0-11-3 230 1255 44 42 
cell-0-11-4 274 1255 44 42 
cell-0-11-5 318 1255 321 42 
header-2 186 278 836 193 
row-1-1 186 278 409 40 
row-1-2 615 278 409 40 
row-2-1 186 328 310 40 
row-2-2 516 328 489 40 
row-3-1 186 378 475 40 
row-4-1 186 428 508 40 
