table-0 366 90 178 589 
cell-0-0-0 366 90 44 35 
cell-0-0-1 410 90 44 35 
cell-0-0-2 454 90 44 35 
cell-0-0-3 498 90 44 35 
cell-0-1-0 366 136 44 35 
cell-0-1-1 410 136 44 35 
cell-0-1-2 454 136 44 35 
cell-0-1-3 498 136 44 35 
cell-0-2-0 366 182 44 35 
cell-0-2-1 410 182 44 35 
cell-0-2-2 454 182 44 35 
cell-0-2-3 498 182 44 35 
cell-0-3-0 366 228 44 35 
cell-0-3-1 410 228 44 35 
cell-0-3-2 454 228 44 35 
cell-0-3-3 498 228 44 35 
cell-0-4-0 366 274 44 35 
cell-0-4-1 410 274 44 35 
cell-0-4-2 454 274 44 35 
cell-0-4-3 498 274 44 35 
cell-0-5-0 366 320 44 35 
cell-0-5-1 410 320 44 35 
cell-0-5-2 454 320 44 35 
cell-0-5-3 498 320 44 35 
cell-0-6-0 366 366 44 35 
cell-0-6-1 410 366 44 35 
cell-0-6-2 454 366 44 35 
cell-0-6-3 498 366 44 35 
cell-0-7-0 366 412 44 35 
cell-0-7-1 410 412 44 35 
cell-0-7-2 454 412 44 35 
cell-0-7-3 498 412 44 35 
cell-0-8-0 366 458 44 35 
cell-0-8-1 410 458 44 35 
cell-0-8-2 454 458 44 35 
cell-0-8-3 498 458 44 35 
cell-0-9-0 366 504 44 35 
cell-0-9-1 410 504 44 35 
cell-0-9-2 454 504 44 35 
cell-0-9-3 498 504 44 35 
cell-0-10-0 366 550 44 35 
cell-0-10-1 410 550 44 35 
cell-0-10-2 454 550 44 35 
cell-0-10-3 498 550 44 35 
cell-0-11-0 366 596 44 35 
cell-0-11-1 410 596 44 35 
cell-0-11-2 454 596 44 35 
cell-0-11-3 498 596 44 35 
cell-0-12-0 366 642 44 35 
cell-0-12-1 410 642 44 35 
cell-0-12-2 454 642 44 35 
cell-0-12-3 498 642 44 35 
table-3 354 890 500 350 
cell-3-0-0 354 890 125 37 
cell-3-0-1 479 890 125 37 
cell-3-0-2 604 890 125 37 
cell-3-0-3 729 890 125 37 
cell-3-1-0 354 942 125 37 
cell-3-1-1 479 942 125 37 
cell-3-1-2 604 942 125 37 
cell-3-1-3 729 942 125 37 
cell-3-2-0 354 994 125 37 
cell-3-2-1 479 994 125 37 
cell-3-2-2 604 994 125 37 
cell-3-2-3 729 994 125 37 
cell-3-3-0 354 1046 125 37 
cell-3-3-1 479 1046 125 37 
cell-3-3-2 604 1046 125 37 
cell-3-3-3 729 1046 125 37 
cell-3-4-0 354 1098 125 37 
cell-3-4-1 479 1098 125 37 
cell-3-4-2 604 1098 125 37 
cell-3-4-3 729 1098 125 37 
cell-3-5-0 354 1150 125 37 
cell-3-5-1 479 1150 125 37 
cell-3-5-2 604 1150 125 37 
cell-3-5-3 729 1150 125 37 
cell-3-6-0 354 1202 125 37 
cell-3-6-1 479 1202 125 37 
cell-3-6-2 604 1202 125 37 
cell-3-6-3 729 1202 125 37 
