table-0 230 1145 423 308 
cell-0-1-0 230 1145 35 35 
cell-0-1-1 265 1145 35 35 
cell-0-1-2 300 1145 35 35 
cell-0-1-3 335 1145 35 35 
cell-0-1-4 370 1145 35 35 
cell-0-1-5 405 1145 35 35 
cell-0-1-6 440 1145 35 35 
cell-0-1-7 475 1145 35 35 
cell-0-1-8 510 1145 35 35 
cell-0-1-9 545 1145 35 35 
cell-0-1-10 580 1145 35 35 
cell-0-1-11 615 1145 35 35 
cell-0-2-0 230 1190 35 35 
cell-0-2-1 265 1190 35 35 
cell-0-2-2 300 1190 35 35 
cell-0-2-3 335 1190 35 35 
cell-0-2-4 370 1190 35 35 
cell-0-2-5 405 1190 35 35 
cell-0-2-6 440 1190 35 35 
cell-0-2-7 475 1190 35 35 
cell-0-2-8 510 1190 35 35 
cell-0-2-9 545 1190 35 35 
cell-0-2-10 580 1190 35 35 
cell-0-2-11 615 1190 35 35 
cell-0-3-0 230 1235 35 35 
cell-0-3-1 265 1235 35 35 
cell-0-3-2 300 1235 35 35 
cell-0-3-3 335 1235 35 35 
cell-0-3-4 370 1235 35 35 
cell-0-3-5 405 1235 35 35 
cell-0-3-6 440 1235 35 35 
cell-0-3-7 475 1235 35 35 
cell-0-3-8 510 1235 35 35 
cell-0-3-9 545 1235 35 35 
cell-0-3-10 580 1235 35 35 
cell-0-3-11 615 1235 35 35 
cell-0-4-0 230 1280 35 35 
cell-0-4-1 265 1280 35 35 
cell-0-4-2 300 1280 35 35 
cell-0-4-3 335 1280 35 35 
cell-0-4-4 370 1280 35 35 
cell-0-4-5 405 1280 35 35 
cell-0-4-6 440 1280 35 35 
cell-0-4-7 475 1280 35 35 
cell-0-4-8 510 1280 35 35 
cell-0-4-9 545 1280 35 35 
cell-0-4-10 580 1280 35 35 
cell-0-4-11 615 1280 35 35 
cell-0-5-0 230 1325 35 35 
cell-0-5-1 265 1325 35 35 
cell-0-5-2 300 1325 35 35 
cell-0-5-3 335 1325 35 35 
cell-0-5-4 370 1325 35 35 
cell-0-5-5 405 1325 35 35 
cell-0-5-6 440 1325 35 35 
cell-0-5-7 475 1325 35 35 
cell-0-5-8 510 1325 35 35 
cell-0-5-9 545 1325 35 35 
cell-0-5-10 580 1325 35 35 
cell-0-5-11 615 1325 35 35 
cell-0-6-0 230 1370 35 35 
cell-0-6-1 265 1370 35 35 
cell-0-6-2 300 1370 35 35 
cell-0-6-3 335 1370 35 35 
cell-0-6-4 370 1370 35 35 
cell-0-6-5 405 1370 35 35 
cell-0-6-6 440 1370 35 35 
cell-0-6-7 475 1370 35 35 
cell-0-6-8 510 1370 35 35 
cell-0-6-9 545 1370 35 35 
cell-0-6-10 580 1370 35 35 
cell-0-6-11 615 1370 35 35 
cell-0-7-0 230 1415 35 35 
cell-0-7-1 265 1415 35 35 
cell-0-7-2 300 1415 35 35 
cell-0-7-3 335 1415 35 35 
cell-0-7-4 370 1415 35 35 
cell-0-7-5 405 1415 35 35 
cell-0-7-6 440 1415 35 35 
cell-0-7-7 475 1415 35 35 
cell-0-7-8 510 1415 35 35 
cell-0-7-9 545 1415 35 35 
cell-0-7-10 580 1415 35 35 
cell-0-7-11 615 1415 35 35 
