table-0 403 624 600 709 
cell-0-0-0 403 624 120 59 
cell-0-0-1 523 624 120 59 
cell-0-0-2 643 624 120 59 
cell-0-0-3 763 624 120 59 
cell-0-0-4 883 624 120 59 
cell-0-1-0 403 696 120 59 
cell-0-1-1 523 696 120 59 
cell-0-1-2 643 696 120 59 
cell-0-1-3 763 696 120 59 
cell-0-1-4 883 696 120 59 
cell-0-2-0 403 768 120 59 
cell-0-2-1 523 768 120 59 
cell-0-2-2 643 768 120 59 
cell-0-2-3 763 768 120 59 
cell-0-2-4 883 768 120 59 
cell-0-3-0 403 840 120 59 
cell-0-3-1 523 840 120 59 
cell-0-3-2 643 840 120 59 
cell-0-3-3 763 840 120 59 
cell-0-3-4 883 840 120 59 
cell-0-4-0 403 912 120 59 
cell-0-4-1 523 912 120 59 
cell-0-4-2 643 912 120 59 
cell-0-4-3 763 912 120 59 
cell-0-4-4 883 912 120 59 
cell-0-5-0 403 984 120 59 
cell-0-5-1 523 984 120 59 
cell-0-5-2 643 984 120 59 
cell-0-5-3 763 984 120 59 
cell-0-5-4 883 984 120 59 
cell-0-6-0 403 1056 120 59 
cell-0-6-1 523 1056 120 59 
cell-0-6-2 643 1056 120 59 
cell-0-6-3 763 1056 120 59 
cell-0-6-4 883 1056 120 59 
cell-0-7-0 403 1128 120 59 
cell-0-7-1 523 1128 120 59 
cell-0-7-2 643 1128 120 59 
cell-0-7-3 763 1128 120 59 
cell-0-7-4 883 1128 120 59 
cell-0-8-0 403 1200 120 59 
cell-0-8-1 523 1200 120 59 
cell-0-8-2 643 1200 120 59 
cell-0-8-3 763 1200 120 59 
cell-0-8-4 883 1200 120 59 
cell-0-9-0 403 1272 120 59 
cell-0-9-1 523 1272 120 59 
cell-0-9-2 643 1272 120 59 
cell-0-9-3 763 1272 120 59 
cell-0-9-4 883 1272 120 59 
