table-0 130 390 800 260 
cell-0-0-0 130 390 114 34 
cell-0-0-1 244 390 114 34 
cell-0-0-2 358 390 114 34 
cell-0-0-3 472 390 114 34 
cell-0-0-4 586 390 114 34 
cell-0-0-5 700 390 114 34 
cell-0-0-6 814 390 114 34 
cell-0-1-0 130 435 114 34 
cell-0-1-1 244 435 114 34 
cell-0-1-2 358 435 114 34 
cell-0-1-3 472 435 114 34 
cell-0-1-4 586 435 114 34 
cell-0-1-5 700 435 114 34 
cell-0-1-6 814 435 114 34 
cell-0-2-0 130 480 114 34 
cell-0-2-1 244 480 114 34 
cell-0-2-2 358 480 114 34 
cell-0-2-3 472 480 114 34 
cell-0-2-4 586 480 114 34 
cell-0-2-5 700 480 114 34 
cell-0-2-6 814 480 114 34 
cell-0-3-0 130 525 114 34 
cell-0-3-1 244 525 114 34 
cell-0-3-2 358 525 114 34 
cell-0-3-3 472 525 114 34 
cell-0-3-4 586 525 114 34 
cell-0-3-5 700 525 114 34 
cell-0-3-6 814 525 114 34 
cell-0-4-0 130 570 114 34 
cell-0-4-1 244 570 114 34 
cell-0-4-2 358 570 114 34 
cell-0-4-3 472 570 114 34 
cell-0-4-4 586 570 114 34 
cell-0-4-5 700 570 114 34 
cell-0-4-6 814 570 114 34 
cell-0-5-0 130 615 114 34 
cell-0-5-1 244 615 114 34 
cell-0-5-2 358 615 114 34 
cell-0-5-3 472 615 114 34 
cell-0-5-4 586 615 114 34 
cell-0-5-5 700 615 114 34 
cell-0-5-6 814 615 114 34 
