table-0 238 338 216 596 
cell-0-0-0 238 338 43 35 
cell-0-0-1 281 338 43 35 
cell-0-0-2 324 338 43 35 
cell-0-0-3 367 338 43 35 
cell-0-0-4 410 338 43 35 
cell-0-1-0 238 378 43 35 
cell-0-1-1 281 378 43 35 
cell-0-1-2 324 378 43 35 
cell-0-1-3 367 378 43 35 
cell-0-1-4 410 378 43 35 
cell-0-2-0 238 418 43 35 
cell-0-2-1 281 418 43 35 
cell-0-2-2 324 418 43 35 
cell-0-2-3 367 418 43 35 
cell-0-2-4 410 418 43 35 
cell-0-3-0 238 458 43 35 
cell-0-3-1 281 458 43 35 
cell-0-3-2 324 458 43 35 
cell-0-3-3 367 458 43 35 
cell-0-3-4 410 458 43 35 
cell-0-4-0 238 498 43 35 
cell-0-4-1 281 498 43 35 
cell-0-4-2 324 498 43 35 
cell-0-4-3 367 498 43 35 
cell-0-4-4 410 498 43 35 
cell-0-5-0 238 538 43 35 
cell-0-5-1 281 538 43 35 
cell-0-5-2 324 538 43 35 
cell-0-5-3 367 538 43 35 
cell-0-5-4 410 538 43 35 
cell-0-6-0 238 578 43 35 
cell-0-6-1 281 578 43 35 
cell-0-6-2 324 578 43 35 
cell-0-6-3 367 578 43 35 
cell-0-6-4 410 578 43 35 
cell-0-7-0 238 618 43 35 
cell-0-7-1 281 618 43 35 
cell-0-7-2 324 618 43 35 
cell-0-7-3 367 618 43 35 
cell-0-7-4 410 618 43 35 
cell-0-8-0 238 658 43 35 
cell-0-8-1 281 658 43 35 
cell-0-8-2 324 658 43 35 
cell-0-8-3 367 658 43 35 
cell-0-8-4 410 658 43 35 
cell-0-9-0 238 698 43 35 
cell-0-9-1 281 698 43 35 
cell-0-9-2 324 698 43 35 
cell-0-9-3 367 698 43 35 
cell-0-9-4 410 698 43 35 
cell-0-10-0 238 738 43 35 
cell-0-10-1 281 738 43 35 
cell-0-10-2 324 738 43 35 
cell-0-10-3 367 738 43 35 
cell-0-10-4 410 738 43 35 
cell-0-11-0 238 778 43 35 
cell-0-11-1 281 778 43 35 
cell-0-11-2 324 778 43 35 
cell-0-11-3 367 778 43 35 
cell-0-11-4 410 778 43 35 
cell-0-12-0 238 818 43 35 
cell-0-12-1 281 818 43 35 
cell-0-12-2 324 818 43 35 
cell-0-12-3 367 818 43 35 
cell-0-12-4 410 818 43 35 
cell-0-13-0 238 858 43 35 
cell-0-13-1 281 858 43 35 
cell-0-13-2 324 858 43 35 
cell-0-13-3 367 858 43 35 
cell-0-13-4 410 858 43 35 
cell-0-14-0 238 898 43 35 
cell-0-14-1 281 898 43 35 
cell-0-14-2 324 898 43 35 
cell-0-14-3 367 898 43 35 
cell-0-14-4 410 898 43 35 
