table-0 141 424 407 203 
cell-0-1-0 141 424 38 35 
cell-0-1-1 182 424 38 35 
cell-0-1-2 223 424 38 35 
cell-0-1-3 264 424 38 35 
cell-0-1-4 305 424 38 35 
cell-0-1-5 346 424 38 35 
cell-0-1-6 387 424 38 35 
cell-0-1-7 428 424 38 35 
cell-0-1-8 469 424 38 35 
cell-0-1-9 510 424 38 35 
cell-0-2-0 141 479 38 35 
cell-0-2-1 182 479 38 35 
cell-0-2-2 223 479 38 35 
cell-0-2-3 264 479 38 35 
cell-0-2-4 305 479 38 35 
cell-0-2-5 346 479 38 35 
cell-0-2-6 387 479 38 35 
cell-0-2-7 428 479 38 35 
cell-0-2-8 469 479 38 35 
cell-0-2-9 510 479 38 35 
cell-0-3-0 141 534 38 35 
cell-0-3-1 182 534 38 35 
cell-0-3-2 223 534 38 35 
cell-0-3-3 264 534 38 35 
cell-0-3-4 305 534 38 35 
cell-0-3-5 346 534 38 35 
cell-0-3-6 387 534 38 35 
cell-0-3-7 428 534 38 35 
cell-0-3-8 469 534 38 35 
cell-0-3-9 510 534 38 35 
cell-0-4-0 141 589 38 35 
cell-0-4-1 182 589 38 35 
cell-0-4-2 223 589 38 35 
cell-0-4-3 264 589 38 35 
cell-0-4-4 305 589 38 35 
cell-0-4-5 346 589 38 35 
cell-0-4-6 387 589 38 35 
cell-0-4-7 428 589 38 35 
cell-0-4-8 469 589 38 35 
cell-0-4-9 510 589 38 35 
table-2 359 925 430 463 
cell-2-1-0 359 925 33 35 
cell-2-1-1 392 925 33 35 
cell-2-1-2 425 925 33 35 
cell-2-1-3 458 925 33 35 
cell-2-1-4 491 925 33 35 
cell-2-1-5 524 925 33 35 
cell-2-1-6 557 925 33 35 
cell-2-1-7 590 925 33 35 
cell-2-1-8 623 925 33 35 
cell-2-1-9 656 925 33 35 
cell-2-1-10 689 925 33 35 
cell-2-1-11 722 925 33 35 
cell-2-1-12 755 925 33 35 
cell-2-2-0 359 986 33 35 
cell-2-2-1 392 986 33 35 
cell-2-2-2 425 986 33 35 
cell-2-2-3 458 986 33 35 
cell-2-2-4 491 986 33 35 
cell-2-2-5 524 986 33 35 
cell-2-2-6 557 986 33 35 
cell-2-2-7 590 986 33 35 
cell-2-2-8 623 986 33 35 
cell-2-2-9 656 986 33 35 
cell-2-2-10 689 986 33 35 
cell-2-2-11 722 986 33 35 
cell-2-2-12 755 986 33 35 
cell-2-3-0 359 1047 33 35 
cell-2-3-1 392 1047 33 35 
cell-2-3-2 425 1047 33 35 
cell-2-3-3 458 1047 33 35 
cell-2-3-4 491 1047 33 35 
cell-2-3-5 524 1047 33 35 
cell-2-3-6 557 1047 33 35 
cell-2-3-7 590 1047 33 35 
cell-2-3-8 623 1047 33 35 
cell-2-3-9 656 1047 33 35 
cell-2-3-10 689 1047 33 35 
cell-2-3-11 722 1047 33 35 
cell-2-3-12 755 1047 33 35 
cell-2-4-0 359 1108 33 35 
cell-2-4-1 392 1108 33 35 
cell-2-4-2 425 1108 33 35 
cell-2-4-3 458 1108 33 35 
cell-2-4-4 491 1108 33 35 
cell-2-4-5 524 1108 33 35 
cell-2-4-6 557 1108 33 35 
cell-2-4-7 590 1108 33 35 
cell-2-4-8 623 1108 33 35 
cell-2-4-9 656 1108 33 35 
cell-2-4-10 689 1108 33 35 
cell-2-4-11 722 1108 33 35 
cell-2-4-12 755 1108 33 35 
cell-2-5-0 359 1169 33 35 
cell-2-5-1 392 1169 33 35 
cell-2-5-2 425 1169 33 35 
cell-2-5-3 458 1169 33 35 
cell-2-5-4 491 1169 33 35 
cell-2-5-5 524 1169 33 35 
cell-2-5-6 557 1169 33 35 
cell-2-5-7 590 1169 33 35 
cell-2-5-8 623 1169 33 35 
cell-2-5-9 656 1169 33 35 
cell-2-5-10 689 1169 33 35 
cell-2-5-11 722 1169 33 35 
cell-2-5-12 755 1169 33 35 
cell-2-6-0 359 1230 33 35 
cell-2-6-1 392 1230 33 35 
cell-2-6-2 425 1230 33 35 
cell-2-6-3 458 1230 33 35 
cell-2-6-4 491 1230 33 35 
cell-2-6-5 524 1230 33 35 
cell-2-6-6 557 1230 33 35 
cell-2-6-7 590 1230 33 35 
cell-2-6-8 623 1230 33 35 
cell-2-6-9 656 1230 33 35 
cell-2-6-10 689 1230 33 35 
cell-2-6-11 722 1230 33 35 
cell-2-6-12 755 1230 33 35 
cell-2-7-0 359 1291 33 35 
cell-2-7-1 392 1291 33 35 
cell-2-7-2 425 1291 33 35 
cell-2-7-3 458 1291 33 35 
cell-2-7-4 491 1291 33 35 
cell-2-7-5 524 1291 33 35 
cell-2-7-6 557 1291 33 35 
cell-2-7-7 590 1291 33 35 
cell-2-7-8 623 1291 33 35 
cell-2-7-9 656 1291 33 35 
cell-2-7-10 689 1291 33 35 
cell-2-7-11 722 1291 33 35 
cell-2-7-12 755 1291 33 35 
cell-2-8-0 359 1352 33 35 
cell-2-8-1 392 1352 33 35 
cell-2-8-2 425 1352 33 35 
cell-2-8-3 458 1352 33 35 
cell-2-8-4 491 1352 33 35 
cell-2-8-5 524 1352 33 35 
cell-2-8-6 557 1352 33 35 
cell-2-8-7 590 1352 33 35 
cell-2-8-8 623 1352 33 35 
cell-2-8-9 656 1352 33 35 
cell-2-8-10 689 1352 33 35 
cell-2-8-11 722 1352 33 35 
cell-2-8-12 755 1352 33 35 
