table-0 77 248 266 407 
cell-0-0-0 77 248 44 35 
cell-0-0-1 121 248 44 35 
cell-0-0-2 165 248 44 35 
cell-0-0-3 209 248 44 35 
cell-0-0-4 253 248 44 35 
cell-0-0-5 297 248 44 35 
cell-0-1-0 77 285 44 35 
cell-0-1-1 121 285 44 35 
cell-0-1-2 165 285 44 35 
cell-0-1-3 209 285 44 35 
cell-0-1-4 253 285 44 35 
cell-0-1-5 297 285 44 35 
cell-0-2-0 77 322 44 35 
cell-0-2-1 121 322 44 35 
cell-0-2-2 165 322 44 35 
cell-0-2-3 209 322 44 35 
cell-0-2-4 253 322 44 35 
cell-0-2-5 297 322 44 35 
cell-0-3-0 77 359 44 35 
cell-0-3-1 121 359 44 35 
cell-0-3-2 165 359 44 35 
cell-0-3-3 209 359 44 35 
cell-0-3-4 253 359 44 35 
cell-0-3-5 297 359 44 35 
cell-0-4-0 77 396 44 35 
cell-0-4-1 121 396 44 35 
cell-0-4-2 165 396 44 35 
cell-0-4-3 209 396 44 35 
cell-0-4-4 253 396 44 35 
cell-0-4-5 297 396 44 35 
cell-0-5-0 77 433 44 35 
cell-0-5-1 121 433 44 35 
cell-0-5-2 165 433 44 35 
cell-0-5-3 209 433 44 35 
cell-0-5-4 253 433 44 35 
cell-0-5-5 297 433 44 35 
cell-0-6-0 77 470 44 35 
cell-0-6-1 121 470 44 35 
cell-0-6-2 165 470 44 35 
cell-0-6-3 209 470 44 35 
cell-0-6-4 253 470 44 35 
cell-0-6-5 297 470 44 35 
cell-0-7-0 77 507 44 35 
cell-0-7-1 121 507 44 35 
cell-0-7-2 165 507 44 35 
cell-0-7-3 209 507 44 35 
cell-0-7-4 253 507 44 35 
cell-0-7-5 297 507 44 35 
cell-0-8-0 77 544 44 35 
cell-0-8-1 121 544 44 35 
cell-0-8-2 165 544 44 35 
cell-0-8-3 209 544 44 35 
cell-0-8-4 253 544 44 35 
cell-0-8-5 297 544 44 35 
cell-0-9-0 77 581 44 35 
cell-0-9-1 121 581 44 35 
cell-0-9-2 165 581 44 35 
cell-0-9-3 209 581 44 35 
cell-0-9-4 253 581 44 35 
cell-0-9-5 297 581 44 35 
cell-0-10-0 77 618 44 35 
cell-0-10-1 121 618 44 35 
cell-0-10-2 165 618 44 35 
cell-0-10-3 209 618 44 35 
cell-0-10-4 253 618 44 35 
cell-0-10-5 297 618 44 35 
table-1 108 741 633 656 
cell-1-0-0 108 741 43 42 
cell-1-0-1 151 741 43 42 
cell-1-0-2 194 741 43 42 
cell-1-0-3 237 741 43 42 
cell-1-0-4 280 741 43 42 
cell-1-0-5 323 741 43 42 
cell-1-0-6 366 741 371 42 
cell-1-1-0 108 792 43 42 
cell-1-1-1 151 792 43 42 
cell-1-1-2 194 792 43 42 
cell-1-1-3 237 792 43 42 
cell-1-1-4 280 792 43 42 
cell-1-1-5 323 792 43 42 
cell-1-1-6 366 792 371 42 
cell-1-2-0 108 843 43 42 
cell-1-2-1 151 843 43 42 
cell-1-2-2 194 843 43 42 
cell-1-2-3 237 843 43 42 
cell-1-2-4 280 843 43 42 
cell-1-2-5 323 843 43 42 
cell-1-2-6 366 843 371 42 
cell-1-3-0 108 894 43 42 
cell-1-3-1 151 894 43 42 
cell-1-3-2 194 894 43 42 
cell-1-3-3 237 894 43 42 
cell-1-3-4 280 894 43 42 
cell-1-3-5 323 894 43 42 
cell-1-3-6 366 894 371 42 
cell-1-4-0 108 945 43 42 
cell-1-4-1 151 945 43 42 
cell-1-4-2 194 945 43 42 
cell-1-4-3 237 945 43 42 
cell-1-4-4 280 945 43 42 
cell-1-4-5 323 945 43 42 
cell-1-4-6 366 945 371 42 
cell-1-5-0 108 996 43 42 
cell-1-5-1 151 996 43 42 
cell-1-5-2 194 996 43 42 
cell-1-5-3 237 996 43 42 
cell-1-5-4 280 996 43 42 
cell-1-5-5 323 996 43 42 
cell-1-5-6 366 996 371 42 
cell-1-6-0 108 1047 43 42 
cell-1-6-1 151 1047 43 42 
cell-1-6-2 194 1047 43 42 
cell-1-6-3 237 1047 43 42 
cell-1-6-4 280 1047 43 42 
cell-1-6-5 323 1047 43 42 
cell-1-6-6 366 1047 371 42 
cell-1-7-0 108 1098 43 42 
cell-1-7-1 151 1098 43 42 
cell-1-7-2 194 1098 43 42 
cell-1-7-3 237 1098 43 42 
cell-1-7-4 280 1098 43 42 
cell-1-7-5 323 1098 43 42 
cell-1-7-6 366 1098 371 42 
cell-1-8-0 108 1149 43 42 
cell-1-8-1 151 1149 43 42 
cell-1-8-2 194 1149 43 42 
cell-1-8-3 237 1149 43 42 
cell-1-8-4 280 1149 43 42 
cell-1-8-5 323 1149 43 42 
cell-1-8-6 366 1149 371 42 
cell-1-9-0 108 1200 43 42 
cell-1-9-1 151 1200 43 42 
cell-1-9-2 194 1200 43 42 
cell-1-9-3 237 1200 43 42 
cell-1-9-4 280 1200 43 42 
cell-1-9-5 323 1200 43 42 
cell-1-9-6 366 1200 371 42 
cell-1-10-0 108 1251 43 42 
cell-1-10-1 151 1251 43 42 
cell-1-10-2 194 1251 43 42 
cell-1-10-3 237 1251 43 42 
cell-1-10-4 280 1251 43 42 
cell-1-10-5 323 1251 43 42 
cell-1-10-6 366 1251 371 42 
cell-1-11-0 108 1302 43 42 
cell-1-11-1 151 1302 43 42 
cell-1-11-2 194 1302 43 42 
cell-1-11-3 237 1302 43 42 
cell-1-11-4 280 1302 43 42 
cell-1-11-5 323 1302 43 42 
cell-1-11-6 366 1302 371 42 
cell-1-12-0 108 1353 43 42 
cell-1-12-1 151 1353 43 42 
cell-1-12-2 194 1353 43 42 
cell-1-12-3 237 1353 43 42 
cell-1-12-4 280 1353 43 42 
cell-1-12-5 323 1353 43 42 
cell-1-12-6 366 1353 371 42 
