table-0 346 964 673 464 
cell-0-0-0 346 964 44 42 
cell-0-0-1 390 964 44 42 
cell-0-0-2 434 964 44 42 
cell-0-0-3 478 964 44 42 
cell-0-0-4 522 964 495 42 
cell-0-1-0 346 1006 44 42 
cell-0-1-1 390 1006 44 42 
cell-0-1-2 434 1006 44 42 
cell-0-1-3 478 1006 44 42 
cell-0-1-4 522 1006 495 42 
cell-0-2-0 346 1048 44 42 
cell-0-2-1 390 1048 44 42 
cell-0-2-2 434 1048 44 42 
cell-0-2-3 478 1048 44 42 
cell-0-2-4 522 1048 495 42 
cell-0-3-0 346 1090 44 42 
cell-0-3-1 390 1090 44 42 
cell-0-3-2 434 1090 44 42 
cell-0-3-3 478 1090 44 42 
cell-0-3-4 522 1090 495 42 
cell-0-4-0 346 1132 44 42 
cell-0-4-1 390 1132 44 42 
cell-0-4-2 434 1132 44 42 
cell-0-4-3 478 1132 44 42 
cell-0-4-4 522 1132 495 42 
cell-0-5-0 346 1174 44 42 
cell-0-5-1 390 1174 44 42 
cell-0-5-2 434 1174 44 42 
cell-0-5-3 478 1174 44 42 
cell-0-5-4 522 1174 495 42 
cell-0-6-0 346 1216 44 42 
cell-0-6-1 390 1216 44 42 
cell-0-6-2 434 1216 44 42 
cell-0-6-3 478 1216 44 42 
cell-0-6-4 522 1216 495 42 
cell-0-7-0 346 1258 44 42 
cell-0-7-1 390 1258 44 42 
cell-0-7-2 434 1258 44 42 
cell-0-7-3 478 1258 44 42 
cell-0-7-4 522 1258 495 42 
cell-0-8-0 346 1300 44 42 
cell-0-8-1 390 1300 44 42 
cell-0-8-2 434 1300 44 42 
cell-0-8-3 478 1300 44 42 
cell-0-8-4 522 1300 495 42 
cell-0-9-0 346 1342 44 42 
cell-0-9-1 390 1342 44 42 
cell-0-9-2 434 1342 44 42 
cell-0-9-3 478 1342 44 42 
cell-0-9-4 522 1342 495 42 
cell-0-10-0 346 1384 44 42 
cell-0-10-1 390 1384 44 42 
cell-0-10-2 434 1384 44 42 
cell-0-10-3 478 1384 44 42 
cell-0-10-4 522 1384 495 42 
