table-0 403 119 537 680 
cell-0-0-0 403 119 44 42 
cell-0-0-1 447 119 44 42 
cell-0-0-2 491 119 44 42 
cell-0-0-3 535 119 44 42 
cell-0-0-4 579 119 44 42 
cell-0-0-5 623 119 317 42 
cell-0-1-0 403 172 44 42 
cell-0-1-1 447 172 44 42 
cell-0-1-2 491 172 44 42 
cell-0-1-3 535 172 44 42 
cell-0-1-4 579 172 44 42 
cell-0-1-5 623 172 317 42 
cell-0-2-0 403 225 44 42 
cell-0-2-1 447 225 44 42 
cell-0-2-2 491 225 44 42 
cell-0-2-3 535 225 44 42 
cell-0-2-4 579 225 44 42 
cell-0-2-5 623 225 317 42 
cell-0-3-0 403 278 44 42 
cell-0-3-1 447 278 44 42 
cell-0-3-2 491 278 44 42 
cell-0-3-3 535 278 44 42 
cell-0-3-4 579 278 44 42 
cell-0-3-5 623 278 317 42 
cell-0-4-0 403 331 44 42 
cell-0-4-1 447 331 44 42 
cell-0-4-2 491 331 44 42 
cell-0-4-3 535 331 44 42 
cell-0-4-4 579 331 44 42 
cell-0-4-5 623 331 317 42 
cell-0-5-0 403 384 44 42 
cell-0-5-1 447 384 44 42 
cell-0-5-2 491 384 44 42 
cell-0-5-3 535 384 44 42 
cell-0-5-4 579 384 44 42 
cell-0-5-5 623 384 317 42 
cell-0-6-0 403 437 44 42 
cell-0-6-1 447 437 44 42 
cell-0-6-2 491 437 44 42 
cell-0-6-3 535 437 44 42 
cell-0-6-4 579 437 44 42 
cell-0-6-5 623 437 317 42 
cell-0-7-0 403 490 44 42 
cell-0-7-1 447 490 44 42 
cell-0-7-2 491 490 44 42 
cell-0-7-3 535 490 44 42 
cell-0-7-4 579 490 44 42 
cell-0-7-5 623 490 317 42 
cell-0-8-0 403 543 44 42 
cell-0-8-1 447 543 44 42 
cell-0-8-2 491 543 44 42 
cell-0-8-3 535 543 44 42 
cell-0-8-4 579 543 44 42 
cell-0-8-5 623 543 317 42 
cell-0-9-0 403 596 44 42 
cell-0-9-1 447 596 44 42 
cell-0-9-2 491 596 44 42 
cell-0-9-3 535 596 44 42 
cell-0-9-4 579 596 44 42 
cell-0-9-5 623 596 317 42 
cell-0-10-0 403 649 44 42 
cell-0-10-1 447 649 44 42 
cell-0-10-2 491 649 44 42 
cell-0-10-3 535 649 44 42 
cell-0-10-4 579 649 44 42 
cell-0-10-5 623 649 317 42 
cell-0-11-0 403 702 44 42 
cell-0-11-1 447 702 44 42 
cell-0-11-2 491 702 44 42 
cell-0-11-3 535 702 44 42 
cell-0-11-4 579 702 44 42 
cell-0-11-5 623 702 317 42 
cell-0-12-0 403 755 44 42 
cell-0-12-1 447 755 44 42 
cell-0-12-2 491 755 44 42 
cell-0-12-3 535 755 44 42 
cell-0-12-4 579 755 44 42 
cell-0-12-5 623 755 317 42 
