header-0 96 196 833 193 
row-1-1 96 196 346 40 
row-1-2 462 196 313 40 
row-2-1 96 246 346 40 
row-2-2 462 246 460 40 
row-3-1 96 296 577 40 
row-4-1 96 346 775 40 
table-2 261 824 697 618 
cell-2-0-0 261 824 44 43 
cell-2-0-1 305 824 44 43 
cell-2-0-2 349 824 44 43 
cell-2-0-3 393 824 44 43 
cell-2-0-4 437 824 44 43 
cell-2-0-5 481 824 473 43 
cell-2-1-0 261 876 44 43 
cell-2-1-1 305 876 44 43 
cell-2-1-2 349 876 44 43 
cell-2-1-3 393 876 44 43 
cell-2-1-4 437 876 44 43 
cell-2-1-5 481 876 473 43 
cell-2-2-0 261 928 44 43 
cell-2-2-1 305 928 44 43 
cell-2-2-2 349 928 44 43 
cell-2-2-3 393 928 44 43 
cell-2-2-4 437 928 44 43 
cell-2-2-5 481 928 473 43 
cell-2-3-0 261 980 44 43 
cell-2-3-1 305 980 44 43 
cell-2-3-2 349 980 44 43 
cell-2-3-3 393 980 44 43 
cell-2-3-4 437 980 44 43 
cell-2-3-5 481 980 473 43 
cell-2-4-0 261 1032 44 43 
cell-2-4-1 305 1032 44 43 
cell-2-4-2 349 1032 44 43 
cell-2-4-3 393 1032 44 43 
cell-2-4-4 437 1032 44 43 
cell-2-4-5 481 1032 473 43 
cell-2-5-0 261 1084 44 43 
cell-2-5-1 305 1084 44 43 
cell-2-5-2 349 1084 44 43 
cell-2-5-3 393 1084 44 43 
cell-2-5-4 437 1084 44 43 
cell-2-5-5 481 1084 473 43 
cell-2-6-0 261 1136 44 43 
cell-2-6-1 305 1136 44 43 
cell-2-6-2 349 1136 44 43 
cell-2-6-3 393 1136 44 43 
cell-2-6-4 437 1136 44 43 
cell-2-6-5 481 1136 473 43 
cell-2-7-0 261 1188 44 43 
cell-2-7-1 305 1188 44 43 
cell-2-7-2 349 1188 44 43 
cell-2-7-3 393 1188 44 43 
cell-2-7-4 437 1188 44 43 
cell-2-7-5 481 1188 473 43 
cell-2-8-0 261 1240 44 43 
cell-2-8-1 305 1240 44 43 
cell-2-8-2 349 1240 44 43 
cell-2-8-3 393 1240 44 43 
cell-2-8-4 437 1240 44 43 
cell-2-8-5 481 1240 473 43 
cell-2-9-0 261 1292 44 43 
cell-2-9-1 305 1292 44 43 
cell-2-9-2 349 1292 44 43 
cell-2-9-3 393 1292 44 43 
cell-2-9-4 437 1292 44 43 
cell-2-9-5 481 1292 473 43 
cell-2-10-0 261 1344 44 43 
cell-2-10-1 305 1344 44 43 
cell-2-10-2 349 1344 44 43 
cell-2-10-3 393 1344 44 43 
cell-2-10-4 437 1344 44 43 
cell-2-10-5 481 1344 473 43 
cell-2-11-0 261 1396 44 43 
cell-2-11-1 305 1396 44 43 
cell-2-11-2 349 1396 44 43 
cell-2-11-3 393 1396 44 43 
cell-2-11-4 437 1396 44 43 
cell-2-11-5 481 1396 473 43 
