table-0 256 401 259 694 
cell-0-0-0 256 401 43 35 
cell-0-0-1 299 401 43 35 
cell-0-0-2 342 401 43 35 
cell-0-0-3 385 401 43 35 
cell-0-0-4 428 401 43 35 
cell-0-0-5 471 401 43 35 
cell-0-1-0 256 448 43 35 
cell-0-1-1 299 448 43 35 
cell-0-1-2 342 448 43 35 
cell-0-1-3 385 448 43 35 
cell-0-1-4 428 448 43 35 
cell-0-1-5 471 448 43 35 
cell-0-2-0 256 495 43 35 
cell-0-2-1 299 495 43 35 
cell-0-2-2 342 495 43 35 
cell-0-2-3 385 495 43 35 
cell-0-2-4 428 495 43 35 
cell-0-2-5 471 495 43 35 
cell-0-3-0 256 542 43 35 
cell-0-3-1 299 542 43 35 
cell-0-3-2 342 542 43 35 
cell-0-3-3 385 542 43 35 
cell-0-3-4 428 542 43 35 
cell-0-3-5 471 542 43 35 
cell-0-4-0 256 589 43 35 
cell-0-4-1 299 589 43 35 
cell-0-4-2 342 589 43 35 
cell-0-4-3 385 589 43 35 
cell-0-4-4 428 589 43 35 
cell-0-4-5 471 589 43 35 
cell-0-5-0 256 636 43 35 
cell-0-5-1 299 636 43 35 
cell-0-5-2 342 636 43 35 
cell-0-5-3 385 636 43 35 
cell-0-5-4 428 636 43 35 
cell-0-5-5 471 636 43 35 
cell-0-6-0 256 683 43 35 
cell-0-6-1 299 683 43 35 
cell-0-6-2 342 683 43 35 
cell-0-6-3 385 683 43 35 
cell-0-6-4 428 683 43 35 
cell-0-6-5 471 683 43 35 
cell-0-7-0 256 730 43 35 
cell-0-7-1 299 730 43 35 
cell-0-7-2 342 730 43 35 
cell-0-7-3 385 730 43 35 
cell-0-7-4 428 730 43 35 
cell-0-7-5 471 730 43 35 
cell-0-8-0 256 777 43 35 
cell-0-8-1 299 777 43 35 
cell-0-8-2 342 777 43 35 
cell-0-8-3 385 777 43 35 
cell-0-8-4 428 777 43 35 
cell-0-8-5 471 777 43 35 
cell-0-9-0 256 824 43 35 
cell-0-9-1 299 824 43 35 
cell-0-9-2 342 824 43 35 
cell-0-9-3 385 824 43 35 
cell-0-9-4 428 824 43 35 
cell-0-9-5 471 824 43 35 
cell-0-10-0 256 871 43 35 
cell-0-10-1 299 871 43 35 
cell-0-10-2 342 871 43 35 
cell-0-10-3 385 871 43 35 
cell-0-10-4 428 871 43 35 
cell-0-10-5 471 871 43 35 
cell-0-11-0 256 918 43 35 
cell-0-11-1 299 918 43 35 
cell-0-11-2 342 918 43 35 
cell-0-11-3 385 918 43 35 
cell-0-11-4 428 918 43 35 
cell-0-11-5 471 918 43 35 
cell-0-12-0 256 965 43 35 
cell-0-12-1 299 965 43 35 
cell-0-12-2 342 965 43 35 
cell-0-12-3 385 965 43 35 
cell-0-12-4 428 965 43 35 
cell-0-12-5 471 965 43 35 
cell-0-13-0 256 1012 43 35 
cell-0-13-1 299 1012 43 35 
cell-0-13-2 342 1012 43 35 
cell-0-13-3 385 1012 43 35 
cell-0-13-4 428 1012 43 35 
cell-0-13-5 471 1012 43 35 
cell-0-14-0 256 1059 43 35 
cell-0-14-1 299 1059 43 35 
cell-0-14-2 342 1059 43 35 
cell-0-14-3 385 1059 43 35 
cell-0-14-4 428 1059 43 35 
cell-0-14-5 471 1059 43 35 
