header-0 231 1080 810 193 
row-1-1 231 1080 407 40 
row-1-2 658 1080 341 40 
row-2-1 231 1130 341 40 
row-2-2 592 1130 447 40 
row-3-1 231 1180 737 40 
row-4-1 231 1230 770 40 
table-2 326 215 173 423 
cell-2-0-0 326 215 43 35 
cell-2-0-1 369 215 43 35 
cell-2-0-2 412 215 43 35 
cell-2-0-3 455 215 43 35 
cell-2-1-0 326 258 43 35 
cell-2-1-1 369 258 43 35 
cell-2-1-2 412 258 43 35 
cell-2-1-3 455 258 43 35 
cell-2-2-0 326 301 43 35 
cell-2-2-1 369 301 43 35 
cell-2-2-2 412 301 43 35 
cell-2-2-3 455 301 43 35 
cell-2-3-0 326 344 43 35 
cell-2-3-1 369 344 43 35 
cell-2-3-2 412 344 43 35 
cell-2-3-3 455 344 43 35 
cell-2-4-0 326 387 43 35 
cell-2-4-1 369 387 43 35 
cell-2-4-2 412 387 43 35 
cell-2-4-3 455 387 43 35 
cell-2-5-0 326 430 43 35 
cell-2-5-1 369 430 43 35 
cell-2-5-2 412 430 43 35 
cell-2-5-3 455 430 43 35 
cell-2-6-0 326 473 43 35 
cell-2-6-1 369 473 43 35 
cell-2-6-2 412 473 43 35 
cell-2-6-3 455 473 43 35 
cell-2-7-0 326 516 43 35 
cell-2-7-1 369 516 43 35 
cell-2-7-2 412 516 43 35 
cell-2-7-3 455 516 43 35 
cell-2-8-0 326 559 43 35 
cell-2-8-1 369 559 43 35 
cell-2-8-2 412 559 43 35 
cell-2-8-3 455 559 43 35 
cell-2-9-0 326 602 43 35 
cell-2-9-1 369 602 43 35 
cell-2-9-2 412 602 43 35 
cell-2-9-3 455 602 43 35 
