table-0 267 239 463 676 
cell-0-1-0 267 239 33 35 
cell-0-1-1 300 239 33 35 
cell-0-1-2 333 239 33 35 
cell-0-1-3 366 239 33 35 
cell-0-1-4 399 239 33 35 
cell-0-1-5 432 239 33 35 
cell-0-1-6 465 239 33 35 
cell-0-1-7 498 239 33 35 
cell-0-1-8 531 239 33 35 
cell-0-1-9 564 239 33 35 
cell-0-1-10 597 239 33 35 
cell-0-1-11 630 239 33 35 
cell-0-1-12 663 239 33 35 
cell-0-1-13 696 239 33 35 
cell-0-2-0 267 303 33 35 
cell-0-2-1 300 303 33 35 
cell-0-2-2 333 303 33 35 
cell-0-2-3 366 303 33 35 
cell-0-2-4 399 303 33 35 
cell-0-2-5 432 303 33 35 
cell-0-2-6 465 303 33 35 
cell-0-2-7 498 303 33 35 
cell-0-2-8 531 303 33 35 
cell-0-2-9 564 303 33 35 
cell-0-2-10 597 303 33 35 
cell-0-2-11 630 303 33 35 
cell-0-2-12 663 303 33 35 
cell-0-2-13 696 303 33 35 
cell-0-3-0 267 367 33 35 
cell-0-3-1 300 367 33 35 
cell-0-3-2 333 367 33 35 
cell-0-3-3 366 367 33 35 
cell-0-3-4 399 367 33 35 
cell-0-3-5 432 367 33 35 
cell-0-3-6 465 367 33 35 
cell-0-3-7 498 367 33 35 
cell-0-3-8 531 367 33 35 
cell-0-3-9 564 367 33 35 
cell-0-3-10 597 367 33 35 
cell-0-3-11 630 367 33 35 
cell-0-3-12 663 367 33 35 
cell-0-3-13 696 367 33 35 
cell-0-4-0 267 431 33 35 
cell-0-4-1 300 431 33 35 
cell-0-4-2 333 431 33 35 
cell-0-4-3 366 431 33 35 
cell-0-4-4 399 431 33 35 
cell-0-4-5 432 431 33 35 
cell-0-4-6 465 431 33 35 
cell-0-4-7 498 431 33 35 
cell-0-4-8 531 431 33 35 
cell-0-4-9 564 431 33 35 
cell-0-4-10 597 431 33 35 
cell-0-4-11 630 431 33 35 
cell-0-4-12 663 431 33 35 
cell-0-4-13 696 431 33 35 
cell-0-5-0 267 495 33 35 
cell-0-5-1 300 495 33 35 
cell-0-5-2 333 495 33 35 
cell-0-5-3 366 495 33 35 
cell-0-5-4 399 495 33 35 
cell-0-5-5 432 495 33 35 
cell-0-5-6 465 495 33 35 
cell-0-5-7 498 495 33 35 
cell-0-5-8 531 495 33 35 
cell-0-5-9 564 495 33 35 
cell-0-5-10 597 495 33 35 
cell-0-5-11 630 495 33 35 
cell-0-5-12 663 495 33 35 
cell-0-5-13 696 495 33 35 
cell-0-6-0 267 559 33 35 
cell-0-6-1 300 559 33 35 
cell-0-6-2 333 559 33 35 
cell-0-6-3 366 559 33 35 
cell-0-6-4 399 559 33 35 
cell-0-6-5 432 559 33 35 
cell-0-6-6 465 559 33 35 
cell-0-6-7 498 559 33 35 
cell-0-6-8 531 559 33 35 
cell-0-6-9 564 559 33 35 
cell-0-6-10 597 559 33 35 
cell-0-6-11 630 559 33 35 
cell-0-6-12 663 559 33 35 
cell-0-6-13 696 559 33 35 
cell-0-7-0 267 623 33 35 
cell-0-7-1 300 623 33 35 
cell-0-7-2 333 623 33 35 
cell-0-7-3 366 623 33 35 
cell-0-7-4 399 623 33 35 
cell-0-7-5 432 623 33 35 
cell-0-7-6 465 623 33 35 
cell-0-7-7 498 623 33 35 
cell-0-7-8 531 623 33 35 
cell-0-7-9 564 623 33 35 
cell-0-7-10 597 623 33 35 
cell-0-7-11 630 623 33 35 
cell-0-7-12 663 623 33 35 
cell-0-7-13 696 623 33 35 
cell-0-8-0 267 687 33 35 
cell-0-8-1 300 687 33 35 
cell-0-8-2 333 687 33 35 
cell-0-8-3 366 687 33 35 
cell-0-8-4 399 687 33 35 
cell-0-8-5 432 687 33 35 
cell-0-8-6 465 687 33 35 
cell-0-8-7 498 687 33 35 
cell-0-8-8 531 687 33 35 
cell-0-8-9 564 687 33 35 
cell-0-8-10 597 687 33 35 
cell-0-8-11 630 687 33 35 
cell-0-8-12 663 687 33 35 
cell-0-8-13 696 687 33 35 
cell-0-9-0 267 751 33 35 
cell-0-9-1 300 751 33 35 
cell-0-9-2 333 751 33 35 
cell-0-9-3 366 751 33 35 
cell-0-9-4 399 751 33 35 
cell-0-9-5 432 751 33 35 
cell-0-9-6 465 751 33 35 
cell-0-9-7 498 751 33 35 
cell-0-9-8 531 751 33 35 
cell-0-9-9 564 751 33 35 
cell-0-9-10 597 751 33 35 
cell-0-9-11 630 751 33 35 
cell-0-9-12 663 751 33 35 
cell-0-9-13 696 751 33 35 
cell-0-10-0 267 815 33 35 
cell-0-10-1 300 815 33 35 
cell-0-10-2 333 815 33 35 
cell-0-10-3 366 815 33 35 
cell-0-10-4 399 815 33 35 
cell-0-10-5 432 815 33 35 
cell-0-10-6 465 815 33 35 
cell-0-10-7 498 815 33 35 
cell-0-10-8 531 815 33 35 
cell-0-10-9 564 815 33 35 
cell-0-10-10 597 815 33 35 
cell-0-10-11 630 815 33 35 
cell-0-10-12 663 815 33 35 
cell-0-10-13 696 815 33 35 
cell-0-11-0 267 879 33 35 
cell-0-11-1 300 879 33 35 
cell-0-11-2 333 879 33 35 
cell-0-11-3 366 879 33 35 
cell-0-11-4 399 879 33 35 
cell-0-11-5 432 879 33 35 
cell-0-11-6 465 879 33 35 
cell-0-11-7 498 879 33 35 
cell-0-11-8 531 879 33 35 
cell-0-11-9 564 879 33 35 
cell-0-11-10 597 879 33 35 
cell-0-11-11 630 879 33 35 
cell-0-11-12 663 879 33 35 
cell-0-11-13 696 879 33 35 
