table-0 400 860 600 315 
cell-0-0-0 400 860 75 34 
cell-0-0-1 475 860 75 34 
cell-0-0-2 550 860 75 34 
cell-0-0-3 625 860 75 34 
cell-0-0-4 700 860 75 34 
cell-0-0-5 775 860 75 34 
cell-0-0-6 850 860 75 34 
cell-0-0-7 925 860 75 34 
cell-0-1-0 400 900 75 34 
cell-0-1-1 475 900 75 34 
cell-0-1-2 550 900 75 34 
cell-0-1-3 625 900 75 34 
cell-0-1-4 700 900 75 34 
cell-0-1-5 775 900 75 34 
cell-0-1-6 850 900 75 34 
cell-0-1-7 925 900 75 34 
cell-0-2-0 400 940 75 34 
cell-0-2-1 475 940 75 34 
cell-0-2-2 550 940 75 34 
cell-0-2-3 625 940 75 34 
cell-0-2-4 700 940 75 34 
cell-0-2-5 775 940 75 34 
cell-0-2-6 850 940 75 34 
cell-0-2-7 925 940 75 34 
cell-0-3-0 400 980 75 34 
cell-0-3-1 475 980 75 34 
cell-0-3-2 550 980 75 34 
cell-0-3-3 625 980 75 34 
cell-0-3-4 700 980 75 34 
cell-0-3-5 775 980 75 34 
cell-0-3-6 850 980 75 34 
cell-0-3-7 925 980 75 34 
cell-0-4-0 400 1020 75 34 
cell-0-4-1 475 1020 75 34 
cell-0-4-2 550 1020 75 34 
cell-0-4-3 625 1020 75 34 
cell-0-4-4 700 1020 75 34 
cell-0-4-5 775 1020 75 34 
cell-0-4-6 850 1020 75 34 
cell-0-4-7 925 1020 75 34 
cell-0-5-0 400 1060 75 34 
cell-0-5-1 475 1060 75 34 
cell-0-5-2 550 1060 75 34 
cell-0-5-3 625 1060 75 34 
cell-0-5-4 700 1060 75 34 
cell-0-5-5 775 1060 75 34 
cell-0-5-6 850 1060 75 34 
cell-0-5-7 925 1060 75 34 
cell-0-6-0 400 1100 75 34 
cell-0-6-1 475 1100 75 34 
cell-0-6-2 550 1100 75 34 
cell-0-6-3 625 1100 75 34 
cell-0-6-4 700 1100 75 34 
cell-0-6-5 775 1100 75 34 
cell-0-6-6 850 1100 75 34 
cell-0-6-7 925 1100 75 34 
cell-0-7-0 400 1140 75 34 
cell-0-7-1 475 1140 75 34 
cell-0-7-2 550 1140 75 34 
cell-0-7-3 625 1140 75 34 
cell-0-7-4 700 1140 75 34 
cell-0-7-5 775 1140 75 34 
cell-0-7-6 850 1140 75 34 
cell-0-7-7 925 1140 75 34 
table-2 400 320 600 395 
cell-2-0-0 400 320 120 45 
cell-2-0-1 520 320 120 45 
cell-2-0-2 640 320 120 45 
cell-2-0-3 760 320 120 45 
cell-2-0-4 880 320 120 45 
cell-2-1-0 400 378 120 45 
cell-2-1-1 520 378 120 45 
cell-2-1-2 640 378 120 45 
cell-2-1-3 760 378 120 45 
cell-2-1-4 880 378 120 45 
cell-2-2-0 400 436 120 45 
cell-2-2-1 520 436 120 45 
cell-2-2-2 640 436 120 45 
cell-2-2-3 760 436 120 45 
cell-2-2-4 880 436 120 45 
cell-2-3-0 400 494 120 45 
cell-2-3-1 520 494 120 45 
cell-2-3-2 640 494 120 45 
cell-2-3-3 760 494 120 45 
cell-2-3-4 880 494 120 45 
cell-2-4-0 400 552 120 45 
cell-2-4-1 520 552 120 45 
cell-2-4-2 640 552 120 45 
cell-2-4-3 760 552 120 45 
cell-2-4-4 880 552 120 45 
cell-2-5-0 400 610 120 45 
cell-2-5-1 520 610 120 45 
cell-2-5-2 640 610 120 45 
cell-2-5-3 760 610 120 45 
cell-2-5-4 880 610 120 45 
cell-2-6-0 400 668 120 45 
cell-2-6-1 520 668 120 45 
cell-2-6-2 640 668 120 45 
cell-2-6-3 760 668 120 45 
cell-2-6-4 880 668 120 45 
