table-0 132 1176 900 215 
cell-0-0-0 132 1176 225 37 
cell-0-0-1 357 1176 225 37 
cell-0-0-2 582 1176 225 37 
cell-0-0-3 807 1176 225 37 
cell-0-1-0 132 1220 225 37 
cell-0-1-1 357 1220 225 37 
cell-0-1-2 582 1220 225 37 
cell-0-1-3 807 1220 225 37 
cell-0-2-0 132 1264 225 37 
cell-0-2-1 357 1264 225 37 
cell-0-2-2 582 1264 225 37 
cell-0-2-3 807 1264 225 37 
cell-0-3-0 132 1308 225 37 
cell-0-3-1 357 1308 225 37 
cell-0-3-2 582 1308 225 37 
cell-0-3-3 807 1308 225 37 
cell-0-4-0 132 1352 225 37 
cell-0-4-1 357 1352 225 37 
cell-0-4-2 582 1352 225 37 
cell-0-4-3 807 1352 225 37 
table-1 67 172 800 472 
cell-1-0-0 67 172 100 46 
cell-1-0-1 167 172 100 46 
cell-1-0-2 267 172 100 46 
cell-1-0-3 367 172 100 46 
cell-1-0-4 467 172 100 46 
cell-1-0-5 567 172 100 46 
cell-1-0-6 667 172 100 46 
cell-1-0-7 767 172 100 46 
cell-1-1-0 67 219 100 46 
cell-1-1-1 167 219 100 46 
cell-1-1-2 267 219 100 46 
cell-1-1-3 367 219 100 46 
cell-1-1-4 467 219 100 46 
cell-1-1-5 567 219 100 46 
cell-1-1-6 667 219 100 46 
cell-1-1-7 767 219 100 46 
cell-1-2-0 67 266 100 46 
cell-1-2-1 167 266 100 46 
cell-1-2-2 267 266 100 46 
cell-1-2-3 367 266 100 46 
cell-1-2-4 467 266 100 46 
cell-1-2-5 567 266 100 46 
cell-1-2-6 667 266 100 46 
cell-1-2-7 767 266 100 46 
cell-1-3-0 67 313 100 46 
cell-1-3-1 167 313 100 46 
cell-1-3-2 267 313 100 46 
cell-1-3-3 367 313 100 46 
cell-1-3-4 467 313 100 46 
cell-1-3-5 567 313 100 46 
cell-1-3-6 667 313 100 46 
cell-1-3-7 767 313 100 46 
cell-1-4-0 67 360 100 46 
cell-1-4-1 167 360 100 46 
cell-1-4-2 267 360 100 46 
cell-1-4-3 367 360 100 46 
cell-1-4-4 467 360 100 46 
cell-1-4-5 567 360 100 46 
cell-1-4-6 667 360 100 46 
cell-1-4-7 767 360 100 46 
cell-1-5-0 67 407 100 46 
cell-1-5-1 167 407 100 46 
cell-1-5-2 267 407 100 46 
cell-1-5-3 367 407 100 46 
cell-1-5-4 467 407 100 46 
cell-1-5-5 567 407 100 46 
cell-1-5-6 667 407 100 46 
cell-1-5-7 767 407 100 46 
cell-1-6-0 67 454 100 46 
cell-1-6-1 167 454 100 46 
cell-1-6-2 267 454 100 46 
cell-1-6-3 367 454 100 46 
cell-1-6-4 467 454 100 46 
cell-1-6-5 567 454 100 46 
cell-1-6-6 667 454 100 46 
cell-1-6-7 767 454 100 46 
cell-1-7-0 67 501 100 46 
cell-1-7-1 167 501 100 46 
cell-1-7-2 267 501 100 46 
cell-1-7-3 367 501 100 46 
cell-1-7-4 467 501 100 46 
cell-1-7-5 567 501 100 46 
cell-1-7-6 667 501 100 46 
cell-1-7-7 767 501 100 46 
cell-1-8-0 67 548 100 46 
cell-1-8-1 167 548 100 46 
cell-1-8-2 267 548 100 46 
cell-1-8-3 367 548 100 46 
cell-1-8-4 467 548 100 46 
cell-1-8-5 567 548 100 46 
cell-1-8-6 667 548 100 46 
cell-1-8-7 767 548 100 46 
cell-1-9-0 67 595 100 46 
cell-1-9-1 167 595 100 46 
cell-1-9-2 267 595 100 46 
cell-1-9-3 367 595 100 46 
cell-1-9-4 467 595 100 46 
cell-1-9-5 567 595 100 46 
cell-1-9-6 667 595 100 46 
cell-1-9-7 767 595 100 46 
