table-0 96 256 609 581 
cell-0-0-0 96 256 43 41 
cell-0-0-1 139 256 43 41 
cell-0-0-2 182 256 43 41 
cell-0-0-3 225 256 43 41 
cell-0-0-4 268 256 435 41 
cell-0-1-0 96 305 43 41 
cell-0-1-1 139 305 43 41 
cell-0-1-2 182 305 43 41 
cell-0-1-3 225 305 43 41 
cell-0-1-4 268 305 435 41 
cell-0-2-0 96 354 43 41 
cell-0-2-1 139 354 43 41 
cell-0-2-2 182 354 43 41 
cell-0-2-3 225 354 43 41 
cell-0-2-4 268 354 435 41 
cell-0-3-0 96 403 43 41 
cell-0-3-1 139 403 43 41 
cell-0-3-2 182 403 43 41 
cell-0-3-3 225 403 43 41 
cell-0-3-4 268 403 435 41 
cell-0-4-0 96 452 43 41 
cell-0-4-1 139 452 43 41 
cell-0-4-2 182 452 43 41 
cell-0-4-3 225 452 43 41 
cell-0-4-4 268 452 435 41 
cell-0-5-0 96 501 43 41 
cell-0-5-1 139 501 43 41 
cell-0-5-2 182 501 43 41 
cell-0-5-3 225 501 43 41 
cell-0-5-4 268 501 435 41 
cell-0-6-0 96 550 43 41 
cell-0-6-1 139 550 43 41 
cell-0-6-2 182 550 43 41 
cell-0-6-3 225 550 43 41 
cell-0-6-4 268 550 435 41 
cell-0-7-0 96 599 43 41 
cell-0-7-1 139 599 43 41 
cell-0-7-2 182 599 43 41 
cell-0-7-3 225 599 43 41 
cell-0-7-4 268 599 435 41 
cell-0-8-0 96 648 43 41 
cell-0-8-1 139 648 43 41 
cell-0-8-2 182 648 43 41 
cell-0-8-3 225 648 43 41 
cell-0-8-4 268 648 435 41 
cell-0-9-0 96 697 43 41 
cell-0-9-1 139 697 43 41 
cell-0-9-2 182 697 43 41 
cell-0-9-3 225 697 43 41 
cell-0-9-4 268 697 435 41 
cell-0-10-0 96 746 43 41 
cell-0-10-1 139 746 43 41 
cell-0-10-2 182 746 43 41 
cell-0-10-3 225 746 43 41 
cell-0-10-4 268 746 435 41 
cell-0-11-0 96 795 43 41 
cell-0-11-1 139 795 43 41 
cell-0-11-2 182 795 43 41 
cell-0-11-3 225 795 43 41 
cell-0-11-4 268 795 435 41 
table-1 233 1254 441 150 
cell-1-1-0 233 1254 34 35 
cell-1-1-1 270 1254 34 35 
cell-1-1-2 307 1254 34 35 
cell-1-1-3 344 1254 34 35 
cell-1-1-4 381 1254 34 35 
cell-1-1-5 418 1254 34 35 
cell-1-1-6 455 1254 34 35 
cell-1-1-7 492 1254 34 35 
cell-1-1-8 529 1254 34 35 
cell-1-1-9 566 1254 34 35 
cell-1-1-10 603 1254 34 35 
cell-1-1-11 640 1254 34 35 
cell-1-2-0 233 1292 34 35 
cell-1-2-1 270 1292 34 35 
cell-1-2-2 307 1292 34 35 
cell-1-2-3 344 1292 34 35 
cell-1-2-4 381 1292 34 35 
cell-1-2-5 418 1292 34 35 
cell-1-2-6 455 1292 34 35 
cell-1-2-7 492 1292 34 35 
cell-1-2-8 529 1292 34 35 
cell-1-2-9 566 1292 34 35 
cell-1-2-10 603 1292 34 35 
cell-1-2-11 640 1292 34 35 
cell-1-3-0 233 1330 34 35 
cell-1-3-1 270 1330 34 35 
cell-1-3-2 307 1330 34 35 
cell-1-3-3 344 1330 34 35 
cell-1-3-4 381 1330 34 35 
cell-1-3-5 418 1330 34 35 
cell-1-3-6 455 1330 34 35 
cell-1-3-7 492 1330 34 35 
cell-1-3-8 529 1330 34 35 
cell-1-3-9 566 1330 34 35 
cell-1-3-10 603 1330 34 35 
cell-1-3-11 640 1330 34 35 
cell-1-4-0 233 1368 34 35 
cell-1-4-1 270 1368 34 35 
cell-1-4-2 307 1368 34 35 
cell-1-4-3 344 1368 34 35 
cell-1-4-4 381 1368 34 35 
cell-1-4-5 418 1368 34 35 
cell-1-4-6 455 1368 34 35 
cell-1-4-7 492 1368 34 35 
cell-1-4-8 529 1368 34 35 
cell-1-4-9 566 1368 34 35 
cell-1-4-10 603 1368 34 35 
cell-1-4-11 640 1368 34 35 
