table-0 786 596 266 370 
cell-0-0-0 786 596 44 35 
cell-0-0-1 830 596 44 35 
cell-0-0-2 874 596 44 35 
cell-0-0-3 918 596 44 35 
cell-0-0-4 962 596 44 35 
cell-0-0-5 1006 596 44 35 
cell-0-1-0 786 633 44 35 
cell-0-1-1 830 633 44 35 
cell-0-1-2 874 633 44 35 
cell-0-1-3 918 633 44 35 
cell-0-1-4 962 633 44 35 
cell-0-1-5 1006 633 44 35 
cell-0-2-0 786 670 44 35 
cell-0-2-1 830 670 44 35 
cell-0-2-2 874 670 44 35 
cell-0-2-3 918 670 44 35 
cell-0-2-4 962 670 44 35 
cell-0-2-5 1006 670 44 35 
cell-0-3-0 786 707 44 35 
cell-0-3-1 830 707 44 35 
cell-0-3-2 874 707 44 35 
cell-0-3-3 918 707 44 35 
cell-0-3-4 962 707 44 35 
cell-0-3-5 1006 707 44 35 
cell-0-4-0 786 744 44 35 
cell-0-4-1 830 744 44 35 
cell-0-4-2 874 744 44 35 
cell-0-4-3 918 744 44 35 
cell-0-4-4 962 744 44 35 
cell-0-4-5 1006 744 44 35 
cell-0-5-0 786 781 44 35 
cell-0-5-1 830 781 44 35 
cell-0-5-2 874 781 44 35 
cell-0-5-3 918 781 44 35 
cell-0-5-4 962 781 44 35 
cell-0-5-5 1006 781 44 35 
cell-0-6-0 786 818 44 35 
cell-0-6-1 830 818 44 35 
cell-0-6-2 874 818 44 35 
cell-0-6-3 918 818 44 35 
cell-0-6-4 962 818 44 35 
cell-0-6-5 1006 818 44 35 
cell-0-7-0 786 855 44 35 
cell-0-7-1 830 855 44 35 
cell-0-7-2 874 855 44 35 
cell-0-7-3 918 855 44 35 
cell-0-7-4 962 855 44 35 
cell-0-7-5 1006 855 44 35 
cell-0-8-0 786 892 44 35 
cell-0-8-1 830 892 44 35 
cell-0-8-2 874 892 44 35 
cell-0-8-3 918 892 44 35 
cell-0-8-4 962 892 44 35 
cell-0-8-5 1006 892 44 35 
cell-0-9-0 786 929 44 35 
cell-0-9-1 830 929 44 35 
cell-0-9-2 874 929 44 35 
cell-0-9-3 918 929 44 35 
cell-0-9-4 962 929 44 35 
cell-0-9-5 1006 929 44 35 
