table-0 788 592 178 505 
cell-0-0-0 788 592 44 35 
cell-0-0-1 832 592 44 35 
cell-0-0-2 876 592 44 35 
cell-0-0-3 920 592 44 35 
cell-0-1-0 788 631 44 35 
cell-0-1-1 832 631 44 35 
cell-0-1-2 876 631 44 35 
cell-0-1-3 920 631 44 35 
cell-0-2-0 788 670 44 35 
cell-0-2-1 832 670 44 35 
cell-0-2-2 876 670 44 35 
cell-0-2-3 920 670 44 35 
cell-0-3-0 788 709 44 35 
cell-0-3-1 832 709 44 35 
cell-0-3-2 876 709 44 35 
cell-0-3-3 920 709 44 35 
cell-0-4-0 788 748 44 35 
cell-0-4-1 832 748 44 35 
cell-0-4-2 876 748 44 35 
cell-0-4-3 920 748 44 35 
cell-0-5-0 788 787 44 35 
cell-0-5-1 832 787 44 35 
cell-0-5-2 876 787 44 35 
cell-0-5-3 920 787 44 35 
cell-0-6-0 788 826 44 35 
cell-0-6-1 832 826 44 35 
cell-0-6-2 876 826 44 35 
cell-0-6-3 920 826 44 35 
cell-0-7-0 788 865 44 35 
cell-0-7-1 832 865 44 35 
cell-0-7-2 876 865 44 35 
cell-0-7-3 920 865 44 35 
cell-0-8-0 788 904 44 35 
cell-0-8-1 832 904 44 35 
cell-0-8-2 876 904 44 35 
cell-0-8-3 920 904 44 35 
cell-0-9-0 788 943 44 35 
cell-0-9-1 832 943 44 35 
cell-0-9-2 876 943 44 35 
cell-0-9-3 920 943 44 35 
cell-0-10-0 788 982 44 35 
cell-0-10-1 832 982 44 35 
cell-0-10-2 876 982 44 35 
cell-0-10-3 920 982 44 35 
cell-0-11-0 788 1021 44 35 
cell-0-11-1 832 1021 44 35 
cell-0-11-2 876 1021 44 35 
cell-0-11-3 920 1021 44 35 
cell-0-12-0 788 1060 44 35 
cell-0-12-1 832 1060 44 35 
cell-0-12-2 876 1060 44 35 
cell-0-12-3 920 1060 44 35 
