table-0 281 307 602 798 
cell-0-0-0 281 307 43 41 
cell-0-0-1 324 307 43 41 
cell-0-0-2 367 307 43 41 
cell-0-0-3 410 307 43 41 
cell-0-0-4 453 307 43 41 
cell-0-0-5 496 307 386 41 
cell-0-1-0 281 361 43 41 
cell-0-1-1 324 361 43 41 
cell-0-1-2 367 361 43 41 
cell-0-1-3 410 361 43 41 
cell-0-1-4 453 361 43 41 
cell-0-1-5 496 361 386 41 
cell-0-2-0 281 415 43 41 
cell-0-2-1 324 415 43 41 
cell-0-2-2 367 415 43 41 
cell-0-2-3 410 415 43 41 
cell-0-2-4 453 415 43 41 
cell-0-2-5 496 415 386 41 
cell-0-3-0 281 469 43 41 
cell-0-3-1 324 469 43 41 
cell-0-3-2 367 469 43 41 
cell-0-3-3 410 469 43 41 
cell-0-3-4 453 469 43 41 
cell-0-3-5 496 469 386 41 
cell-0-4-0 281 523 43 41 
cell-0-4-1 324 523 43 41 
cell-0-4-2 367 523 43 41 
cell-0-4-3 410 523 43 41 
cell-0-4-4 453 523 43 41 
cell-0-4-5 496 523 386 41 
cell-0-5-0 281 577 43 41 
cell-0-5-1 324 577 43 41 
cell-0-5-2 367 577 43 41 
cell-0-5-3 410 577 43 41 
cell-0-5-4 453 577 43 41 
cell-0-5-5 496 577 386 41 
cell-0-6-0 281 631 43 41 
cell-0-6-1 324 631 43 41 
cell-0-6-2 367 631 43 41 
cell-0-6-3 410 631 43 41 
cell-0-6-4 453 631 43 41 
cell-0-6-5 496 631 386 41 
cell-0-7-0 281 685 43 41 
cell-0-7-1 324 685 43 41 
cell-0-7-2 367 685 43 41 
cell-0-7-3 410 685 43 41 
cell-0-7-4 453 685 43 41 
cell-0-7-5 496 685 386 41 
cell-0-8-0 281 739 43 41 
cell-0-8-1 324 739 43 41 
cell-0-8-2 367 739 43 41 
cell-0-8-3 410 739 43 41 
cell-0-8-4 453 739 43 41 
cell-0-8-5 496 739 386 41 
cell-0-9-0 281 793 43 41 
cell-0-9-1 324 793 43 41 
cell-0-9-2 367 793 43 41 
cell-0-9-3 410 793 43 41 
cell-0-9-4 453 793 43 41 
cell-0-9-5 496 793 386 41 
cell-0-10-0 281 847 43 41 
cell-0-10-1 324 847 43 41 
cell-0-10-2 367 847 43 41 
cell-0-10-3 410 847 43 41 
cell-0-10-4 453 847 43 41 
cell-0-10-5 496 847 386 41 
cell-0-11-0 281 901 43 41 
cell-0-11-1 324 901 43 41 
cell-0-11-2 367 901 43 41 
cell-0-11-3 410 901 43 41 
cell-0-11-4 453 901 43 41 
cell-0-11-5 496 901 386 41 
cell-0-12-0 281 955 43 41 
cell-0-12-1 324 955 43 41 
cell-0-12-2 367 955 43 41 
cell-0-12-3 410 955 43 41 
cell-0-12-4 453 955 43 41 
cell-0-12-5 496 955 386 41 
cell-0-13-0 281 1009 43 41 
cell-0-13-1 324 1009 43 41 
cell-0-13-2 367 1009 43 41 
cell-0-13-3 410 1009 43 41 
cell-0-13-4 453 1009 43 41 
cell-0-13-5 496 1009 386 41 
cell-0-14-0 281 1063 43 41 
cell-0-14-1 324 1063 43 41 
cell-0-14-2 367 1063 43 41 
cell-0-14-3 410 1063 43 41 
cell-0-14-4 453 1063 43 41 
cell-0-14-5 496 1063 386 41 
