table-0 366 523 634 714 
cell-0-0-0 366 523 43 41 
cell-0-0-1 409 523 43 41 
cell-0-0-2 452 523 43 41 
cell-0-0-3 495 523 43 41 
cell-0-0-4 538 523 460 41 
cell-0-1-0 366 571 43 41 
cell-0-1-1 409 571 43 41 
cell-0-1-2 452 571 43 41 
cell-0-1-3 495 571 43 41 
cell-0-1-4 538 571 460 41 
cell-0-2-0 366 619 43 41 
cell-0-2-1 409 619 43 41 
cell-0-2-2 452 619 43 41 
cell-0-2-3 495 619 43 41 
cell-0-2-4 538 619 460 41 
cell-0-3-0 366 667 43 41 
cell-0-3-1 409 667 43 41 
cell-0-3-2 452 667 43 41 
cell-0-3-3 495 667 43 41 
cell-0-3-4 538 667 460 41 
cell-0-4-0 366 715 43 41 
cell-0-4-1 409 715 43 41 
cell-0-4-2 452 715 43 41 
cell-0-4-3 495 715 43 41 
cell-0-4-4 538 715 460 41 
cell-0-5-0 366 763 43 41 
cell-0-5-1 409 763 43 41 
cell-0-5-2 452 763 43 41 
cell-0-5-3 495 763 43 41 
cell-0-5-4 538 763 460 41 
cell-0-6-0 366 811 43 41 
cell-0-6-1 409 811 43 41 
cell-0-6-2 452 811 43 41 
cell-0-6-3 495 811 43 41 
cell-0-6-4 538 811 460 41 
cell-0-7-0 366 859 43 41 
cell-0-7-1 409 859 43 41 
cell-0-7-2 452 859 43 41 
cell-0-7-3 495 859 43 41 
cell-0-7-4 538 859 460 41 
cell-0-8-0 366 907 43 41 
cell-0-8-1 409 907 43 41 
cell-0-8-2 452 907 43 41 
cell-0-8-3 495 907 43 41 
cell-0-8-4 538 907 460 41 
cell-0-9-0 366 955 43 41 
cell-0-9-1 409 955 43 41 
cell-0-9-2 452 955 43 41 
cell-0-9-3 495 955 43 41 
cell-0-9-4 538 955 460 41 
cell-0-10-0 366 1003 43 41 
cell-0-10-1 409 1003 43 41 
cell-0-10-2 452 1003 43 41 
cell-0-10-3 495 1003 43 41 
cell-0-10-4 538 1003 460 41 
cell-0-11-0 366 1051 43 41 
cell-0-11-1 409 1051 43 41 
cell-0-11-2 452 1051 43 41 
cell-0-11-3 495 1051 43 41 
cell-0-11-4 538 1051 460 41 
cell-0-12-0 366 1099 43 41 
cell-0-12-1 409 1099 43 41 
cell-0-12-2 452 1099 43 41 
cell-0-12-3 495 1099 43 41 
cell-0-12-4 538 1099 460 41 
cell-0-13-0 366 1147 43 41 
cell-0-13-1 409 1147 43 41 
cell-0-13-2 452 1147 43 41 
cell-0-13-3 495 1147 43 41 
cell-0-13-4 538 1147 460 41 
cell-0-14-0 366 1195 43 41 
cell-0-14-1 409 1195 43 41 
cell-0-14-2 452 1195 43 41 
cell-0-14-3 495 1195 43 41 
cell-0-14-4 538 1195 460 41 
