table-0 101 161 658 605 
cell-0-0-0 101 161 44 42 
cell-0-0-1 145 161 44 42 
cell-0-0-2 189 161 44 42 
cell-0-0-3 233 161 44 42 
cell-0-0-4 277 161 480 42 
cell-0-1-0 101 212 44 42 
cell-0-1-1 145 212 44 42 
cell-0-1-2 189 212 44 42 
cell-0-1-3 233 212 44 42 
cell-0-1-4 277 212 480 42 
cell-0-2-0 101 263 44 42 
cell-0-2-1 145 263 44 42 
cell-0-2-2 189 263 44 42 
cell-0-2-3 233 263 44 42 
cell-0-2-4 277 263 480 42 
cell-0-3-0 101 314 44 42 
cell-0-3-1 145 314 44 42 
cell-0-3-2 189 314 44 42 
cell-0-3-3 233 314 44 42 
cell-0-3-4 277 314 480 42 
cell-0-4-0 101 365 44 42 
cell-0-4-1 145 365 44 42 
cell-0-4-2 189 365 44 42 
cell-0-4-3 233 365 44 42 
cell-0-4-4 277 365 480 42 
cell-0-5-0 101 416 44 42 
cell-0-5-1 145 416 44 42 
cell-0-5-2 189 416 44 42 
cell-0-5-3 233 416 44 42 
cell-0-5-4 277 416 480 42 
cell-0-6-0 101 467 44 42 
cell-0-6-1 145 467 44 42 
cell-0-6-2 189 467 44 42 
cell-0-6-3 233 467 44 42 
cell-0-6-4 277 467 480 42 
cell-0-7-0 101 518 44 42 
cell-0-7-1 145 518 44 42 
cell-0-7-2 189 518 44 42 
cell-0-7-3 233 518 44 42 
cell-0-7-4 277 518 480 42 
cell-0-8-0 101 569 44 42 
cell-0-8-1 145 569 44 42 
cell-0-8-2 189 569 44 42 
cell-0-8-3 233 569 44 42 
cell-0-8-4 277 569 480 42 
cell-0-9-0 101 620 44 42 
cell-0-9-1 145 620 44 42 
cell-0-9-2 189 620 44 42 
cell-0-9-3 233 620 44 42 
cell-0-9-4 277 620 480 42 
cell-0-10-0 101 671 44 42 
cell-0-10-1 145 671 44 42 
cell-0-10-2 189 671 44 42 
cell-0-10-3 233 671 44 42 
cell-0-10-4 277 671 480 42 
cell-0-11-0 101 722 44 42 
cell-0-11-1 145 722 44 42 
cell-0-11-2 189 722 44 42 
cell-0-11-3 233 722 44 42 
cell-0-11-4 277 722 480 42 
