table-0 173 604 800 639 
cell-0-0-0 173 604 100 52 
cell-0-0-1 273 604 100 52 
cell-0-0-2 373 604 100 52 
cell-0-0-3 473 604 100 52 
cell-0-0-4 573 604 100 52 
cell-0-0-5 673 604 100 52 
cell-0-0-6 773 604 100 52 
cell-0-0-7 873 604 100 52 
cell-0-1-0 173 669 100 52 
cell-0-1-1 273 669 100 52 
cell-0-1-2 373 669 100 52 
cell-0-1-3 473 669 100 52 
cell-0-1-4 573 669 100 52 
cell-0-1-5 673 669 100 52 
cell-0-1-6 773 669 100 52 
cell-0-1-7 873 669 100 52 
cell-0-2-0 173 734 100 52 
cell-0-2-1 273 734 100 52 
cell-0-2-2 373 734 100 52 
cell-0-2-3 473 734 100 52 
cell-0-2-4 573 734 100 52 
cell-0-2-5 673 734 100 52 
cell-0-2-6 773 734 100 52 
cell-0-2-7 873 734 100 52 
cell-0-3-0 173 799 100 52 
cell-0-3-1 273 799 100 52 
cell-0-3-2 373 799 100 52 
cell-0-3-3 473 799 100 52 
cell-0-3-4 573 799 100 52 
cell-0-3-5 673 799 100 52 
cell-0-3-6 773 799 100 52 
cell-0-3-7 873 799 100 52 
cell-0-4-0 173 864 100 52 
cell-0-4-1 273 864 100 52 
cell-0-4-2 373 864 100 52 
cell-0-4-3 473 864 100 52 
cell-0-4-4 573 864 100 52 
cell-0-4-5 673 864 100 52 
cell-0-4-6 773 864 100 52 
cell-0-4-7 873 864 100 52 
cell-0-5-0 173 929 100 52 
cell-0-5-1 273 929 100 52 
cell-0-5-2 373 929 100 52 
cell-0-5-3 473 929 100 52 
cell-0-5-4 573 929 100 52 
cell-0-5-5 673 929 100 52 
cell-0-5-6 773 929 100 52 
cell-0-5-7 873 929 100 52 
cell-0-6-0 173 994 100 52 
cell-0-6-1 273 994 100 52 
cell-0-6-2 373 994 100 52 
cell-0-6-3 473 994 100 52 
cell-0-6-4 573 994 100 52 
cell-0-6-5 673 994 100 52 
cell-0-6-6 773 994 100 52 
cell-0-6-7 873 994 100 52 
cell-0-7-0 173 1059 100 52 
cell-0-7-1 273 1059 100 52 
cell-0-7-2 373 1059 100 52 
cell-0-7-3 473 1059 100 52 
cell-0-7-4 573 1059 100 52 
cell-0-7-5 673 1059 100 52 
cell-0-7-6 773 1059 100 52 
cell-0-7-7 873 1059 100 52 
cell-0-8-0 173 1124 100 52 
cell-0-8-1 273 1124 100 52 
cell-0-8-2 373 1124 100 52 
cell-0-8-3 473 1124 100 52 
cell-0-8-4 573 1124 100 52 
cell-0-8-5 673 1124 100 52 
cell-0-8-6 773 1124 100 52 
cell-0-8-7 873 1124 100 52 
cell-0-9-0 173 1189 100 52 
cell-0-9-1 273 1189 100 52 
cell-0-9-2 373 1189 100 52 
cell-0-9-3 473 1189 100 52 
cell-0-9-4 573 1189 100 52 
cell-0-9-5 673 1189 100 52 
cell-0-9-6 773 1189 100 52 
cell-0-9-7 873 1189 100 52 
