table-0 353 363 513 501 
cell-0-0-0 353 363 43 41 
cell-0-0-1 396 363 43 41 
cell-0-0-2 439 363 43 41 
cell-0-0-3 482 363 43 41 
cell-0-0-4 525 363 339 41 
cell-0-1-0 353 414 43 41 
cell-0-1-1 396 414 43 41 
cell-0-1-2 439 414 43 41 
cell-0-1-3 482 414 43 41 
cell-0-1-4 525 414 339 41 
cell-0-2-0 353 465 43 41 
cell-0-2-1 396 465 43 41 
cell-0-2-2 439 465 43 41 
cell-0-2-3 482 465 43 41 
cell-0-2-4 525 465 339 41 
cell-0-3-0 353 516 43 41 
cell-0-3-1 396 516 43 41 
cell-0-3-2 439 516 43 41 
cell-0-3-3 482 516 43 41 
cell-0-3-4 525 516 339 41 
cell-0-4-0 353 567 43 41 
cell-0-4-1 396 567 43 41 
cell-0-4-2 439 567 43 41 
cell-0-4-3 482 567 43 41 
cell-0-4-4 525 567 339 41 
cell-0-5-0 353 618 43 41 
cell-0-5-1 396 618 43 41 
cell-0-5-2 439 618 43 41 
cell-0-5-3 482 618 43 41 
cell-0-5-4 525 618 339 41 
cell-0-6-0 353 669 43 41 
cell-0-6-1 396 669 43 41 
cell-0-6-2 439 669 43 41 
cell-0-6-3 482 669 43 41 
cell-0-6-4 525 669 339 41 
cell-0-7-0 353 720 43 41 
cell-0-7-1 396 720 43 41 
cell-0-7-2 439 720 43 41 
cell-0-7-3 482 720 43 41 
cell-0-7-4 525 720 339 41 
cell-0-8-0 353 771 43 41 
cell-0-8-1 396 771 43 41 
cell-0-8-2 439 771 43 41 
cell-0-8-3 482 771 43 41 
cell-0-8-4 525 771 339 41 
cell-0-9-0 353 822 43 41 
cell-0-9-1 396 822 43 41 
cell-0-9-2 439 822 43 41 
cell-0-9-3 482 822 43 41 
cell-0-9-4 525 822 339 41 
header-2 168 1076 823 193 
row-1-1 168 1076 417 40 
row-1-2 605 1076 384 40 
row-2-1 168 1126 351 40 
row-2-2 539 1126 447 40 
row-3-1 168 1176 714 40 
row-4-1 168 1226 714 40 
