header-0 235 915 803 193 
row-1-1 235 915 342 40 
row-1-2 597 915 408 40 
row-2-1 235 965 342 40 
row-2-2 597 965 439 40 
row-3-1 235 1015 738 40 
row-4-1 235 1065 573 40 
table-3 82 384 682 407 
cell-3-1-0 82 384 34 35 
cell-3-1-1 116 384 34 35 
cell-3-1-2 150 384 34 35 
cell-3-1-3 184 384 34 35 
cell-3-1-4 218 384 34 35 
cell-3-1-5 252 384 34 35 
cell-3-1-6 286 384 34 35 
cell-3-1-7 320 384 34 35 
cell-3-1-8 354 384 34 35 
cell-3-1-9 388 384 34 35 
cell-3-1-10 422 384 34 35 
cell-3-1-11 456 384 34 35 
cell-3-1-12 490 384 34 35 
cell-3-1-13 524 384 34 35 
cell-3-1-14 558 384 34 35 
cell-3-1-15 592 384 34 35 
cell-3-1-16 626 384 34 35 
cell-3-1-17 660 384 34 35 
cell-3-1-18 694 384 34 35 
cell-3-1-19 728 384 34 35 
cell-3-2-0 82 421 34 35 
cell-3-2-1 116 421 34 35 
cell-3-2-2 150 421 34 35 
cell-3-2-3 184 421 34 35 
cell-3-2-4 218 421 34 35 
cell-3-2-5 252 421 34 35 
cell-3-2-6 286 421 34 35 
cell-3-2-7 320 421 34 35 
cell-3-2-8 354 421 34 35 
cell-3-2-9 388 421 34 35 
cell-3-2-10 422 421 34 35 
cell-3-2-11 456 421 34 35 
cell-3-2-12 490 421 34 35 
cell-3-2-13 524 421 34 35 
cell-3-2-14 558 421 34 35 
cell-3-2-15 592 421 34 35 
cell-3-2-16 626 421 34 35 
cell-3-2-17 660 421 34 35 
cell-3-2-18 694 421 34 35 
cell-3-2-19 728 421 34 35 
cell-3-3-0 82 458 34 35 
cell-3-3-1 116 458 34 35 
cell-3-3-2 150 458 34 35 
cell-3-3-3 184 458 34 35 
cell-3-3-4 218 458 34 35 
cell-3-3-5 252 458 34 35 
cell-3-3-6 286 458 34 35 
cell-3-3-7 320 458 34 35 
cell-3-3-8 354 458 34 35 
cell-3-3-9 388 458 34 35 
cell-3-3-10 422 458 34 35 
cell-3-3-11 456 458 34 35 
cell-3-3-12 490 458 34 35 
cell-3-3-13 524 458 34 35 
cell-3-3-14 558 458 34 35 
cell-3-3-15 592 458 34 35 
cell-3-3-16 626 458 34 35 
cell-3-3-17 660 458 34 35 
cell-3-3-18 694 458 34 35 
cell-3-3-19 728 458 34 35 
cell-3-4-0 82 495 34 35 
cell-3-4-1 116 495 34 35 
cell-3-4-2 150 495 34 35 
cell-3-4-3 184 495 34 35 
cell-3-4-4 218 495 34 35 
cell-3-4-5 252 495 34 35 
cell-3-4-6 286 495 34 35 
cell-3-4-7 320 495 34 35 
cell-3-4-8 354 495 34 35 
cell-3-4-9 388 495 34 35 
cell-3-4-10 422 495 34 35 
cell-3-4-11 456 495 34 35 
cell-3-4-12 490 495 34 35 
cell-3-4-13 524 495 34 35 
cell-3-4-14 558 495 34 35 
cell-3-4-15 592 495 34 35 
cell-3-4-16 626 495 34 35 
cell-3-4-17 660 495 34 35 
cell-3-4-18 694 495 34 35 
cell-3-4-19 728 495 34 35 
cell-3-5-0 82 532 34 35 
cell-3-5-1 116 532 34 35 
cell-3-5-2 150 532 34 35 
cell-3-5-3 184 532 34 35 
cell-3-5-4 218 532 34 35 
cell-3-5-5 252 532 34 35 
cell-3-5-6 286 532 34 35 
cell-3-5-7 320 532 34 35 
cell-3-5-8 354 532 34 35 
cell-3-5-9 388 532 34 35 
cell-3-5-10 422 532 34 35 
cell-3-5-11 456 532 34 35 
cell-3-5-12 490 532 34 35 
cell-3-5-13 524 532 34 35 
cell-3-5-14 558 532 34 35 
cell-3-5-15 592 532 34 35 
cell-3-5-16 626 532 34 35 
cell-3-5-17 660 532 34 35 
cell-3-5-18 694 532 34 35 
cell-3-5-19 728 532 34 35 
cell-3-6-0 82 569 34 35 
cell-3-6-1 116 569 34 35 
cell-3-6-2 150 569 34 35 
cell-3-6-3 184 569 34 35 
cell-3-6-4 218 569 34 35 
cell-3-6-5 252 569 34 35 
cell-3-6-6 286 569 34 35 
cell-3-6-7 320 569 34 35 
cell-3-6-8 354 569 34 35 
cell-3-6-9 388 569 34 35 
cell-3-6-10 422 569 34 35 
cell-3-6-11 456 569 34 35 
cell-3-6-12 490 569 34 35 
cell-3-6-13 524 569 34 35 
cell-3-6-14 558 569 34 35 
cell-3-6-15 592 569 34 35 
cell-3-6-16 626 569 34 35 
cell-3-6-17 660 569 34 35 
cell-3-6-18 694 569 34 35 
cell-3-6-19 728 569 34 35 
cell-3-7-0 82 606 34 35 
cell-3-7-1 116 606 34 35 
cell-3-7-2 150 606 34 35 
cell-3-7-3 184 606 34 35 
cell-3-7-4 218 606 34 35 
cell-3-7-5 252 606 34 35 
cell-3-7-6 286 606 34 35 
cell-3-7-7 320 606 34 35 
cell-3-7-8 354 606 34 35 
cell-3-7-9 388 606 34 35 
cell-3-7-10 422 606 34 35 
cell-3-7-11 456 606 34 35 
cell-3-7-12 490 606 34 35 
cell-3-7-13 524 606 34 35 
cell-3-7-14 558 606 34 35 
cell-3-7-15 592 606 34 35 
cell-3-7-16 626 606 34 35 
cell-3-7-17 660 606 34 35 
cell-3-7-18 694 606 34 35 
cell-3-7-19 728 606 34 35 
cell-3-8-0 82 643 34 35 
cell-3-8-1 116 643 34 35 
cell-3-8-2 150 643 34 35 
cell-3-8-3 184 643 34 35 
cell-3-8-4 218 643 34 35 
cell-3-8-5 252 643 34 35 
cell-3-8-6 286 643 34 35 
cell-3-8-7 320 643 34 35 
cell-3-8-8 354 643 34 35 
cell-3-8-9 388 643 34 35 
cell-3-8-10 422 643 34 35 
cell-3-8-11 456 643 34 35 
cell-3-8-12 490 643 34 35 
cell-3-8-13 524 643 34 35 
cell-3-8-14 558 643 34 35 
cell-3-8-15 592 643 34 35 
cell-3-8-16 626 643 34 35 
cell-3-8-17 660 643 34 35 
cell-3-8-18 694 643 34 35 
cell-3-8-19 728 643 34 35 
cell-3-9-0 82 680 34 35 
cell-3-9-1 116 680 34 35 
cell-3-9-2 150 680 34 35 
cell-3-9-3 184 680 34 35 
cell-3-9-4 218 680 34 35 
cell-3-9-5 252 680 34 35 
cell-3-9-6 286 680 34 35 
cell-3-9-7 320 680 34 35 
cell-3-9-8 354 680 34 35 
cell-3-9-9 388 680 34 35 
cell-3-9-10 422 680 34 35 
cell-3-9-11 456 680 34 35 
cell-3-9-12 490 680 34 35 
cell-3-9-13 524 680 34 35 
cell-3-9-14 558 680 34 35 
cell-3-9-15 592 680 34 35 
cell-3-9-16 626 680 34 35 
cell-3-9-17 660 680 34 35 
cell-3-9-18 694 680 34 35 
cell-3-9-19 728 680 34 35 
cell-3-10-0 82 717 34 35 
cell-3-10-1 116 717 34 35 
cell-3-10-2 150 717 34 35 
cell-3-10-3 184 717 34 35 
cell-3-10-4 218 717 34 35 
cell-3-10-5 252 717 34 35 
cell-3-10-6 286 717 34 35 
cell-3-10-7 320 717 34 35 
cell-3-10-8 354 717 34 35 
cell-3-10-9 388 717 34 35 
cell-3-10-10 422 717 34 35 
cell-3-10-11 456 717 34 35 
cell-3-10-12 490 717 34 35 
cell-3-10-13 524 717 34 35 
cell-3-10-14 558 717 34 35 
cell-3-10-15 592 717 34 35 
cell-3-10-16 626 717 34 35 
cell-3-10-17 660 717 34 35 
cell-3-10-18 694 717 34 35 
cell-3-10-19 728 717 34 35 
cell-3-11-0 82 754 34 35 
cell-3-11-1 116 754 34 35 
cell-3-11-2 150 754 34 35 
cell-3-11-3 184 754 34 35 
cell-3-11-4 218 754 34 35 
cell-3-11-5 252 754 34 35 
cell-3-11-6 286 754 34 35 
cell-3-11-7 320 754 34 35 
cell-3-11-8 354 754 34 35 
cell-3-11-9 388 754 34 35 
cell-3-11-10 422 754 34 35 
cell-3-11-11 456 754 34 35 
cell-3-11-12 490 754 34 35 
cell-3-11-13 524 754 34 35 
cell-3-11-14 558 754 34 35 
cell-3-11-15 592 754 34 35 
cell-3-11-16 626 754 34 35 
cell-3-11-17 660 754 34 35 
cell-3-11-18 694 754 34 35 
cell-3-11-19 728 754 34 35 
