table-0 253 262 670 732 
cell-0-0-0 253 262 45 43 
cell-0-0-1 298 262 45 43 
cell-0-0-2 343 262 45 43 
cell-0-0-3 388 262 45 43 
cell-0-0-4 433 262 488 43 
cell-0-1-0 253 311 45 43 
cell-0-1-1 298 311 45 43 
cell-0-1-2 343 311 45 43 
cell-0-1-3 388 311 45 43 
cell-0-1-4 433 311 488 43 
cell-0-2-0 253 360 45 43 
cell-0-2-1 298 360 45 43 
cell-0-2-2 343 360 45 43 
cell-0-2-3 388 360 45 43 
cell-0-2-4 433 360 488 43 
cell-0-3-0 253 409 45 43 
cell-0-3-1 298 409 45 43 
cell-0-3-2 343 409 45 43 
cell-0-3-3 388 409 45 43 
cell-0-3-4 433 409 488 43 
cell-0-4-0 253 458 45 43 
cell-0-4-1 298 458 45 43 
cell-0-4-2 343 458 45 43 
cell-0-4-3 388 458 45 43 
cell-0-4-4 433 458 488 43 
cell-0-5-0 253 507 45 43 
cell-0-5-1 298 507 45 43 
cell-0-5-2 343 507 45 43 
cell-0-5-3 388 507 45 43 
cell-0-5-4 433 507 488 43 
cell-0-6-0 253 556 45 43 
cell-0-6-1 298 556 45 43 
cell-0-6-2 343 556 45 43 
cell-0-6-3 388 556 45 43 
cell-0-6-4 433 556 488 43 
cell-0-7-0 253 605 45 43 
cell-0-7-1 298 605 45 43 
cell-0-7-2 343 605 45 43 
cell-0-7-3 388 605 45 43 
cell-0-7-4 433 605 488 43 
cell-0-8-0 253 654 45 43 
cell-0-8-1 298 654 45 43 
cell-0-8-2 343 654 45 43 
cell-0-8-3 388 654 45 43 
cell-0-8-4 433 654 488 43 
cell-0-9-0 253 703 45 43 
cell-0-9-1 298 703 45 43 
cell-0-9-2 343 703 45 43 
cell-0-9-3 388 703 45 43 
cell-0-9-4 433 703 488 43 
cell-0-10-0 253 752 45 43 
cell-0-10-1 298 752 45 43 
cell-0-10-2 343 752 45 43 
cell-0-10-3 388 752 45 43 
cell-0-10-4 433 752 488 43 
cell-0-11-0 253 801 45 43 
cell-0-11-1 298 801 45 43 
cell-0-11-2 343 801 45 43 
cell-0-11-3 388 801 45 43 
cell-0-11-4 433 801 488 43 
cell-0-12-0 253 850 45 43 
cell-0-12-1 298 850 45 43 
cell-0-12-2 343 850 45 43 
cell-0-12-3 388 850 45 43 
cell-0-12-4 433 850 488 43 
cell-0-13-0 253 899 45 43 
cell-0-13-1 298 899 45 43 
cell-0-13-2 343 899 45 43 
cell-0-13-3 388 899 45 43 
cell-0-13-4 433 899 488 43 
cell-0-14-0 253 948 45 43 
cell-0-14-1 298 948 45 43 
cell-0-14-2 343 948 45 43 
cell-0-14-3 388 948 45 43 
cell-0-14-4 433 948 488 43 
