table-0 216 290 222 427 
cell-0-0-0 216 290 44 35 
cell-0-0-1 260 290 44 35 
cell-0-0-2 304 290 44 35 
cell-0-0-3 348 290 44 35 
cell-0-0-4 392 290 44 35 
cell-0-1-0 216 329 44 35 
cell-0-1-1 260 329 44 35 
cell-0-1-2 304 329 44 35 
cell-0-1-3 348 329 44 35 
cell-0-1-4 392 329 44 35 
cell-0-2-0 216 368 44 35 
cell-0-2-1 260 368 44 35 
cell-0-2-2 304 368 44 35 
cell-0-2-3 348 368 44 35 
cell-0-2-4 392 368 44 35 
cell-0-3-0 216 407 44 35 
cell-0-3-1 260 407 44 35 
cell-0-3-2 304 407 44 35 
cell-0-3-3 348 407 44 35 
cell-0-3-4 392 407 44 35 
cell-0-4-0 216 446 44 35 
cell-0-4-1 260 446 44 35 
cell-0-4-2 304 446 44 35 
cell-0-4-3 348 446 44 35 
cell-0-4-4 392 446 44 35 
cell-0-5-0 216 485 44 35 
cell-0-5-1 260 485 44 35 
cell-0-5-2 304 485 44 35 
cell-0-5-3 348 485 44 35 
cell-0-5-4 392 485 44 35 
cell-0-6-0 216 524 44 35 
cell-0-6-1 260 524 44 35 
cell-0-6-2 304 524 44 35 
cell-0-6-3 348 524 44 35 
cell-0-6-4 392 524 44 35 
cell-0-7-0 216 563 44 35 
cell-0-7-1 260 563 44 35 
cell-0-7-2 304 563 44 35 
cell-0-7-3 348 563 44 35 
cell-0-7-4 392 563 44 35 
cell-0-8-0 216 602 44 35 
cell-0-8-1 260 602 44 35 
cell-0-8-2 304 602 44 35 
cell-0-8-3 348 602 44 35 
cell-0-8-4 392 602 44 35 
cell-0-9-0 216 641 44 35 
cell-0-9-1 260 641 44 35 
cell-0-9-2 304 641 44 35 
cell-0-9-3 348 641 44 35 
cell-0-9-4 392 641 44 35 
cell-0-10-0 216 680 44 35 
cell-0-10-1 260 680 44 35 
cell-0-10-2 304 680 44 35 
cell-0-10-3 348 680 44 35 
cell-0-10-4 392 680 44 35 
