table-0 259 390 543 477 
cell-0-1-0 259 390 36 35 
cell-0-1-1 298 390 36 35 
cell-0-1-2 337 390 36 35 
cell-0-1-3 376 390 36 35 
cell-0-1-4 415 390 36 35 
cell-0-1-5 454 390 36 35 
cell-0-1-6 493 390 36 35 
cell-0-1-7 532 390 36 35 
cell-0-1-8 571 390 36 35 
cell-0-1-9 610 390 36 35 
cell-0-1-10 649 390 36 35 
cell-0-1-11 688 390 36 35 
cell-0-1-12 727 390 36 35 
cell-0-1-13 766 390 36 35 
cell-0-2-0 259 445 36 35 
cell-0-2-1 298 445 36 35 
cell-0-2-2 337 445 36 35 
cell-0-2-3 376 445 36 35 
cell-0-2-4 415 445 36 35 
cell-0-2-5 454 445 36 35 
cell-0-2-6 493 445 36 35 
cell-0-2-7 532 445 36 35 
cell-0-2-8 571 445 36 35 
cell-0-2-9 610 445 36 35 
cell-0-2-10 649 445 36 35 
cell-0-2-11 688 445 36 35 
cell-0-2-12 727 445 36 35 
cell-0-2-13 766 445 36 35 
cell-0-3-0 259 500 36 35 
cell-0-3-1 298 500 36 35 
cell-0-3-2 337 500 36 35 
cell-0-3-3 376 500 36 35 
cell-0-3-4 415 500 36 35 
cell-0-3-5 454 500 36 35 
cell-0-3-6 493 500 36 35 
cell-0-3-7 532 500 36 35 
cell-0-3-8 571 500 36 35 
cell-0-3-9 610 500 36 35 
cell-0-3-10 649 500 36 35 
cell-0-3-11 688 500 36 35 
cell-0-3-12 727 500 36 35 
cell-0-3-13 766 500 36 35 
cell-0-4-0 259 555 36 35 
cell-0-4-1 298 555 36 35 
cell-0-4-2 337 555 36 35 
cell-0-4-3 376 555 36 35 
cell-0-4-4 415 555 36 35 
cell-0-4-5 454 555 36 35 
cell-0-4-6 493 555 36 35 
cell-0-4-7 532 555 36 35 
cell-0-4-8 571 555 36 35 
cell-0-4-9 610 555 36 35 
cell-0-4-10 649 555 36 35 
cell-0-4-11 688 555 36 35 
cell-0-4-12 727 555 36 35 
cell-0-4-13 766 555 36 35 
cell-0-5-0 259 610 36 35 
cell-0-5-1 298 610 36 35 
cell-0-5-2 337 610 36 35 
cell-0-5-3 376 610 36 35 
cell-0-5-4 415 610 36 35 
cell-0-5-5 454 610 36 35 
cell-0-5-6 493 610 36 35 
cell-0-5-7 532 610 36 35 
cell-0-5-8 571 610 36 35 
cell-0-5-9 610 610 36 35 
cell-0-5-10 649 610 36 35 
cell-0-5-11 688 610 36 35 
cell-0-5-12 727 610 36 35 
cell-0-5-13 766 610 36 35 
cell-0-6-0 259 665 36 35 
cell-0-6-1 298 665 36 35 
cell-0-6-2 337 665 36 35 
cell-0-6-3 376 665 36 35 
cell-0-6-4 415 665 36 35 
cell-0-6-5 454 665 36 35 
cell-0-6-6 493 665 36 35 
cell-0-6-7 532 665 36 35 
cell-0-6-8 571 665 36 35 
cell-0-6-9 610 665 36 35 
cell-0-6-10 649 665 36 35 
cell-0-6-11 688 665 36 35 
cell-0-6-12 727 665 36 35 
cell-0-6-13 766 665 36 35 
cell-0-7-0 259 720 36 35 
cell-0-7-1 298 720 36 35 
cell-0-7-2 337 720 36 35 
cell-0-7-3 376 720 36 35 
cell-0-7-4 415 720 36 35 
cell-0-7-5 454 720 36 35 
cell-0-7-6 493 720 36 35 
cell-0-7-7 532 720 36 35 
cell-0-7-8 571 720 36 35 
cell-0-7-9 610 720 36 35 
cell-0-7-10 649 720 36 35 
cell-0-7-11 688 720 36 35 
cell-0-7-12 727 720 36 35 
cell-0-7-13 766 720 36 35 
cell-0-8-0 259 775 36 35 
cell-0-8-1 298 775 36 35 
cell-0-8-2 337 775 36 35 
cell-0-8-3 376 775 36 35 
cell-0-8-4 415 775 36 35 
cell-0-8-5 454 775 36 35 
cell-0-8-6 493 775 36 35 
cell-0-8-7 532 775 36 35 
cell-0-8-8 571 775 36 35 
cell-0-8-9 610 775 36 35 
cell-0-8-10 649 775 36 35 
cell-0-8-11 688 775 36 35 
cell-0-8-12 727 775 36 35 
cell-0-8-13 766 775 36 35 
cell-0-9-0 259 830 36 35 
cell-0-9-1 298 830 36 35 
cell-0-9-2 337 830 36 35 
cell-0-9-3 376 830 36 35 
cell-0-9-4 415 830 36 35 
cell-0-9-5 454 830 36 35 
cell-0-9-6 493 830 36 35 
cell-0-9-7 532 830 36 35 
cell-0-9-8 571 830 36 35 
cell-0-9-9 610 830 36 35 
cell-0-9-10 649 830 36 35 
cell-0-9-11 688 830 36 35 
cell-0-9-12 727 830 36 35 
cell-0-9-13 766 830 36 35 
table-1 263 1252 694 158 
cell-1-1-0 263 1252 38 35 
cell-1-1-1 304 1252 38 35 
cell-1-1-2 345 1252 38 35 
cell-1-1-3 386 1252 38 35 
cell-1-1-4 427 1252 38 35 
cell-1-1-5 468 1252 38 35 
cell-1-1-6 509 1252 38 35 
cell-1-1-7 550 1252 38 35 
cell-1-1-8 591 1252 38 35 
cell-1-1-9 632 1252 38 35 
cell-1-1-10 673 1252 38 35 
cell-1-1-11 714 1252 38 35 
cell-1-1-12 755 1252 38 35 
cell-1-1-13 796 1252 38 35 
cell-1-1-14 837 1252 38 35 
cell-1-1-15 878 1252 38 35 
cell-1-1-16 919 1252 38 35 
cell-1-2-0 263 1292 38 35 
cell-1-2-1 304 1292 38 35 
cell-1-2-2 345 1292 38 35 
cell-1-2-3 386 1292 38 35 
cell-1-2-4 427 1292 38 35 
cell-1-2-5 468 1292 38 35 
cell-1-2-6 509 1292 38 35 
cell-1-2-7 550 1292 38 35 
cell-1-2-8 591 1292 38 35 
cell-1-2-9 632 1292 38 35 
cell-1-2-10 673 1292 38 35 
cell-1-2-11 714 1292 38 35 
cell-1-2-12 755 1292 38 35 
cell-1-2-13 796 1292 38 35 
cell-1-2-14 837 1292 38 35 
cell-1-2-15 878 1292 38 35 
cell-1-2-16 919 1292 38 35 
cell-1-3-0 263 1332 38 35 
cell-1-3-1 304 1332 38 35 
cell-1-3-2 345 1332 38 35 
cell-1-3-3 386 1332 38 35 
cell-1-3-4 427 1332 38 35 
cell-1-3-5 468 1332 38 35 
cell-1-3-6 509 1332 38 35 
cell-1-3-7 550 1332 38 35 
cell-1-3-8 591 1332 38 35 
cell-1-3-9 632 1332 38 35 
cell-1-3-10 673 1332 38 35 
cell-1-3-11 714 1332 38 35 
cell-1-3-12 755 1332 38 35 
cell-1-3-13 796 1332 38 35 
cell-1-3-14 837 1332 38 35 
cell-1-3-15 878 1332 38 35 
cell-1-3-16 919 1332 38 35 
cell-1-4-0 263 1372 38 35 
cell-1-4-1 304 1372 38 35 
cell-1-4-2 345 1372 38 35 
cell-1-4-3 386 1372 38 35 
cell-1-4-4 427 1372 38 35 
cell-1-4-5 468 1372 38 35 
cell-1-4-6 509 1372 38 35 
cell-1-4-7 550 1372 38 35 
cell-1-4-8 591 1372 38 35 
cell-1-4-9 632 1372 38 35 
cell-1-4-10 673 1372 38 35 
cell-1-4-11 714 1372 38 35 
cell-1-4-12 755 1372 38 35 
cell-1-4-13 796 1372 38 35 
cell-1-4-14 837 1372 38 35 
cell-1-4-15 878 1372 38 35 
cell-1-4-16 919 1372 38 35 
