table-0 274 462 562 422 
cell-0-0-0 274 462 43 42 
cell-0-0-1 317 462 43 42 
cell-0-0-2 360 462 43 42 
cell-0-0-3 403 462 43 42 
cell-0-0-4 446 462 43 42 
cell-0-0-5 489 462 43 42 
cell-0-0-6 532 462 300 42 
cell-0-1-0 274 504 43 42 
cell-0-1-1 317 504 43 42 
cell-0-1-2 360 504 43 42 
cell-0-1-3 403 504 43 42 
cell-0-1-4 446 504 43 42 
cell-0-1-5 489 504 43 42 
cell-0-1-6 532 504 300 42 
cell-0-2-0 274 546 43 42 
cell-0-2-1 317 546 43 42 
cell-0-2-2 360 546 43 42 
cell-0-2-3 403 546 43 42 
cell-0-2-4 446 546 43 42 
cell-0-2-5 489 546 43 42 
cell-0-2-6 532 546 300 42 
cell-0-3-0 274 588 43 42 
cell-0-3-1 317 588 43 42 
cell-0-3-2 360 588 43 42 
cell-0-3-3 403 588 43 42 
cell-0-3-4 446 588 43 42 
cell-0-3-5 489 588 43 42 
cell-0-3-6 532 588 300 42 
cell-0-4-0 274 630 43 42 
cell-0-4-1 317 630 43 42 
cell-0-4-2 360 630 43 42 
cell-0-4-3 403 630 43 42 
cell-0-4-4 446 630 43 42 
cell-0-4-5 489 630 43 42 
cell-0-4-6 532 630 300 42 
cell-0-5-0 274 672 43 42 
cell-0-5-1 317 672 43 42 
cell-0-5-2 360 672 43 42 
cell-0-5-3 403 672 43 42 
cell-0-5-4 446 672 43 42 
cell-0-5-5 489 672 43 42 
cell-0-5-6 532 672 300 42 
cell-0-6-0 274 714 43 42 
cell-0-6-1 317 714 43 42 
cell-0-6-2 360 714 43 42 
cell-0-6-3 403 714 43 42 
cell-0-6-4 446 714 43 42 
cell-0-6-5 489 714 43 42 
cell-0-6-6 532 714 300 42 
cell-0-7-0 274 756 43 42 
cell-0-7-1 317 756 43 42 
cell-0-7-2 360 756 43 42 
cell-0-7-3 403 756 43 42 
cell-0-7-4 446 756 43 42 
cell-0-7-5 489 756 43 42 
cell-0-7-6 532 756 300 42 
cell-0-8-0 274 798 43 42 
cell-0-8-1 317 798 43 42 
cell-0-8-2 360 798 43 42 
cell-0-8-3 403 798 43 42 
cell-0-8-4 446 798 43 42 
cell-0-8-5 489 798 43 42 
cell-0-8-6 532 798 300 42 
cell-0-9-0 274 840 43 42 
cell-0-9-1 317 840 43 42 
cell-0-9-2 360 840 43 42 
cell-0-9-3 403 840 43 42 
cell-0-9-4 446 840 43 42 
cell-0-9-5 489 840 43 42 
cell-0-9-6 532 840 300 42 
