table-0 400 661 183 675 
cell-0-0-0 400 661 45 35 
cell-0-0-1 445 661 45 35 
cell-0-0-2 490 661 45 35 
cell-0-0-3 535 661 45 35 
cell-0-1-0 400 710 45 35 
cell-0-1-1 445 710 45 35 
cell-0-1-2 490 710 45 35 
cell-0-1-3 535 710 45 35 
cell-0-2-0 400 759 45 35 
cell-0-2-1 445 759 45 35 
cell-0-2-2 490 759 45 35 
cell-0-2-3 535 759 45 35 
cell-0-3-0 400 808 45 35 
cell-0-3-1 445 808 45 35 
cell-0-3-2 490 808 45 35 
cell-0-3-3 535 808 45 35 
cell-0-4-0 400 857 45 35 
cell-0-4-1 445 857 45 35 
cell-0-4-2 490 857 45 35 
cell-0-4-3 535 857 45 35 
cell-0-5-0 400 906 45 35 
cell-0-5-1 445 906 45 35 
cell-0-5-2 490 906 45 35 
cell-0-5-3 535 906 45 35 
cell-0-6-0 400 955 45 35 
cell-0-6-1 445 955 45 35 
cell-0-6-2 490 955 45 35 
cell-0-6-3 535 955 45 35 
cell-0-7-0 400 1004 45 35 
cell-0-7-1 445 1004 45 35 
cell-0-7-2 490 1004 45 35 
cell-0-7-3 535 1004 45 35 
cell-0-8-0 400 1053 45 35 
cell-0-8-1 445 1053 45 35 
cell-0-8-2 490 1053 45 35 
cell-0-8-3 535 1053 45 35 
cell-0-9-0 400 1102 45 35 
cell-0-9-1 445 1102 45 35 
cell-0-9-2 490 1102 45 35 
cell-0-9-3 535 1102 45 35 
cell-0-10-0 400 1151 45 35 
cell-0-10-1 445 1151 45 35 
cell-0-10-2 490 1151 45 35 
cell-0-10-3 535 1151 45 35 
cell-0-11-0 400 1200 45 35 
cell-0-11-1 445 1200 45 35 
cell-0-11-2 490 1200 45 35 
cell-0-11-3 535 1200 45 35 
cell-0-12-0 400 1249 45 35 
cell-0-12-1 445 1249 45 35 
cell-0-12-2 490 1249 45 35 
cell-0-12-3 535 1249 45 35 
cell-0-13-0 400 1298 45 35 
cell-0-13-1 445 1298 45 35 
cell-0-13-2 490 1298 45 35 
cell-0-13-3 535 1298 45 35 
