table-0 311 422 259 456 
cell-0-0-0 311 422 43 35 
cell-0-0-1 354 422 43 35 
cell-0-0-2 397 422 43 35 
cell-0-0-3 440 422 43 35 
cell-0-0-4 483 422 43 35 
cell-0-0-5 526 422 43 35 
cell-0-1-0 311 464 43 35 
cell-0-1-1 354 464 43 35 
cell-0-1-2 397 464 43 35 
cell-0-1-3 440 464 43 35 
cell-0-1-4 483 464 43 35 
cell-0-1-5 526 464 43 35 
cell-0-2-0 311 506 43 35 
cell-0-2-1 354 506 43 35 
cell-0-2-2 397 506 43 35 
cell-0-2-3 440 506 43 35 
cell-0-2-4 483 506 43 35 
cell-0-2-5 526 506 43 35 
cell-0-3-0 311 548 43 35 
cell-0-3-1 354 548 43 35 
cell-0-3-2 397 548 43 35 
cell-0-3-3 440 548 43 35 
cell-0-3-4 483 548 43 35 
cell-0-3-5 526 548 43 35 
cell-0-4-0 311 590 43 35 
cell-0-4-1 354 590 43 35 
cell-0-4-2 397 590 43 35 
cell-0-4-3 440 590 43 35 
cell-0-4-4 483 590 43 35 
cell-0-4-5 526 590 43 35 
cell-0-5-0 311 632 43 35 
cell-0-5-1 354 632 43 35 
cell-0-5-2 397 632 43 35 
cell-0-5-3 440 632 43 35 
cell-0-5-4 483 632 43 35 
cell-0-5-5 526 632 43 35 
cell-0-6-0 311 674 43 35 
cell-0-6-1 354 674 43 35 
cell-0-6-2 397 674 43 35 
cell-0-6-3 440 674 43 35 
cell-0-6-4 483 674 43 35 
cell-0-6-5 526 674 43 35 
cell-0-7-0 311 716 43 35 
cell-0-7-1 354 716 43 35 
cell-0-7-2 397 716 43 35 
cell-0-7-3 440 716 43 35 
cell-0-7-4 483 716 43 35 
cell-0-7-5 526 716 43 35 
cell-0-8-0 311 758 43 35 
cell-0-8-1 354 758 43 35 
cell-0-8-2 397 758 43 35 
cell-0-8-3 440 758 43 35 
cell-0-8-4 483 758 43 35 
cell-0-8-5 526 758 43 35 
cell-0-9-0 311 800 43 35 
cell-0-9-1 354 800 43 35 
cell-0-9-2 397 800 43 35 
cell-0-9-3 440 800 43 35 
cell-0-9-4 483 800 43 35 
cell-0-9-5 526 800 43 35 
cell-0-10-0 311 842 43 35 
cell-0-10-1 354 842 43 35 
cell-0-10-2 397 842 43 35 
cell-0-10-3 440 842 43 35 
cell-0-10-4 483 842 43 35 
cell-0-10-5 526 842 43 35 
