table-0 243 397 800 651 
cell-0-0-0 243 397 133 54 
cell-0-0-1 376 397 133 54 
cell-0-0-2 509 397 133 54 
cell-0-0-3 642 397 133 54 
cell-0-0-4 775 397 133 54 
cell-0-0-5 908 397 133 54 
cell-0-1-0 243 463 133 54 
cell-0-1-1 376 463 133 54 
cell-0-1-2 509 463 133 54 
cell-0-1-3 642 463 133 54 
cell-0-1-4 775 463 133 54 
cell-0-1-5 908 463 133 54 
cell-0-2-0 243 529 133 54 
cell-0-2-1 376 529 133 54 
cell-0-2-2 509 529 133 54 
cell-0-2-3 642 529 133 54 
cell-0-2-4 775 529 133 54 
cell-0-2-5 908 529 133 54 
cell-0-3-0 243 595 133 54 
cell-0-3-1 376 595 133 54 
cell-0-3-2 509 595 133 54 
cell-0-3-3 642 595 133 54 
cell-0-3-4 775 595 133 54 
cell-0-3-5 908 595 133 54 
cell-0-4-0 243 661 133 54 
cell-0-4-1 376 661 133 54 
cell-0-4-2 509 661 133 54 
cell-0-4-3 642 661 133 54 
cell-0-4-4 775 661 133 54 
cell-0-4-5 908 661 133 54 
cell-0-5-0 243 727 133 54 
cell-0-5-1 376 727 133 54 
cell-0-5-2 509 727 133 54 
cell-0-5-3 642 727 133 54 
cell-0-5-4 775 727 133 54 
cell-0-5-5 908 727 133 54 
cell-0-6-0 243 793 133 54 
cell-0-6-1 376 793 133 54 
cell-0-6-2 509 793 133 54 
cell-0-6-3 642 793 133 54 
cell-0-6-4 775 793 133 54 
cell-0-6-5 908 793 133 54 
cell-0-7-0 243 859 133 54 
cell-0-7-1 376 859 133 54 
cell-0-7-2 509 859 133 54 
cell-0-7-3 642 859 133 54 
cell-0-7-4 775 859 133 54 
cell-0-7-5 908 859 133 54 
cell-0-8-0 243 925 133 54 
cell-0-8-1 376 925 133 54 
cell-0-8-2 509 925 133 54 
cell-0-8-3 642 925 133 54 
cell-0-8-4 775 925 133 54 
cell-0-8-5 908 925 133 54 
cell-0-9-0 243 991 133 54 
cell-0-9-1 376 991 133 54 
cell-0-9-2 509 991 133 54 
cell-0-9-3 642 991 133 54 
cell-0-9-4 775 991 133 54 
cell-0-9-5 908 991 133 54 
