header-0 174 1231 822 193 
row-1-1 174 1231 419 40 
row-1-2 613 1231 287 40 
row-2-1 174 1281 320 40 
row-2-2 514 1281 478 40 
row-3-1 174 1331 617 40 
row-4-1 174 1381 749 40 
table-1 169 576 661 288 
cell-1-1-0 169 576 33 35 
cell-1-1-1 202 576 33 35 
cell-1-1-2 235 576 33 35 
cell-1-1-3 268 576 33 35 
cell-1-1-4 301 576 33 35 
cell-1-1-5 334 576 33 35 
cell-1-1-6 367 576 33 35 
cell-1-1-7 400 576 33 35 
cell-1-1-8 433 576 33 35 
cell-1-1-9 466 576 33 35 
cell-1-1-10 499 576 33 35 
cell-1-1-11 532 576 33 35 
cell-1-1-12 565 576 33 35 
cell-1-1-13 598 576 33 35 
cell-1-1-14 631 576 33 35 
cell-1-1-15 664 576 33 35 
cell-1-1-16 697 576 33 35 
cell-1-1-17 730 576 33 35 
cell-1-1-18 763 576 33 35 
cell-1-1-19 796 576 33 35 
cell-1-2-0 169 618 33 35 
cell-1-2-1 202 618 33 35 
cell-1-2-2 235 618 33 35 
cell-1-2-3 268 618 33 35 
cell-1-2-4 301 618 33 35 
cell-1-2-5 334 618 33 35 
cell-1-2-6 367 618 33 35 
cell-1-2-7 400 618 33 35 
cell-1-2-8 433 618 33 35 
cell-1-2-9 466 618 33 35 
cell-1-2-10 499 618 33 35 
cell-1-2-11 532 618 33 35 
cell-1-2-12 565 618 33 35 
cell-1-2-13 598 618 33 35 
cell-1-2-14 631 618 33 35 
cell-1-2-15 664 618 33 35 
cell-1-2-16 697 618 33 35 
cell-1-2-17 730 618 33 35 
cell-1-2-18 763 618 33 35 
cell-1-2-19 796 618 33 35 
cell-1-3-0 169 660 33 35 
cell-1-3-1 202 660 33 35 
cell-1-3-2 235 660 33 35 
cell-1-3-3 268 660 33 35 
cell-1-3-4 301 660 33 35 
cell-1-3-5 334 660 33 35 
cell-1-3-6 367 660 33 35 
cell-1-3-7 400 660 33 35 
cell-1-3-8 433 660 33 35 
cell-1-3-9 466 660 33 35 
cell-1-3-10 499 660 33 35 
cell-1-3-11 532 660 33 35 
cell-1-3-12 565 660 33 35 
cell-1-3-13 598 660 33 35 
cell-1-3-14 631 660 33 35 
cell-1-3-15 664 660 33 35 
cell-1-3-16 697 660 33 35 
cell-1-3-17 730 660 33 35 
cell-1-3-18 763 660 33 35 
cell-1-3-19 796 660 33 35 
cell-1-4-0 169 702 33 35 
cell-1-4-1 202 702 33 35 
cell-1-4-2 235 702 33 35 
cell-1-4-3 268 702 33 35 
cell-1-4-4 301 702 33 35 
cell-1-4-5 334 702 33 35 
cell-1-4-6 367 702 33 35 
cell-1-4-7 400 702 33 35 
cell-1-4-8 433 702 33 35 
cell-1-4-9 466 702 33 35 
cell-1-4-10 499 702 33 35 
cell-1-4-11 532 702 33 35 
cell-1-4-12 565 702 33 35 
cell-1-4-13 598 702 33 35 
cell-1-4-14 631 702 33 35 
cell-1-4-15 664 702 33 35 
cell-1-4-16 697 702 33 35 
cell-1-4-17 730 702 33 35 
cell-1-4-18 763 702 33 35 
cell-1-4-19 796 702 33 35 
cell-1-5-0 169 744 33 35 
cell-1-5-1 202 744 33 35 
cell-1-5-2 235 744 33 35 
cell-1-5-3 268 744 33 35 
cell-1-5-4 301 744 33 35 
cell-1-5-5 334 744 33 35 
cell-1-5-6 367 744 33 35 
cell-1-5-7 400 744 33 35 
cell-1-5-8 433 744 33 35 
cell-1-5-9 466 744 33 35 
cell-1-5-10 499 744 33 35 
cell-1-5-11 532 744 33 35 
cell-1-5-12 565 744 33 35 
cell-1-5-13 598 744 33 35 
cell-1-5-14 631 744 33 35 
cell-1-5-15 664 744 33 35 
cell-1-5-16 697 744 33 35 
cell-1-5-17 730 744 33 35 
cell-1-5-18 763 744 33 35 
cell-1-5-19 796 744 33 35 
cell-1-6-0 169 786 33 35 
cell-1-6-1 202 786 33 35 
cell-1-6-2 235 786 33 35 
cell-1-6-3 268 786 33 35 
cell-1-6-4 301 786 33 35 
cell-1-6-5 334 786 33 35 
cell-1-6-6 367 786 33 35 
cell-1-6-7 400 786 33 35 
cell-1-6-8 433 786 33 35 
cell-1-6-9 466 786 33 35 
cell-1-6-10 499 786 33 35 
cell-1-6-11 532 786 33 35 
cell-1-6-12 565 786 33 35 
cell-1-6-13 598 786 33 35 
cell-1-6-14 631 786 33 35 
cell-1-6-15 664 786 33 35 
cell-1-6-16 697 786 33 35 
cell-1-6-17 730 786 33 35 
cell-1-6-18 763 786 33 35 
cell-1-6-19 796 786 33 35 
cell-1-7-0 169 828 33 35 
cell-1-7-1 202 828 33 35 
cell-1-7-2 235 828 33 35 
cell-1-7-3 268 828 33 35 
cell-1-7-4 301 828 33 35 
cell-1-7-5 334 828 33 35 
cell-1-7-6 367 828 33 35 
cell-1-7-7 400 828 33 35 
cell-1-7-8 433 828 33 35 
cell-1-7-9 466 828 33 35 
cell-1-7-10 499 828 33 35 
cell-1-7-11 532 828 33 35 
cell-1-7-12 565 828 33 35 
cell-1-7-13 598 828 33 35 
cell-1-7-14 631 828 33 35 
cell-1-7-15 664 828 33 35 
cell-1-7-16 697 828 33 35 
cell-1-7-17 730 828 33 35 
cell-1-7-18 763 828 33 35 
cell-1-7-19 796 828 33 35 
