table-0 664 86 216 621 
cell-0-0-0 664 86 43 35 
cell-0-0-1 707 86 43 35 
cell-0-0-2 750 86 43 35 
cell-0-0-3 793 86 43 35 
cell-0-0-4 836 86 43 35 
cell-0-1-0 664 131 43 35 
cell-0-1-1 707 131 43 35 
cell-0-1-2 750 131 43 35 
cell-0-1-3 793 131 43 35 
cell-0-1-4 836 131 43 35 
cell-0-2-0 664 176 43 35 
cell-0-2-1 707 176 43 35 
cell-0-2-2 750 176 43 35 
cell-0-2-3 793 176 43 35 
cell-0-2-4 836 176 43 35 
cell-0-3-0 664 221 43 35 
cell-0-3-1 707 221 43 35 
cell-0-3-2 750 221 43 35 
cell-0-3-3 793 221 43 35 
cell-0-3-4 836 221 43 35 
cell-0-4-0 664 266 43 35 
cell-0-4-1 707 266 43 35 
cell-0-4-2 750 266 43 35 
cell-0-4-3 793 266 43 35 
cell-0-4-4 836 266 43 35 
cell-0-5-0 664 311 43 35 
cell-0-5-1 707 311 43 35 
cell-0-5-2 750 311 43 35 
cell-0-5-3 793 311 43 35 
cell-0-5-4 836 311 43 35 
cell-0-6-0 664 356 43 35 
cell-0-6-1 707 356 43 35 
cell-0-6-2 750 356 43 35 
cell-0-6-3 793 356 43 35 
cell-0-6-4 836 356 43 35 
cell-0-7-0 664 401 43 35 
cell-0-7-1 707 401 43 35 
cell-0-7-2 750 401 43 35 
cell-0-7-3 793 401 43 35 
cell-0-7-4 836 401 43 35 
cell-0-8-0 664 446 43 35 
cell-0-8-1 707 446 43 35 
cell-0-8-2 750 446 43 35 
cell-0-8-3 793 446 43 35 
cell-0-8-4 836 446 43 35 
cell-0-9-0 664 491 43 35 
cell-0-9-1 707 491 43 35 
cell-0-9-2 750 491 43 35 
cell-0-9-3 793 491 43 35 
cell-0-9-4 836 491 43 35 
cell-0-10-0 664 536 43 35 
cell-0-10-1 707 536 43 35 
cell-0-10-2 750 536 43 35 
cell-0-10-3 793 536 43 35 
cell-0-10-4 836 536 43 35 
cell-0-11-0 664 581 43 35 
cell-0-11-1 707 581 43 35 
cell-0-11-2 750 581 43 35 
cell-0-11-3 793 581 43 35 
cell-0-11-4 836 581 43 35 
cell-0-12-0 664 626 43 35 
cell-0-12-1 707 626 43 35 
cell-0-12-2 750 626 43 35 
cell-0-12-3 793 626 43 35 
cell-0-12-4 836 626 43 35 
cell-0-13-0 664 671 43 35 
cell-0-13-1 707 671 43 35 
cell-0-13-2 750 671 43 35 
cell-0-13-3 793 671 43 35 
cell-0-13-4 836 671 43 35 
