table-0 120 583 700 345 
cell-0-0-0 120 583 175 54 
cell-0-0-1 295 583 175 54 
cell-0-0-2 470 583 175 54 
cell-0-0-3 645 583 175 54 
cell-0-1-0 120 641 175 54 
cell-0-1-1 295 641 175 54 
cell-0-1-2 470 641 175 54 
cell-0-1-3 645 641 175 54 
cell-0-2-0 120 699 175 54 
cell-0-2-1 295 699 175 54 
cell-0-2-2 470 699 175 54 
cell-0-2-3 645 699 175 54 
cell-0-3-0 120 757 175 54 
cell-0-3-1 295 757 175 54 
cell-0-3-2 470 757 175 54 
cell-0-3-3 645 757 175 54 
cell-0-4-0 120 815 175 54 
cell-0-4-1 295 815 175 54 
cell-0-4-2 470 815 175 54 
cell-0-4-3 645 815 175 54 
cell-0-5-0 120 873 175 54 
cell-0-5-1 295 873 175 54 
cell-0-5-2 470 873 175 54 
cell-0-5-3 645 873 175 54 
header-3 273 1094 783 195 
row-1-1 273 1094 357 41 
row-1-2 650 1094 324 41 
row-2-1 273 1145 291 41 
row-2-2 584 1145 422 41 
row-3-1 273 1196 786 41 
row-4-1 273 1247 621 41 
