table-0 536 150 216 436 
cell-0-0-0 536 150 43 35 
cell-0-0-1 579 150 43 35 
cell-0-0-2 622 150 43 35 
cell-0-0-3 665 150 43 35 
cell-0-0-4 708 150 43 35 
cell-0-1-0 536 190 43 35 
cell-0-1-1 579 190 43 35 
cell-0-1-2 622 190 43 35 
cell-0-1-3 665 190 43 35 
cell-0-1-4 708 190 43 35 
cell-0-2-0 536 230 43 35 
cell-0-2-1 579 230 43 35 
cell-0-2-2 622 230 43 35 
cell-0-2-3 665 230 43 35 
cell-0-2-4 708 230 43 35 
cell-0-3-0 536 270 43 35 
cell-0-3-1 579 270 43 35 
cell-0-3-2 622 270 43 35 
cell-0-3-3 665 270 43 35 
cell-0-3-4 708 270 43 35 
cell-0-4-0 536 310 43 35 
cell-0-4-1 579 310 43 35 
cell-0-4-2 622 310 43 35 
cell-0-4-3 665 310 43 35 
cell-0-4-4 708 310 43 35 
cell-0-5-0 536 350 43 35 
cell-0-5-1 579 350 43 35 
cell-0-5-2 622 350 43 35 
cell-0-5-3 665 350 43 35 
cell-0-5-4 708 350 43 35 
cell-0-6-0 536 390 43 35 
cell-0-6-1 579 390 43 35 
cell-0-6-2 622 390 43 35 
cell-0-6-3 665 390 43 35 
cell-0-6-4 708 390 43 35 
cell-0-7-0 536 430 43 35 
cell-0-7-1 579 430 43 35 
cell-0-7-2 622 430 43 35 
cell-0-7-3 665 430 43 35 
cell-0-7-4 708 430 43 35 
cell-0-8-0 536 470 43 35 
cell-0-8-1 579 470 43 35 
cell-0-8-2 622 470 43 35 
cell-0-8-3 665 470 43 35 
cell-0-8-4 708 470 43 35 
cell-0-9-0 536 510 43 35 
cell-0-9-1 579 510 43 35 
cell-0-9-2 622 510 43 35 
cell-0-9-3 665 510 43 35 
cell-0-9-4 708 510 43 35 
cell-0-10-0 536 550 43 35 
cell-0-10-1 579 550 43 35 
cell-0-10-2 622 550 43 35 
cell-0-10-3 665 550 43 35 
cell-0-10-4 708 550 43 35 
