table-0 366 675 364 556 
cell-0-1-0 366 675 33 35 
cell-0-1-1 399 675 33 35 
cell-0-1-2 432 675 33 35 
cell-0-1-3 465 675 33 35 
cell-0-1-4 498 675 33 35 
cell-0-1-5 531 675 33 35 
cell-0-1-6 564 675 33 35 
cell-0-1-7 597 675 33 35 
cell-0-1-8 630 675 33 35 
cell-0-1-9 663 675 33 35 
cell-0-1-10 696 675 33 35 
cell-0-2-0 366 740 33 35 
cell-0-2-1 399 740 33 35 
cell-0-2-2 432 740 33 35 
cell-0-2-3 465 740 33 35 
cell-0-2-4 498 740 33 35 
cell-0-2-5 531 740 33 35 
cell-0-2-6 564 740 33 35 
cell-0-2-7 597 740 33 35 
cell-0-2-8 630 740 33 35 
cell-0-2-9 663 740 33 35 
cell-0-2-10 696 740 33 35 
cell-0-3-0 366 805 33 35 
cell-0-3-1 399 805 33 35 
cell-0-3-2 432 805 33 35 
cell-0-3-3 465 805 33 35 
cell-0-3-4 498 805 33 35 
cell-0-3-5 531 805 33 35 
cell-0-3-6 564 805 33 35 
cell-0-3-7 597 805 33 35 
cell-0-3-8 630 805 33 35 
cell-0-3-9 663 805 33 35 
cell-0-3-10 696 805 33 35 
cell-0-4-0 366 870 33 35 
cell-0-4-1 399 870 33 35 
cell-0-4-2 432 870 33 35 
cell-0-4-3 465 870 33 35 
cell-0-4-4 498 870 33 35 
cell-0-4-5 531 870 33 35 
cell-0-4-6 564 870 33 35 
cell-0-4-7 597 870 33 35 
cell-0-4-8 630 870 33 35 
cell-0-4-9 663 870 33 35 
cell-0-4-10 696 870 33 35 
cell-0-5-0 366 935 33 35 
cell-0-5-1 399 935 33 35 
cell-0-5-2 432 935 33 35 
cell-0-5-3 465 935 33 35 
cell-0-5-4 498 935 33 35 
cell-0-5-5 531 935 33 35 
cell-0-5-6 564 935 33 35 
cell-0-5-7 597 935 33 35 
cell-0-5-8 630 935 33 35 
cell-0-5-9 663 935 33 35 
cell-0-5-10 696 935 33 35 
cell-0-6-0 366 1000 33 35 
cell-0-6-1 399 1000 33 35 
cell-0-6-2 432 1000 33 35 
cell-0-6-3 465 1000 33 35 
cell-0-6-4 498 1000 33 35 
cell-0-6-5 531 1000 33 35 
cell-0-6-6 564 1000 33 35 
cell-0-6-7 597 1000 33 35 
cell-0-6-8 630 1000 33 35 
cell-0-6-9 663 1000 33 35 
cell-0-6-10 696 1000 33 35 
cell-0-7-0 366 1065 33 35 
cell-0-7-1 399 1065 33 35 
cell-0-7-2 432 1065 33 35 
cell-0-7-3 465 1065 33 35 
cell-0-7-4 498 1065 33 35 
cell-0-7-5 531 1065 33 35 
cell-0-7-6 564 1065 33 35 
cell-0-7-7 597 1065 33 35 
cell-0-7-8 630 1065 33 35 
cell-0-7-9 663 1065 33 35 
cell-0-7-10 696 1065 33 35 
cell-0-8-0 366 1130 33 35 
cell-0-8-1 399 1130 33 35 
cell-0-8-2 432 1130 33 35 
cell-0-8-3 465 1130 33 35 
cell-0-8-4 498 1130 33 35 
cell-0-8-5 531 1130 33 35 
cell-0-8-6 564 1130 33 35 
cell-0-8-7 597 1130 33 35 
cell-0-8-8 630 1130 33 35 
cell-0-8-9 663 1130 33 35 
cell-0-8-10 696 1130 33 35 
cell-0-9-0 366 1195 33 35 
cell-0-9-1 399 1195 33 35 
cell-0-9-2 432 1195 33 35 
cell-0-9-3 465 1195 33 35 
cell-0-9-4 498 1195 33 35 
cell-0-9-5 531 1195 33 35 
cell-0-9-6 564 1195 33 35 
cell-0-9-7 597 1195 33 35 
cell-0-9-8 630 1195 33 35 
cell-0-9-9 663 1195 33 35 
cell-0-9-10 696 1195 33 35 
