table-0 145 1064 552 331 
cell-0-1-0 145 1064 34 35 
cell-0-1-1 182 1064 34 35 
cell-0-1-2 219 1064 34 35 
cell-0-1-3 256 1064 34 35 
cell-0-1-4 293 1064 34 35 
cell-0-1-5 330 1064 34 35 
cell-0-1-6 367 1064 34 35 
cell-0-1-7 404 1064 34 35 
cell-0-1-8 441 1064 34 35 
cell-0-1-9 478 1064 34 35 
cell-0-1-10 515 1064 34 35 
cell-0-1-11 552 1064 34 35 
cell-0-1-12 589 1064 34 35 
cell-0-1-13 626 1064 34 35 
cell-0-1-14 663 1064 34 35 
cell-0-2-0 145 1123 34 35 
cell-0-2-1 182 1123 34 35 
cell-0-2-2 219 1123 34 35 
cell-0-2-3 256 1123 34 35 
cell-0-2-4 293 1123 34 35 
cell-0-2-5 330 1123 34 35 
cell-0-2-6 367 1123 34 35 
cell-0-2-7 404 1123 34 35 
cell-0-2-8 441 1123 34 35 
cell-0-2-9 478 1123 34 35 
cell-0-2-10 515 1123 34 35 
cell-0-2-11 552 1123 34 35 
cell-0-2-12 589 1123 34 35 
cell-0-2-13 626 1123 34 35 
cell-0-2-14 663 1123 34 35 
cell-0-3-0 145 1182 34 35 
cell-0-3-1 182 1182 34 35 
cell-0-3-2 219 1182 34 35 
cell-0-3-3 256 1182 34 35 
cell-0-3-4 293 1182 34 35 
cell-0-3-5 330 1182 34 35 
cell-0-3-6 367 1182 34 35 
cell-0-3-7 404 1182 34 35 
cell-0-3-8 441 1182 34 35 
cell-0-3-9 478 1182 34 35 
cell-0-3-10 515 1182 34 35 
cell-0-3-11 552 1182 34 35 
cell-0-3-12 589 1182 34 35 
cell-0-3-13 626 1182 34 35 
cell-0-3-14 663 1182 34 35 
cell-0-4-0 145 1241 34 35 
cell-0-4-1 182 1241 34 35 
cell-0-4-2 219 1241 34 35 
cell-0-4-3 256 1241 34 35 
cell-0-4-4 293 1241 34 35 
cell-0-4-5 330 1241 34 35 
cell-0-4-6 367 1241 34 35 
cell-0-4-7 404 1241 34 35 
cell-0-4-8 441 1241 34 35 
cell-0-4-9 478 1241 34 35 
cell-0-4-10 515 1241 34 35 
cell-0-4-11 552 1241 34 35 
cell-0-4-12 589 1241 34 35 
cell-0-4-13 626 1241 34 35 
cell-0-4-14 663 1241 34 35 
cell-0-5-0 145 1300 34 35 
cell-0-5-1 182 1300 34 35 
cell-0-5-2 219 1300 34 35 
cell-0-5-3 256 1300 34 35 
cell-0-5-4 293 1300 34 35 
cell-0-5-5 330 1300 34 35 
cell-0-5-6 367 1300 34 35 
cell-0-5-7 404 1300 34 35 
cell-0-5-8 441 1300 34 35 
cell-0-5-9 478 1300 34 35 
cell-0-5-10 515 1300 34 35 
cell-0-5-11 552 1300 34 35 
cell-0-5-12 589 1300 34 35 
cell-0-5-13 626 1300 34 35 
cell-0-5-14 663 1300 34 35 
cell-0-6-0 145 1359 34 35 
cell-0-6-1 182 1359 34 35 
cell-0-6-2 219 1359 34 35 
cell-0-6-3 256 1359 34 35 
cell-0-6-4 293 1359 34 35 
cell-0-6-5 330 1359 34 35 
cell-0-6-6 367 1359 34 35 
cell-0-6-7 404 1359 34 35 
cell-0-6-8 441 1359 34 35 
cell-0-6-9 478 1359 34 35 
cell-0-6-10 515 1359 34 35 
cell-0-6-11 552 1359 34 35 
cell-0-6-12 589 1359 34 35 
cell-0-6-13 626 1359 34 35 
cell-0-6-14 663 1359 34 35 
table-2 89 308 900 346 
cell-2-0-0 89 308 225 32 
cell-2-0-1 314 308 225 32 
cell-2-0-2 539 308 225 32 
cell-2-0-3 764 308 225 32 
cell-2-1-0 89 347 225 32 
cell-2-1-1 314 347 225 32 
cell-2-1-2 539 347 225 32 
cell-2-1-3 764 347 225 32 
cell-2-2-0 89 386 225 32 
cell-2-2-1 314 386 225 32 
cell-2-2-2 539 386 225 32 
cell-2-2-3 764 386 225 32 
cell-2-3-0 89 425 225 32 
cell-2-3-1 314 425 225 32 
cell-2-3-2 539 425 225 32 
cell-2-3-3 764 425 225 32 
cell-2-4-0 89 464 225 32 
cell-2-4-1 314 464 225 32 
cell-2-4-2 539 464 225 32 
cell-2-4-3 764 464 225 32 
cell-2-5-0 89 503 225 32 
cell-2-5-1 314 503 225 32 
cell-2-5-2 539 503 225 32 
cell-2-5-3 764 503 225 32 
cell-2-6-0 89 542 225 32 
cell-2-6-1 314 542 225 32 
cell-2-6-2 539 542 225 32 
cell-2-6-3 764 542 225 32 
cell-2-7-0 89 581 225 32 
cell-2-7-1 314 581 225 32 
cell-2-7-2 539 581 225 32 
cell-2-7-3 764 581 225 32 
cell-2-8-0 89 620 225 32 
cell-2-8-1 314 620 225 32 
cell-2-8-2 539 620 225 32 
cell-2-8-3 764 620 225 32 
