table-0 235 596 608 546 
cell-0-0-0 235 596 43 41 
cell-0-0-1 278 596 43 41 
cell-0-0-2 321 596 43 41 
cell-0-0-3 364 596 43 41 
cell-0-0-4 407 596 434 41 
cell-0-1-0 235 652 43 41 
cell-0-1-1 278 652 43 41 
cell-0-1-2 321 652 43 41 
cell-0-1-3 364 652 43 41 
cell-0-1-4 407 652 434 41 
cell-0-2-0 235 708 43 41 
cell-0-2-1 278 708 43 41 
cell-0-2-2 321 708 43 41 
cell-0-2-3 364 708 43 41 
cell-0-2-4 407 708 434 41 
cell-0-3-0 235 764 43 41 
cell-0-3-1 278 764 43 41 
cell-0-3-2 321 764 43 41 
cell-0-3-3 364 764 43 41 
cell-0-3-4 407 764 434 41 
cell-0-4-0 235 820 43 41 
cell-0-4-1 278 820 43 41 
cell-0-4-2 321 820 43 41 
cell-0-4-3 364 820 43 41 
cell-0-4-4 407 820 434 41 
cell-0-5-0 235 876 43 41 
cell-0-5-1 278 876 43 41 
cell-0-5-2 321 876 43 41 
cell-0-5-3 364 876 43 41 
cell-0-5-4 407 876 434 41 
cell-0-6-0 235 932 43 41 
cell-0-6-1 278 932 43 41 
cell-0-6-2 321 932 43 41 
cell-0-6-3 364 932 43 41 
cell-0-6-4 407 932 434 41 
cell-0-7-0 235 988 43 41 
cell-0-7-1 278 988 43 41 
cell-0-7-2 321 988 43 41 
cell-0-7-3 364 988 43 41 
cell-0-7-4 407 988 434 41 
cell-0-8-0 235 1044 43 41 
cell-0-8-1 278 1044 43 41 
cell-0-8-2 321 1044 43 41 
cell-0-8-3 364 1044 43 41 
cell-0-8-4 407 1044 434 41 
cell-0-9-0 235 1100 43 41 
cell-0-9-1 278 1100 43 41 
cell-0-9-2 321 1100 43 41 
cell-0-9-3 364 1100 43 41 
cell-0-9-4 407 1100 434 41 
