table-0 323 946 546 379 
cell-0-1-0 323 946 34 35 
cell-0-1-1 357 946 34 35 
cell-0-1-2 391 946 34 35 
cell-0-1-3 425 946 34 35 
cell-0-1-4 459 946 34 35 
cell-0-1-5 493 946 34 35 
cell-0-1-6 527 946 34 35 
cell-0-1-7 561 946 34 35 
cell-0-1-8 595 946 34 35 
cell-0-1-9 629 946 34 35 
cell-0-1-10 663 946 34 35 
cell-0-1-11 697 946 34 35 
cell-0-1-12 731 946 34 35 
cell-0-1-13 765 946 34 35 
cell-0-1-14 799 946 34 35 
cell-0-1-15 833 946 34 35 
cell-0-2-0 323 1003 34 35 
cell-0-2-1 357 1003 34 35 
cell-0-2-2 391 1003 34 35 
cell-0-2-3 425 1003 34 35 
cell-0-2-4 459 1003 34 35 
cell-0-2-5 493 1003 34 35 
cell-0-2-6 527 1003 34 35 
cell-0-2-7 561 1003 34 35 
cell-0-2-8 595 1003 34 35 
cell-0-2-9 629 1003 34 35 
cell-0-2-10 663 1003 34 35 
cell-0-2-11 697 1003 34 35 
cell-0-2-12 731 1003 34 35 
cell-0-2-13 765 1003 34 35 
cell-0-2-14 799 1003 34 35 
cell-0-2-15 833 1003 34 35 
cell-0-3-0 323 1060 34 35 
cell-0-3-1 357 1060 34 35 
cell-0-3-2 391 1060 34 35 
cell-0-3-3 425 1060 34 35 
cell-0-3-4 459 1060 34 35 
cell-0-3-5 493 1060 34 35 
cell-0-3-6 527 1060 34 35 
cell-0-3-7 561 1060 34 35 
cell-0-3-8 595 1060 34 35 
cell-0-3-9 629 1060 34 35 
cell-0-3-10 663 1060 34 35 
cell-0-3-11 697 1060 34 35 
cell-0-3-12 731 1060 34 35 
cell-0-3-13 765 1060 34 35 
cell-0-3-14 799 1060 34 35 
cell-0-3-15 833 1060 34 35 
cell-0-4-0 323 1117 34 35 
cell-0-4-1 357 1117 34 35 
cell-0-4-2 391 1117 34 35 
cell-0-4-3 425 1117 34 35 
cell-0-4-4 459 1117 34 35 
cell-0-4-5 493 1117 34 35 
cell-0-4-6 527 1117 34 35 
cell-0-4-7 561 1117 34 35 
cell-0-4-8 595 1117 34 35 
cell-0-4-9 629 1117 34 35 
cell-0-4-10 663 1117 34 35 
cell-0-4-11 697 1117 34 35 
cell-0-4-12 731 1117 34 35 
cell-0-4-13 765 1117 34 35 
cell-0-4-14 799 1117 34 35 
cell-0-4-15 833 1117 34 35 
cell-0-5-0 323 1174 34 35 
cell-0-5-1 357 1174 34 35 
cell-0-5-2 391 1174 34 35 
cell-0-5-3 425 1174 34 35 
cell-0-5-4 459 1174 34 35 
cell-0-5-5 493 1174 34 35 
cell-0-5-6 527 1174 34 35 
cell-0-5-7 561 1174 34 35 
cell-0-5-8 595 1174 34 35 
cell-0-5-9 629 1174 34 35 
cell-0-5-10 663 1174 34 35 
cell-0-5-11 697 1174 34 35 
cell-0-5-12 731 1174 34 35 
cell-0-5-13 765 1174 34 35 
cell-0-5-14 799 1174 34 35 
cell-0-5-15 833 1174 34 35 
cell-0-6-0 323 1231 34 35 
cell-0-6-1 357 1231 34 35 
cell-0-6-2 391 1231 34 35 
cell-0-6-3 425 1231 34 35 
cell-0-6-4 459 1231 34 35 
cell-0-6-5 493 1231 34 35 
cell-0-6-6 527 1231 34 35 
cell-0-6-7 561 1231 34 35 
cell-0-6-8 595 1231 34 35 
cell-0-6-9 629 1231 34 35 
cell-0-6-10 663 1231 34 35 
cell-0-6-11 697 1231 34 35 
cell-0-6-12 731 1231 34 35 
cell-0-6-13 765 1231 34 35 
cell-0-6-14 799 1231 34 35 
cell-0-6-15 833 1231 34 35 
cell-0-7-0 323 1288 34 35 
cell-0-7-1 357 1288 34 35 
cell-0-7-2 391 1288 34 35 
cell-0-7-3 425 1288 34 35 
cell-0-7-4 459 1288 34 35 
cell-0-7-5 493 1288 34 35 
cell-0-7-6 527 1288 34 35 
cell-0-7-7 561 1288 34 35 
cell-0-7-8 595 1288 34 35 
cell-0-7-9 629 1288 34 35 
cell-0-7-10 663 1288 34 35 
cell-0-7-11 697 1288 34 35 
cell-0-7-12 731 1288 34 35 
cell-0-7-13 765 1288 34 35 
cell-0-7-14 799 1288 34 35 
cell-0-7-15 833 1288 34 35 
table-1 498 114 364 198 
cell-1-1-0 498 114 33 35 
cell-1-1-1 531 114 33 35 
cell-1-1-2 564 114 33 35 
cell-1-1-3 597 114 33 35 
cell-1-1-4 630 114 33 35 
cell-1-1-5 663 114 33 35 
cell-1-1-6 696 114 33 35 
cell-1-1-7 729 114 33 35 
cell-1-1-8 762 114 33 35 
cell-1-1-9 795 114 33 35 
cell-1-1-10 828 114 33 35 
cell-1-2-0 498 168 33 35 
cell-1-2-1 531 168 33 35 
cell-1-2-2 564 168 33 35 
cell-1-2-3 597 168 33 35 
cell-1-2-4 630 168 33 35 
cell-1-2-5 663 168 33 35 
cell-1-2-6 696 168 33 35 
cell-1-2-7 729 168 33 35 
cell-1-2-8 762 168 33 35 
cell-1-2-9 795 168 33 35 
cell-1-2-10 828 168 33 35 
cell-1-3-0 498 222 33 35 
cell-1-3-1 531 222 33 35 
cell-1-3-2 564 222 33 35 
cell-1-3-3 597 222 33 35 
cell-1-3-4 630 222 33 35 
cell-1-3-5 663 222 33 35 
cell-1-3-6 696 222 33 35 
cell-1-3-7 729 222 33 35 
cell-1-3-8 762 222 33 35 
cell-1-3-9 795 222 33 35 
cell-1-3-10 828 222 33 35 
cell-1-4-0 498 276 33 35 
cell-1-4-1 531 276 33 35 
cell-1-4-2 564 276 33 35 
cell-1-4-3 597 276 33 35 
cell-1-4-4 630 276 33 35 
cell-1-4-5 663 276 33 35 
cell-1-4-6 696 276 33 35 
cell-1-4-7 729 276 33 35 
cell-1-4-8 762 276 33 35 
cell-1-4-9 795 276 33 35 
cell-1-4-10 828 276 33 35 
header-2 263 453 753 193 
row-1-1 263 453 266 40 
row-1-2 549 453 332 40 
row-2-1 263 503 299 40 
row-2-2 582 503 427 40 
row-3-1 263 553 596 40 
row-4-1 263 603 695 40 
