table-0 83 852 900 517 
cell-0-0-0 83 852 100 46 
cell-0-0-1 183 852 100 46 
cell-0-0-2 283 852 100 46 
cell-0-0-3 383 852 100 46 
cell-0-0-4 483 852 100 46 
cell-0-0-5 583 852 100 46 
cell-0-0-6 683 852 100 46 
cell-0-0-7 783 852 100 46 
cell-0-0-8 883 852 100 46 
cell-0-1-0 83 904 100 46 
cell-0-1-1 183 904 100 46 
cell-0-1-2 283 904 100 46 
cell-0-1-3 383 904 100 46 
cell-0-1-4 483 904 100 46 
cell-0-1-5 583 904 100 46 
cell-0-1-6 683 904 100 46 
cell-0-1-7 783 904 100 46 
cell-0-1-8 883 904 100 46 
cell-0-2-0 83 956 100 46 
cell-0-2-1 183 956 100 46 
cell-0-2-2 283 956 100 46 
cell-0-2-3 383 956 100 46 
cell-0-2-4 483 956 100 46 
cell-0-2-5 583 956 100 46 
cell-0-2-6 683 956 100 46 
cell-0-2-7 783 956 100 46 
cell-0-2-8 883 956 100 46 
cell-0-3-0 83 1008 100 46 
cell-0-3-1 183 1008 100 46 
cell-0-3-2 283 1008 100 46 
cell-0-3-3 383 1008 100 46 
cell-0-3-4 483 1008 100 46 
cell-0-3-5 583 1008 100 46 
cell-0-3-6 683 1008 100 46 
cell-0-3-7 783 1008 100 46 
cell-0-3-8 883 1008 100 46 
cell-0-4-0 83 1060 100 46 
cell-0-4-1 183 1060 100 46 
cell-0-4-2 283 1060 100 46 
cell-0-4-3 383 1060 100 46 
cell-0-4-4 483 1060 100 46 
cell-0-4-5 583 1060 100 46 
cell-0-4-6 683 1060 100 46 
cell-0-4-7 783 1060 100 46 
cell-0-4-8 883 1060 100 46 
cell-0-5-0 83 1112 100 46 
cell-0-5-1 183 1112 100 46 
cell-0-5-2 283 1112 100 46 
cell-0-5-3 383 1112 100 46 
cell-0-5-4 483 1112 100 46 
cell-0-5-5 583 1112 100 46 
cell-0-5-6 683 1112 100 46 
cell-0-5-7 783 1112 100 46 
cell-0-5-8 883 1112 100 46 
cell-0-6-0 83 1164 100 46 
cell-0-6-1 183 1164 100 46 
cell-0-6-2 283 1164 100 46 
cell-0-6-3 383 1164 100 46 
cell-0-6-4 483 1164 100 46 
cell-0-6-5 583 1164 100 46 
cell-0-6-6 683 1164 100 46 
cell-0-6-7 783 1164 100 46 
cell-0-6-8 883 1164 100 46 
cell-0-7-0 83 1216 100 46 
cell-0-7-1 183 1216 100 46 
cell-0-7-2 283 1216 100 46 
cell-0-7-3 383 1216 100 46 
cell-0-7-4 483 1216 100 46 
cell-0-7-5 583 1216 100 46 
cell-0-7-6 683 1216 100 46 
cell-0-7-7 783 1216 100 46 
cell-0-7-8 883 1216 100 46 
cell-0-8-0 83 1268 100 46 
cell-0-8-1 183 1268 100 46 
cell-0-8-2 283 1268 100 46 
cell-0-8-3 383 1268 100 46 
cell-0-8-4 483 1268 100 46 
cell-0-8-5 583 1268 100 46 
cell-0-8-6 683 1268 100 46 
cell-0-8-7 783 1268 100 46 
cell-0-8-8 883 1268 100 46 
cell-0-9-0 83 1320 100 46 
cell-0-9-1 183 1320 100 46 
cell-0-9-2 283 1320 100 46 
cell-0-9-3 383 1320 100 46 
cell-0-9-4 483 1320 100 46 
cell-0-9-5 583 1320 100 46 
cell-0-9-6 683 1320 100 46 
cell-0-9-7 783 1320 100 46 
cell-0-9-8 883 1320 100 46 
table-1 154 92 700 479 
cell-1-0-0 154 92 175 44 
cell-1-0-1 329 92 175 44 
cell-1-0-2 504 92 175 44 
cell-1-0-3 679 92 175 44 
cell-1-1-0 154 146 175 44 
cell-1-1-1 329 146 175 44 
cell-1-1-2 504 146 175 44 
cell-1-1-3 679 146 175 44 
cell-1-2-0 154 200 175 44 
cell-1-2-1 329 200 175 44 
cell-1-2-2 504 200 175 44 
cell-1-2-3 679 200 175 44 
cell-1-3-0 154 254 175 44 
cell-1-3-1 329 254 175 44 
cell-1-3-2 504 254 175 44 
cell-1-3-3 679 254 175 44 
cell-1-4-0 154 308 175 44 
cell-1-4-1 329 308 175 44 
cell-1-4-2 504 308 175 44 
cell-1-4-3 679 308 175 44 
cell-1-5-0 154 362 175 44 
cell-1-5-1 329 362 175 44 
cell-1-5-2 504 362 175 44 
cell-1-5-3 679 362 175 44 
cell-1-6-0 154 416 175 44 
cell-1-6-1 329 416 175 44 
cell-1-6-2 504 416 175 44 
cell-1-6-3 679 416 175 44 
cell-1-7-0 154 470 175 44 
cell-1-7-1 329 470 175 44 
cell-1-7-2 504 470 175 44 
cell-1-7-3 679 470 175 44 
cell-1-8-0 154 524 175 44 
cell-1-8-1 329 524 175 44 
cell-1-8-2 504 524 175 44 
cell-1-8-3 679 524 175 44 
