table-0 303 71 173 624 
cell-0-0-0 303 71 43 35 
cell-0-0-1 346 71 43 35 
cell-0-0-2 389 71 43 35 
cell-0-0-3 432 71 43 35 
cell-0-1-0 303 113 43 35 
cell-0-1-1 346 113 43 35 
cell-0-1-2 389 113 43 35 
cell-0-1-3 432 113 43 35 
cell-0-2-0 303 155 43 35 
cell-0-2-1 346 155 43 35 
cell-0-2-2 389 155 43 35 
cell-0-2-3 432 155 43 35 
cell-0-3-0 303 197 43 35 
cell-0-3-1 346 197 43 35 
cell-0-3-2 389 197 43 35 
cell-0-3-3 432 197 43 35 
cell-0-4-0 303 239 43 35 
cell-0-4-1 346 239 43 35 
cell-0-4-2 389 239 43 35 
cell-0-4-3 432 239 43 35 
cell-0-5-0 303 281 43 35 
cell-0-5-1 346 281 43 35 
cell-0-5-2 389 281 43 35 
cell-0-5-3 432 281 43 35 
cell-0-6-0 303 323 43 35 
cell-0-6-1 346 323 43 35 
cell-0-6-2 389 323 43 35 
cell-0-6-3 432 323 43 35 
cell-0-7-0 303 365 43 35 
cell-0-7-1 346 365 43 35 
cell-0-7-2 389 365 43 35 
cell-0-7-3 432 365 43 35 
cell-0-8-0 303 407 43 35 
cell-0-8-1 346 407 43 35 
cell-0-8-2 389 407 43 35 
cell-0-8-3 432 407 43 35 
cell-0-9-0 303 449 43 35 
cell-0-9-1 346 449 43 35 
cell-0-9-2 389 449 43 35 
cell-0-9-3 432 449 43 35 
cell-0-10-0 303 491 43 35 
cell-0-10-1 346 491 43 35 
cell-0-10-2 389 491 43 35 
cell-0-10-3 432 491 43 35 
cell-0-11-0 303 533 43 35 
cell-0-11-1 346 533 43 35 
cell-0-11-2 389 533 43 35 
cell-0-11-3 432 533 43 35 
cell-0-12-0 303 575 43 35 
cell-0-12-1 346 575 43 35 
cell-0-12-2 389 575 43 35 
cell-0-12-3 432 575 43 35 
cell-0-13-0 303 617 43 35 
cell-0-13-1 346 617 43 35 
cell-0-13-2 389 617 43 35 
cell-0-13-3 432 617 43 35 
cell-0-14-0 303 659 43 35 
cell-0-14-1 346 659 43 35 
cell-0-14-2 389 659 43 35 
cell-0-14-3 432 659 43 35 
