table-0 220 1023 410 249 
cell-0-1-0 220 1023 34 35 
cell-0-1-1 254 1023 34 35 
cell-0-1-2 288 1023 34 35 
cell-0-1-3 322 1023 34 35 
cell-0-1-4 356 1023 34 35 
cell-0-1-5 390 1023 34 35 
cell-0-1-6 424 1023 34 35 
cell-0-1-7 458 1023 34 35 
cell-0-1-8 492 1023 34 35 
cell-0-1-9 526 1023 34 35 
cell-0-1-10 560 1023 34 35 
cell-0-1-11 594 1023 34 35 
cell-0-2-0 220 1076 34 35 
cell-0-2-1 254 1076 34 35 
cell-0-2-2 288 1076 34 35 
cell-0-2-3 322 1076 34 35 
cell-0-2-4 356 1076 34 35 
cell-0-2-5 390 1076 34 35 
cell-0-2-6 424 1076 34 35 
cell-0-2-7 458 1076 34 35 
cell-0-2-8 492 1076 34 35 
cell-0-2-9 526 1076 34 35 
cell-0-2-10 560 1076 34 35 
cell-0-2-11 594 1076 34 35 
cell-0-3-0 220 1129 34 35 
cell-0-3-1 254 1129 34 35 
cell-0-3-2 288 1129 34 35 
cell-0-3-3 322 1129 34 35 
cell-0-3-4 356 1129 34 35 
cell-0-3-5 390 1129 34 35 
cell-0-3-6 424 1129 34 35 
cell-0-3-7 458 1129 34 35 
cell-0-3-8 492 1129 34 35 
cell-0-3-9 526 1129 34 35 
cell-0-3-10 560 1129 34 35 
cell-0-3-11 594 1129 34 35 
cell-0-4-0 220 1182 34 35 
cell-0-4-1 254 1182 34 35 
cell-0-4-2 288 1182 34 35 
cell-0-4-3 322 1182 34 35 
cell-0-4-4 356 1182 34 35 
cell-0-4-5 390 1182 34 35 
cell-0-4-6 424 1182 34 35 
cell-0-4-7 458 1182 34 35 
cell-0-4-8 492 1182 34 35 
cell-0-4-9 526 1182 34 35 
cell-0-4-10 560 1182 34 35 
cell-0-4-11 594 1182 34 35 
cell-0-5-0 220 1235 34 35 
cell-0-5-1 254 1235 34 35 
cell-0-5-2 288 1235 34 35 
cell-0-5-3 322 1235 34 35 
cell-0-5-4 356 1235 34 35 
cell-0-5-5 390 1235 34 35 
cell-0-5-6 424 1235 34 35 
cell-0-5-7 458 1235 34 35 
cell-0-5-8 492 1235 34 35 
cell-0-5-9 526 1235 34 35 
cell-0-5-10 560 1235 34 35 
cell-0-5-11 594 1235 34 35 
