table-0 376 888 653 542 
cell-0-1-0 376 888 38 35 
cell-0-1-1 417 888 38 35 
cell-0-1-2 458 888 38 35 
cell-0-1-3 499 888 38 35 
cell-0-1-4 540 888 38 35 
cell-0-1-5 581 888 38 35 
cell-0-1-6 622 888 38 35 
cell-0-1-7 663 888 38 35 
cell-0-1-8 704 888 38 35 
cell-0-1-9 745 888 38 35 
cell-0-1-10 786 888 38 35 
cell-0-1-11 827 888 38 35 
cell-0-1-12 868 888 38 35 
cell-0-1-13 909 888 38 35 
cell-0-1-14 950 888 38 35 
cell-0-1-15 991 888 38 35 
cell-0-2-0 376 951 38 35 
cell-0-2-1 417 951 38 35 
cell-0-2-2 458 951 38 35 
cell-0-2-3 499 951 38 35 
cell-0-2-4 540 951 38 35 
cell-0-2-5 581 951 38 35 
cell-0-2-6 622 951 38 35 
cell-0-2-7 663 951 38 35 
cell-0-2-8 704 951 38 35 
cell-0-2-9 745 951 38 35 
cell-0-2-10 786 951 38 35 
cell-0-2-11 827 951 38 35 
cell-0-2-12 868 951 38 35 
cell-0-2-13 909 951 38 35 
cell-0-2-14 950 951 38 35 
cell-0-2-15 991 951 38 35 
cell-0-3-0 376 1014 38 35 
cell-0-3-1 417 1014 38 35 
cell-0-3-2 458 1014 38 35 
cell-0-3-3 499 1014 38 35 
cell-0-3-4 540 1014 38 35 
cell-0-3-5 581 1014 38 35 
cell-0-3-6 622 1014 38 35 
cell-0-3-7 663 1014 38 35 
cell-0-3-8 704 1014 38 35 
cell-0-3-9 745 1014 38 35 
cell-0-3-10 786 1014 38 35 
cell-0-3-11 827 1014 38 35 
cell-0-3-12 868 1014 38 35 
cell-0-3-13 909 1014 38 35 
cell-0-3-14 950 1014 38 35 
cell-0-3-15 991 1014 38 35 
cell-0-4-0 376 1077 38 35 
cell-0-4-1 417 1077 38 35 
cell-0-4-2 458 1077 38 35 
cell-0-4-3 499 1077 38 35 
cell-0-4-4 540 1077 38 35 
cell-0-4-5 581 1077 38 35 
cell-0-4-6 622 1077 38 35 
cell-0-4-7 663 1077 38 35 
cell-0-4-8 704 1077 38 35 
cell-0-4-9 745 1077 38 35 
cell-0-4-10 786 1077 38 35 
cell-0-4-11 827 1077 38 35 
cell-0-4-12 868 1077 38 35 
cell-0-4-13 909 1077 38 35 
cell-0-4-14 950 1077 38 35 
cell-0-4-15 991 1077 38 35 
cell-0-5-0 376 1140 38 35 
cell-0-5-1 417 1140 38 35 
cell-0-5-2 458 1140 38 35 
cell-0-5-3 499 1140 38 35 
cell-0-5-4 540 1140 38 35 
cell-0-5-5 581 1140 38 35 
cell-0-5-6 622 1140 38 35 
cell-0-5-7 663 1140 38 35 
cell-0-5-8 704 1140 38 35 
cell-0-5-9 745 1140 38 35 
cell-0-5-10 786 1140 38 35 
cell-0-5-11 827 1140 38 35 
cell-0-5-12 868 1140 38 35 
cell-0-5-13 909 1140 38 35 
cell-0-5-14 950 1140 38 35 
cell-0-5-15 991 1140 38 35 
cell-0-6-0 376 1203 38 35 
cell-0-6-1 417 1203 38 35 
cell-0-6-2 458 1203 38 35 
cell-0-6-3 499 1203 38 35 
cell-0-6-4 540 1203 38 35 
cell-0-6-5 581 1203 38 35 
cell-0-6-6 622 1203 38 35 
cell-0-6-7 663 1203 38 35 
cell-0-6-8 704 1203 38 35 
cell-0-6-9 745 1203 38 35 
cell-0-6-10 786 1203 38 35 
cell-0-6-11 827 1203 38 35 
cell-0-6-12 868 1203 38 35 
cell-0-6-13 909 1203 38 35 
cell-0-6-14 950 1203 38 35 
cell-0-6-15 991 1203 38 35 
cell-0-7-0 376 1266 38 35 
cell-0-7-1 417 1266 38 35 
cell-0-7-2 458 1266 38 35 
cell-0-7-3 499 1266 38 35 
cell-0-7-4 540 1266 38 35 
cell-0-7-5 581 1266 38 35 
cell-0-7-6 622 1266 38 35 
cell-0-7-7 663 1266 38 35 
cell-0-7-8 704 1266 38 35 
cell-0-7-9 745 1266 38 35 
cell-0-7-10 786 1266 38 35 
cell-0-7-11 827 1266 38 35 
cell-0-7-12 868 1266 38 35 
cell-0-7-13 909 1266 38 35 
cell-0-7-14 950 1266 38 35 
cell-0-7-15 991 1266 38 35 
cell-0-8-0 376 1329 38 35 
cell-0-8-1 417 1329 38 35 
cell-0-8-2 458 1329 38 35 
cell-0-8-3 499 1329 38 35 
cell-0-8-4 540 1329 38 35 
cell-0-8-5 581 1329 38 35 
cell-0-8-6 622 1329 38 35 
cell-0-8-7 663 1329 38 35 
cell-0-8-8 704 1329 38 35 
cell-0-8-9 745 1329 38 35 
cell-0-8-10 786 1329 38 35 
cell-0-8-11 827 1329 38 35 
cell-0-8-12 868 1329 38 35 
cell-0-8-13 909 1329 38 35 
cell-0-8-14 950 1329 38 35 
cell-0-8-15 991 1329 38 35 
cell-0-9-0 376 1392 38 35 
cell-0-9-1 417 1392 38 35 
cell-0-9-2 458 1392 38 35 
cell-0-9-3 499 1392 38 35 
cell-0-9-4 540 1392 38 35 
cell-0-9-5 581 1392 38 35 
cell-0-9-6 622 1392 38 35 
cell-0-9-7 663 1392 38 35 
cell-0-9-8 704 1392 38 35 
cell-0-9-9 745 1392 38 35 
cell-0-9-10 786 1392 38 35 
cell-0-9-11 827 1392 38 35 
cell-0-9-12 868 1392 38 35 
cell-0-9-13 909 1392 38 35 
cell-0-9-14 950 1392 38 35 
cell-0-9-15 991 1392 38 35 
