header-0 101 1210 801 193 
row-1-1 101 1210 343 40 
row-1-2 464 1210 343 40 
row-2-1 101 1260 310 40 
row-2-2 431 1260 445 40 
row-3-1 101 1310 805 40 
row-4-1 101 1360 706 40 
table-1 137 105 900 360 
cell-1-0-0 137 105 128 53 
cell-1-0-1 265 105 128 53 
cell-1-0-2 393 105 128 53 
cell-1-0-3 521 105 128 53 
cell-1-0-4 649 105 128 53 
cell-1-0-5 777 105 128 53 
cell-1-0-6 905 105 128 53 
cell-1-1-0 137 166 128 53 
cell-1-1-1 265 166 128 53 
cell-1-1-2 393 166 128 53 
cell-1-1-3 521 166 128 53 
cell-1-1-4 649 166 128 53 
cell-1-1-5 777 166 128 53 
cell-1-1-6 905 166 128 53 
cell-1-2-0 137 227 128 53 
cell-1-2-1 265 227 128 53 
cell-1-2-2 393 227 128 53 
cell-1-2-3 521 227 128 53 
cell-1-2-4 649 227 128 53 
cell-1-2-5 777 227 128 53 
cell-1-2-6 905 227 128 53 
cell-1-3-0 137 288 128 53 
cell-1-3-1 265 288 128 53 
cell-1-3-2 393 288 128 53 
cell-1-3-3 521 288 128 53 
cell-1-3-4 649 288 128 53 
cell-1-3-5 777 288 128 53 
cell-1-3-6 905 288 128 53 
cell-1-4-0 137 349 128 53 
cell-1-4-1 265 349 128 53 
cell-1-4-2 393 349 128 53 
cell-1-4-3 521 349 128 53 
cell-1-4-4 649 349 128 53 
cell-1-4-5 777 349 128 53 
cell-1-4-6 905 349 128 53 
cell-1-5-0 137 410 128 53 
cell-1-5-1 265 410 128 53 
cell-1-5-2 393 410 128 53 
cell-1-5-3 521 410 128 53 
cell-1-5-4 649 410 128 53 
cell-1-5-5 777 410 128 53 
cell-1-5-6 905 410 128 53 
