table-0 234 494 595 504 
cell-0-1-0 234 494 33 35 
cell-0-1-1 267 494 33 35 
cell-0-1-2 300 494 33 35 
cell-0-1-3 333 494 33 35 
cell-0-1-4 366 494 33 35 
cell-0-1-5 399 494 33 35 
cell-0-1-6 432 494 33 35 
cell-0-1-7 465 494 33 35 
cell-0-1-8 498 494 33 35 
cell-0-1-9 531 494 33 35 
cell-0-1-10 564 494 33 35 
cell-0-1-11 597 494 33 35 
cell-0-1-12 630 494 33 35 
cell-0-1-13 663 494 33 35 
cell-0-1-14 696 494 33 35 
cell-0-1-15 729 494 33 35 
cell-0-1-16 762 494 33 35 
cell-0-1-17 795 494 33 35 
cell-0-2-0 234 546 33 35 
cell-0-2-1 267 546 33 35 
cell-0-2-2 300 546 33 35 
cell-0-2-3 333 546 33 35 
cell-0-2-4 366 546 33 35 
cell-0-2-5 399 546 33 35 
cell-0-2-6 432 546 33 35 
cell-0-2-7 465 546 33 35 
cell-0-2-8 498 546 33 35 
cell-0-2-9 531 546 33 35 
cell-0-2-10 564 546 33 35 
cell-0-2-11 597 546 33 35 
cell-0-2-12 630 546 33 35 
cell-0-2-13 663 546 33 35 
cell-0-2-14 696 546 33 35 
cell-0-2-15 729 546 33 35 
cell-0-2-16 762 546 33 35 
cell-0-2-17 795 546 33 35 
cell-0-3-0 234 598 33 35 
cell-0-3-1 267 598 33 35 
cell-0-3-2 300 598 33 35 
cell-0-3-3 333 598 33 35 
cell-0-3-4 366 598 33 35 
cell-0-3-5 399 598 33 35 
cell-0-3-6 432 598 33 35 
cell-0-3-7 465 598 33 35 
cell-0-3-8 498 598 33 35 
cell-0-3-9 531 598 33 35 
cell-0-3-10 564 598 33 35 
cell-0-3-11 597 598 33 35 
cell-0-3-12 630 598 33 35 
cell-0-3-13 663 598 33 35 
cell-0-3-14 696 598 33 35 
cell-0-3-15 729 598 33 35 
cell-0-3-16 762 598 33 35 
cell-0-3-17 795 598 33 35 
cell-0-4-0 234 650 33 35 
cell-0-4-1 267 650 33 35 
cell-0-4-2 300 650 33 35 
cell-0-4-3 333 650 33 35 
cell-0-4-4 366 650 33 35 
cell-0-4-5 399 650 33 35 
cell-0-4-6 432 650 33 35 
cell-0-4-7 465 650 33 35 
cell-0-4-8 498 650 33 35 
cell-0-4-9 531 650 33 35 
cell-0-4-10 564 650 33 35 
cell-0-4-11 597 650 33 35 
cell-0-4-12 630 650 33 35 
cell-0-4-13 663 650 33 35 
cell-0-4-14 696 650 33 35 
cell-0-4-15 729 650 33 35 
cell-0-4-16 762 650 33 35 
cell-0-4-17 795 650 33 35 
cell-0-5-0 234 702 33 35 
cell-0-5-1 267 702 33 35 
cell-0-5-2 300 702 33 35 
cell-0-5-3 333 702 33 35 
cell-0-5-4 366 702 33 35 
cell-0-5-5 399 702 33 35 
cell-0-5-6 432 702 33 35 
cell-0-5-7 465 702 33 35 
cell-0-5-8 498 702 33 35 
cell-0-5-9 531 702 33 35 
cell-0-5-10 564 702 33 35 
cell-0-5-11 597 702 33 35 
cell-0-5-12 630 702 33 35 
cell-0-5-13 663 702 33 35 
cell-0-5-14 696 702 33 35 
cell-0-5-15 729 702 33 35 
cell-0-5-16 762 702 33 35 
cell-0-5-17 795 702 33 35 
cell-0-6-0 234 754 33 35 
cell-0-6-1 267 754 33 35 
cell-0-6-2 300 754 33 35 
cell-0-6-3 333 754 33 35 
cell-0-6-4 366 754 33 35 
cell-0-6-5 399 754 33 35 
cell-0-6-6 432 754 33 35 
cell-0-6-7 465 754 33 35 
cell-0-6-8 498 754 33 35 
cell-0-6-9 531 754 33 35 
cell-0-6-10 564 754 33 35 
cell-0-6-11 597 754 33 35 
cell-0-6-12 630 754 33 35 
cell-0-6-13 663 754 33 35 
cell-0-6-14 696 754 33 35 
cell-0-6-15 729 754 33 35 
cell-0-6-16 762 754 33 35 
cell-0-6-17 795 754 33 35 
cell-0-7-0 234 806 33 35 
cell-0-7-1 267 806 33 35 
cell-0-7-2 300 806 33 35 
cell-0-7-3 333 806 33 35 
cell-0-7-4 366 806 33 35 
cell-0-7-5 399 806 33 35 
cell-0-7-6 432 806 33 35 
cell-0-7-7 465 806 33 35 
cell-0-7-8 498 806 33 35 
cell-0-7-9 531 806 33 35 
cell-0-7-10 564 806 33 35 
cell-0-7-11 597 806 33 35 
cell-0-7-12 630 806 33 35 
cell-0-7-13 663 806 33 35 
cell-0-7-14 696 806 33 35 
cell-0-7-15 729 806 33 35 
cell-0-7-16 762 806 33 35 
cell-0-7-17 795 806 33 35 
cell-0-8-0 234 858 33 35 
cell-0-8-1 267 858 33 35 
cell-0-8-2 300 858 33 35 
cell-0-8-3 333 858 33 35 
cell-0-8-4 366 858 33 35 
cell-0-8-5 399 858 33 35 
cell-0-8-6 432 858 33 35 
cell-0-8-7 465 858 33 35 
cell-0-8-8 498 858 33 35 
cell-0-8-9 531 858 33 35 
cell-0-8-10 564 858 33 35 
cell-0-8-11 597 858 33 35 
cell-0-8-12 630 858 33 35 
cell-0-8-13 663 858 33 35 
cell-0-8-14 696 858 33 35 
cell-0-8-15 729 858 33 35 
cell-0-8-16 762 858 33 35 
cell-0-8-17 795 858 33 35 
cell-0-9-0 234 910 33 35 
cell-0-9-1 267 910 33 35 
cell-0-9-2 300 910 33 35 
cell-0-9-3 333 910 33 35 
cell-0-9-4 366 910 33 35 
cell-0-9-5 399 910 33 35 
cell-0-9-6 432 910 33 35 
cell-0-9-7 465 910 33 35 
cell-0-9-8 498 910 33 35 
cell-0-9-9 531 910 33 35 
cell-0-9-10 564 910 33 35 
cell-0-9-11 597 910 33 35 
cell-0-9-12 630 910 33 35 
cell-0-9-13 663 910 33 35 
cell-0-9-14 696 910 33 35 
cell-0-9-15 729 910 33 35 
cell-0-9-16 762 910 33 35 
cell-0-9-17 795 910 33 35 
cell-0-10-0 234 962 33 35 
cell-0-10-1 267 962 33 35 
cell-0-10-2 300 962 33 35 
cell-0-10-3 333 962 33 35 
cell-0-10-4 366 962 33 35 
cell-0-10-5 399 962 33 35 
cell-0-10-6 432 962 33 35 
cell-0-10-7 465 962 33 35 
cell-0-10-8 498 962 33 35 
cell-0-10-9 531 962 33 35 
cell-0-10-10 564 962 33 35 
cell-0-10-11 597 962 33 35 
cell-0-10-12 630 962 33 35 
cell-0-10-13 663 962 33 35 
cell-0-10-14 696 962 33 35 
cell-0-10-15 729 962 33 35 
cell-0-10-16 762 962 33 35 
cell-0-10-17 795 962 33 35 
header-4 129 1211 882 193 
row-1-1 129 1211 404 40 
row-1-2 553 1211 305 40 
row-2-1 129 1261 404 40 
row-2-2 553 1261 454 40 
row-3-1 129 1311 536 40 
row-4-1 129 1361 668 40 
