table-0 127 280 800 429 
cell-0-0-0 127 280 160 60 
cell-0-0-1 287 280 160 60 
cell-0-0-2 447 280 160 60 
cell-0-0-3 607 280 160 60 
cell-0-0-4 767 280 160 60 
cell-0-1-0 127 341 160 60 
cell-0-1-1 287 341 160 60 
cell-0-1-2 447 341 160 60 
cell-0-1-3 607 341 160 60 
cell-0-1-4 767 341 160 60 
cell-0-2-0 127 402 160 60 
cell-0-2-1 287 402 160 60 
cell-0-2-2 447 402 160 60 
cell-0-2-3 607 402 160 60 
cell-0-2-4 767 402 160 60 
cell-0-3-0 127 463 160 60 
cell-0-3-1 287 463 160 60 
cell-0-3-2 447 463 160 60 
cell-0-3-3 607 463 160 60 
cell-0-3-4 767 463 160 60 
cell-0-4-0 127 524 160 60 
cell-0-4-1 287 524 160 60 
cell-0-4-2 447 524 160 60 
cell-0-4-3 607 524 160 60 
cell-0-4-4 767 524 160 60 
cell-0-5-0 127 585 160 60 
cell-0-5-1 287 585 160 60 
cell-0-5-2 447 585 160 60 
cell-0-5-3 607 585 160 60 
cell-0-5-4 767 585 160 60 
cell-0-6-0 127 646 160 60 
cell-0-6-1 287 646 160 60 
cell-0-6-2 447 646 160 60 
cell-0-6-3 607 646 160 60 
cell-0-6-4 767 646 160 60 
