table-0 641 758 266 674 
cell-0-0-0 641 758 44 35 
cell-0-0-1 685 758 44 35 
cell-0-0-2 729 758 44 35 
cell-0-0-3 773 758 44 35 
cell-0-0-4 817 758 44 35 
cell-0-0-5 861 758 44 35 
cell-0-1-0 641 807 44 35 
cell-0-1-1 685 807 44 35 
cell-0-1-2 729 807 44 35 
cell-0-1-3 773 807 44 35 
cell-0-1-4 817 807 44 35 
cell-0-1-5 861 807 44 35 
cell-0-2-0 641 856 44 35 
cell-0-2-1 685 856 44 35 
cell-0-2-2 729 856 44 35 
cell-0-2-3 773 856 44 35 
cell-0-2-4 817 856 44 35 
cell-0-2-5 861 856 44 35 
cell-0-3-0 641 905 44 35 
cell-0-3-1 685 905 44 35 
cell-0-3-2 729 905 44 35 
cell-0-3-3 773 905 44 35 
cell-0-3-4 817 905 44 35 
cell-0-3-5 861 905 44 35 
cell-0-4-0 641 954 44 35 
cell-0-4-1 685 954 44 35 
cell-0-4-2 729 954 44 35 
cell-0-4-3 773 954 44 35 
cell-0-4-4 817 954 44 35 
cell-0-4-5 861 954 44 35 
cell-0-5-0 641 1003 44 35 
cell-0-5-1 685 1003 44 35 
cell-0-5-2 729 1003 44 35 
cell-0-5-3 773 1003 44 35 
cell-0-5-4 817 1003 44 35 
cell-0-5-5 861 1003 44 35 
cell-0-6-0 641 1052 44 35 
cell-0-6-1 685 1052 44 35 
cell-0-6-2 729 1052 44 35 
cell-0-6-3 773 1052 44 35 
cell-0-6-4 817 1052 44 35 
cell-0-6-5 861 1052 44 35 
cell-0-7-0 641 1101 44 35 
cell-0-7-1 685 1101 44 35 
cell-0-7-2 729 1101 44 35 
cell-0-7-3 773 1101 44 35 
cell-0-7-4 817 1101 44 35 
cell-0-7-5 861 1101 44 35 
cell-0-8-0 641 1150 44 35 
cell-0-8-1 685 1150 44 35 
cell-0-8-2 729 1150 44 35 
cell-0-8-3 773 1150 44 35 
cell-0-8-4 817 1150 44 35 
cell-0-8-5 861 1150 44 35 
cell-0-9-0 641 1199 44 35 
cell-0-9-1 685 1199 44 35 
cell-0-9-2 729 1199 44 35 
cell-0-9-3 773 1199 44 35 
cell-0-9-4 817 1199 44 35 
cell-0-9-5 861 1199 44 35 
cell-0-10-0 641 1248 44 35 
cell-0-10-1 685 1248 44 35 
cell-0-10-2 729 1248 44 35 
cell-0-10-3 773 1248 44 35 
cell-0-10-4 817 1248 44 35 
cell-0-10-5 861 1248 44 35 
cell-0-11-0 641 1297 44 35 
cell-0-11-1 685 1297 44 35 
cell-0-11-2 729 1297 44 35 
cell-0-11-3 773 1297 44 35 
cell-0-11-4 817 1297 44 35 
cell-0-11-5 861 1297 44 35 
cell-0-12-0 641 1346 44 35 
cell-0-12-1 685 1346 44 35 
cell-0-12-2 729 1346 44 35 
cell-0-12-3 773 1346 44 35 
cell-0-12-4 817 1346 44 35 
cell-0-12-5 861 1346 44 35 
cell-0-13-0 641 1395 44 35 
cell-0-13-1 685 1395 44 35 
cell-0-13-2 729 1395 44 35 
cell-0-13-3 773 1395 44 35 
cell-0-13-4 817 1395 44 35 
cell-0-13-5 861 1395 44 35 
