table-0 156 827 600 339 
cell-0-0-0 156 827 150 36 
cell-0-0-1 306 827 150 36 
cell-0-0-2 456 827 150 36 
cell-0-0-3 606 827 150 36 
cell-0-1-0 156 870 150 36 
cell-0-1-1 306 870 150 36 
cell-0-1-2 456 870 150 36 
cell-0-1-3 606 870 150 36 
cell-0-2-0 156 913 150 36 
cell-0-2-1 306 913 150 36 
cell-0-2-2 456 913 150 36 
cell-0-2-3 606 913 150 36 
cell-0-3-0 156 956 150 36 
cell-0-3-1 306 956 150 36 
cell-0-3-2 456 956 150 36 
cell-0-3-3 606 956 150 36 
cell-0-4-0 156 999 150 36 
cell-0-4-1 306 999 150 36 
cell-0-4-2 456 999 150 36 
cell-0-4-3 606 999 150 36 
cell-0-5-0 156 1042 150 36 
cell-0-5-1 306 1042 150 36 
cell-0-5-2 456 1042 150 36 
cell-0-5-3 606 1042 150 36 
cell-0-6-0 156 1085 150 36 
cell-0-6-1 306 1085 150 36 
cell-0-6-2 456 1085 150 36 
cell-0-6-3 606 1085 150 36 
cell-0-7-0 156 1128 150 36 
cell-0-7-1 306 1128 150 36 
cell-0-7-2 456 1128 150 36 
cell-0-7-3 606 1128 150 36 
