table-0 182 800 735 416 
cell-0-1-0 182 800 38 35 
cell-0-1-1 223 800 38 35 
cell-0-1-2 264 800 38 35 
cell-0-1-3 305 800 38 35 
cell-0-1-4 346 800 38 35 
cell-0-1-5 387 800 38 35 
cell-0-1-6 428 800 38 35 
cell-0-1-7 469 800 38 35 
cell-0-1-8 510 800 38 35 
cell-0-1-9 551 800 38 35 
cell-0-1-10 592 800 38 35 
cell-0-1-11 633 800 38 35 
cell-0-1-12 674 800 38 35 
cell-0-1-13 715 800 38 35 
cell-0-1-14 756 800 38 35 
cell-0-1-15 797 800 38 35 
cell-0-1-16 838 800 38 35 
cell-0-1-17 879 800 38 35 
cell-0-2-0 182 863 38 35 
cell-0-2-1 223 863 38 35 
cell-0-2-2 264 863 38 35 
cell-0-2-3 305 863 38 35 
cell-0-2-4 346 863 38 35 
cell-0-2-5 387 863 38 35 
cell-0-2-6 428 863 38 35 
cell-0-2-7 469 863 38 35 
cell-0-2-8 510 863 38 35 
cell-0-2-9 551 863 38 35 
cell-0-2-10 592 863 38 35 
cell-0-2-11 633 863 38 35 
cell-0-2-12 674 863 38 35 
cell-0-2-13 715 863 38 35 
cell-0-2-14 756 863 38 35 
cell-0-2-15 797 863 38 35 
cell-0-2-16 838 863 38 35 
cell-0-2-17 879 863 38 35 
cell-0-3-0 182 926 38 35 
cell-0-3-1 223 926 38 35 
cell-0-3-2 264 926 38 35 
cell-0-3-3 305 926 38 35 
cell-0-3-4 346 926 38 35 
cell-0-3-5 387 926 38 35 
cell-0-3-6 428 926 38 35 
cell-0-3-7 469 926 38 35 
cell-0-3-8 510 926 38 35 
cell-0-3-9 551 926 38 35 
cell-0-3-10 592 926 38 35 
cell-0-3-11 633 926 38 35 
cell-0-3-12 674 926 38 35 
cell-0-3-13 715 926 38 35 
cell-0-3-14 756 926 38 35 
cell-0-3-15 797 926 38 35 
cell-0-3-16 838 926 38 35 
cell-0-3-17 879 926 38 35 
cell-0-4-0 182 989 38 35 
cell-0-4-1 223 989 38 35 
cell-0-4-2 264 989 38 35 
cell-0-4-3 305 989 38 35 
cell-0-4-4 346 989 38 35 
cell-0-4-5 387 989 38 35 
cell-0-4-6 428 989 38 35 
cell-0-4-7 469 989 38 35 
cell-0-4-8 510 989 38 35 
cell-0-4-9 551 989 38 35 
cell-0-4-10 592 989 38 35 
cell-0-4-11 633 989 38 35 
cell-0-4-12 674 989 38 35 
cell-0-4-13 715 989 38 35 
cell-0-4-14 756 989 38 35 
cell-0-4-15 797 989 38 35 
cell-0-4-16 838 989 38 35 
cell-0-4-17 879 989 38 35 
cell-0-5-0 182 1052 38 35 
cell-0-5-1 223 1052 38 35 
cell-0-5-2 264 1052 38 35 
cell-0-5-3 305 1052 38 35 
cell-0-5-4 346 1052 38 35 
cell-0-5-5 387 1052 38 35 
cell-0-5-6 428 1052 38 35 
cell-0-5-7 469 1052 38 35 
cell-0-5-8 510 1052 38 35 
cell-0-5-9 551 1052 38 35 
cell-0-5-10 592 1052 38 35 
cell-0-5-11 633 1052 38 35 
cell-0-5-12 674 1052 38 35 
cell-0-5-13 715 1052 38 35 
cell-0-5-14 756 1052 38 35 
cell-0-5-15 797 1052 38 35 
cell-0-5-16 838 1052 38 35 
cell-0-5-17 879 1052 38 35 
cell-0-6-0 182 1115 38 35 
cell-0-6-1 223 1115 38 35 
cell-0-6-2 264 1115 38 35 
cell-0-6-3 305 1115 38 35 
cell-0-6-4 346 1115 38 35 
cell-0-6-5 387 1115 38 35 
cell-0-6-6 428 1115 38 35 
cell-0-6-7 469 1115 38 35 
cell-0-6-8 510 1115 38 35 
cell-0-6-9 551 1115 38 35 
cell-0-6-10 592 1115 38 35 
cell-0-6-11 633 1115 38 35 
cell-0-6-12 674 1115 38 35 
cell-0-6-13 715 1115 38 35 
cell-0-6-14 756 1115 38 35 
cell-0-6-15 797 1115 38 35 
cell-0-6-16 838 1115 38 35 
cell-0-6-17 879 1115 38 35 
cell-0-7-0 182 1178 38 35 
cell-0-7-1 223 1178 38 35 
cell-0-7-2 264 1178 38 35 
cell-0-7-3 305 1178 38 35 
cell-0-7-4 346 1178 38 35 
cell-0-7-5 387 1178 38 35 
cell-0-7-6 428 1178 38 35 
cell-0-7-7 469 1178 38 35 
cell-0-7-8 510 1178 38 35 
cell-0-7-9 551 1178 38 35 
cell-0-7-10 592 1178 38 35 
cell-0-7-11 633 1178 38 35 
cell-0-7-12 674 1178 38 35 
cell-0-7-13 715 1178 38 35 
cell-0-7-14 756 1178 38 35 
cell-0-7-15 797 1178 38 35 
cell-0-7-16 838 1178 38 35 
cell-0-7-17 879 1178 38 35 
