table-0 60 153 1000 398 
cell-0-0-0 60 153 250 43 
cell-0-0-1 310 153 250 43 
cell-0-0-2 560 153 250 43 
cell-0-0-3 810 153 250 43 
cell-0-1-0 60 197 250 43 
cell-0-1-1 310 197 250 43 
cell-0-1-2 560 197 250 43 
cell-0-1-3 810 197 250 43 
cell-0-2-0 60 241 250 43 
cell-0-2-1 310 241 250 43 
cell-0-2-2 560 241 250 43 
cell-0-2-3 810 241 250 43 
cell-0-3-0 60 285 250 43 
cell-0-3-1 310 285 250 43 
cell-0-3-2 560 285 250 43 
cell-0-3-3 810 285 250 43 
cell-0-4-0 60 329 250 43 
cell-0-4-1 310 329 250 43 
cell-0-4-2 560 329 250 43 
cell-0-4-3 810 329 250 43 
cell-0-5-0 60 373 250 43 
cell-0-5-1 310 373 250 43 
cell-0-5-2 560 373 250 43 
cell-0-5-3 810 373 250 43 
cell-0-6-0 60 417 250 43 
cell-0-6-1 310 417 250 43 
cell-0-6-2 560 417 250 43 
cell-0-6-3 810 417 250 43 
cell-0-7-0 60 461 250 43 
cell-0-7-1 310 461 250 43 
cell-0-7-2 560 461 250 43 
cell-0-7-3 810 461 250 43 
cell-0-8-0 60 505 250 43 
cell-0-8-1 310 505 250 43 
cell-0-8-2 560 505 250 43 
cell-0-8-3 810 505 250 43 
table-1 401 784 364 361 
cell-1-1-0 401 784 33 35 
cell-1-1-1 434 784 33 35 
cell-1-1-2 467 784 33 35 
cell-1-1-3 500 784 33 35 
cell-1-1-4 533 784 33 35 
cell-1-1-5 566 784 33 35 
cell-1-1-6 599 784 33 35 
cell-1-1-7 632 784 33 35 
cell-1-1-8 665 784 33 35 
cell-1-1-9 698 784 33 35 
cell-1-1-10 731 784 33 35 
cell-1-2-0 401 849 33 35 
cell-1-2-1 434 849 33 35 
cell-1-2-2 467 849 33 35 
cell-1-2-3 500 849 33 35 
cell-1-2-4 533 849 33 35 
cell-1-2-5 566 849 33 35 
cell-1-2-6 599 849 33 35 
cell-1-2-7 632 849 33 35 
cell-1-2-8 665 849 33 35 
cell-1-2-9 698 849 33 35 
cell-1-2-10 731 849 33 35 
cell-1-3-0 401 914 33 35 
cell-1-3-1 434 914 33 35 
cell-1-3-2 467 914 33 35 
cell-1-3-3 500 914 33 35 
cell-1-3-4 533 914 33 35 
cell-1-3-5 566 914 33 35 
cell-1-3-6 599 914 33 35 
cell-1-3-7 632 914 33 35 
cell-1-3-8 665 914 33 35 
cell-1-3-9 698 914 33 35 
cell-1-3-10 731 914 33 35 
cell-1-4-0 401 979 33 35 
cell-1-4-1 434 979 33 35 
cell-1-4-2 467 979 33 35 
cell-1-4-3 500 979 33 35 
cell-1-4-4 533 979 33 35 
cell-1-4-5 566 979 33 35 
cell-1-4-6 599 979 33 35 
cell-1-4-7 632 979 33 35 
cell-1-4-8 665 979 33 35 
cell-1-4-9 698 979 33 35 
cell-1-4-10 731 979 33 35 
cell-1-5-0 401 1044 33 35 
cell-1-5-1 434 1044 33 35 
cell-1-5-2 467 1044 33 35 
cell-1-5-3 500 1044 33 35 
cell-1-5-4 533 1044 33 35 
cell-1-5-5 566 1044 33 35 
cell-1-5-6 599 1044 33 35 
cell-1-5-7 632 1044 33 35 
cell-1-5-8 665 1044 33 35 
cell-1-5-9 698 1044 33 35 
cell-1-5-10 731 1044 33 35 
cell-1-6-0 401 1109 33 35 
cell-1-6-1 434 1109 33 35 
cell-1-6-2 467 1109 33 35 
cell-1-6-3 500 1109 33 35 
cell-1-6-4 533 1109 33 35 
cell-1-6-5 566 1109 33 35 
cell-1-6-6 599 1109 33 35 
cell-1-6-7 632 1109 33 35 
cell-1-6-8 665 1109 33 35 
cell-1-6-9 698 1109 33 35 
cell-1-6-10 731 1109 33 35 
