table-0 556 232 266 505 
cell-0-0-0 556 232 44 35 
cell-0-0-1 600 232 44 35 
cell-0-0-2 644 232 44 35 
cell-0-0-3 688 232 44 35 
cell-0-0-4 732 232 44 35 
cell-0-0-5 776 232 44 35 
cell-0-1-0 556 271 44 35 
cell-0-1-1 600 271 44 35 
cell-0-1-2 644 271 44 35 
cell-0-1-3 688 271 44 35 
cell-0-1-4 732 271 44 35 
cell-0-1-5 776 271 44 35 
cell-0-2-0 556 310 44 35 
cell-0-2-1 600 310 44 35 
cell-0-2-2 644 310 44 35 
cell-0-2-3 688 310 44 35 
cell-0-2-4 732 310 44 35 
cell-0-2-5 776 310 44 35 
cell-0-3-0 556 349 44 35 
cell-0-3-1 600 349 44 35 
cell-0-3-2 644 349 44 35 
cell-0-3-3 688 349 44 35 
cell-0-3-4 732 349 44 35 
cell-0-3-5 776 349 44 35 
cell-0-4-0 556 388 44 35 
cell-0-4-1 600 388 44 35 
cell-0-4-2 644 388 44 35 
cell-0-4-3 688 388 44 35 
cell-0-4-4 732 388 44 35 
cell-0-4-5 776 388 44 35 
cell-0-5-0 556 427 44 35 
cell-0-5-1 600 427 44 35 
cell-0-5-2 644 427 44 35 
cell-0-5-3 688 427 44 35 
cell-0-5-4 732 427 44 35 
cell-0-5-5 776 427 44 35 
cell-0-6-0 556 466 44 35 
cell-0-6-1 600 466 44 35 
cell-0-6-2 644 466 44 35 
cell-0-6-3 688 466 44 35 
cell-0-6-4 732 466 44 35 
cell-0-6-5 776 466 44 35 
cell-0-7-0 556 505 44 35 
cell-0-7-1 600 505 44 35 
cell-0-7-2 644 505 44 35 
cell-0-7-3 688 505 44 35 
cell-0-7-4 732 505 44 35 
cell-0-7-5 776 505 44 35 
cell-0-8-0 556 544 44 35 
cell-0-8-1 600 544 44 35 
cell-0-8-2 644 544 44 35 
cell-0-8-3 688 544 44 35 
cell-0-8-4 732 544 44 35 
cell-0-8-5 776 544 44 35 
cell-0-9-0 556 583 44 35 
cell-0-9-1 600 583 44 35 
cell-0-9-2 644 583 44 35 
cell-0-9-3 688 583 44 35 
cell-0-9-4 732 583 44 35 
cell-0-9-5 776 583 44 35 
cell-0-10-0 556 622 44 35 
cell-0-10-1 600 622 44 35 
cell-0-10-2 644 622 44 35 
cell-0-10-3 688 622 44 35 
cell-0-10-4 732 622 44 35 
cell-0-10-5 776 622 44 35 
cell-0-11-0 556 661 44 35 
cell-0-11-1 600 661 44 35 
cell-0-11-2 644 661 44 35 
cell-0-11-3 688 661 44 35 
cell-0-11-4 732 661 44 35 
cell-0-11-5 776 661 44 35 
cell-0-12-0 556 700 44 35 
cell-0-12-1 600 700 44 35 
cell-0-12-2 644 700 44 35 
cell-0-12-3 688 700 44 35 
cell-0-12-4 732 700 44 35 
cell-0-12-5 776 700 44 35 
table-2 289 993 500 303 
cell-2-0-0 289 993 62 35 
cell-2-0-1 351 993 62 35 
cell-2-0-2 413 993 62 35 
cell-2-0-3 475 993 62 35 
cell-2-0-4 537 993 62 35 
cell-2-0-5 599 993 62 35 
cell-2-0-6 661 993 62 35 
cell-2-0-7 723 993 62 35 
cell-2-1-0 289 1031 62 35 
cell-2-1-1 351 1031 62 35 
cell-2-1-2 413 1031 62 35 
cell-2-1-3 475 1031 62 35 
cell-2-1-4 537 1031 62 35 
cell-2-1-5 599 1031 62 35 
cell-2-1-6 661 1031 62 35 
cell-2-1-7 723 1031 62 35 
cell-2-2-0 289 1069 62 35 
cell-2-2-1 351 1069 62 35 
cell-2-2-2 413 1069 62 35 
cell-2-2-3 475 1069 62 35 
cell-2-2-4 537 1069 62 35 
cell-2-2-5 599 1069 62 35 
cell-2-2-6 661 1069 62 35 
cell-2-2-7 723 1069 62 35 
cell-2-3-0 289 1107 62 35 
cell-2-3-1 351 1107 62 35 
cell-2-3-2 413 1107 62 35 
cell-2-3-3 475 1107 62 35 
cell-2-3-4 537 1107 62 35 
cell-2-3-5 599 1107 62 35 
cell-2-3-6 661 1107 62 35 
cell-2-3-7 723 1107 62 35 
cell-2-4-0 289 1145 62 35 
cell-2-4-1 351 1145 62 35 
cell-2-4-2 413 1145 62 35 
cell-2-4-3 475 1145 62 35 
cell-2-4-4 537 1145 62 35 
cell-2-4-5 599 1145 62 35 
cell-2-4-6 661 1145 62 35 
cell-2-4-7 723 1145 62 35 
cell-2-5-0 289 1183 62 35 
cell-2-5-1 351 1183 62 35 
cell-2-5-2 413 1183 62 35 
cell-2-5-3 475 1183 62 35 
cell-2-5-4 537 1183 62 35 
cell-2-5-5 599 1183 62 35 
cell-2-5-6 661 1183 62 35 
cell-2-5-7 723 1183 62 35 
cell-2-6-0 289 1221 62 35 
cell-2-6-1 351 1221 62 35 
cell-2-6-2 413 1221 62 35 
cell-2-6-3 475 1221 62 35 
cell-2-6-4 537 1221 62 35 
cell-2-6-5 599 1221 62 35 
cell-2-6-6 661 1221 62 35 
cell-2-6-7 723 1221 62 35 
cell-2-7-0 289 1259 62 35 
cell-2-7-1 351 1259 62 35 
cell-2-7-2 413 1259 62 35 
cell-2-7-3 475 1259 62 35 
cell-2-7-4 537 1259 62 35 
cell-2-7-5 599 1259 62 35 
cell-2-7-6 661 1259 62 35 
cell-2-7-7 723 1259 62 35 
