table-0 746 669 222 447 
cell-0-0-0 746 669 44 35 
cell-0-0-1 790 669 44 35 
cell-0-0-2 834 669 44 35 
cell-0-0-3 878 669 44 35 
cell-0-0-4 922 669 44 35 
cell-0-1-0 746 710 44 35 
cell-0-1-1 790 710 44 35 
cell-0-1-2 834 710 44 35 
cell-0-1-3 878 710 44 35 
cell-0-1-4 922 710 44 35 
cell-0-2-0 746 751 44 35 
cell-0-2-1 790 751 44 35 
cell-0-2-2 834 751 44 35 
cell-0-2-3 878 751 44 35 
cell-0-2-4 922 751 44 35 
cell-0-3-0 746 792 44 35 
cell-0-3-1 790 792 44 35 
cell-0-3-2 834 792 44 35 
cell-0-3-3 878 792 44 35 
cell-0-3-4 922 792 44 35 
cell-0-4-0 746 833 44 35 
cell-0-4-1 790 833 44 35 
cell-0-4-2 834 833 44 35 
cell-0-4-3 878 833 44 35 
cell-0-4-4 922 833 44 35 
cell-0-5-0 746 874 44 35 
cell-0-5-1 790 874 44 35 
cell-0-5-2 834 874 44 35 
cell-0-5-3 878 874 44 35 
cell-0-5-4 922 874 44 35 
cell-0-6-0 746 915 44 35 
cell-0-6-1 790 915 44 35 
cell-0-6-2 834 915 44 35 
cell-0-6-3 878 915 44 35 
cell-0-6-4 922 915 44 35 
cell-0-7-0 746 956 44 35 
cell-0-7-1 790 956 44 35 
cell-0-7-2 834 956 44 35 
cell-0-7-3 878 956 44 35 
cell-0-7-4 922 956 44 35 
cell-0-8-0 746 997 44 35 
cell-0-8-1 790 997 44 35 
cell-0-8-2 834 997 44 35 
cell-0-8-3 878 997 44 35 
cell-0-8-4 922 997 44 35 
cell-0-9-0 746 1038 44 35 
cell-0-9-1 790 1038 44 35 
cell-0-9-2 834 1038 44 35 
cell-0-9-3 878 1038 44 35 
cell-0-9-4 922 1038 44 35 
cell-0-10-0 746 1079 44 35 
cell-0-10-1 790 1079 44 35 
cell-0-10-2 834 1079 44 35 
cell-0-10-3 878 1079 44 35 
cell-0-10-4 922 1079 44 35 
