table-0 67 381 673 858 
cell-0-0-0 67 381 45 43 
cell-0-0-1 112 381 45 43 
cell-0-0-2 157 381 45 43 
cell-0-0-3 202 381 45 43 
cell-0-0-4 247 381 491 43 
cell-0-1-0 67 439 45 43 
cell-0-1-1 112 439 45 43 
cell-0-1-2 157 439 45 43 
cell-0-1-3 202 439 45 43 
cell-0-1-4 247 439 491 43 
cell-0-2-0 67 497 45 43 
cell-0-2-1 112 497 45 43 
cell-0-2-2 157 497 45 43 
cell-0-2-3 202 497 45 43 
cell-0-2-4 247 497 491 43 
cell-0-3-0 67 555 45 43 
cell-0-3-1 112 555 45 43 
cell-0-3-2 157 555 45 43 
cell-0-3-3 202 555 45 43 
cell-0-3-4 247 555 491 43 
cell-0-4-0 67 613 45 43 
cell-0-4-1 112 613 45 43 
cell-0-4-2 157 613 45 43 
cell-0-4-3 202 613 45 43 
cell-0-4-4 247 613 491 43 
cell-0-5-0 67 671 45 43 
cell-0-5-1 112 671 45 43 
cell-0-5-2 157 671 45 43 
cell-0-5-3 202 671 45 43 
cell-0-5-4 247 671 491 43 
cell-0-6-0 67 729 45 43 
cell-0-6-1 112 729 45 43 
cell-0-6-2 157 729 45 43 
cell-0-6-3 202 729 45 43 
cell-0-6-4 247 729 491 43 
cell-0-7-0 67 787 45 43 
cell-0-7-1 112 787 45 43 
cell-0-7-2 157 787 45 43 
cell-0-7-3 202 787 45 43 
cell-0-7-4 247 787 491 43 
cell-0-8-0 67 845 45 43 
cell-0-8-1 112 845 45 43 
cell-0-8-2 157 845 45 43 
cell-0-8-3 202 845 45 43 
cell-0-8-4 247 845 491 43 
cell-0-9-0 67 903 45 43 
cell-0-9-1 112 903 45 43 
cell-0-9-2 157 903 45 43 
cell-0-9-3 202 903 45 43 
cell-0-9-4 247 903 491 43 
cell-0-10-0 67 961 45 43 
cell-0-10-1 112 961 45 43 
cell-0-10-2 157 961 45 43 
cell-0-10-3 202 961 45 43 
cell-0-10-4 247 961 491 43 
cell-0-11-0 67 1019 45 43 
cell-0-11-1 112 1019 45 43 
cell-0-11-2 157 1019 45 43 
cell-0-11-3 202 1019 45 43 
cell-0-11-4 247 1019 491 43 
cell-0-12-0 67 1077 45 43 
cell-0-12-1 112 1077 45 43 
cell-0-12-2 157 1077 45 43 
cell-0-12-3 202 1077 45 43 
cell-0-12-4 247 1077 491 43 
cell-0-13-0 67 1135 45 43 
cell-0-13-1 112 1135 45 43 
cell-0-13-2 157 1135 45 43 
cell-0-13-3 202 1135 45 43 
cell-0-13-4 247 1135 491 43 
cell-0-14-0 67 1193 45 43 
cell-0-14-1 112 1193 45 43 
cell-0-14-2 157 1193 45 43 
cell-0-14-3 202 1193 45 43 
cell-0-14-4 247 1193 491 43 
