table-0 127 1166 600 223 
cell-0-0-0 127 1166 150 41 
cell-0-0-1 277 1166 150 41 
cell-0-0-2 427 1166 150 41 
cell-0-0-3 577 1166 150 41 
cell-0-1-0 127 1211 150 41 
cell-0-1-1 277 1211 150 41 
cell-0-1-2 427 1211 150 41 
cell-0-1-3 577 1211 150 41 
cell-0-2-0 127 1256 150 41 
cell-0-2-1 277 1256 150 41 
cell-0-2-2 427 1256 150 41 
cell-0-2-3 577 1256 150 41 
cell-0-3-0 127 1301 150 41 
cell-0-3-1 277 1301 150 41 
cell-0-3-2 427 1301 150 41 
cell-0-3-3 577 1301 150 41 
cell-0-4-0 127 1346 150 41 
cell-0-4-1 277 1346 150 41 
cell-0-4-2 427 1346 150 41 
cell-0-4-3 577 1346 150 41 
table-1 88 65 698 502 
cell-1-0-0 88 65 43 41 
cell-1-0-1 131 65 43 41 
cell-1-0-2 174 65 43 41 
cell-1-0-3 217 65 43 41 
cell-1-0-4 260 65 43 41 
cell-1-0-5 303 65 43 41 
cell-1-0-6 346 65 440 41 
cell-1-1-0 88 111 43 41 
cell-1-1-1 131 111 43 41 
cell-1-1-2 174 111 43 41 
cell-1-1-3 217 111 43 41 
cell-1-1-4 260 111 43 41 
cell-1-1-5 303 111 43 41 
cell-1-1-6 346 111 440 41 
cell-1-2-0 88 157 43 41 
cell-1-2-1 131 157 43 41 
cell-1-2-2 174 157 43 41 
cell-1-2-3 217 157 43 41 
cell-1-2-4 260 157 43 41 
cell-1-2-5 303 157 43 41 
cell-1-2-6 346 157 440 41 
cell-1-3-0 88 203 43 41 
cell-1-3-1 131 203 43 41 
cell-1-3-2 174 203 43 41 
cell-1-3-3 217 203 43 41 
cell-1-3-4 260 203 43 41 
cell-1-3-5 303 203 43 41 
cell-1-3-6 346 203 440 41 
cell-1-4-0 88 249 43 41 
cell-1-4-1 131 249 43 41 
cell-1-4-2 174 249 43 41 
cell-1-4-3 217 249 43 41 
cell-1-4-4 260 249 43 41 
cell-1-4-5 303 249 43 41 
cell-1-4-6 346 249 440 41 
cell-1-5-0 88 295 43 41 
cell-1-5-1 131 295 43 41 
cell-1-5-2 174 295 43 41 
cell-1-5-3 217 295 43 41 
cell-1-5-4 260 295 43 41 
cell-1-5-5 303 295 43 41 
cell-1-5-6 346 295 440 41 
cell-1-6-0 88 341 43 41 
cell-1-6-1 131 341 43 41 
cell-1-6-2 174 341 43 41 
cell-1-6-3 217 341 43 41 
cell-1-6-4 260 341 43 41 
cell-1-6-5 303 341 43 41 
cell-1-6-6 346 341 440 41 
cell-1-7-0 88 387 43 41 
cell-1-7-1 131 387 43 41 
cell-1-7-2 174 387 43 41 
cell-1-7-3 217 387 43 41 
cell-1-7-4 260 387 43 41 
cell-1-7-5 303 387 43 41 
cell-1-7-6 346 387 440 41 
cell-1-8-0 88 433 43 41 
cell-1-8-1 131 433 43 41 
cell-1-8-2 174 433 43 41 
cell-1-8-3 217 433 43 41 
cell-1-8-4 260 433 43 41 
cell-1-8-5 303 433 43 41 
cell-1-8-6 346 433 440 41 
cell-1-9-0 88 479 43 41 
cell-1-9-1 131 479 43 41 
cell-1-9-2 174 479 43 41 
cell-1-9-3 217 479 43 41 
cell-1-9-4 260 479 43 41 
cell-1-9-5 303 479 43 41 
cell-1-9-6 346 479 440 41 
cell-1-10-0 88 525 43 41 
cell-1-10-1 131 525 43 41 
cell-1-10-2 174 525 43 41 
cell-1-10-3 217 525 43 41 
cell-1-10-4 260 525 43 41 
cell-1-10-5 303 525 43 41 
cell-1-10-6 346 525 440 41 
table-2 87 767 700 237 
cell-2-0-0 87 767 100 31 
cell-2-0-1 187 767 100 31 
cell-2-0-2 287 767 100 31 
cell-2-0-3 387 767 100 31 
cell-2-0-4 487 767 100 31 
cell-2-0-5 587 767 100 31 
cell-2-0-6 687 767 100 31 
cell-2-1-0 87 808 100 31 
cell-2-1-1 187 808 100 31 
cell-2-1-2 287 808 100 31 
cell-2-1-3 387 808 100 31 
cell-2-1-4 487 808 100 31 
cell-2-1-5 587 808 100 31 
cell-2-1-6 687 808 100 31 
cell-2-2-0 87 849 100 31 
cell-2-2-1 187 849 100 31 
cell-2-2-2 287 849 100 31 
cell-2-2-3 387 849 100 31 
cell-2-2-4 487 849 100 31 
cell-2-2-5 587 849 100 31 
cell-2-2-6 687 849 100 31 
cell-2-3-0 87 890 100 31 
cell-2-3-1 187 890 100 31 
cell-2-3-2 287 890 100 31 
cell-2-3-3 387 890 100 31 
cell-2-3-4 487 890 100 31 
cell-2-3-5 587 890 100 31 
cell-2-3-6 687 890 100 31 
cell-2-4-0 87 931 100 31 
cell-2-4-1 187 931 100 31 
cell-2-4-2 287 931 100 31 
cell-2-4-3 387 931 100 31 
cell-2-4-4 487 931 100 31 
cell-2-4-5 587 931 100 31 
cell-2-4-6 687 931 100 31 
cell-2-5-0 87 972 100 31 
cell-2-5-1 187 972 100 31 
cell-2-5-2 287 972 100 31 
cell-2-5-3 387 972 100 31 
cell-2-5-4 487 972 100 31 
cell-2-5-5 587 972 100 31 
cell-2-5-6 687 972 100 31 
