table-0 62 496 652 614 
cell-0-0-0 62 496 43 41 
cell-0-0-1 105 496 43 41 
cell-0-0-2 148 496 43 41 
cell-0-0-3 191 496 43 41 
cell-0-0-4 234 496 43 41 
cell-0-0-5 277 496 436 41 
cell-0-1-0 62 540 43 41 
cell-0-1-1 105 540 43 41 
cell-0-1-2 148 540 43 41 
cell-0-1-3 191 540 43 41 
cell-0-1-4 234 540 43 41 
cell-0-1-5 277 540 436 41 
cell-0-2-0 62 584 43 41 
cell-0-2-1 105 584 43 41 
cell-0-2-2 148 584 43 41 
cell-0-2-3 191 584 43 41 
cell-0-2-4 234 584 43 41 
cell-0-2-5 277 584 436 41 
cell-0-3-0 62 628 43 41 
cell-0-3-1 105 628 43 41 
cell-0-3-2 148 628 43 41 
cell-0-3-3 191 628 43 41 
cell-0-3-4 234 628 43 41 
cell-0-3-5 277 628 436 41 
cell-0-4-0 62 672 43 41 
cell-0-4-1 105 672 43 41 
cell-0-4-2 148 672 43 41 
cell-0-4-3 191 672 43 41 
cell-0-4-4 234 672 43 41 
cell-0-4-5 277 672 436 41 
cell-0-5-0 62 716 43 41 
cell-0-5-1 105 716 43 41 
cell-0-5-2 148 716 43 41 
cell-0-5-3 191 716 43 41 
cell-0-5-4 234 716 43 41 
cell-0-5-5 277 716 436 41 
cell-0-6-0 62 760 43 41 
cell-0-6-1 105 760 43 41 
cell-0-6-2 148 760 43 41 
cell-0-6-3 191 760 43 41 
cell-0-6-4 234 760 43 41 
cell-0-6-5 277 760 436 41 
cell-0-7-0 62 804 43 41 
cell-0-7-1 105 804 43 41 
cell-0-7-2 148 804 43 41 
cell-0-7-3 191 804 43 41 
cell-0-7-4 234 804 43 41 
cell-0-7-5 277 804 436 41 
cell-0-8-0 62 848 43 41 
cell-0-8-1 105 848 43 41 
cell-0-8-2 148 848 43 41 
cell-0-8-3 191 848 43 41 
cell-0-8-4 234 848 43 41 
cell-0-8-5 277 848 436 41 
cell-0-9-0 62 892 43 41 
cell-0-9-1 105 892 43 41 
cell-0-9-2 148 892 43 41 
cell-0-9-3 191 892 43 41 
cell-0-9-4 234 892 43 41 
cell-0-9-5 277 892 436 41 
cell-0-10-0 62 936 43 41 
cell-0-10-1 105 936 43 41 
cell-0-10-2 148 936 43 41 
cell-0-10-3 191 936 43 41 
cell-0-10-4 234 936 43 41 
cell-0-10-5 277 936 436 41 
cell-0-11-0 62 980 43 41 
cell-0-11-1 105 980 43 41 
cell-0-11-2 148 980 43 41 
cell-0-11-3 191 980 43 41 
cell-0-11-4 234 980 43 41 
cell-0-11-5 277 980 436 41 
cell-0-12-0 62 1024 43 41 
cell-0-12-1 105 1024 43 41 
cell-0-12-2 148 1024 43 41 
cell-0-12-3 191 1024 43 41 
cell-0-12-4 234 1024 43 41 
cell-0-12-5 277 1024 436 41 
cell-0-13-0 62 1068 43 41 
cell-0-13-1 105 1068 43 41 
cell-0-13-2 148 1068 43 41 
cell-0-13-3 191 1068 43 41 
cell-0-13-4 234 1068 43 41 
cell-0-13-5 277 1068 436 41 
