header-0 64 1154 804 193 
row-1-1 64 1154 405 40 
row-1-2 489 1154 306 40 
row-2-1 64 1204 339 40 
row-2-2 423 1204 442 40 
row-3-1 64 1254 471 40 
row-4-1 64 1304 537 40 
table-2 471 537 500 201 
cell-2-0-0 471 537 62 30 
cell-2-0-1 533 537 62 30 
cell-2-0-2 595 537 62 30 
cell-2-0-3 657 537 62 30 
cell-2-0-4 719 537 62 30 
cell-2-0-5 781 537 62 30 
cell-2-0-6 843 537 62 30 
cell-2-0-7 905 537 62 30 
cell-2-1-0 471 579 62 30 
cell-2-1-1 533 579 62 30 
cell-2-1-2 595 579 62 30 
cell-2-1-3 657 579 62 30 
cell-2-1-4 719 579 62 30 
cell-2-1-5 781 579 62 30 
cell-2-1-6 843 579 62 30 
cell-2-1-7 905 579 62 30 
cell-2-2-0 471 621 62 30 
cell-2-2-1 533 621 62 30 
cell-2-2-2 595 621 62 30 
cell-2-2-3 657 621 62 30 
cell-2-2-4 719 621 62 30 
cell-2-2-5 781 621 62 30 
cell-2-2-6 843 621 62 30 
cell-2-2-7 905 621 62 30 
cell-2-3-0 471 663 62 30 
cell-2-3-1 533 663 62 30 
cell-2-3-2 595 663 62 30 
cell-2-3-3 657 663 62 30 
cell-2-3-4 719 663 62 30 
cell-2-3-5 781 663 62 30 
cell-2-3-6 843 663 62 30 
cell-2-3-7 905 663 62 30 
cell-2-4-0 471 705 62 30 
cell-2-4-1 533 705 62 30 
cell-2-4-2 595 705 62 30 
cell-2-4-3 657 705 62 30 
cell-2-4-4 719 705 62 30 
cell-2-4-5 781 705 62 30 
cell-2-4-6 843 705 62 30 
cell-2-4-7 905 705 62 30 
