table-0 573 85 222 447 
cell-0-0-0 573 85 44 35 
cell-0-0-1 617 85 44 35 
cell-0-0-2 661 85 44 35 
cell-0-0-3 705 85 44 35 
cell-0-0-4 749 85 44 35 
cell-0-1-0 573 126 44 35 
cell-0-1-1 617 126 44 35 
cell-0-1-2 661 126 44 35 
cell-0-1-3 705 126 44 35 
cell-0-1-4 749 126 44 35 
cell-0-2-0 573 167 44 35 
cell-0-2-1 617 167 44 35 
cell-0-2-2 661 167 44 35 
cell-0-2-3 705 167 44 35 
cell-0-2-4 749 167 44 35 
cell-0-3-0 573 208 44 35 
cell-0-3-1 617 208 44 35 
cell-0-3-2 661 208 44 35 
cell-0-3-3 705 208 44 35 
cell-0-3-4 749 208 44 35 
cell-0-4-0 573 249 44 35 
cell-0-4-1 617 249 44 35 
cell-0-4-2 661 249 44 35 
cell-0-4-3 705 249 44 35 
cell-0-4-4 749 249 44 35 
cell-0-5-0 573 290 44 35 
cell-0-5-1 617 290 44 35 
cell-0-5-2 661 290 44 35 
cell-0-5-3 705 290 44 35 
cell-0-5-4 749 290 44 35 
cell-0-6-0 573 331 44 35 
cell-0-6-1 617 331 44 35 
cell-0-6-2 661 331 44 35 
cell-0-6-3 705 331 44 35 
cell-0-6-4 749 331 44 35 
cell-0-7-0 573 372 44 35 
cell-0-7-1 617 372 44 35 
cell-0-7-2 661 372 44 35 
cell-0-7-3 705 372 44 35 
cell-0-7-4 749 372 44 35 
cell-0-8-0 573 413 44 35 
cell-0-8-1 617 413 44 35 
cell-0-8-2 661 413 44 35 
cell-0-8-3 705 413 44 35 
cell-0-8-4 749 413 44 35 
cell-0-9-0 573 454 44 35 
cell-0-9-1 617 454 44 35 
cell-0-9-2 661 454 44 35 
cell-0-9-3 705 454 44 35 
cell-0-9-4 749 454 44 35 
cell-0-10-0 573 495 44 35 
cell-0-10-1 617 495 44 35 
cell-0-10-2 661 495 44 35 
cell-0-10-3 705 495 44 35 
cell-0-10-4 749 495 44 35 
table-1 693 777 216 530 
cell-1-0-0 693 777 43 35 
cell-1-0-1 736 777 43 35 
cell-1-0-2 779 777 43 35 
cell-1-0-3 822 777 43 35 
cell-1-0-4 865 777 43 35 
cell-1-1-0 693 815 43 35 
cell-1-1-1 736 815 43 35 
cell-1-1-2 779 815 43 35 
cell-1-1-3 822 815 43 35 
cell-1-1-4 865 815 43 35 
cell-1-2-0 693 853 43 35 
cell-1-2-1 736 853 43 35 
cell-1-2-2 779 853 43 35 
cell-1-2-3 822 853 43 35 
cell-1-2-4 865 853 43 35 
cell-1-3-0 693 891 43 35 
cell-1-3-1 736 891 43 35 
cell-1-3-2 779 891 43 35 
cell-1-3-3 822 891 43 35 
cell-1-3-4 865 891 43 35 
cell-1-4-0 693 929 43 35 
cell-1-4-1 736 929 43 35 
cell-1-4-2 779 929 43 35 
cell-1-4-3 822 929 43 35 
cell-1-4-4 865 929 43 35 
cell-1-5-0 693 967 43 35 
cell-1-5-1 736 967 43 35 
cell-1-5-2 779 967 43 35 
cell-1-5-3 822 967 43 35 
cell-1-5-4 865 967 43 35 
cell-1-6-0 693 1005 43 35 
cell-1-6-1 736 1005 43 35 
cell-1-6-2 779 1005 43 35 
cell-1-6-3 822 1005 43 35 
cell-1-6-4 865 1005 43 35 
cell-1-7-0 693 1043 43 35 
cell-1-7-1 736 1043 43 35 
cell-1-7-2 779 1043 43 35 
cell-1-7-3 822 1043 43 35 
cell-1-7-4 865 1043 43 35 
cell-1-8-0 693 1081 43 35 
cell-1-8-1 736 1081 43 35 
cell-1-8-2 779 1081 43 35 
cell-1-8-3 822 1081 43 35 
cell-1-8-4 865 1081 43 35 
cell-1-9-0 693 1119 43 35 
cell-1-9-1 736 1119 43 35 
cell-1-9-2 779 1119 43 35 
cell-1-9-3 822 1119 43 35 
cell-1-9-4 865 1119 43 35 
cell-1-10-0 693 1157 43 35 
cell-1-10-1 736 1157 43 35 
cell-1-10-2 779 1157 43 35 
cell-1-10-3 822 1157 43 35 
cell-1-10-4 865 1157 43 35 
cell-1-11-0 693 1195 43 35 
cell-1-11-1 736 1195 43 35 
cell-1-11-2 779 1195 43 35 
cell-1-11-3 822 1195 43 35 
cell-1-11-4 865 1195 43 35 
cell-1-12-0 693 1233 43 35 
cell-1-12-1 736 1233 43 35 
cell-1-12-2 779 1233 43 35 
cell-1-12-3 822 1233 43 35 
cell-1-12-4 865 1233 43 35 
cell-1-13-0 693 1271 43 35 
cell-1-13-1 736 1271 43 35 
cell-1-13-2 779 1271 43 35 
cell-1-13-3 822 1271 43 35 
cell-1-13-4 865 1271 43 35 
