table-0 663 544 273 597 
cell-0-0-0 663 544 45 35 
cell-0-0-1 708 544 45 35 
cell-0-0-2 753 544 45 35 
cell-0-0-3 798 544 45 35 
cell-0-0-4 843 544 45 35 
cell-0-0-5 888 544 45 35 
cell-0-1-0 663 587 45 35 
cell-0-1-1 708 587 45 35 
cell-0-1-2 753 587 45 35 
cell-0-1-3 798 587 45 35 
cell-0-1-4 843 587 45 35 
cell-0-1-5 888 587 45 35 
cell-0-2-0 663 630 45 35 
cell-0-2-1 708 630 45 35 
cell-0-2-2 753 630 45 35 
cell-0-2-3 798 630 45 35 
cell-0-2-4 843 630 45 35 
cell-0-2-5 888 630 45 35 
cell-0-3-0 663 673 45 35 
cell-0-3-1 708 673 45 35 
cell-0-3-2 753 673 45 35 
cell-0-3-3 798 673 45 35 
cell-0-3-4 843 673 45 35 
cell-0-3-5 888 673 45 35 
cell-0-4-0 663 716 45 35 
cell-0-4-1 708 716 45 35 
cell-0-4-2 753 716 45 35 
cell-0-4-3 798 716 45 35 
cell-0-4-4 843 716 45 35 
cell-0-4-5 888 716 45 35 
cell-0-5-0 663 759 45 35 
cell-0-5-1 708 759 45 35 
cell-0-5-2 753 759 45 35 
cell-0-5-3 798 759 45 35 
cell-0-5-4 843 759 45 35 
cell-0-5-5 888 759 45 35 
cell-0-6-0 663 802 45 35 
cell-0-6-1 708 802 45 35 
cell-0-6-2 753 802 45 35 
cell-0-6-3 798 802 45 35 
cell-0-6-4 843 802 45 35 
cell-0-6-5 888 802 45 35 
cell-0-7-0 663 845 45 35 
cell-0-7-1 708 845 45 35 
cell-0-7-2 753 845 45 35 
cell-0-7-3 798 845 45 35 
cell-0-7-4 843 845 45 35 
cell-0-7-5 888 845 45 35 
cell-0-8-0 663 888 45 35 
cell-0-8-1 708 888 45 35 
cell-0-8-2 753 888 45 35 
cell-0-8-3 798 888 45 35 
cell-0-8-4 843 888 45 35 
cell-0-8-5 888 888 45 35 
cell-0-9-0 663 931 45 35 
cell-0-9-1 708 931 45 35 
cell-0-9-2 753 931 45 35 
cell-0-9-3 798 931 45 35 
cell-0-9-4 843 931 45 35 
cell-0-9-5 888 931 45 35 
cell-0-10-0 663 974 45 35 
cell-0-10-1 708 974 45 35 
cell-0-10-2 753 974 45 35 
cell-0-10-3 798 974 45 35 
cell-0-10-4 843 974 45 35 
cell-0-10-5 888 974 45 35 
cell-0-11-0 663 1017 45 35 
cell-0-11-1 708 1017 45 35 
cell-0-11-2 753 1017 45 35 
cell-0-11-3 798 1017 45 35 
cell-0-11-4 843 1017 45 35 
cell-0-11-5 888 1017 45 35 
cell-0-12-0 663 1060 45 35 
cell-0-12-1 708 1060 45 35 
cell-0-12-2 753 1060 45 35 
cell-0-12-3 798 1060 45 35 
cell-0-12-4 843 1060 45 35 
cell-0-12-5 888 1060 45 35 
cell-0-13-0 663 1103 45 35 
cell-0-13-1 708 1103 45 35 
cell-0-13-2 753 1103 45 35 
cell-0-13-3 798 1103 45 35 
cell-0-13-4 843 1103 45 35 
cell-0-13-5 888 1103 45 35 
