table-0 298 368 692 630 
cell-0-0-0 298 368 43 41 
cell-0-0-1 341 368 43 41 
cell-0-0-2 384 368 43 41 
cell-0-0-3 427 368 43 41 
cell-0-0-4 470 368 43 41 
cell-0-0-5 513 368 43 41 
cell-0-0-6 556 368 434 41 
cell-0-1-0 298 410 43 41 
cell-0-1-1 341 410 43 41 
cell-0-1-2 384 410 43 41 
cell-0-1-3 427 410 43 41 
cell-0-1-4 470 410 43 41 
cell-0-1-5 513 410 43 41 
cell-0-1-6 556 410 434 41 
cell-0-2-0 298 452 43 41 
cell-0-2-1 341 452 43 41 
cell-0-2-2 384 452 43 41 
cell-0-2-3 427 452 43 41 
cell-0-2-4 470 452 43 41 
cell-0-2-5 513 452 43 41 
cell-0-2-6 556 452 434 41 
cell-0-3-0 298 494 43 41 
cell-0-3-1 341 494 43 41 
cell-0-3-2 384 494 43 41 
cell-0-3-3 427 494 43 41 
cell-0-3-4 470 494 43 41 
cell-0-3-5 513 494 43 41 
cell-0-3-6 556 494 434 41 
cell-0-4-0 298 536 43 41 
cell-0-4-1 341 536 43 41 
cell-0-4-2 384 536 43 41 
cell-0-4-3 427 536 43 41 
cell-0-4-4 470 536 43 41 
cell-0-4-5 513 536 43 41 
cell-0-4-6 556 536 434 41 
cell-0-5-0 298 578 43 41 
cell-0-5-1 341 578 43 41 
cell-0-5-2 384 578 43 41 
cell-0-5-3 427 578 43 41 
cell-0-5-4 470 578 43 41 
cell-0-5-5 513 578 43 41 
cell-0-5-6 556 578 434 41 
cell-0-6-0 298 620 43 41 
cell-0-6-1 341 620 43 41 
cell-0-6-2 384 620 43 41 
cell-0-6-3 427 620 43 41 
cell-0-6-4 470 620 43 41 
cell-0-6-5 513 620 43 41 
cell-0-6-6 556 620 434 41 
cell-0-7-0 298 662 43 41 
cell-0-7-1 341 662 43 41 
cell-0-7-2 384 662 43 41 
cell-0-7-3 427 662 43 41 
cell-0-7-4 470 662 43 41 
cell-0-7-5 513 662 43 41 
cell-0-7-6 556 662 434 41 
cell-0-8-0 298 704 43 41 
cell-0-8-1 341 704 43 41 
cell-0-8-2 384 704 43 41 
cell-0-8-3 427 704 43 41 
cell-0-8-4 470 704 43 41 
cell-0-8-5 513 704 43 41 
cell-0-8-6 556 704 434 41 
cell-0-9-0 298 746 43 41 
cell-0-9-1 341 746 43 41 
cell-0-9-2 384 746 43 41 
cell-0-9-3 427 746 43 41 
cell-0-9-4 470 746 43 41 
cell-0-9-5 513 746 43 41 
cell-0-9-6 556 746 434 41 
cell-0-10-0 298 788 43 41 
cell-0-10-1 341 788 43 41 
cell-0-10-2 384 788 43 41 
cell-0-10-3 427 788 43 41 
cell-0-10-4 470 788 43 41 
cell-0-10-5 513 788 43 41 
cell-0-10-6 556 788 434 41 
cell-0-11-0 298 830 43 41 
cell-0-11-1 341 830 43 41 
cell-0-11-2 384 830 43 41 
cell-0-11-3 427 830 43 41 
cell-0-11-4 470 830 43 41 
cell-0-11-5 513 830 43 41 
cell-0-11-6 556 830 434 41 
cell-0-12-0 298 872 43 41 
cell-0-12-1 341 872 43 41 
cell-0-12-2 384 872 43 41 
cell-0-12-3 427 872 43 41 
cell-0-12-4 470 872 43 41 
cell-0-12-5 513 872 43 41 
cell-0-12-6 556 872 434 41 
cell-0-13-0 298 914 43 41 
cell-0-13-1 341 914 43 41 
cell-0-13-2 384 914 43 41 
cell-0-13-3 427 914 43 41 
cell-0-13-4 470 914 43 41 
cell-0-13-5 513 914 43 41 
cell-0-13-6 556 914 434 41 
cell-0-14-0 298 956 43 41 
cell-0-14-1 341 956 43 41 
cell-0-14-2 384 956 43 41 
cell-0-14-3 427 956 43 41 
cell-0-14-4 470 956 43 41 
cell-0-14-5 513 956 43 41 
cell-0-14-6 556 956 434 41 
