table-0 279 987 700 396 
cell-0-1-0 279 987 34 35 
cell-0-1-1 316 987 34 35 
cell-0-1-2 353 987 34 35 
cell-0-1-3 390 987 34 35 
cell-0-1-4 427 987 34 35 
cell-0-1-5 464 987 34 35 
cell-0-1-6 501 987 34 35 
cell-0-1-7 538 987 34 35 
cell-0-1-8 575 987 34 35 
cell-0-1-9 612 987 34 35 
cell-0-1-10 649 987 34 35 
cell-0-1-11 686 987 34 35 
cell-0-1-12 723 987 34 35 
cell-0-1-13 760 987 34 35 
cell-0-1-14 797 987 34 35 
cell-0-1-15 834 987 34 35 
cell-0-1-16 871 987 34 35 
cell-0-1-17 908 987 34 35 
cell-0-1-18 945 987 34 35 
cell-0-2-0 279 1027 34 35 
cell-0-2-1 316 1027 34 35 
cell-0-2-2 353 1027 34 35 
cell-0-2-3 390 1027 34 35 
cell-0-2-4 427 1027 34 35 
cell-0-2-5 464 1027 34 35 
cell-0-2-6 501 1027 34 35 
cell-0-2-7 538 1027 34 35 
cell-0-2-8 575 1027 34 35 
cell-0-2-9 612 1027 34 35 
cell-0-2-10 649 1027 34 35 
cell-0-2-11 686 1027 34 35 
cell-0-2-12 723 1027 34 35 
cell-0-2-13 760 1027 34 35 
cell-0-2-14 797 1027 34 35 
cell-0-2-15 834 1027 34 35 
cell-0-2-16 871 1027 34 35 
cell-0-2-17 908 1027 34 35 
cell-0-2-18 945 1027 34 35 
cell-0-3-0 279 1067 34 35 
cell-0-3-1 316 1067 34 35 
cell-0-3-2 353 1067 34 35 
cell-0-3-3 390 1067 34 35 
cell-0-3-4 427 1067 34 35 
cell-0-3-5 464 1067 34 35 
cell-0-3-6 501 1067 34 35 
cell-0-3-7 538 1067 34 35 
cell-0-3-8 575 1067 34 35 
cell-0-3-9 612 1067 34 35 
cell-0-3-10 649 1067 34 35 
cell-0-3-11 686 1067 34 35 
cell-0-3-12 723 1067 34 35 
cell-0-3-13 760 1067 34 35 
cell-0-3-14 797 1067 34 35 
cell-0-3-15 834 1067 34 35 
cell-0-3-16 871 1067 34 35 
cell-0-3-17 908 1067 34 35 
cell-0-3-18 945 1067 34 35 
cell-0-4-0 279 1107 34 35 
cell-0-4-1 316 1107 34 35 
cell-0-4-2 353 1107 34 35 
cell-0-4-3 390 1107 34 35 
cell-0-4-4 427 1107 34 35 
cell-0-4-5 464 1107 34 35 
cell-0-4-6 501 1107 34 35 
cell-0-4-7 538 1107 34 35 
cell-0-4-8 575 1107 34 35 
cell-0-4-9 612 1107 34 35 
cell-0-4-10 649 1107 34 35 
cell-0-4-11 686 1107 34 35 
cell-0-4-12 723 1107 34 35 
cell-0-4-13 760 1107 34 35 
cell-0-4-14 797 1107 34 35 
cell-0-4-15 834 1107 34 35 
cell-0-4-16 871 1107 34 35 
cell-0-4-17 908 1107 34 35 
cell-0-4-18 945 1107 34 35 
cell-0-5-0 279 1147 34 35 
cell-0-5-1 316 1147 34 35 
cell-0-5-2 353 1147 34 35 
cell-0-5-3 390 1147 34 35 
cell-0-5-4 427 1147 34 35 
cell-0-5-5 464 1147 34 35 
cell-0-5-6 501 1147 34 35 
cell-0-5-7 538 1147 34 35 
cell-0-5-8 575 1147 34 35 
cell-0-5-9 612 1147 34 35 
cell-0-5-10 649 1147 34 35 
cell-0-5-11 686 1147 34 35 
cell-0-5-12 723 1147 34 35 
cell-0-5-13 760 1147 34 35 
cell-0-5-14 797 1147 34 35 
cell-0-5-15 834 1147 34 35 
cell-0-5-16 871 1147 34 35 
cell-0-5-17 908 1147 34 35 
cell-0-5-18 945 1147 34 35 
cell-0-6-0 279 1187 34 35 
cell-0-6-1 316 1187 34 35 
cell-0-6-2 353 1187 34 35 
cell-0-6-3 390 1187 34 35 
cell-0-6-4 427 1187 34 35 
cell-0-6-5 464 1187 34 35 
cell-0-6-6 501 1187 34 35 
cell-0-6-7 538 1187 34 35 
cell-0-6-8 575 1187 34 35 
cell-0-6-9 612 1187 34 35 
cell-0-6-10 649 1187 34 35 
cell-0-6-11 686 1187 34 35 
cell-0-6-12 723 1187 34 35 
cell-0-6-13 760 1187 34 35 
cell-0-6-14 797 1187 34 35 
cell-0-6-15 834 1187 34 35 
cell-0-6-16 871 1187 34 35 
cell-0-6-17 908 1187 34 35 
cell-0-6-18 945 1187 34 35 
cell-0-7-0 279 1227 34 35 
cell-0-7-1 316 1227 34 35 
cell-0-7-2 353 1227 34 35 
cell-0-7-3 390 1227 34 35 
cell-0-7-4 427 1227 34 35 
cell-0-7-5 464 1227 34 35 
cell-0-7-6 501 1227 34 35 
cell-0-7-7 538 1227 34 35 
cell-0-7-8 575 1227 34 35 
cell-0-7-9 612 1227 34 35 
cell-0-7-10 649 1227 34 35 
cell-0-7-11 686 1227 34 35 
cell-0-7-12 723 1227 34 35 
cell-0-7-13 760 1227 34 35 
cell-0-7-14 797 1227 34 35 
cell-0-7-15 834 1227 34 35 
cell-0-7-16 871 1227 34 35 
cell-0-7-17 908 1227 34 35 
cell-0-7-18 945 1227 34 35 
cell-0-8-0 279 1267 34 35 
cell-0-8-1 316 1267 34 35 
cell-0-8-2 353 1267 34 35 
cell-0-8-3 390 1267 34 35 
cell-0-8-4 427 1267 34 35 
cell-0-8-5 464 1267 34 35 
cell-0-8-6 501 1267 34 35 
cell-0-8-7 538 1267 34 35 
cell-0-8-8 575 1267 34 35 
cell-0-8-9 612 1267 34 35 
cell-0-8-10 649 1267 34 35 
cell-0-8-11 686 1267 34 35 
cell-0-8-12 723 1267 34 35 
cell-0-8-13 760 1267 34 35 
cell-0-8-14 797 1267 34 35 
cell-0-8-15 834 1267 34 35 
cell-0-8-16 871 1267 34 35 
cell-0-8-17 908 1267 34 35 
cell-0-8-18 945 1267 34 35 
cell-0-9-0 279 1307 34 35 
cell-0-9-1 316 1307 34 35 
cell-0-9-2 353 1307 34 35 
cell-0-9-3 390 1307 34 35 
cell-0-9-4 427 1307 34 35 
cell-0-9-5 464 1307 34 35 
cell-0-9-6 501 1307 34 35 
cell-0-9-7 538 1307 34 35 
cell-0-9-8 575 1307 34 35 
cell-0-9-9 612 1307 34 35 
cell-0-9-10 649 1307 34 35 
cell-0-9-11 686 1307 34 35 
cell-0-9-12 723 1307 34 35 
cell-0-9-13 760 1307 34 35 
cell-0-9-14 797 1307 34 35 
cell-0-9-15 834 1307 34 35 
cell-0-9-16 871 1307 34 35 
cell-0-9-17 908 1307 34 35 
cell-0-9-18 945 1307 34 35 
cell-0-10-0 279 1347 34 35 
cell-0-10-1 316 1347 34 35 
cell-0-10-2 353 1347 34 35 
cell-0-10-3 390 1347 34 35 
cell-0-10-4 427 1347 34 35 
cell-0-10-5 464 1347 34 35 
cell-0-10-6 501 1347 34 35 
cell-0-10-7 538 1347 34 35 
cell-0-10-8 575 1347 34 35 
cell-0-10-9 612 1347 34 35 
cell-0-10-10 649 1347 34 35 
cell-0-10-11 686 1347 34 35 
cell-0-10-12 723 1347 34 35 
cell-0-10-13 760 1347 34 35 
cell-0-10-14 797 1347 34 35 
cell-0-10-15 834 1347 34 35 
cell-0-10-16 871 1347 34 35 
cell-0-10-17 908 1347 34 35 
cell-0-10-18 945 1347 34 35 
table-1 723 215 228 571 
cell-1-0-0 723 215 45 35 
cell-1-0-1 768 215 45 35 
cell-1-0-2 813 215 45 35 
cell-1-0-3 858 215 45 35 
cell-1-0-4 903 215 45 35 
cell-1-1-0 723 256 45 35 
cell-1-1-1 768 256 45 35 
cell-1-1-2 813 256 45 35 
cell-1-1-3 858 256 45 35 
cell-1-1-4 903 256 45 35 
cell-1-2-0 723 297 45 35 
cell-1-2-1 768 297 45 35 
cell-1-2-2 813 297 45 35 
cell-1-2-3 858 297 45 35 
cell-1-2-4 903 297 45 35 
cell-1-3-0 723 338 45 35 
cell-1-3-1 768 338 45 35 
cell-1-3-2 813 338 45 35 
cell-1-3-3 858 338 45 35 
cell-1-3-4 903 338 45 35 
cell-1-4-0 723 379 45 35 
cell-1-4-1 768 379 45 35 
cell-1-4-2 813 379 45 35 
cell-1-4-3 858 379 45 35 
cell-1-4-4 903 379 45 35 
cell-1-5-0 723 420 45 35 
cell-1-5-1 768 420 45 35 
cell-1-5-2 813 420 45 35 
cell-1-5-3 858 420 45 35 
cell-1-5-4 903 420 45 35 
cell-1-6-0 723 461 45 35 
cell-1-6-1 768 461 45 35 
cell-1-6-2 813 461 45 35 
cell-1-6-3 858 461 45 35 
cell-1-6-4 903 461 45 35 
cell-1-7-0 723 502 45 35 
cell-1-7-1 768 502 45 35 
cell-1-7-2 813 502 45 35 
cell-1-7-3 858 502 45 35 
cell-1-7-4 903 502 45 35 
cell-1-8-0 723 543 45 35 
cell-1-8-1 768 543 45 35 
cell-1-8-2 813 543 45 35 
cell-1-8-3 858 543 45 35 
cell-1-8-4 903 543 45 35 
cell-1-9-0 723 584 45 35 
cell-1-9-1 768 584 45 35 
cell-1-9-2 813 584 45 35 
cell-1-9-3 858 584 45 35 
cell-1-9-4 903 584 45 35 
cell-1-10-0 723 625 45 35 
cell-1-10-1 768 625 45 35 
cell-1-10-2 813 625 45 35 
cell-1-10-3 858 625 45 35 
cell-1-10-4 903 625 45 35 
cell-1-11-0 723 666 45 35 
cell-1-11-1 768 666 45 35 
cell-1-11-2 813 666 45 35 
cell-1-11-3 858 666 45 35 
cell-1-11-4 903 666 45 35 
cell-1-12-0 723 707 45 35 
cell-1-12-1 768 707 45 35 
cell-1-12-2 813 707 45 35 
cell-1-12-3 858 707 45 35 
cell-1-12-4 903 707 45 35 
cell-1-13-0 723 748 45 35 
cell-1-13-1 768 748 45 35 
cell-1-13-2 813 748 45 35 
cell-1-13-3 858 748 45 35 
cell-1-13-4 903 748 45 35 
table-2 65 196 530 382 
cell-2-1-0 65 196 38 35 
cell-2-1-1 106 196 38 35 
cell-2-1-2 147 196 38 35 
cell-2-1-3 188 196 38 35 
cell-2-1-4 229 196 38 35 
cell-2-1-5 270 196 38 35 
cell-2-1-6 311 196 38 35 
cell-2-1-7 352 196 38 35 
cell-2-1-8 393 196 38 35 
cell-2-1-9 434 196 38 35 
cell-2-1-10 475 196 38 35 
cell-2-1-11 516 196 38 35 
cell-2-1-12 557 196 38 35 
cell-2-2-0 65 239 38 35 
cell-2-2-1 106 239 38 35 
cell-2-2-2 147 239 38 35 
cell-2-2-3 188 239 38 35 
cell-2-2-4 229 239 38 35 
cell-2-2-5 270 239 38 35 
cell-2-2-6 311 239 38 35 
cell-2-2-7 352 239 38 35 
cell-2-2-8 393 239 38 35 
cell-2-2-9 434 239 38 35 
cell-2-2-10 475 239 38 35 
cell-2-2-11 516 239 38 35 
cell-2-2-12 557 239 38 35 
cell-2-3-0 65 282 38 35 
cell-2-3-1 106 282 38 35 
cell-2-3-2 147 282 38 35 
cell-2-3-3 188 282 38 35 
cell-2-3-4 229 282 38 35 
cell-2-3-5 270 282 38 35 
cell-2-3-6 311 282 38 35 
cell-2-3-7 352 282 38 35 
cell-2-3-8 393 282 38 35 
cell-2-3-9 434 282 38 35 
cell-2-3-10 475 282 38 35 
cell-2-3-11 516 282 38 35 
cell-2-3-12 557 282 38 35 
cell-2-4-0 65 325 38 35 
cell-2-4-1 106 325 38 35 
cell-2-4-2 147 325 38 35 
cell-2-4-3 188 325 38 35 
cell-2-4-4 229 325 38 35 
cell-2-4-5 270 325 38 35 
cell-2-4-6 311 325 38 35 
cell-2-4-7 352 325 38 35 
cell-2-4-8 393 325 38 35 
cell-2-4-9 434 325 38 35 
cell-2-4-10 475 325 38 35 
cell-2-4-11 516 325 38 35 
cell-2-4-12 557 325 38 35 
cell-2-5-0 65 368 38 35 
cell-2-5-1 106 368 38 35 
cell-2-5-2 147 368 38 35 
cell-2-5-3 188 368 38 35 
cell-2-5-4 229 368 38 35 
cell-2-5-5 270 368 38 35 
cell-2-5-6 311 368 38 35 
cell-2-5-7 352 368 38 35 
cell-2-5-8 393 368 38 35 
cell-2-5-9 434 368 38 35 
cell-2-5-10 475 368 38 35 
cell-2-5-11 516 368 38 35 
cell-2-5-12 557 368 38 35 
cell-2-6-0 65 411 38 35 
cell-2-6-1 106 411 38 35 
cell-2-6-2 147 411 38 35 
cell-2-6-3 188 411 38 35 
cell-2-6-4 229 411 38 35 
cell-2-6-5 270 411 38 35 
cell-2-6-6 311 411 38 35 
cell-2-6-7 352 411 38 35 
cell-2-6-8 393 411 38 35 
cell-2-6-9 434 411 38 35 
cell-2-6-10 475 411 38 35 
cell-2-6-11 516 411 38 35 
cell-2-6-12 557 411 38 35 
cell-2-7-0 65 454 38 35 
cell-2-7-1 106 454 38 35 
cell-2-7-2 147 454 38 35 
cell-2-7-3 188 454 38 35 
cell-2-7-4 229 454 38 35 
cell-2-7-5 270 454 38 35 
cell-2-7-6 311 454 38 35 
cell-2-7-7 352 454 38 35 
cell-2-7-8 393 454 38 35 
cell-2-7-9 434 454 38 35 
cell-2-7-10 475 454 38 35 
cell-2-7-11 516 454 38 35 
cell-2-7-12 557 454 38 35 
cell-2-8-0 65 497 38 35 
cell-2-8-1 106 497 38 35 
cell-2-8-2 147 497 38 35 
cell-2-8-3 188 497 38 35 
cell-2-8-4 229 497 38 35 
cell-2-8-5 270 497 38 35 
cell-2-8-6 311 497 38 35 
cell-2-8-7 352 497 38 35 
cell-2-8-8 393 497 38 35 
cell-2-8-9 434 497 38 35 
cell-2-8-10 475 497 38 35 
cell-2-8-11 516 497 38 35 
cell-2-8-12 557 497 38 35 
cell-2-9-0 65 540 38 35 
cell-2-9-1 106 540 38 35 
cell-2-9-2 147 540 38 35 
cell-2-9-3 188 540 38 35 
cell-2-9-4 229 540 38 35 
cell-2-9-5 270 540 38 35 
cell-2-9-6 311 540 38 35 
cell-2-9-7 352 540 38 35 
cell-2-9-8 393 540 38 35 
cell-2-9-9 434 540 38 35 
cell-2-9-10 475 540 38 35 
cell-2-9-11 516 540 38 35 
cell-2-9-12 557 540 38 35 
