table-0 75 121 800 547 
cell-0-0-0 75 121 200 55 
cell-0-0-1 275 121 200 55 
cell-0-0-2 475 121 200 55 
cell-0-0-3 675 121 200 55 
cell-0-1-0 75 191 200 55 
cell-0-1-1 275 191 200 55 
cell-0-1-2 475 191 200 55 
cell-0-1-3 675 191 200 55 
cell-0-2-0 75 261 200 55 
cell-0-2-1 275 261 200 55 
cell-0-2-2 475 261 200 55 
cell-0-2-3 675 261 200 55 
cell-0-3-0 75 331 200 55 
cell-0-3-1 275 331 200 55 
cell-0-3-2 475 331 200 55 
cell-0-3-3 675 331 200 55 
cell-0-4-0 75 401 200 55 
cell-0-4-1 275 401 200 55 
cell-0-4-2 475 401 200 55 
cell-0-4-3 675 401 200 55 
cell-0-5-0 75 471 200 55 
cell-0-5-1 275 471 200 55 
cell-0-5-2 475 471 200 55 
cell-0-5-3 675 471 200 55 
cell-0-6-0 75 541 200 55 
cell-0-6-1 275 541 200 55 
cell-0-6-2 475 541 200 55 
cell-0-6-3 675 541 200 55 
cell-0-7-0 75 611 200 55 
cell-0-7-1 275 611 200 55 
cell-0-7-2 475 611 200 55 
cell-0-7-3 675 611 200 55 
