table-0 77 593 671 656 
cell-0-0-0 77 593 44 42 
cell-0-0-1 121 593 44 42 
cell-0-0-2 165 593 44 42 
cell-0-0-3 209 593 44 42 
cell-0-0-4 253 593 493 42 
cell-0-1-0 77 644 44 42 
cell-0-1-1 121 644 44 42 
cell-0-1-2 165 644 44 42 
cell-0-1-3 209 644 44 42 
cell-0-1-4 253 644 493 42 
cell-0-2-0 77 695 44 42 
cell-0-2-1 121 695 44 42 
cell-0-2-2 165 695 44 42 
cell-0-2-3 209 695 44 42 
cell-0-2-4 253 695 493 42 
cell-0-3-0 77 746 44 42 
cell-0-3-1 121 746 44 42 
cell-0-3-2 165 746 44 42 
cell-0-3-3 209 746 44 42 
cell-0-3-4 253 746 493 42 
cell-0-4-0 77 797 44 42 
cell-0-4-1 121 797 44 42 
cell-0-4-2 165 797 44 42 
cell-0-4-3 209 797 44 42 
cell-0-4-4 253 797 493 42 
cell-0-5-0 77 848 44 42 
cell-0-5-1 121 848 44 42 
cell-0-5-2 165 848 44 42 
cell-0-5-3 209 848 44 42 
cell-0-5-4 253 848 493 42 
cell-0-6-0 77 899 44 42 
cell-0-6-1 121 899 44 42 
cell-0-6-2 165 899 44 42 
cell-0-6-3 209 899 44 42 
cell-0-6-4 253 899 493 42 
cell-0-7-0 77 950 44 42 
cell-0-7-1 121 950 44 42 
cell-0-7-2 165 950 44 42 
cell-0-7-3 209 950 44 42 
cell-0-7-4 253 950 493 42 
cell-0-8-0 77 1001 44 42 
cell-0-8-1 121 1001 44 42 
cell-0-8-2 165 1001 44 42 
cell-0-8-3 209 1001 44 42 
cell-0-8-4 253 1001 493 42 
cell-0-9-0 77 1052 44 42 
cell-0-9-1 121 1052 44 42 
cell-0-9-2 165 1052 44 42 
cell-0-9-3 209 1052 44 42 
cell-0-9-4 253 1052 493 42 
cell-0-10-0 77 1103 44 42 
cell-0-10-1 121 1103 44 42 
cell-0-10-2 165 1103 44 42 
cell-0-10-3 209 1103 44 42 
cell-0-10-4 253 1103 493 42 
cell-0-11-0 77 1154 44 42 
cell-0-11-1 121 1154 44 42 
cell-0-11-2 165 1154 44 42 
cell-0-11-3 209 1154 44 42 
cell-0-11-4 253 1154 493 42 
cell-0-12-0 77 1205 44 42 
cell-0-12-1 121 1205 44 42 
cell-0-12-2 165 1205 44 42 
cell-0-12-3 209 1205 44 42 
cell-0-12-4 253 1205 493 42 
