table-0 221 836 216 516 
cell-0-0-0 221 836 43 35 
cell-0-0-1 264 836 43 35 
cell-0-0-2 307 836 43 35 
cell-0-0-3 350 836 43 35 
cell-0-0-4 393 836 43 35 
cell-0-1-0 221 884 43 35 
cell-0-1-1 264 884 43 35 
cell-0-1-2 307 884 43 35 
cell-0-1-3 350 884 43 35 
cell-0-1-4 393 884 43 35 
cell-0-2-0 221 932 43 35 
cell-0-2-1 264 932 43 35 
cell-0-2-2 307 932 43 35 
cell-0-2-3 350 932 43 35 
cell-0-2-4 393 932 43 35 
cell-0-3-0 221 980 43 35 
cell-0-3-1 264 980 43 35 
cell-0-3-2 307 980 43 35 
cell-0-3-3 350 980 43 35 
cell-0-3-4 393 980 43 35 
cell-0-4-0 221 1028 43 35 
cell-0-4-1 264 1028 43 35 
cell-0-4-2 307 1028 43 35 
cell-0-4-3 350 1028 43 35 
cell-0-4-4 393 1028 43 35 
cell-0-5-0 221 1076 43 35 
cell-0-5-1 264 1076 43 35 
cell-0-5-2 307 1076 43 35 
cell-0-5-3 350 1076 43 35 
cell-0-5-4 393 1076 43 35 
cell-0-6-0 221 1124 43 35 
cell-0-6-1 264 1124 43 35 
cell-0-6-2 307 1124 43 35 
cell-0-6-3 350 1124 43 35 
cell-0-6-4 393 1124 43 35 
cell-0-7-0 221 1172 43 35 
cell-0-7-1 264 1172 43 35 
cell-0-7-2 307 1172 43 35 
cell-0-7-3 350 1172 43 35 
cell-0-7-4 393 1172 43 35 
cell-0-8-0 221 1220 43 35 
cell-0-8-1 264 1220 43 35 
cell-0-8-2 307 1220 43 35 
cell-0-8-3 350 1220 43 35 
cell-0-8-4 393 1220 43 35 
cell-0-9-0 221 1268 43 35 
cell-0-9-1 264 1268 43 35 
cell-0-9-2 307 1268 43 35 
cell-0-9-3 350 1268 43 35 
cell-0-9-4 393 1268 43 35 
cell-0-10-0 221 1316 43 35 
cell-0-10-1 264 1316 43 35 
cell-0-10-2 307 1316 43 35 
cell-0-10-3 350 1316 43 35 
cell-0-10-4 393 1316 43 35 
table-1 784 555 259 528 
cell-1-0-0 784 555 43 35 
cell-1-0-1 827 555 43 35 
cell-1-0-2 870 555 43 35 
cell-1-0-3 913 555 43 35 
cell-1-0-4 956 555 43 35 
cell-1-0-5 999 555 43 35 
cell-1-1-0 784 596 43 35 
cell-1-1-1 827 596 43 35 
cell-1-1-2 870 596 43 35 
cell-1-1-3 913 596 43 35 
cell-1-1-4 956 596 43 35 
cell-1-1-5 999 596 43 35 
cell-1-2-0 784 637 43 35 
cell-1-2-1 827 637 43 35 
cell-1-2-2 870 637 43 35 
cell-1-2-3 913 637 43 35 
cell-1-2-4 956 637 43 35 
cell-1-2-5 999 637 43 35 
cell-1-3-0 784 678 43 35 
cell-1-3-1 827 678 43 35 
cell-1-3-2 870 678 43 35 
cell-1-3-3 913 678 43 35 
cell-1-3-4 956 678 43 35 
cell-1-3-5 999 678 43 35 
cell-1-4-0 784 719 43 35 
cell-1-4-1 827 719 43 35 
cell-1-4-2 870 719 43 35 
cell-1-4-3 913 719 43 35 
cell-1-4-4 956 719 43 35 
cell-1-4-5 999 719 43 35 
cell-1-5-0 784 760 43 35 
cell-1-5-1 827 760 43 35 
cell-1-5-2 870 760 43 35 
cell-1-5-3 913 760 43 35 
cell-1-5-4 956 760 43 35 
cell-1-5-5 999 760 43 35 
cell-1-6-0 784 801 43 35 
cell-1-6-1 827 801 43 35 
cell-1-6-2 870 801 43 35 
cell-1-6-3 913 801 43 35 
cell-1-6-4 956 801 43 35 
cell-1-6-5 999 801 43 35 
cell-1-7-0 784 842 43 35 
cell-1-7-1 827 842 43 35 
cell-1-7-2 870 842 43 35 
cell-1-7-3 913 842 43 35 
cell-1-7-4 956 842 43 35 
cell-1-7-5 999 842 43 35 
cell-1-8-0 784 883 43 35 
cell-1-8-1 827 883 43 35 
cell-1-8-2 870 883 43 35 
cell-1-8-3 913 883 43 35 
cell-1-8-4 956 883 43 35 
cell-1-8-5 999 883 43 35 
cell-1-9-0 784 924 43 35 
cell-1-9-1 827 924 43 35 
cell-1-9-2 870 924 43 35 
cell-1-9-3 913 924 43 35 
cell-1-9-4 956 924 43 35 
cell-1-9-5 999 924 43 35 
cell-1-10-0 784 965 43 35 
cell-1-10-1 827 965 43 35 
cell-1-10-2 870 965 43 35 
cell-1-10-3 913 965 43 35 
cell-1-10-4 956 965 43 35 
cell-1-10-5 999 965 43 35 
cell-1-11-0 784 1006 43 35 
cell-1-11-1 827 1006 43 35 
cell-1-11-2 870 1006 43 35 
cell-1-11-3 913 1006 43 35 
cell-1-11-4 956 1006 43 35 
cell-1-11-5 999 1006 43 35 
cell-1-12-0 784 1047 43 35 
cell-1-12-1 827 1047 43 35 
cell-1-12-2 870 1047 43 35 
cell-1-12-3 913 1047 43 35 
cell-1-12-4 956 1047 43 35 
cell-1-12-5 999 1047 43 35 
