table-0 182 715 600 243 
cell-0-0-0 182 715 85 32 
cell-0-0-1 267 715 85 32 
cell-0-0-2 352 715 85 32 
cell-0-0-3 437 715 85 32 
cell-0-0-4 522 715 85 32 
cell-0-0-5 607 715 85 32 
cell-0-0-6 692 715 85 32 
cell-0-1-0 182 750 85 32 
cell-0-1-1 267 750 85 32 
cell-0-1-2 352 750 85 32 
cell-0-1-3 437 750 85 32 
cell-0-1-4 522 750 85 32 
cell-0-1-5 607 750 85 32 
cell-0-1-6 692 750 85 32 
cell-0-2-0 182 785 85 32 
cell-0-2-1 267 785 85 32 
cell-0-2-2 352 785 85 32 
cell-0-2-3 437 785 85 32 
cell-0-2-4 522 785 85 32 
cell-0-2-5 607 785 85 32 
cell-0-2-6 692 785 85 32 
cell-0-3-0 182 820 85 32 
cell-0-3-1 267 820 85 32 
cell-0-3-2 352 820 85 32 
cell-0-3-3 437 820 85 32 
cell-0-3-4 522 820 85 32 
cell-0-3-5 607 820 85 32 
cell-0-3-6 692 820 85 32 
cell-0-4-0 182 855 85 32 
cell-0-4-1 267 855 85 32 
cell-0-4-2 352 855 85 32 
cell-0-4-3 437 855 85 32 
cell-0-4-4 522 855 85 32 
cell-0-4-5 607 855 85 32 
cell-0-4-6 692 855 85 32 
cell-0-5-0 182 890 85 32 
cell-0-5-1 267 890 85 32 
cell-0-5-2 352 890 85 32 
cell-0-5-3 437 890 85 32 
cell-0-5-4 522 890 85 32 
cell-0-5-5 607 890 85 32 
cell-0-5-6 692 890 85 32 
cell-0-6-0 182 925 85 32 
cell-0-6-1 267 925 85 32 
cell-0-6-2 352 925 85 32 
cell-0-6-3 437 925 85 32 
cell-0-6-4 522 925 85 32 
cell-0-6-5 607 925 85 32 
cell-0-6-6 692 925 85 32 
