table-0 70 969 900 265 
cell-0-0-0 70 969 128 33 
cell-0-0-1 198 969 128 33 
cell-0-0-2 326 969 128 33 
cell-0-0-3 454 969 128 33 
cell-0-0-4 582 969 128 33 
cell-0-0-5 710 969 128 33 
cell-0-0-6 838 969 128 33 
cell-0-1-0 70 1015 128 33 
cell-0-1-1 198 1015 128 33 
cell-0-1-2 326 1015 128 33 
cell-0-1-3 454 1015 128 33 
cell-0-1-4 582 1015 128 33 
cell-0-1-5 710 1015 128 33 
cell-0-1-6 838 1015 128 33 
cell-0-2-0 70 1061 128 33 
cell-0-2-1 198 1061 128 33 
cell-0-2-2 326 1061 128 33 
cell-0-2-3 454 1061 128 33 
cell-0-2-4 582 1061 128 33 
cell-0-2-5 710 1061 128 33 
cell-0-2-6 838 1061 128 33 
cell-0-3-0 70 1107 128 33 
cell-0-3-1 198 1107 128 33 
cell-0-3-2 326 1107 128 33 
cell-0-3-3 454 1107 128 33 
cell-0-3-4 582 1107 128 33 
cell-0-3-5 710 1107 128 33 
cell-0-3-6 838 1107 128 33 
cell-0-4-0 70 1153 128 33 
cell-0-4-1 198 1153 128 33 
cell-0-4-2 326 1153 128 33 
cell-0-4-3 454 1153 128 33 
cell-0-4-4 582 1153 128 33 
cell-0-4-5 710 1153 128 33 
cell-0-4-6 838 1153 128 33 
cell-0-5-0 70 1199 128 33 
cell-0-5-1 198 1199 128 33 
cell-0-5-2 326 1199 128 33 
cell-0-5-3 454 1199 128 33 
cell-0-5-4 582 1199 128 33 
cell-0-5-5 710 1199 128 33 
cell-0-5-6 838 1199 128 33 
