table-0 448 270 563 678 
cell-0-1-0 448 270 35 35 
cell-0-1-1 483 270 35 35 
cell-0-1-2 518 270 35 35 
cell-0-1-3 553 270 35 35 
cell-0-1-4 588 270 35 35 
cell-0-1-5 623 270 35 35 
cell-0-1-6 658 270 35 35 
cell-0-1-7 693 270 35 35 
cell-0-1-8 728 270 35 35 
cell-0-1-9 763 270 35 35 
cell-0-1-10 798 270 35 35 
cell-0-1-11 833 270 35 35 
cell-0-1-12 868 270 35 35 
cell-0-1-13 903 270 35 35 
cell-0-1-14 938 270 35 35 
cell-0-1-15 973 270 35 35 
cell-0-2-0 448 334 35 35 
cell-0-2-1 483 334 35 35 
cell-0-2-2 518 334 35 35 
cell-0-2-3 553 334 35 35 
cell-0-2-4 588 334 35 35 
cell-0-2-5 623 334 35 35 
cell-0-2-6 658 334 35 35 
cell-0-2-7 693 334 35 35 
cell-0-2-8 728 334 35 35 
cell-0-2-9 763 334 35 35 
cell-0-2-10 798 334 35 35 
cell-0-2-11 833 334 35 35 
cell-0-2-12 868 334 35 35 
cell-0-2-13 903 334 35 35 
cell-0-2-14 938 334 35 35 
cell-0-2-15 973 334 35 35 
cell-0-3-0 448 398 35 35 
cell-0-3-1 483 398 35 35 
cell-0-3-2 518 398 35 35 
cell-0-3-3 553 398 35 35 
cell-0-3-4 588 398 35 35 
cell-0-3-5 623 398 35 35 
cell-0-3-6 658 398 35 35 
cell-0-3-7 693 398 35 35 
cell-0-3-8 728 398 35 35 
cell-0-3-9 763 398 35 35 
cell-0-3-10 798 398 35 35 
cell-0-3-11 833 398 35 35 
cell-0-3-12 868 398 35 35 
cell-0-3-13 903 398 35 35 
cell-0-3-14 938 398 35 35 
cell-0-3-15 973 398 35 35 
cell-0-4-0 448 462 35 35 
cell-0-4-1 483 462 35 35 
cell-0-4-2 518 462 35 35 
cell-0-4-3 553 462 35 35 
cell-0-4-4 588 462 35 35 
cell-0-4-5 623 462 35 35 
cell-0-4-6 658 462 35 35 
cell-0-4-7 693 462 35 35 
cell-0-4-8 728 462 35 35 
cell-0-4-9 763 462 35 35 
cell-0-4-10 798 462 35 35 
cell-0-4-11 833 462 35 35 
cell-0-4-12 868 462 35 35 
cell-0-4-13 903 462 35 35 
cell-0-4-14 938 462 35 35 
cell-0-4-15 973 462 35 35 
cell-0-5-0 448 526 35 35 
cell-0-5-1 483 526 35 35 
cell-0-5-2 518 526 35 35 
cell-0-5-3 553 526 35 35 
cell-0-5-4 588 526 35 35 
cell-0-5-5 623 526 35 35 
cell-0-5-6 658 526 35 35 
cell-0-5-7 693 526 35 35 
cell-0-5-8 728 526 35 35 
cell-0-5-9 763 526 35 35 
cell-0-5-10 798 526 35 35 
cell-0-5-11 833 526 35 35 
cell-0-5-12 868 526 35 35 
cell-0-5-13 903 526 35 35 
cell-0-5-14 938 526 35 35 
cell-0-5-15 973 526 35 35 
cell-0-6-0 448 590 35 35 
cell-0-6-1 483 590 35 35 
cell-0-6-2 518 590 35 35 
cell-0-6-3 553 590 35 35 
cell-0-6-4 588 590 35 35 
cell-0-6-5 623 590 35 35 
cell-0-6-6 658 590 35 35 
cell-0-6-7 693 590 35 35 
cell-0-6-8 728 590 35 35 
cell-0-6-9 763 590 35 35 
cell-0-6-10 798 590 35 35 
cell-0-6-11 833 590 35 35 
cell-0-6-12 868 590 35 35 
cell-0-6-13 903 590 35 35 
cell-0-6-14 938 590 35 35 
cell-0-6-15 973 590 35 35 
cell-0-7-0 448 654 35 35 
cell-0-7-1 483 654 35 35 
cell-0-7-2 518 654 35 35 
cell-0-7-3 553 654 35 35 
cell-0-7-4 588 654 35 35 
cell-0-7-5 623 654 35 35 
cell-0-7-6 658 654 35 35 
cell-0-7-7 693 654 35 35 
cell-0-7-8 728 654 35 35 
cell-0-7-9 763 654 35 35 
cell-0-7-10 798 654 35 35 
cell-0-7-11 833 654 35 35 
cell-0-7-12 868 654 35 35 
cell-0-7-13 903 654 35 35 
cell-0-7-14 938 654 35 35 
cell-0-7-15 973 654 35 35 
cell-0-8-0 448 718 35 35 
cell-0-8-1 483 718 35 35 
cell-0-8-2 518 718 35 35 
cell-0-8-3 553 718 35 35 
cell-0-8-4 588 718 35 35 
cell-0-8-5 623 718 35 35 
cell-0-8-6 658 718 35 35 
cell-0-8-7 693 718 35 35 
cell-0-8-8 728 718 35 35 
cell-0-8-9 763 718 35 35 
cell-0-8-10 798 718 35 35 
cell-0-8-11 833 718 35 35 
cell-0-8-12 868 718 35 35 
cell-0-8-13 903 718 35 35 
cell-0-8-14 938 718 35 35 
cell-0-8-15 973 718 35 35 
cell-0-9-0 448 782 35 35 
cell-0-9-1 483 782 35 35 
cell-0-9-2 518 782 35 35 
cell-0-9-3 553 782 35 35 
cell-0-9-4 588 782 35 35 
cell-0-9-5 623 782 35 35 
cell-0-9-6 658 782 35 35 
cell-0-9-7 693 782 35 35 
cell-0-9-8 728 782 35 35 
cell-0-9-9 763 782 35 35 
cell-0-9-10 798 782 35 35 
cell-0-9-11 833 782 35 35 
cell-0-9-12 868 782 35 35 
cell-0-9-13 903 782 35 35 
cell-0-9-14 938 782 35 35 
cell-0-9-15 973 782 35 35 
cell-0-10-0 448 846 35 35 
cell-0-10-1 483 846 35 35 
cell-0-10-2 518 846 35 35 
cell-0-10-3 553 846 35 35 
cell-0-10-4 588 846 35 35 
cell-0-10-5 623 846 35 35 
cell-0-10-6 658 846 35 35 
cell-0-10-7 693 846 35 35 
cell-0-10-8 728 846 35 35 
cell-0-10-9 763 846 35 35 
cell-0-10-10 798 846 35 35 
cell-0-10-11 833 846 35 35 
cell-0-10-12 868 846 35 35 
cell-0-10-13 903 846 35 35 
cell-0-10-14 938 846 35 35 
cell-0-10-15 973 846 35 35 
cell-0-11-0 448 910 35 35 
cell-0-11-1 483 910 35 35 
cell-0-11-2 518 910 35 35 
cell-0-11-3 553 910 35 35 
cell-0-11-4 588 910 35 35 
cell-0-11-5 623 910 35 35 
cell-0-11-6 658 910 35 35 
cell-0-11-7 693 910 35 35 
cell-0-11-8 728 910 35 35 
cell-0-11-9 763 910 35 35 
cell-0-11-10 798 910 35 35 
cell-0-11-11 833 910 35 35 
cell-0-11-12 868 910 35 35 
cell-0-11-13 903 910 35 35 
cell-0-11-14 938 910 35 35 
cell-0-11-15 973 910 35 35 
