table-0 395 570 600 611 
cell-0-0-0 395 570 150 60 
cell-0-0-1 545 570 150 60 
cell-0-0-2 695 570 150 60 
cell-0-0-3 845 570 150 60 
cell-0-1-0 395 631 150 60 
cell-0-1-1 545 631 150 60 
cell-0-1-2 695 631 150 60 
cell-0-1-3 845 631 150 60 
cell-0-2-0 395 692 150 60 
cell-0-2-1 545 692 150 60 
cell-0-2-2 695 692 150 60 
cell-0-2-3 845 692 150 60 
cell-0-3-0 395 753 150 60 
cell-0-3-1 545 753 150 60 
cell-0-3-2 695 753 150 60 
cell-0-3-3 845 753 150 60 
cell-0-4-0 395 814 150 60 
cell-0-4-1 545 814 150 60 
cell-0-4-2 695 814 150 60 
cell-0-4-3 845 814 150 60 
cell-0-5-0 395 875 150 60 
cell-0-5-1 545 875 150 60 
cell-0-5-2 695 875 150 60 
cell-0-5-3 845 875 150 60 
cell-0-6-0 395 936 150 60 
cell-0-6-1 545 936 150 60 
cell-0-6-2 695 936 150 60 
cell-0-6-3 845 936 150 60 
cell-0-7-0 395 997 150 60 
cell-0-7-1 545 997 150 60 
cell-0-7-2 695 997 150 60 
cell-0-7-3 845 997 150 60 
cell-0-8-0 395 1058 150 60 
cell-0-8-1 545 1058 150 60 
cell-0-8-2 695 1058 150 60 
cell-0-8-3 845 1058 150 60 
cell-0-9-0 395 1119 150 60 
cell-0-9-1 545 1119 150 60 
cell-0-9-2 695 1119 150 60 
cell-0-9-3 845 1119 150 60 
