table-0 465 574 554 575 
cell-0-0-0 465 574 43 41 
cell-0-0-1 508 574 43 41 
cell-0-0-2 551 574 43 41 
cell-0-0-3 594 574 43 41 
cell-0-0-4 637 574 43 41 
cell-0-0-5 680 574 338 41 
cell-0-1-0 465 615 43 41 
cell-0-1-1 508 615 43 41 
cell-0-1-2 551 615 43 41 
cell-0-1-3 594 615 43 41 
cell-0-1-4 637 615 43 41 
cell-0-1-5 680 615 338 41 
cell-0-2-0 465 656 43 41 
cell-0-2-1 508 656 43 41 
cell-0-2-2 551 656 43 41 
cell-0-2-3 594 656 43 41 
cell-0-2-4 637 656 43 41 
cell-0-2-5 680 656 338 41 
cell-0-3-0 465 697 43 41 
cell-0-3-1 508 697 43 41 
cell-0-3-2 551 697 43 41 
cell-0-3-3 594 697 43 41 
cell-0-3-4 637 697 43 41 
cell-0-3-5 680 697 338 41 
cell-0-4-0 465 738 43 41 
cell-0-4-1 508 738 43 41 
cell-0-4-2 551 738 43 41 
cell-0-4-3 594 738 43 41 
cell-0-4-4 637 738 43 41 
cell-0-4-5 680 738 338 41 
cell-0-5-0 465 779 43 41 
cell-0-5-1 508 779 43 41 
cell-0-5-2 551 779 43 41 
cell-0-5-3 594 779 43 41 
cell-0-5-4 637 779 43 41 
cell-0-5-5 680 779 338 41 
cell-0-6-0 465 820 43 41 
cell-0-6-1 508 820 43 41 
cell-0-6-2 551 820 43 41 
cell-0-6-3 594 820 43 41 
cell-0-6-4 637 820 43 41 
cell-0-6-5 680 820 338 41 
cell-0-7-0 465 861 43 41 
cell-0-7-1 508 861 43 41 
cell-0-7-2 551 861 43 41 
cell-0-7-3 594 861 43 41 
cell-0-7-4 637 861 43 41 
cell-0-7-5 680 861 338 41 
cell-0-8-0 465 902 43 41 
cell-0-8-1 508 902 43 41 
cell-0-8-2 551 902 43 41 
cell-0-8-3 594 902 43 41 
cell-0-8-4 637 902 43 41 
cell-0-8-5 680 902 338 41 
cell-0-9-0 465 943 43 41 
cell-0-9-1 508 943 43 41 
cell-0-9-2 551 943 43 41 
cell-0-9-3 594 943 43 41 
cell-0-9-4 637 943 43 41 
cell-0-9-5 680 943 338 41 
cell-0-10-0 465 984 43 41 
cell-0-10-1 508 984 43 41 
cell-0-10-2 551 984 43 41 
cell-0-10-3 594 984 43 41 
cell-0-10-4 637 984 43 41 
cell-0-10-5 680 984 338 41 
cell-0-11-0 465 1025 43 41 
cell-0-11-1 508 1025 43 41 
cell-0-11-2 551 1025 43 41 
cell-0-11-3 594 1025 43 41 
cell-0-11-4 637 1025 43 41 
cell-0-11-5 680 1025 338 41 
cell-0-12-0 465 1066 43 41 
cell-0-12-1 508 1066 43 41 
cell-0-12-2 551 1066 43 41 
cell-0-12-3 594 1066 43 41 
cell-0-12-4 637 1066 43 41 
cell-0-12-5 680 1066 338 41 
cell-0-13-0 465 1107 43 41 
cell-0-13-1 508 1107 43 41 
cell-0-13-2 551 1107 43 41 
cell-0-13-3 594 1107 43 41 
cell-0-13-4 637 1107 43 41 
cell-0-13-5 680 1107 338 41 
