table-0 438 466 565 556 
cell-0-0-0 438 466 44 43 
cell-0-0-1 482 466 44 43 
cell-0-0-2 526 466 44 43 
cell-0-0-3 570 466 44 43 
cell-0-0-4 614 466 44 43 
cell-0-0-5 658 466 341 43 
cell-0-1-0 438 517 44 43 
cell-0-1-1 482 517 44 43 
cell-0-1-2 526 517 44 43 
cell-0-1-3 570 517 44 43 
cell-0-1-4 614 517 44 43 
cell-0-1-5 658 517 341 43 
cell-0-2-0 438 568 44 43 
cell-0-2-1 482 568 44 43 
cell-0-2-2 526 568 44 43 
cell-0-2-3 570 568 44 43 
cell-0-2-4 614 568 44 43 
cell-0-2-5 658 568 341 43 
cell-0-3-0 438 619 44 43 
cell-0-3-1 482 619 44 43 
cell-0-3-2 526 619 44 43 
cell-0-3-3 570 619 44 43 
cell-0-3-4 614 619 44 43 
cell-0-3-5 658 619 341 43 
cell-0-4-0 438 670 44 43 
cell-0-4-1 482 670 44 43 
cell-0-4-2 526 670 44 43 
cell-0-4-3 570 670 44 43 
cell-0-4-4 614 670 44 43 
cell-0-4-5 658 670 341 43 
cell-0-5-0 438 721 44 43 
cell-0-5-1 482 721 44 43 
cell-0-5-2 526 721 44 43 
cell-0-5-3 570 721 44 43 
cell-0-5-4 614 721 44 43 
cell-0-5-5 658 721 341 43 
cell-0-6-0 438 772 44 43 
cell-0-6-1 482 772 44 43 
cell-0-6-2 526 772 44 43 
cell-0-6-3 570 772 44 43 
cell-0-6-4 614 772 44 43 
cell-0-6-5 658 772 341 43 
cell-0-7-0 438 823 44 43 
cell-0-7-1 482 823 44 43 
cell-0-7-2 526 823 44 43 
cell-0-7-3 570 823 44 43 
cell-0-7-4 614 823 44 43 
cell-0-7-5 658 823 341 43 
cell-0-8-0 438 874 44 43 
cell-0-8-1 482 874 44 43 
cell-0-8-2 526 874 44 43 
cell-0-8-3 570 874 44 43 
cell-0-8-4 614 874 44 43 
cell-0-8-5 658 874 341 43 
cell-0-9-0 438 925 44 43 
cell-0-9-1 482 925 44 43 
cell-0-9-2 526 925 44 43 
cell-0-9-3 570 925 44 43 
cell-0-9-4 614 925 44 43 
cell-0-9-5 658 925 341 43 
cell-0-10-0 438 976 44 43 
cell-0-10-1 482 976 44 43 
cell-0-10-2 526 976 44 43 
cell-0-10-3 570 976 44 43 
cell-0-10-4 614 976 44 43 
cell-0-10-5 658 976 341 43 
