table-0 139 135 900 484 
cell-0-0-0 139 135 100 49 
cell-0-0-1 239 135 100 49 
cell-0-0-2 339 135 100 49 
cell-0-0-3 439 135 100 49 
cell-0-0-4 539 135 100 49 
cell-0-0-5 639 135 100 49 
cell-0-0-6 739 135 100 49 
cell-0-0-7 839 135 100 49 
cell-0-0-8 939 135 100 49 
cell-0-1-0 139 189 100 49 
cell-0-1-1 239 189 100 49 
cell-0-1-2 339 189 100 49 
cell-0-1-3 439 189 100 49 
cell-0-1-4 539 189 100 49 
cell-0-1-5 639 189 100 49 
cell-0-1-6 739 189 100 49 
cell-0-1-7 839 189 100 49 
cell-0-1-8 939 189 100 49 
cell-0-2-0 139 243 100 49 
cell-0-2-1 239 243 100 49 
cell-0-2-2 339 243 100 49 
cell-0-2-3 439 243 100 49 
cell-0-2-4 539 243 100 49 
cell-0-2-5 639 243 100 49 
cell-0-2-6 739 243 100 49 
cell-0-2-7 839 243 100 49 
cell-0-2-8 939 243 100 49 
cell-0-3-0 139 297 100 49 
cell-0-3-1 239 297 100 49 
cell-0-3-2 339 297 100 49 
cell-0-3-3 439 297 100 49 
cell-0-3-4 539 297 100 49 
cell-0-3-5 639 297 100 49 
cell-0-3-6 739 297 100 49 
cell-0-3-7 839 297 100 49 
cell-0-3-8 939 297 100 49 
cell-0-4-0 139 351 100 49 
cell-0-4-1 239 351 100 49 
cell-0-4-2 339 351 100 49 
cell-0-4-3 439 351 100 49 
cell-0-4-4 539 351 100 49 
cell-0-4-5 639 351 100 49 
cell-0-4-6 739 351 100 49 
cell-0-4-7 839 351 100 49 
cell-0-4-8 939 351 100 49 
cell-0-5-0 139 405 100 49 
cell-0-5-1 239 405 100 49 
cell-0-5-2 339 405 100 49 
cell-0-5-3 439 405 100 49 
cell-0-5-4 539 405 100 49 
cell-0-5-5 639 405 100 49 
cell-0-5-6 739 405 100 49 
cell-0-5-7 839 405 100 49 
cell-0-5-8 939 405 100 49 
cell-0-6-0 139 459 100 49 
cell-0-6-1 239 459 100 49 
cell-0-6-2 339 459 100 49 
cell-0-6-3 439 459 100 49 
cell-0-6-4 539 459 100 49 
cell-0-6-5 639 459 100 49 
cell-0-6-6 739 459 100 49 
cell-0-6-7 839 459 100 49 
cell-0-6-8 939 459 100 49 
cell-0-7-0 139 513 100 49 
cell-0-7-1 239 513 100 49 
cell-0-7-2 339 513 100 49 
cell-0-7-3 439 513 100 49 
cell-0-7-4 539 513 100 49 
cell-0-7-5 639 513 100 49 
cell-0-7-6 739 513 100 49 
cell-0-7-7 839 513 100 49 
cell-0-7-8 939 513 100 49 
cell-0-8-0 139 567 100 49 
cell-0-8-1 239 567 100 49 
cell-0-8-2 339 567 100 49 
cell-0-8-3 439 567 100 49 
cell-0-8-4 539 567 100 49 
cell-0-8-5 639 567 100 49 
cell-0-8-6 739 567 100 49 
cell-0-8-7 839 567 100 49 
cell-0-8-8 939 567 100 49 
