table-0 90 979 397 309 
cell-0-1-0 90 979 33 35 
cell-0-1-1 123 979 33 35 
cell-0-1-2 156 979 33 35 
cell-0-1-3 189 979 33 35 
cell-0-1-4 222 979 33 35 
cell-0-1-5 255 979 33 35 
cell-0-1-6 288 979 33 35 
cell-0-1-7 321 979 33 35 
cell-0-1-8 354 979 33 35 
cell-0-1-9 387 979 33 35 
cell-0-1-10 420 979 33 35 
cell-0-1-11 453 979 33 35 
cell-0-2-0 90 1018 33 35 
cell-0-2-1 123 1018 33 35 
cell-0-2-2 156 1018 33 35 
cell-0-2-3 189 1018 33 35 
cell-0-2-4 222 1018 33 35 
cell-0-2-5 255 1018 33 35 
cell-0-2-6 288 1018 33 35 
cell-0-2-7 321 1018 33 35 
cell-0-2-8 354 1018 33 35 
cell-0-2-9 387 1018 33 35 
cell-0-2-10 420 1018 33 35 
cell-0-2-11 453 1018 33 35 
cell-0-3-0 90 1057 33 35 
cell-0-3-1 123 1057 33 35 
cell-0-3-2 156 1057 33 35 
cell-0-3-3 189 1057 33 35 
cell-0-3-4 222 1057 33 35 
cell-0-3-5 255 1057 33 35 
cell-0-3-6 288 1057 33 35 
cell-0-3-7 321 1057 33 35 
cell-0-3-8 354 1057 33 35 
cell-0-3-9 387 1057 33 35 
cell-0-3-10 420 1057 33 35 
cell-0-3-11 453 1057 33 35 
cell-0-4-0 90 1096 33 35 
cell-0-4-1 123 1096 33 35 
cell-0-4-2 156 1096 33 35 
cell-0-4-3 189 1096 33 35 
cell-0-4-4 222 1096 33 35 
cell-0-4-5 255 1096 33 35 
cell-0-4-6 288 1096 33 35 
cell-0-4-7 321 1096 33 35 
cell-0-4-8 354 1096 33 35 
cell-0-4-9 387 1096 33 35 
cell-0-4-10 420 1096 33 35 
cell-0-4-11 453 1096 33 35 
cell-0-5-0 90 1135 33 35 
cell-0-5-1 123 1135 33 35 
cell-0-5-2 156 1135 33 35 
cell-0-5-3 189 1135 33 35 
cell-0-5-4 222 1135 33 35 
cell-0-5-5 255 1135 33 35 
cell-0-5-6 288 1135 33 35 
cell-0-5-7 321 1135 33 35 
cell-0-5-8 354 1135 33 35 
cell-0-5-9 387 1135 33 35 
cell-0-5-10 420 1135 33 35 
cell-0-5-11 453 1135 33 35 
cell-0-6-0 90 1174 33 35 
cell-0-6-1 123 1174 33 35 
cell-0-6-2 156 1174 33 35 
cell-0-6-3 189 1174 33 35 
cell-0-6-4 222 1174 33 35 
cell-0-6-5 255 1174 33 35 
cell-0-6-6 288 1174 33 35 
cell-0-6-7 321 1174 33 35 
cell-0-6-8 354 1174 33 35 
cell-0-6-9 387 1174 33 35 
cell-0-6-10 420 1174 33 35 
cell-0-6-11 453 1174 33 35 
cell-0-7-0 90 1213 33 35 
cell-0-7-1 123 1213 33 35 
cell-0-7-2 156 1213 33 35 
cell-0-7-3 189 1213 33 35 
cell-0-7-4 222 1213 33 35 
cell-0-7-5 255 1213 33 35 
cell-0-7-6 288 1213 33 35 
cell-0-7-7 321 1213 33 35 
cell-0-7-8 354 1213 33 35 
cell-0-7-9 387 1213 33 35 
cell-0-7-10 420 1213 33 35 
cell-0-7-11 453 1213 33 35 
cell-0-8-0 90 1252 33 35 
cell-0-8-1 123 1252 33 35 
cell-0-8-2 156 1252 33 35 
cell-0-8-3 189 1252 33 35 
cell-0-8-4 222 1252 33 35 
cell-0-8-5 255 1252 33 35 
cell-0-8-6 288 1252 33 35 
cell-0-8-7 321 1252 33 35 
cell-0-8-8 354 1252 33 35 
cell-0-8-9 387 1252 33 35 
cell-0-8-10 420 1252 33 35 
cell-0-8-11 453 1252 33 35 
