table-0 70 110 529 618 
cell-0-0-0 70 110 44 43 
cell-0-0-1 114 110 44 43 
cell-0-0-2 158 110 44 43 
cell-0-0-3 202 110 44 43 
cell-0-0-4 246 110 44 43 
cell-0-0-5 290 110 305 43 
cell-0-1-0 70 162 44 43 
cell-0-1-1 114 162 44 43 
cell-0-1-2 158 162 44 43 
cell-0-1-3 202 162 44 43 
cell-0-1-4 246 162 44 43 
cell-0-1-5 290 162 305 43 
cell-0-2-0 70 214 44 43 
cell-0-2-1 114 214 44 43 
cell-0-2-2 158 214 44 43 
cell-0-2-3 202 214 44 43 
cell-0-2-4 246 214 44 43 
cell-0-2-5 290 214 305 43 
cell-0-3-0 70 266 44 43 
cell-0-3-1 114 266 44 43 
cell-0-3-2 158 266 44 43 
cell-0-3-3 202 266 44 43 
cell-0-3-4 246 266 44 43 
cell-0-3-5 290 266 305 43 
cell-0-4-0 70 318 44 43 
cell-0-4-1 114 318 44 43 
cell-0-4-2 158 318 44 43 
cell-0-4-3 202 318 44 43 
cell-0-4-4 246 318 44 43 
cell-0-4-5 290 318 305 43 
cell-0-5-0 70 370 44 43 
cell-0-5-1 114 370 44 43 
cell-0-5-2 158 370 44 43 
cell-0-5-3 202 370 44 43 
cell-0-5-4 246 370 44 43 
cell-0-5-5 290 370 305 43 
cell-0-6-0 70 422 44 43 
cell-0-6-1 114 422 44 43 
cell-0-6-2 158 422 44 43 
cell-0-6-3 202 422 44 43 
cell-0-6-4 246 422 44 43 
cell-0-6-5 290 422 305 43 
cell-0-7-0 70 474 44 43 
cell-0-7-1 114 474 44 43 
cell-0-7-2 158 474 44 43 
cell-0-7-3 202 474 44 43 
cell-0-7-4 246 474 44 43 
cell-0-7-5 290 474 305 43 
cell-0-8-0 70 526 44 43 
cell-0-8-1 114 526 44 43 
cell-0-8-2 158 526 44 43 
cell-0-8-3 202 526 44 43 
cell-0-8-4 246 526 44 43 
cell-0-8-5 290 526 305 43 
cell-0-9-0 70 578 44 43 
cell-0-9-1 114 578 44 43 
cell-0-9-2 158 578 44 43 
cell-0-9-3 202 578 44 43 
cell-0-9-4 246 578 44 43 
cell-0-9-5 290 578 305 43 
cell-0-10-0 70 630 44 43 
cell-0-10-1 114 630 44 43 
cell-0-10-2 158 630 44 43 
cell-0-10-3 202 630 44 43 
cell-0-10-4 246 630 44 43 
cell-0-10-5 290 630 305 43 
cell-0-11-0 70 682 44 43 
cell-0-11-1 114 682 44 43 
cell-0-11-2 158 682 44 43 
cell-0-11-3 202 682 44 43 
cell-0-11-4 246 682 44 43 
cell-0-11-5 290 682 305 43 
