table-0 381 551 546 413 
cell-0-1-0 381 551 34 35 
cell-0-1-1 415 551 34 35 
cell-0-1-2 449 551 34 35 
cell-0-1-3 483 551 34 35 
cell-0-1-4 517 551 34 35 
cell-0-1-5 551 551 34 35 
cell-0-1-6 585 551 34 35 
cell-0-1-7 619 551 34 35 
cell-0-1-8 653 551 34 35 
cell-0-1-9 687 551 34 35 
cell-0-1-10 721 551 34 35 
cell-0-1-11 755 551 34 35 
cell-0-1-12 789 551 34 35 
cell-0-1-13 823 551 34 35 
cell-0-1-14 857 551 34 35 
cell-0-1-15 891 551 34 35 
cell-0-2-0 381 598 34 35 
cell-0-2-1 415 598 34 35 
cell-0-2-2 449 598 34 35 
cell-0-2-3 483 598 34 35 
cell-0-2-4 517 598 34 35 
cell-0-2-5 551 598 34 35 
cell-0-2-6 585 598 34 35 
cell-0-2-7 619 598 34 35 
cell-0-2-8 653 598 34 35 
cell-0-2-9 687 598 34 35 
cell-0-2-10 721 598 34 35 
cell-0-2-11 755 598 34 35 
cell-0-2-12 789 598 34 35 
cell-0-2-13 823 598 34 35 
cell-0-2-14 857 598 34 35 
cell-0-2-15 891 598 34 35 
cell-0-3-0 381 645 34 35 
cell-0-3-1 415 645 34 35 
cell-0-3-2 449 645 34 35 
cell-0-3-3 483 645 34 35 
cell-0-3-4 517 645 34 35 
cell-0-3-5 551 645 34 35 
cell-0-3-6 585 645 34 35 
cell-0-3-7 619 645 34 35 
cell-0-3-8 653 645 34 35 
cell-0-3-9 687 645 34 35 
cell-0-3-10 721 645 34 35 
cell-0-3-11 755 645 34 35 
cell-0-3-12 789 645 34 35 
cell-0-3-13 823 645 34 35 
cell-0-3-14 857 645 34 35 
cell-0-3-15 891 645 34 35 
cell-0-4-0 381 692 34 35 
cell-0-4-1 415 692 34 35 
cell-0-4-2 449 692 34 35 
cell-0-4-3 483 692 34 35 
cell-0-4-4 517 692 34 35 
cell-0-4-5 551 692 34 35 
cell-0-4-6 585 692 34 35 
cell-0-4-7 619 692 34 35 
cell-0-4-8 653 692 34 35 
cell-0-4-9 687 692 34 35 
cell-0-4-10 721 692 34 35 
cell-0-4-11 755 692 34 35 
cell-0-4-12 789 692 34 35 
cell-0-4-13 823 692 34 35 
cell-0-4-14 857 692 34 35 
cell-0-4-15 891 692 34 35 
cell-0-5-0 381 739 34 35 
cell-0-5-1 415 739 34 35 
cell-0-5-2 449 739 34 35 
cell-0-5-3 483 739 34 35 
cell-0-5-4 517 739 34 35 
cell-0-5-5 551 739 34 35 
cell-0-5-6 585 739 34 35 
cell-0-5-7 619 739 34 35 
cell-0-5-8 653 739 34 35 
cell-0-5-9 687 739 34 35 
cell-0-5-10 721 739 34 35 
cell-0-5-11 755 739 34 35 
cell-0-5-12 789 739 34 35 
cell-0-5-13 823 739 34 35 
cell-0-5-14 857 739 34 35 
cell-0-5-15 891 739 34 35 
cell-0-6-0 381 786 34 35 
cell-0-6-1 415 786 34 35 
cell-0-6-2 449 786 34 35 
cell-0-6-3 483 786 34 35 
cell-0-6-4 517 786 34 35 
cell-0-6-5 551 786 34 35 
cell-0-6-6 585 786 34 35 
cell-0-6-7 619 786 34 35 
cell-0-6-8 653 786 34 35 
cell-0-6-9 687 786 34 35 
cell-0-6-10 721 786 34 35 
cell-0-6-11 755 786 34 35 
cell-0-6-12 789 786 34 35 
cell-0-6-13 823 786 34 35 
cell-0-6-14 857 786 34 35 
cell-0-6-15 891 786 34 35 
cell-0-7-0 381 833 34 35 
cell-0-7-1 415 833 34 35 
cell-0-7-2 449 833 34 35 
cell-0-7-3 483 833 34 35 
cell-0-7-4 517 833 34 35 
cell-0-7-5 551 833 34 35 
cell-0-7-6 585 833 34 35 
cell-0-7-7 619 833 34 35 
cell-0-7-8 653 833 34 35 
cell-0-7-9 687 833 34 35 
cell-0-7-10 721 833 34 35 
cell-0-7-11 755 833 34 35 
cell-0-7-12 789 833 34 35 
cell-0-7-13 823 833 34 35 
cell-0-7-14 857 833 34 35 
cell-0-7-15 891 833 34 35 
cell-0-8-0 381 880 34 35 
cell-0-8-1 415 880 34 35 
cell-0-8-2 449 880 34 35 
cell-0-8-3 483 880 34 35 
cell-0-8-4 517 880 34 35 
cell-0-8-5 551 880 34 35 
cell-0-8-6 585 880 34 35 
cell-0-8-7 619 880 34 35 
cell-0-8-8 653 880 34 35 
cell-0-8-9 687 880 34 35 
cell-0-8-10 721 880 34 35 
cell-0-8-11 755 880 34 35 
cell-0-8-12 789 880 34 35 
cell-0-8-13 823 880 34 35 
cell-0-8-14 857 880 34 35 
cell-0-8-15 891 880 34 35 
cell-0-9-0 381 927 34 35 
cell-0-9-1 415 927 34 35 
cell-0-9-2 449 927 34 35 
cell-0-9-3 483 927 34 35 
cell-0-9-4 517 927 34 35 
cell-0-9-5 551 927 34 35 
cell-0-9-6 585 927 34 35 
cell-0-9-7 619 927 34 35 
cell-0-9-8 653 927 34 35 
cell-0-9-9 687 927 34 35 
cell-0-9-10 721 927 34 35 
cell-0-9-11 755 927 34 35 
cell-0-9-12 789 927 34 35 
cell-0-9-13 823 927 34 35 
cell-0-9-14 857 927 34 35 
cell-0-9-15 891 927 34 35 
