table-0 609 278 266 653 
cell-0-0-0 609 278 44 35 
cell-0-0-1 653 278 44 35 
cell-0-0-2 697 278 44 35 
cell-0-0-3 741 278 44 35 
cell-0-0-4 785 278 44 35 
cell-0-0-5 829 278 44 35 
cell-0-1-0 609 322 44 35 
cell-0-1-1 653 322 44 35 
cell-0-1-2 697 322 44 35 
cell-0-1-3 741 322 44 35 
cell-0-1-4 785 322 44 35 
cell-0-1-5 829 322 44 35 
cell-0-2-0 609 366 44 35 
cell-0-2-1 653 366 44 35 
cell-0-2-2 697 366 44 35 
cell-0-2-3 741 366 44 35 
cell-0-2-4 785 366 44 35 
cell-0-2-5 829 366 44 35 
cell-0-3-0 609 410 44 35 
cell-0-3-1 653 410 44 35 
cell-0-3-2 697 410 44 35 
cell-0-3-3 741 410 44 35 
cell-0-3-4 785 410 44 35 
cell-0-3-5 829 410 44 35 
cell-0-4-0 609 454 44 35 
cell-0-4-1 653 454 44 35 
cell-0-4-2 697 454 44 35 
cell-0-4-3 741 454 44 35 
cell-0-4-4 785 454 44 35 
cell-0-4-5 829 454 44 35 
cell-0-5-0 609 498 44 35 
cell-0-5-1 653 498 44 35 
cell-0-5-2 697 498 44 35 
cell-0-5-3 741 498 44 35 
cell-0-5-4 785 498 44 35 
cell-0-5-5 829 498 44 35 
cell-0-6-0 609 542 44 35 
cell-0-6-1 653 542 44 35 
cell-0-6-2 697 542 44 35 
cell-0-6-3 741 542 44 35 
cell-0-6-4 785 542 44 35 
cell-0-6-5 829 542 44 35 
cell-0-7-0 609 586 44 35 
cell-0-7-1 653 586 44 35 
cell-0-7-2 697 586 44 35 
cell-0-7-3 741 586 44 35 
cell-0-7-4 785 586 44 35 
cell-0-7-5 829 586 44 35 
cell-0-8-0 609 630 44 35 
cell-0-8-1 653 630 44 35 
cell-0-8-2 697 630 44 35 
cell-0-8-3 741 630 44 35 
cell-0-8-4 785 630 44 35 
cell-0-8-5 829 630 44 35 
cell-0-9-0 609 674 44 35 
cell-0-9-1 653 674 44 35 
cell-0-9-2 697 674 44 35 
cell-0-9-3 741 674 44 35 
cell-0-9-4 785 674 44 35 
cell-0-9-5 829 674 44 35 
cell-0-10-0 609 718 44 35 
cell-0-10-1 653 718 44 35 
cell-0-10-2 697 718 44 35 
cell-0-10-3 741 718 44 35 
cell-0-10-4 785 718 44 35 
cell-0-10-5 829 718 44 35 
cell-0-11-0 609 762 44 35 
cell-0-11-1 653 762 44 35 
cell-0-11-2 697 762 44 35 
cell-0-11-3 741 762 44 35 
cell-0-11-4 785 762 44 35 
cell-0-11-5 829 762 44 35 
cell-0-12-0 609 806 44 35 
cell-0-12-1 653 806 44 35 
cell-0-12-2 697 806 44 35 
cell-0-12-3 741 806 44 35 
cell-0-12-4 785 806 44 35 
cell-0-12-5 829 806 44 35 
cell-0-13-0 609 850 44 35 
cell-0-13-1 653 850 44 35 
cell-0-13-2 697 850 44 35 
cell-0-13-3 741 850 44 35 
cell-0-13-4 785 850 44 35 
cell-0-13-5 829 850 44 35 
cell-0-14-0 609 894 44 35 
cell-0-14-1 653 894 44 35 
cell-0-14-2 697 894 44 35 
cell-0-14-3 741 894 44 35 
cell-0-14-4 785 894 44 35 
cell-0-14-5 829 894 44 35 
