table-0 72 813 266 477 
cell-0-0-0 72 813 44 35 
cell-0-0-1 116 813 44 35 
cell-0-0-2 160 813 44 35 
cell-0-0-3 204 813 44 35 
cell-0-0-4 248 813 44 35 
cell-0-0-5 292 813 44 35 
cell-0-1-0 72 853 44 35 
cell-0-1-1 116 853 44 35 
cell-0-1-2 160 853 44 35 
cell-0-1-3 204 853 44 35 
cell-0-1-4 248 853 44 35 
cell-0-1-5 292 853 44 35 
cell-0-2-0 72 893 44 35 
cell-0-2-1 116 893 44 35 
cell-0-2-2 160 893 44 35 
cell-0-2-3 204 893 44 35 
cell-0-2-4 248 893 44 35 
cell-0-2-5 292 893 44 35 
cell-0-3-0 72 933 44 35 
cell-0-3-1 116 933 44 35 
cell-0-3-2 160 933 44 35 
cell-0-3-3 204 933 44 35 
cell-0-3-4 248 933 44 35 
cell-0-3-5 292 933 44 35 
cell-0-4-0 72 973 44 35 
cell-0-4-1 116 973 44 35 
cell-0-4-2 160 973 44 35 
cell-0-4-3 204 973 44 35 
cell-0-4-4 248 973 44 35 
cell-0-4-5 292 973 44 35 
cell-0-5-0 72 1013 44 35 
cell-0-5-1 116 1013 44 35 
cell-0-5-2 160 1013 44 35 
cell-0-5-3 204 1013 44 35 
cell-0-5-4 248 1013 44 35 
cell-0-5-5 292 1013 44 35 
cell-0-6-0 72 1053 44 35 
cell-0-6-1 116 1053 44 35 
cell-0-6-2 160 1053 44 35 
cell-0-6-3 204 1053 44 35 
cell-0-6-4 248 1053 44 35 
cell-0-6-5 292 1053 44 35 
cell-0-7-0 72 1093 44 35 
cell-0-7-1 116 1093 44 35 
cell-0-7-2 160 1093 44 35 
cell-0-7-3 204 1093 44 35 
cell-0-7-4 248 1093 44 35 
cell-0-7-5 292 1093 44 35 
cell-0-8-0 72 1133 44 35 
cell-0-8-1 116 1133 44 35 
cell-0-8-2 160 1133 44 35 
cell-0-8-3 204 1133 44 35 
cell-0-8-4 248 1133 44 35 
cell-0-8-5 292 1133 44 35 
cell-0-9-0 72 1173 44 35 
cell-0-9-1 116 1173 44 35 
cell-0-9-2 160 1173 44 35 
cell-0-9-3 204 1173 44 35 
cell-0-9-4 248 1173 44 35 
cell-0-9-5 292 1173 44 35 
cell-0-10-0 72 1213 44 35 
cell-0-10-1 116 1213 44 35 
cell-0-10-2 160 1213 44 35 
cell-0-10-3 204 1213 44 35 
cell-0-10-4 248 1213 44 35 
cell-0-10-5 292 1213 44 35 
cell-0-11-0 72 1253 44 35 
cell-0-11-1 116 1253 44 35 
cell-0-11-2 160 1253 44 35 
cell-0-11-3 204 1253 44 35 
cell-0-11-4 248 1253 44 35 
cell-0-11-5 292 1253 44 35 
