table-0 672 760 273 542 
cell-0-0-0 672 760 45 35 
cell-0-0-1 717 760 45 35 
cell-0-0-2 762 760 45 35 
cell-0-0-3 807 760 45 35 
cell-0-0-4 852 760 45 35 
cell-0-0-5 897 760 45 35 
cell-0-1-0 672 802 45 35 
cell-0-1-1 717 802 45 35 
cell-0-1-2 762 802 45 35 
cell-0-1-3 807 802 45 35 
cell-0-1-4 852 802 45 35 
cell-0-1-5 897 802 45 35 
cell-0-2-0 672 844 45 35 
cell-0-2-1 717 844 45 35 
cell-0-2-2 762 844 45 35 
cell-0-2-3 807 844 45 35 
cell-0-2-4 852 844 45 35 
cell-0-2-5 897 844 45 35 
cell-0-3-0 672 886 45 35 
cell-0-3-1 717 886 45 35 
cell-0-3-2 762 886 45 35 
cell-0-3-3 807 886 45 35 
cell-0-3-4 852 886 45 35 
cell-0-3-5 897 886 45 35 
cell-0-4-0 672 928 45 35 
cell-0-4-1 717 928 45 35 
cell-0-4-2 762 928 45 35 
cell-0-4-3 807 928 45 35 
cell-0-4-4 852 928 45 35 
cell-0-4-5 897 928 45 35 
cell-0-5-0 672 970 45 35 
cell-0-5-1 717 970 45 35 
cell-0-5-2 762 970 45 35 
cell-0-5-3 807 970 45 35 
cell-0-5-4 852 970 45 35 
cell-0-5-5 897 970 45 35 
cell-0-6-0 672 1012 45 35 
cell-0-6-1 717 1012 45 35 
cell-0-6-2 762 1012 45 35 
cell-0-6-3 807 1012 45 35 
cell-0-6-4 852 1012 45 35 
cell-0-6-5 897 1012 45 35 
cell-0-7-0 672 1054 45 35 
cell-0-7-1 717 1054 45 35 
cell-0-7-2 762 1054 45 35 
cell-0-7-3 807 1054 45 35 
cell-0-7-4 852 1054 45 35 
cell-0-7-5 897 1054 45 35 
cell-0-8-0 672 1096 45 35 
cell-0-8-1 717 1096 45 35 
cell-0-8-2 762 1096 45 35 
cell-0-8-3 807 1096 45 35 
cell-0-8-4 852 1096 45 35 
cell-0-8-5 897 1096 45 35 
cell-0-9-0 672 1138 45 35 
cell-0-9-1 717 1138 45 35 
cell-0-9-2 762 1138 45 35 
cell-0-9-3 807 1138 45 35 
cell-0-9-4 852 1138 45 35 
cell-0-9-5 897 1138 45 35 
cell-0-10-0 672 1180 45 35 
cell-0-10-1 717 1180 45 35 
cell-0-10-2 762 1180 45 35 
cell-0-10-3 807 1180 45 35 
cell-0-10-4 852 1180 45 35 
cell-0-10-5 897 1180 45 35 
cell-0-11-0 672 1222 45 35 
cell-0-11-1 717 1222 45 35 
cell-0-11-2 762 1222 45 35 
cell-0-11-3 807 1222 45 35 
cell-0-11-4 852 1222 45 35 
cell-0-11-5 897 1222 45 35 
cell-0-12-0 672 1264 45 35 
cell-0-12-1 717 1264 45 35 
cell-0-12-2 762 1264 45 35 
cell-0-12-3 807 1264 45 35 
cell-0-12-4 852 1264 45 35 
cell-0-12-5 897 1264 45 35 
table-1 75 660 259 638 
cell-1-0-0 75 660 43 35 
cell-1-0-1 118 660 43 35 
cell-1-0-2 161 660 43 35 
cell-1-0-3 204 660 43 35 
cell-1-0-4 247 660 43 35 
cell-1-0-5 290 660 43 35 
cell-1-1-0 75 703 43 35 
cell-1-1-1 118 703 43 35 
cell-1-1-2 161 703 43 35 
cell-1-1-3 204 703 43 35 
cell-1-1-4 247 703 43 35 
cell-1-1-5 290 703 43 35 
cell-1-2-0 75 746 43 35 
cell-1-2-1 118 746 43 35 
cell-1-2-2 161 746 43 35 
cell-1-2-3 204 746 43 35 
cell-1-2-4 247 746 43 35 
cell-1-2-5 290 746 43 35 
cell-1-3-0 75 789 43 35 
cell-1-3-1 118 789 43 35 
cell-1-3-2 161 789 43 35 
cell-1-3-3 204 789 43 35 
cell-1-3-4 247 789 43 35 
cell-1-3-5 290 789 43 35 
cell-1-4-0 75 832 43 35 
cell-1-4-1 118 832 43 35 
cell-1-4-2 161 832 43 35 
cell-1-4-3 204 832 43 35 
cell-1-4-4 247 832 43 35 
cell-1-4-5 290 832 43 35 
cell-1-5-0 75 875 43 35 
cell-1-5-1 118 875 43 35 
cell-1-5-2 161 875 43 35 
cell-1-5-3 204 875 43 35 
cell-1-5-4 247 875 43 35 
cell-1-5-5 290 875 43 35 
cell-1-6-0 75 918 43 35 
cell-1-6-1 118 918 43 35 
cell-1-6-2 161 918 43 35 
cell-1-6-3 204 918 43 35 
cell-1-6-4 247 918 43 35 
cell-1-6-5 290 918 43 35 
cell-1-7-0 75 961 43 35 
cell-1-7-1 118 961 43 35 
cell-1-7-2 161 961 43 35 
cell-1-7-3 204 961 43 35 
cell-1-7-4 247 961 43 35 
cell-1-7-5 290 961 43 35 
cell-1-8-0 75 1004 43 35 
cell-1-8-1 118 1004 43 35 
cell-1-8-2 161 1004 43 35 
cell-1-8-3 204 1004 43 35 
cell-1-8-4 247 1004 43 35 
cell-1-8-5 290 1004 43 35 
cell-1-9-0 75 1047 43 35 
cell-1-9-1 118 1047 43 35 
cell-1-9-2 161 1047 43 35 
cell-1-9-3 204 1047 43 35 
cell-1-9-4 247 1047 43 35 
cell-1-9-5 290 1047 43 35 
cell-1-10-0 75 1090 43 35 
cell-1-10-1 118 1090 43 35 
cell-1-10-2 161 1090 43 35 
cell-1-10-3 204 1090 43 35 
cell-1-10-4 247 1090 43 35 
cell-1-10-5 290 1090 43 35 
cell-1-11-0 75 1133 43 35 
cell-1-11-1 118 1133 43 35 
cell-1-11-2 161 1133 43 35 
cell-1-11-3 204 1133 43 35 
cell-1-11-4 247 1133 43 35 
cell-1-11-5 290 1133 43 35 
cell-1-12-0 75 1176 43 35 
cell-1-12-1 118 1176 43 35 
cell-1-12-2 161 1176 43 35 
cell-1-12-3 204 1176 43 35 
cell-1-12-4 247 1176 43 35 
cell-1-12-5 290 1176 43 35 
cell-1-13-0 75 1219 43 35 
cell-1-13-1 118 1219 43 35 
cell-1-13-2 161 1219 43 35 
cell-1-13-3 204 1219 43 35 
cell-1-13-4 247 1219 43 35 
cell-1-13-5 290 1219 43 35 
cell-1-14-0 75 1262 43 35 
cell-1-14-1 118 1262 43 35 
cell-1-14-2 161 1262 43 35 
cell-1-14-3 204 1262 43 35 
cell-1-14-4 247 1262 43 35 
cell-1-14-5 290 1262 43 35 
