table-0 452 209 600 415 
cell-0-0-0 452 209 100 36 
cell-0-0-1 552 209 100 36 
cell-0-0-2 652 209 100 36 
cell-0-0-3 752 209 100 36 
cell-0-0-4 852 209 100 36 
cell-0-0-5 952 209 100 36 
cell-0-1-0 452 251 100 36 
cell-0-1-1 552 251 100 36 
cell-0-1-2 652 251 100 36 
cell-0-1-3 752 251 100 36 
cell-0-1-4 852 251 100 36 
cell-0-1-5 952 251 100 36 
cell-0-2-0 452 293 100 36 
cell-0-2-1 552 293 100 36 
cell-0-2-2 652 293 100 36 
cell-0-2-3 752 293 100 36 
cell-0-2-4 852 293 100 36 
cell-0-2-5 952 293 100 36 
cell-0-3-0 452 335 100 36 
cell-0-3-1 552 335 100 36 
cell-0-3-2 652 335 100 36 
cell-0-3-3 752 335 100 36 
cell-0-3-4 852 335 100 36 
cell-0-3-5 952 335 100 36 
cell-0-4-0 452 377 100 36 
cell-0-4-1 552 377 100 36 
cell-0-4-2 652 377 100 36 
cell-0-4-3 752 377 100 36 
cell-0-4-4 852 377 100 36 
cell-0-4-5 952 377 100 36 
cell-0-5-0 452 419 100 36 
cell-0-5-1 552 419 100 36 
cell-0-5-2 652 419 100 36 
cell-0-5-3 752 419 100 36 
cell-0-5-4 852 419 100 36 
cell-0-5-5 952 419 100 36 
cell-0-6-0 452 461 100 36 
cell-0-6-1 552 461 100 36 
cell-0-6-2 652 461 100 36 
cell-0-6-3 752 461 100 36 
cell-0-6-4 852 461 100 36 
cell-0-6-5 952 461 100 36 
cell-0-7-0 452 503 100 36 
cell-0-7-1 552 503 100 36 
cell-0-7-2 652 503 100 36 
cell-0-7-3 752 503 100 36 
cell-0-7-4 852 503 100 36 
cell-0-7-5 952 503 100 36 
cell-0-8-0 452 545 100 36 
cell-0-8-1 552 545 100 36 
cell-0-8-2 652 545 100 36 
cell-0-8-3 752 545 100 36 
cell-0-8-4 852 545 100 36 
cell-0-8-5 952 545 100 36 
cell-0-9-0 452 587 100 36 
cell-0-9-1 552 587 100 36 
cell-0-9-2 652 587 100 36 
cell-0-9-3 752 587 100 36 
cell-0-9-4 852 587 100 36 
cell-0-9-5 952 587 100 36 
table-1 278 1008 500 415 
cell-1-0-0 278 1008 71 45 
cell-1-0-1 349 1008 71 45 
cell-1-0-2 420 1008 71 45 
cell-1-0-3 491 1008 71 45 
cell-1-0-4 562 1008 71 45 
cell-1-0-5 633 1008 71 45 
cell-1-0-6 704 1008 71 45 
cell-1-1-0 278 1054 71 45 
cell-1-1-1 349 1054 71 45 
cell-1-1-2 420 1054 71 45 
cell-1-1-3 491 1054 71 45 
cell-1-1-4 562 1054 71 45 
cell-1-1-5 633 1054 71 45 
cell-1-1-6 704 1054 71 45 
cell-1-2-0 278 1100 71 45 
cell-1-2-1 349 1100 71 45 
cell-1-2-2 420 1100 71 45 
cell-1-2-3 491 1100 71 45 
cell-1-2-4 562 1100 71 45 
cell-1-2-5 633 1100 71 45 
cell-1-2-6 704 1100 71 45 
cell-1-3-0 278 1146 71 45 
cell-1-3-1 349 1146 71 45 
cell-1-3-2 420 1146 71 45 
cell-1-3-3 491 1146 71 45 
cell-1-3-4 562 1146 71 45 
cell-1-3-5 633 1146 71 45 
cell-1-3-6 704 1146 71 45 
cell-1-4-0 278 1192 71 45 
cell-1-4-1 349 1192 71 45 
cell-1-4-2 420 1192 71 45 
cell-1-4-3 491 1192 71 45 
cell-1-4-4 562 1192 71 45 
cell-1-4-5 633 1192 71 45 
cell-1-4-6 704 1192 71 45 
cell-1-5-0 278 1238 71 45 
cell-1-5-1 349 1238 71 45 
cell-1-5-2 420 1238 71 45 
cell-1-5-3 491 1238 71 45 
cell-1-5-4 562 1238 71 45 
cell-1-5-5 633 1238 71 45 
cell-1-5-6 704 1238 71 45 
cell-1-6-0 278 1284 71 45 
cell-1-6-1 349 1284 71 45 
cell-1-6-2 420 1284 71 45 
cell-1-6-3 491 1284 71 45 
cell-1-6-4 562 1284 71 45 
cell-1-6-5 633 1284 71 45 
cell-1-6-6 704 1284 71 45 
cell-1-7-0 278 1330 71 45 
cell-1-7-1 349 1330 71 45 
cell-1-7-2 420 1330 71 45 
cell-1-7-3 491 1330 71 45 
cell-1-7-4 562 1330 71 45 
cell-1-7-5 633 1330 71 45 
cell-1-7-6 704 1330 71 45 
cell-1-8-0 278 1376 71 45 
cell-1-8-1 349 1376 71 45 
cell-1-8-2 420 1376 71 45 
cell-1-8-3 491 1376 71 45 
cell-1-8-4 562 1376 71 45 
cell-1-8-5 633 1376 71 45 
cell-1-8-6 704 1376 71 45 
