table-0 706 301 331 556 
cell-0-1-0 706 301 33 35 
cell-0-1-1 739 301 33 35 
cell-0-1-2 772 301 33 35 
cell-0-1-3 805 301 33 35 
cell-0-1-4 838 301 33 35 
cell-0-1-5 871 301 33 35 
cell-0-1-6 904 301 33 35 
cell-0-1-7 937 301 33 35 
cell-0-1-8 970 301 33 35 
cell-0-1-9 1003 301 33 35 
cell-0-2-0 706 353 33 35 
cell-0-2-1 739 353 33 35 
cell-0-2-2 772 353 33 35 
cell-0-2-3 805 353 33 35 
cell-0-2-4 838 353 33 35 
cell-0-2-5 871 353 33 35 
cell-0-2-6 904 353 33 35 
cell-0-2-7 937 353 33 35 
cell-0-2-8 970 353 33 35 
cell-0-2-9 1003 353 33 35 
cell-0-3-0 706 405 33 35 
cell-0-3-1 739 405 33 35 
cell-0-3-2 772 405 33 35 
cell-0-3-3 805 405 33 35 
cell-0-3-4 838 405 33 35 
cell-0-3-5 871 405 33 35 
cell-0-3-6 904 405 33 35 
cell-0-3-7 937 405 33 35 
cell-0-3-8 970 405 33 35 
cell-0-3-9 1003 405 33 35 
cell-0-4-0 706 457 33 35 
cell-0-4-1 739 457 33 35 
cell-0-4-2 772 457 33 35 
cell-0-4-3 805 457 33 35 
cell-0-4-4 838 457 33 35 
cell-0-4-5 871 457 33 35 
cell-0-4-6 904 457 33 35 
cell-0-4-7 937 457 33 35 
cell-0-4-8 970 457 33 35 
cell-0-4-9 1003 457 33 35 
cell-0-5-0 706 509 33 35 
cell-0-5-1 739 509 33 35 
cell-0-5-2 772 509 33 35 
cell-0-5-3 805 509 33 35 
cell-0-5-4 838 509 33 35 
cell-0-5-5 871 509 33 35 
cell-0-5-6 904 509 33 35 
cell-0-5-7 937 509 33 35 
cell-0-5-8 970 509 33 35 
cell-0-5-9 1003 509 33 35 
cell-0-6-0 706 561 33 35 
cell-0-6-1 739 561 33 35 
cell-0-6-2 772 561 33 35 
cell-0-6-3 805 561 33 35 
cell-0-6-4 838 561 33 35 
cell-0-6-5 871 561 33 35 
cell-0-6-6 904 561 33 35 
cell-0-6-7 937 561 33 35 
cell-0-6-8 970 561 33 35 
cell-0-6-9 1003 561 33 35 
cell-0-7-0 706 613 33 35 
cell-0-7-1 739 613 33 35 
cell-0-7-2 772 613 33 35 
cell-0-7-3 805 613 33 35 
cell-0-7-4 838 613 33 35 
cell-0-7-5 871 613 33 35 
cell-0-7-6 904 613 33 35 
cell-0-7-7 937 613 33 35 
cell-0-7-8 970 613 33 35 
cell-0-7-9 1003 613 33 35 
cell-0-8-0 706 665 33 35 
cell-0-8-1 739 665 33 35 
cell-0-8-2 772 665 33 35 
cell-0-8-3 805 665 33 35 
cell-0-8-4 838 665 33 35 
cell-0-8-5 871 665 33 35 
cell-0-8-6 904 665 33 35 
cell-0-8-7 937 665 33 35 
cell-0-8-8 970 665 33 35 
cell-0-8-9 1003 665 33 35 
cell-0-9-0 706 717 33 35 
cell-0-9-1 739 717 33 35 
cell-0-9-2 772 717 33 35 
cell-0-9-3 805 717 33 35 
cell-0-9-4 838 717 33 35 
cell-0-9-5 871 717 33 35 
cell-0-9-6 904 717 33 35 
cell-0-9-7 937 717 33 35 
cell-0-9-8 970 717 33 35 
cell-0-9-9 1003 717 33 35 
cell-0-10-0 706 769 33 35 
cell-0-10-1 739 769 33 35 
cell-0-10-2 772 769 33 35 
cell-0-10-3 805 769 33 35 
cell-0-10-4 838 769 33 35 
cell-0-10-5 871 769 33 35 
cell-0-10-6 904 769 33 35 
cell-0-10-7 937 769 33 35 
cell-0-10-8 970 769 33 35 
cell-0-10-9 1003 769 33 35 
cell-0-11-0 706 821 33 35 
cell-0-11-1 739 821 33 35 
cell-0-11-2 772 821 33 35 
cell-0-11-3 805 821 33 35 
cell-0-11-4 838 821 33 35 
cell-0-11-5 871 821 33 35 
cell-0-11-6 904 821 33 35 
cell-0-11-7 937 821 33 35 
cell-0-11-8 970 821 33 35 
cell-0-11-9 1003 821 33 35 
table-3 220 834 273 554 
cell-3-0-0 220 834 45 35 
cell-3-0-1 265 834 45 35 
cell-3-0-2 310 834 45 35 
cell-3-0-3 355 834 45 35 
cell-3-0-4 400 834 45 35 
cell-3-0-5 445 834 45 35 
cell-3-1-0 220 877 45 35 
cell-3-1-1 265 877 45 35 
cell-3-1-2 310 877 45 35 
cell-3-1-3 355 877 45 35 
cell-3-1-4 400 877 45 35 
cell-3-1-5 445 877 45 35 
cell-3-2-0 220 920 45 35 
cell-3-2-1 265 920 45 35 
cell-3-2-2 310 920 45 35 
cell-3-2-3 355 920 45 35 
cell-3-2-4 400 920 45 35 
cell-3-2-5 445 920 45 35 
cell-3-3-0 220 963 45 35 
cell-3-3-1 265 963 45 35 
cell-3-3-2 310 963 45 35 
cell-3-3-3 355 963 45 35 
cell-3-3-4 400 963 45 35 
cell-3-3-5 445 963 45 35 
cell-3-4-0 220 1006 45 35 
cell-3-4-1 265 1006 45 35 
cell-3-4-2 310 1006 45 35 
cell-3-4-3 355 1006 45 35 
cell-3-4-4 400 1006 45 35 
cell-3-4-5 445 1006 45 35 
cell-3-5-0 220 1049 45 35 
cell-3-5-1 265 1049 45 35 
cell-3-5-2 310 1049 45 35 
cell-3-5-3 355 1049 45 35 
cell-3-5-4 400 1049 45 35 
cell-3-5-5 445 1049 45 35 
cell-3-6-0 220 1092 45 35 
cell-3-6-1 265 1092 45 35 
cell-3-6-2 310 1092 45 35 
cell-3-6-3 355 1092 45 35 
cell-3-6-4 400 1092 45 35 
cell-3-6-5 445 1092 45 35 
cell-3-7-0 220 1135 45 35 
cell-3-7-1 265 1135 45 35 
cell-3-7-2 310 1135 45 35 
cell-3-7-3 355 1135 45 35 
cell-3-7-4 400 1135 45 35 
cell-3-7-5 445 1135 45 35 
cell-3-8-0 220 1178 45 35 
cell-3-8-1 265 1178 45 35 
cell-3-8-2 310 1178 45 35 
cell-3-8-3 355 1178 45 35 
cell-3-8-4 400 1178 45 35 
cell-3-8-5 445 1178 45 35 
cell-3-9-0 220 1221 45 35 
cell-3-9-1 265 1221 45 35 
cell-3-9-2 310 1221 45 35 
cell-3-9-3 355 1221 45 35 
cell-3-9-4 400 1221 45 35 
cell-3-9-5 445 1221 45 35 
cell-3-10-0 220 1264 45 35 
cell-3-10-1 265 1264 45 35 
cell-3-10-2 310 1264 45 35 
cell-3-10-3 355 1264 45 35 
cell-3-10-4 400 1264 45 35 
cell-3-10-5 445 1264 45 35 
cell-3-11-0 220 1307 45 35 
cell-3-11-1 265 1307 45 35 
cell-3-11-2 310 1307 45 35 
cell-3-11-3 355 1307 45 35 
cell-3-11-4 400 1307 45 35 
cell-3-11-5 445 1307 45 35 
cell-3-12-0 220 1350 45 35 
cell-3-12-1 265 1350 45 35 
cell-3-12-2 310 1350 45 35 
cell-3-12-3 355 1350 45 35 
cell-3-12-4 400 1350 45 35 
cell-3-12-5 445 1350 45 35 
