header-0 166 992 865 193 
row-1-1 166 992 363 40 
row-1-2 549 992 330 40 
row-2-1 166 1042 396 40 
row-2-2 582 1042 441 40 
row-3-1 166 1092 660 40 
row-4-1 166 1142 759 40 
table-1 60 463 1000 217 
cell-1-0-0 60 463 142 36 
cell-1-0-1 202 463 142 36 
cell-1-0-2 344 463 142 36 
cell-1-0-3 486 463 142 36 
cell-1-0-4 628 463 142 36 
cell-1-0-5 770 463 142 36 
cell-1-0-6 912 463 142 36 
cell-1-1-0 60 508 142 36 
cell-1-1-1 202 508 142 36 
cell-1-1-2 344 508 142 36 
cell-1-1-3 486 508 142 36 
cell-1-1-4 628 508 142 36 
cell-1-1-5 770 508 142 36 
cell-1-1-6 912 508 142 36 
cell-1-2-0 60 553 142 36 
cell-1-2-1 202 553 142 36 
cell-1-2-2 344 553 142 36 
cell-1-2-3 486 553 142 36 
cell-1-2-4 628 553 142 36 
cell-1-2-5 770 553 142 36 
cell-1-2-6 912 553 142 36 
cell-1-3-0 60 598 142 36 
cell-1-3-1 202 598 142 36 
cell-1-3-2 344 598 142 36 
cell-1-3-3 486 598 142 36 
cell-1-3-4 628 598 142 36 
cell-1-3-5 770 598 142 36 
cell-1-3-6 912 598 142 36 
cell-1-4-0 60 643 142 36 
cell-1-4-1 202 643 142 36 
cell-1-4-2 344 643 142 36 
cell-1-4-3 486 643 142 36 
cell-1-4-4 628 643 142 36 
cell-1-4-5 770 643 142 36 
cell-1-4-6 912 643 142 36 
