table-0 350 167 500 311 
cell-0-0-0 350 167 71 36 
cell-0-0-1 421 167 71 36 
cell-0-0-2 492 167 71 36 
cell-0-0-3 563 167 71 36 
cell-0-0-4 634 167 71 36 
cell-0-0-5 705 167 71 36 
cell-0-0-6 776 167 71 36 
cell-0-1-0 350 206 71 36 
cell-0-1-1 421 206 71 36 
cell-0-1-2 492 206 71 36 
cell-0-1-3 563 206 71 36 
cell-0-1-4 634 206 71 36 
cell-0-1-5 705 206 71 36 
cell-0-1-6 776 206 71 36 
cell-0-2-0 350 245 71 36 
cell-0-2-1 421 245 71 36 
cell-0-2-2 492 245 71 36 
cell-0-2-3 563 245 71 36 
cell-0-2-4 634 245 71 36 
cell-0-2-5 705 245 71 36 
cell-0-2-6 776 245 71 36 
cell-0-3-0 350 284 71 36 
cell-0-3-1 421 284 71 36 
cell-0-3-2 492 284 71 36 
cell-0-3-3 563 284 71 36 
cell-0-3-4 634 284 71 36 
cell-0-3-5 705 284 71 36 
cell-0-3-6 776 284 71 36 
cell-0-4-0 350 323 71 36 
cell-0-4-1 421 323 71 36 
cell-0-4-2 492 323 71 36 
cell-0-4-3 563 323 71 36 
cell-0-4-4 634 323 71 36 
cell-0-4-5 705 323 71 36 
cell-0-4-6 776 323 71 36 
cell-0-5-0 350 362 71 36 
cell-0-5-1 421 362 71 36 
cell-0-5-2 492 362 71 36 
cell-0-5-3 563 362 71 36 
cell-0-5-4 634 362 71 36 
cell-0-5-5 705 362 71 36 
cell-0-5-6 776 362 71 36 
cell-0-6-0 350 401 71 36 
cell-0-6-1 421 401 71 36 
cell-0-6-2 492 401 71 36 
cell-0-6-3 563 401 71 36 
cell-0-6-4 634 401 71 36 
cell-0-6-5 705 401 71 36 
cell-0-6-6 776 401 71 36 
cell-0-7-0 350 440 71 36 
cell-0-7-1 421 440 71 36 
cell-0-7-2 492 440 71 36 
cell-0-7-3 563 440 71 36 
cell-0-7-4 634 440 71 36 
cell-0-7-5 705 440 71 36 
cell-0-7-6 776 440 71 36 
table-1 204 619 776 366 
cell-1-1-0 204 619 38 35 
cell-1-1-1 245 619 38 35 
cell-1-1-2 286 619 38 35 
cell-1-1-3 327 619 38 35 
cell-1-1-4 368 619 38 35 
cell-1-1-5 409 619 38 35 
cell-1-1-6 450 619 38 35 
cell-1-1-7 491 619 38 35 
cell-1-1-8 532 619 38 35 
cell-1-1-9 573 619 38 35 
cell-1-1-10 614 619 38 35 
cell-1-1-11 655 619 38 35 
cell-1-1-12 696 619 38 35 
cell-1-1-13 737 619 38 35 
cell-1-1-14 778 619 38 35 
cell-1-1-15 819 619 38 35 
cell-1-1-16 860 619 38 35 
cell-1-1-17 901 619 38 35 
cell-1-1-18 942 619 38 35 
cell-1-2-0 204 660 38 35 
cell-1-2-1 245 660 38 35 
cell-1-2-2 286 660 38 35 
cell-1-2-3 327 660 38 35 
cell-1-2-4 368 660 38 35 
cell-1-2-5 409 660 38 35 
cell-1-2-6 450 660 38 35 
cell-1-2-7 491 660 38 35 
cell-1-2-8 532 660 38 35 
cell-1-2-9 573 660 38 35 
cell-1-2-10 614 660 38 35 
cell-1-2-11 655 660 38 35 
cell-1-2-12 696 660 38 35 
cell-1-2-13 737 660 38 35 
cell-1-2-14 778 660 38 35 
cell-1-2-15 819 660 38 35 
cell-1-2-16 860 660 38 35 
cell-1-2-17 901 660 38 35 
cell-1-2-18 942 660 38 35 
cell-1-3-0 204 701 38 35 
cell-1-3-1 245 701 38 35 
cell-1-3-2 286 701 38 35 
cell-1-3-3 327 701 38 35 
cell-1-3-4 368 701 38 35 
cell-1-3-5 409 701 38 35 
cell-1-3-6 450 701 38 35 
cell-1-3-7 491 701 38 35 
cell-1-3-8 532 701 38 35 
cell-1-3-9 573 701 38 35 
cell-1-3-10 614 701 38 35 
cell-1-3-11 655 701 38 35 
cell-1-3-12 696 701 38 35 
cell-1-3-13 737 701 38 35 
cell-1-3-14 778 701 38 35 
cell-1-3-15 819 701 38 35 
cell-1-3-16 860 701 38 35 
cell-1-3-17 901 701 38 35 
cell-1-3-18 942 701 38 35 
cell-1-4-0 204 742 38 35 
cell-1-4-1 245 742 38 35 
cell-1-4-2 286 742 38 35 
cell-1-4-3 327 742 38 35 
cell-1-4-4 368 742 38 35 
cell-1-4-5 409 742 38 35 
cell-1-4-6 450 742 38 35 
cell-1-4-7 491 742 38 35 
cell-1-4-8 532 742 38 35 
cell-1-4-9 573 742 38 35 
cell-1-4-10 614 742 38 35 
cell-1-4-11 655 742 38 35 
cell-1-4-12 696 742 38 35 
cell-1-4-13 737 742 38 35 
cell-1-4-14 778 742 38 35 
cell-1-4-15 819 742 38 35 
cell-1-4-16 860 742 38 35 
cell-1-4-17 901 742 38 35 
cell-1-4-18 942 742 38 35 
cell-1-5-0 204 783 38 35 
cell-1-5-1 245 783 38 35 
cell-1-5-2 286 783 38 35 
cell-1-5-3 327 783 38 35 
cell-1-5-4 368 783 38 35 
cell-1-5-5 409 783 38 35 
cell-1-5-6 450 783 38 35 
cell-1-5-7 491 783 38 35 
cell-1-5-8 532 783 38 35 
cell-1-5-9 573 783 38 35 
cell-1-5-10 614 783 38 35 
cell-1-5-11 655 783 38 35 
cell-1-5-12 696 783 38 35 
cell-1-5-13 737 783 38 35 
cell-1-5-14 778 783 38 35 
cell-1-5-15 819 783 38 35 
cell-1-5-16 860 783 38 35 
cell-1-5-17 901 783 38 35 
cell-1-5-18 942 783 38 35 
cell-1-6-0 204 824 38 35 
cell-1-6-1 245 824 38 35 
cell-1-6-2 286 824 38 35 
cell-1-6-3 327 824 38 35 
cell-1-6-4 368 824 38 35 
cell-1-6-5 409 824 38 35 
cell-1-6-6 450 824 38 35 
cell-1-6-7 491 824 38 35 
cell-1-6-8 532 824 38 35 
cell-1-6-9 573 824 38 35 
cell-1-6-10 614 824 38 35 
cell-1-6-11 655 824 38 35 
cell-1-6-12 696 824 38 35 
cell-1-6-13 737 824 38 35 
cell-1-6-14 778 824 38 35 
cell-1-6-15 819 824 38 35 
cell-1-6-16 860 824 38 35 
cell-1-6-17 901 824 38 35 
cell-1-6-18 942 824 38 35 
cell-1-7-0 204 865 38 35 
cell-1-7-1 245 865 38 35 
cell-1-7-2 286 865 38 35 
cell-1-7-3 327 865 38 35 
cell-1-7-4 368 865 38 35 
cell-1-7-5 409 865 38 35 
cell-1-7-6 450 865 38 35 
cell-1-7-7 491 865 38 35 
cell-1-7-8 532 865 38 35 
cell-1-7-9 573 865 38 35 
cell-1-7-10 614 865 38 35 
cell-1-7-11 655 865 38 35 
cell-1-7-12 696 865 38 35 
cell-1-7-13 737 865 38 35 
cell-1-7-14 778 865 38 35 
cell-1-7-15 819 865 38 35 
cell-1-7-16 860 865 38 35 
cell-1-7-17 901 865 38 35 
cell-1-7-18 942 865 38 35 
cell-1-8-0 204 906 38 35 
cell-1-8-1 245 906 38 35 
cell-1-8-2 286 906 38 35 
cell-1-8-3 327 906 38 35 
cell-1-8-4 368 906 38 35 
cell-1-8-5 409 906 38 35 
cell-1-8-6 450 906 38 35 
cell-1-8-7 491 906 38 35 
cell-1-8-8 532 906 38 35 
cell-1-8-9 573 906 38 35 
cell-1-8-10 614 906 38 35 
cell-1-8-11 655 906 38 35 
cell-1-8-12 696 906 38 35 
cell-1-8-13 737 906 38 35 
cell-1-8-14 778 906 38 35 
cell-1-8-15 819 906 38 35 
cell-1-8-16 860 906 38 35 
cell-1-8-17 901 906 38 35 
cell-1-8-18 942 906 38 35 
cell-1-9-0 204 947 38 35 
cell-1-9-1 245 947 38 35 
cell-1-9-2 286 947 38 35 
cell-1-9-3 327 947 38 35 
cell-1-9-4 368 947 38 35 
cell-1-9-5 409 947 38 35 
cell-1-9-6 450 947 38 35 
cell-1-9-7 491 947 38 35 
cell-1-9-8 532 947 38 35 
cell-1-9-9 573 947 38 35 
cell-1-9-10 614 947 38 35 
cell-1-9-11 655 947 38 35 
cell-1-9-12 696 947 38 35 
cell-1-9-13 737 947 38 35 
cell-1-9-14 778 947 38 35 
cell-1-9-15 819 947 38 35 
cell-1-9-16 860 947 38 35 
cell-1-9-17 901 947 38 35 
cell-1-9-18 942 947 38 35 
