table-0 187 1005 660 241 
cell-0-1-0 187 1005 36 35 
cell-0-1-1 226 1005 36 35 
cell-0-1-2 265 1005 36 35 
cell-0-1-3 304 1005 36 35 
cell-0-1-4 343 1005 36 35 
cell-0-1-5 382 1005 36 35 
cell-0-1-6 421 1005 36 35 
cell-0-1-7 460 1005 36 35 
cell-0-1-8 499 1005 36 35 
cell-0-1-9 538 1005 36 35 
cell-0-1-10 577 1005 36 35 
cell-0-1-11 616 1005 36 35 
cell-0-1-12 655 1005 36 35 
cell-0-1-13 694 1005 36 35 
cell-0-1-14 733 1005 36 35 
cell-0-1-15 772 1005 36 35 
cell-0-1-16 811 1005 36 35 
cell-0-2-0 187 1056 36 35 
cell-0-2-1 226 1056 36 35 
cell-0-2-2 265 1056 36 35 
cell-0-2-3 304 1056 36 35 
cell-0-2-4 343 1056 36 35 
cell-0-2-5 382 1056 36 35 
cell-0-2-6 421 1056 36 35 
cell-0-2-7 460 1056 36 35 
cell-0-2-8 499 1056 36 35 
cell-0-2-9 538 1056 36 35 
cell-0-2-10 577 1056 36 35 
cell-0-2-11 616 1056 36 35 
cell-0-2-12 655 1056 36 35 
cell-0-2-13 694 1056 36 35 
cell-0-2-14 733 1056 36 35 
cell-0-2-15 772 1056 36 35 
cell-0-2-16 811 1056 36 35 
cell-0-3-0 187 1107 36 35 
cell-0-3-1 226 1107 36 35 
cell-0-3-2 265 1107 36 35 
cell-0-3-3 304 1107 36 35 
cell-0-3-4 343 1107 36 35 
cell-0-3-5 382 1107 36 35 
cell-0-3-6 421 1107 36 35 
cell-0-3-7 460 1107 36 35 
cell-0-3-8 499 1107 36 35 
cell-0-3-9 538 1107 36 35 
cell-0-3-10 577 1107 36 35 
cell-0-3-11 616 1107 36 35 
cell-0-3-12 655 1107 36 35 
cell-0-3-13 694 1107 36 35 
cell-0-3-14 733 1107 36 35 
cell-0-3-15 772 1107 36 35 
cell-0-3-16 811 1107 36 35 
cell-0-4-0 187 1158 36 35 
cell-0-4-1 226 1158 36 35 
cell-0-4-2 265 1158 36 35 
cell-0-4-3 304 1158 36 35 
cell-0-4-4 343 1158 36 35 
cell-0-4-5 382 1158 36 35 
cell-0-4-6 421 1158 36 35 
cell-0-4-7 460 1158 36 35 
cell-0-4-8 499 1158 36 35 
cell-0-4-9 538 1158 36 35 
cell-0-4-10 577 1158 36 35 
cell-0-4-11 616 1158 36 35 
cell-0-4-12 655 1158 36 35 
cell-0-4-13 694 1158 36 35 
cell-0-4-14 733 1158 36 35 
cell-0-4-15 772 1158 36 35 
cell-0-4-16 811 1158 36 35 
cell-0-5-0 187 1209 36 35 
cell-0-5-1 226 1209 36 35 
cell-0-5-2 265 1209 36 35 
cell-0-5-3 304 1209 36 35 
cell-0-5-4 343 1209 36 35 
cell-0-5-5 382 1209 36 35 
cell-0-5-6 421 1209 36 35 
cell-0-5-7 460 1209 36 35 
cell-0-5-8 499 1209 36 35 
cell-0-5-9 538 1209 36 35 
cell-0-5-10 577 1209 36 35 
cell-0-5-11 616 1209 36 35 
cell-0-5-12 655 1209 36 35 
cell-0-5-13 694 1209 36 35 
cell-0-5-14 733 1209 36 35 
cell-0-5-15 772 1209 36 35 
cell-0-5-16 811 1209 36 35 
header-1 139 371 910 193 
row-1-1 139 371 319 40 
row-1-2 478 371 286 40 
row-2-1 139 421 385 40 
row-2-2 544 421 501 40 
row-3-1 139 471 616 40 
row-4-1 139 521 715 40 
