table-0 78 214 546 347 
cell-0-1-0 78 214 34 35 
cell-0-1-1 112 214 34 35 
cell-0-1-2 146 214 34 35 
cell-0-1-3 180 214 34 35 
cell-0-1-4 214 214 34 35 
cell-0-1-5 248 214 34 35 
cell-0-1-6 282 214 34 35 
cell-0-1-7 316 214 34 35 
cell-0-1-8 350 214 34 35 
cell-0-1-9 384 214 34 35 
cell-0-1-10 418 214 34 35 
cell-0-1-11 452 214 34 35 
cell-0-1-12 486 214 34 35 
cell-0-1-13 520 214 34 35 
cell-0-1-14 554 214 34 35 
cell-0-1-15 588 214 34 35 
cell-0-2-0 78 276 34 35 
cell-0-2-1 112 276 34 35 
cell-0-2-2 146 276 34 35 
cell-0-2-3 180 276 34 35 
cell-0-2-4 214 276 34 35 
cell-0-2-5 248 276 34 35 
cell-0-2-6 282 276 34 35 
cell-0-2-7 316 276 34 35 
cell-0-2-8 350 276 34 35 
cell-0-2-9 384 276 34 35 
cell-0-2-10 418 276 34 35 
cell-0-2-11 452 276 34 35 
cell-0-2-12 486 276 34 35 
cell-0-2-13 520 276 34 35 
cell-0-2-14 554 276 34 35 
cell-0-2-15 588 276 34 35 
cell-0-3-0 78 338 34 35 
cell-0-3-1 112 338 34 35 
cell-0-3-2 146 338 34 35 
cell-0-3-3 180 338 34 35 
cell-0-3-4 214 338 34 35 
cell-0-3-5 248 338 34 35 
cell-0-3-6 282 338 34 35 
cell-0-3-7 316 338 34 35 
cell-0-3-8 350 338 34 35 
cell-0-3-9 384 338 34 35 
cell-0-3-10 418 338 34 35 
cell-0-3-11 452 338 34 35 
cell-0-3-12 486 338 34 35 
cell-0-3-13 520 338 34 35 
cell-0-3-14 554 338 34 35 
cell-0-3-15 588 338 34 35 
cell-0-4-0 78 400 34 35 
cell-0-4-1 112 400 34 35 
cell-0-4-2 146 400 34 35 
cell-0-4-3 180 400 34 35 
cell-0-4-4 214 400 34 35 
cell-0-4-5 248 400 34 35 
cell-0-4-6 282 400 34 35 
cell-0-4-7 316 400 34 35 
cell-0-4-8 350 400 34 35 
cell-0-4-9 384 400 34 35 
cell-0-4-10 418 400 34 35 
cell-0-4-11 452 400 34 35 
cell-0-4-12 486 400 34 35 
cell-0-4-13 520 400 34 35 
cell-0-4-14 554 400 34 35 
cell-0-4-15 588 400 34 35 
cell-0-5-0 78 462 34 35 
cell-0-5-1 112 462 34 35 
cell-0-5-2 146 462 34 35 
cell-0-5-3 180 462 34 35 
cell-0-5-4 214 462 34 35 
cell-0-5-5 248 462 34 35 
cell-0-5-6 282 462 34 35 
cell-0-5-7 316 462 34 35 
cell-0-5-8 350 462 34 35 
cell-0-5-9 384 462 34 35 
cell-0-5-10 418 462 34 35 
cell-0-5-11 452 462 34 35 
cell-0-5-12 486 462 34 35 
cell-0-5-13 520 462 34 35 
cell-0-5-14 554 462 34 35 
cell-0-5-15 588 462 34 35 
cell-0-6-0 78 524 34 35 
cell-0-6-1 112 524 34 35 
cell-0-6-2 146 524 34 35 
cell-0-6-3 180 524 34 35 
cell-0-6-4 214 524 34 35 
cell-0-6-5 248 524 34 35 
cell-0-6-6 282 524 34 35 
cell-0-6-7 316 524 34 35 
cell-0-6-8 350 524 34 35 
cell-0-6-9 384 524 34 35 
cell-0-6-10 418 524 34 35 
cell-0-6-11 452 524 34 35 
cell-0-6-12 486 524 34 35 
cell-0-6-13 520 524 34 35 
cell-0-6-14 554 524 34 35 
cell-0-6-15 588 524 34 35 
table-1 136 993 777 453 
cell-1-1-0 136 993 36 35 
cell-1-1-1 175 993 36 35 
cell-1-1-2 214 993 36 35 
cell-1-1-3 253 993 36 35 
cell-1-1-4 292 993 36 35 
cell-1-1-5 331 993 36 35 
cell-1-1-6 370 993 36 35 
cell-1-1-7 409 993 36 35 
cell-1-1-8 448 993 36 35 
cell-1-1-9 487 993 36 35 
cell-1-1-10 526 993 36 35 
cell-1-1-11 565 993 36 35 
cell-1-1-12 604 993 36 35 
cell-1-1-13 643 993 36 35 
cell-1-1-14 682 993 36 35 
cell-1-1-15 721 993 36 35 
cell-1-1-16 760 993 36 35 
cell-1-1-17 799 993 36 35 
cell-1-1-18 838 993 36 35 
cell-1-1-19 877 993 36 35 
cell-1-2-0 136 1045 36 35 
cell-1-2-1 175 1045 36 35 
cell-1-2-2 214 1045 36 35 
cell-1-2-3 253 1045 36 35 
cell-1-2-4 292 1045 36 35 
cell-1-2-5 331 1045 36 35 
cell-1-2-6 370 1045 36 35 
cell-1-2-7 409 1045 36 35 
cell-1-2-8 448 1045 36 35 
cell-1-2-9 487 1045 36 35 
cell-1-2-10 526 1045 36 35 
cell-1-2-11 565 1045 36 35 
cell-1-2-12 604 1045 36 35 
cell-1-2-13 643 1045 36 35 
cell-1-2-14 682 1045 36 35 
cell-1-2-15 721 1045 36 35 
cell-1-2-16 760 1045 36 35 
cell-1-2-17 799 1045 36 35 
cell-1-2-18 838 1045 36 35 
cell-1-2-19 877 1045 36 35 
cell-1-3-0 136 1097 36 35 
cell-1-3-1 175 1097 36 35 
cell-1-3-2 214 1097 36 35 
cell-1-3-3 253 1097 36 35 
cell-1-3-4 292 1097 36 35 
cell-1-3-5 331 1097 36 35 
cell-1-3-6 370 1097 36 35 
cell-1-3-7 409 1097 36 35 
cell-1-3-8 448 1097 36 35 
cell-1-3-9 487 1097 36 35 
cell-1-3-10 526 1097 36 35 
cell-1-3-11 565 1097 36 35 
cell-1-3-12 604 1097 36 35 
cell-1-3-13 643 1097 36 35 
cell-1-3-14 682 1097 36 35 
cell-1-3-15 721 1097 36 35 
cell-1-3-16 760 1097 36 35 
cell-1-3-17 799 1097 36 35 
cell-1-3-18 838 1097 36 35 
cell-1-3-19 877 1097 36 35 
cell-1-4-0 136 1149 36 35 
cell-1-4-1 175 1149 36 35 
cell-1-4-2 214 1149 36 35 
cell-1-4-3 253 1149 36 35 
cell-1-4-4 292 1149 36 35 
cell-1-4-5 331 1149 36 35 
cell-1-4-6 370 1149 36 35 
cell-1-4-7 409 1149 36 35 
cell-1-4-8 448 1149 36 35 
cell-1-4-9 487 1149 36 35 
cell-1-4-10 526 1149 36 35 
cell-1-4-11 565 1149 36 35 
cell-1-4-12 604 1149 36 35 
cell-1-4-13 643 1149 36 35 
cell-1-4-14 682 1149 36 35 
cell-1-4-15 721 1149 36 35 
cell-1-4-16 760 1149 36 35 
cell-1-4-17 799 1149 36 35 
cell-1-4-18 838 1149 36 35 
cell-1-4-19 877 1149 36 35 
cell-1-5-0 136 1201 36 35 
cell-1-5-1 175 1201 36 35 
cell-1-5-2 214 1201 36 35 
cell-1-5-3 253 1201 36 35 
cell-1-5-4 292 1201 36 35 
cell-1-5-5 331 1201 36 35 
cell-1-5-6 370 1201 36 35 
cell-1-5-7 409 1201 36 35 
cell-1-5-8 448 1201 36 35 
cell-1-5-9 487 1201 36 35 
cell-1-5-10 526 1201 36 35 
cell-1-5-11 565 1201 36 35 
cell-1-5-12 604 1201 36 35 
cell-1-5-13 643 1201 36 35 
cell-1-5-14 682 1201 36 35 
cell-1-5-15 721 1201 36 35 
cell-1-5-16 760 1201 36 35 
cell-1-5-17 799 1201 36 35 
cell-1-5-18 838 1201 36 35 
cell-1-5-19 877 1201 36 35 
cell-1-6-0 136 1253 36 35 
cell-1-6-1 175 1253 36 35 
cell-1-6-2 214 1253 36 35 
cell-1-6-3 253 1253 36 35 
cell-1-6-4 292 1253 36 35 
cell-1-6-5 331 1253 36 35 
cell-1-6-6 370 1253 36 35 
cell-1-6-7 409 1253 36 35 
cell-1-6-8 448 1253 36 35 
cell-1-6-9 487 1253 36 35 
cell-1-6-10 526 1253 36 35 
cell-1-6-11 565 1253 36 35 
cell-1-6-12 604 1253 36 35 
cell-1-6-13 643 1253 36 35 
cell-1-6-14 682 1253 36 35 
cell-1-6-15 721 1253 36 35 
cell-1-6-16 760 1253 36 35 
cell-1-6-17 799 1253 36 35 
cell-1-6-18 838 1253 36 35 
cell-1-6-19 877 1253 36 35 
cell-1-7-0 136 1305 36 35 
cell-1-7-1 175 1305 36 35 
cell-1-7-2 214 1305 36 35 
cell-1-7-3 253 1305 36 35 
cell-1-7-4 292 1305 36 35 
cell-1-7-5 331 1305 36 35 
cell-1-7-6 370 1305 36 35 
cell-1-7-7 409 1305 36 35 
cell-1-7-8 448 1305 36 35 
cell-1-7-9 487 1305 36 35 
cell-1-7-10 526 1305 36 35 
cell-1-7-11 565 1305 36 35 
cell-1-7-12 604 1305 36 35 
cell-1-7-13 643 1305 36 35 
cell-1-7-14 682 1305 36 35 
cell-1-7-15 721 1305 36 35 
cell-1-7-16 760 1305 36 35 
cell-1-7-17 799 1305 36 35 
cell-1-7-18 838 1305 36 35 
cell-1-7-19 877 1305 36 35 
cell-1-8-0 136 1357 36 35 
cell-1-8-1 175 1357 36 35 
cell-1-8-2 214 1357 36 35 
cell-1-8-3 253 1357 36 35 
cell-1-8-4 292 1357 36 35 
cell-1-8-5 331 1357 36 35 
cell-1-8-6 370 1357 36 35 
cell-1-8-7 409 1357 36 35 
cell-1-8-8 448 1357 36 35 
cell-1-8-9 487 1357 36 35 
cell-1-8-10 526 1357 36 35 
cell-1-8-11 565 1357 36 35 
cell-1-8-12 604 1357 36 35 
cell-1-8-13 643 1357 36 35 
cell-1-8-14 682 1357 36 35 
cell-1-8-15 721 1357 36 35 
cell-1-8-16 760 1357 36 35 
cell-1-8-17 799 1357 36 35 
cell-1-8-18 838 1357 36 35 
cell-1-8-19 877 1357 36 35 
cell-1-9-0 136 1409 36 35 
cell-1-9-1 175 1409 36 35 
cell-1-9-2 214 1409 36 35 
cell-1-9-3 253 1409 36 35 
cell-1-9-4 292 1409 36 35 
cell-1-9-5 331 1409 36 35 
cell-1-9-6 370 1409 36 35 
cell-1-9-7 409 1409 36 35 
cell-1-9-8 448 1409 36 35 
cell-1-9-9 487 1409 36 35 
cell-1-9-10 526 1409 36 35 
cell-1-9-11 565 1409 36 35 
cell-1-9-12 604 1409 36 35 
cell-1-9-13 643 1409 36 35 
cell-1-9-14 682 1409 36 35 
cell-1-9-15 721 1409 36 35 
cell-1-9-16 760 1409 36 35 
cell-1-9-17 799 1409 36 35 
cell-1-9-18 838 1409 36 35 
cell-1-9-19 877 1409 36 35 
