table-0 232 1115 633 224 
cell-0-1-0 232 1115 35 35 
cell-0-1-1 267 1115 35 35 
cell-0-1-2 302 1115 35 35 
cell-0-1-3 337 1115 35 35 
cell-0-1-4 372 1115 35 35 
cell-0-1-5 407 1115 35 35 
cell-0-1-6 442 1115 35 35 
cell-0-1-7 477 1115 35 35 
cell-0-1-8 512 1115 35 35 
cell-0-1-9 547 1115 35 35 
cell-0-1-10 582 1115 35 35 
cell-0-1-11 617 1115 35 35 
cell-0-1-12 652 1115 35 35 
cell-0-1-13 687 1115 35 35 
cell-0-1-14 722 1115 35 35 
cell-0-1-15 757 1115 35 35 
cell-0-1-16 792 1115 35 35 
cell-0-1-17 827 1115 35 35 
cell-0-2-0 232 1177 35 35 
cell-0-2-1 267 1177 35 35 
cell-0-2-2 302 1177 35 35 
cell-0-2-3 337 1177 35 35 
cell-0-2-4 372 1177 35 35 
cell-0-2-5 407 1177 35 35 
cell-0-2-6 442 1177 35 35 
cell-0-2-7 477 1177 35 35 
cell-0-2-8 512 1177 35 35 
cell-0-2-9 547 1177 35 35 
cell-0-2-10 582 1177 35 35 
cell-0-2-11 617 1177 35 35 
cell-0-2-12 652 1177 35 35 
cell-0-2-13 687 1177 35 35 
cell-0-2-14 722 1177 35 35 
cell-0-2-15 757 1177 35 35 
cell-0-2-16 792 1177 35 35 
cell-0-2-17 827 1177 35 35 
cell-0-3-0 232 1239 35 35 
cell-0-3-1 267 1239 35 35 
cell-0-3-2 302 1239 35 35 
cell-0-3-3 337 1239 35 35 
cell-0-3-4 372 1239 35 35 
cell-0-3-5 407 1239 35 35 
cell-0-3-6 442 1239 35 35 
cell-0-3-7 477 1239 35 35 
cell-0-3-8 512 1239 35 35 
cell-0-3-9 547 1239 35 35 
cell-0-3-10 582 1239 35 35 
cell-0-3-11 617 1239 35 35 
cell-0-3-12 652 1239 35 35 
cell-0-3-13 687 1239 35 35 
cell-0-3-14 722 1239 35 35 
cell-0-3-15 757 1239 35 35 
cell-0-3-16 792 1239 35 35 
cell-0-3-17 827 1239 35 35 
cell-0-4-0 232 1301 35 35 
cell-0-4-1 267 1301 35 35 
cell-0-4-2 302 1301 35 35 
cell-0-4-3 337 1301 35 35 
cell-0-4-4 372 1301 35 35 
cell-0-4-5 407 1301 35 35 
cell-0-4-6 442 1301 35 35 
cell-0-4-7 477 1301 35 35 
cell-0-4-8 512 1301 35 35 
cell-0-4-9 547 1301 35 35 
cell-0-4-10 582 1301 35 35 
cell-0-4-11 617 1301 35 35 
cell-0-4-12 652 1301 35 35 
cell-0-4-13 687 1301 35 35 
cell-0-4-14 722 1301 35 35 
cell-0-4-15 757 1301 35 35 
cell-0-4-16 792 1301 35 35 
cell-0-4-17 827 1301 35 35 
header-2 113 233 910 193 
row-1-1 113 233 384 40 
row-1-2 517 233 351 40 
row-2-1 113 283 384 40 
row-2-2 517 283 501 40 
row-3-1 113 333 681 40 
row-4-1 113 383 681 40 
