table-0 492 194 183 428 
cell-0-0-0 492 194 45 35 
cell-0-0-1 537 194 45 35 
cell-0-0-2 582 194 45 35 
cell-0-0-3 627 194 45 35 
cell-0-1-0 492 233 45 35 
cell-0-1-1 537 233 45 35 
cell-0-1-2 582 233 45 35 
cell-0-1-3 627 233 45 35 
cell-0-2-0 492 272 45 35 
cell-0-2-1 537 272 45 35 
cell-0-2-2 582 272 45 35 
cell-0-2-3 627 272 45 35 
cell-0-3-0 492 311 45 35 
cell-0-3-1 537 311 45 35 
cell-0-3-2 582 311 45 35 
cell-0-3-3 627 311 45 35 
cell-0-4-0 492 350 45 35 
cell-0-4-1 537 350 45 35 
cell-0-4-2 582 350 45 35 
cell-0-4-3 627 350 45 35 
cell-0-5-0 492 389 45 35 
cell-0-5-1 537 389 45 35 
cell-0-5-2 582 389 45 35 
cell-0-5-3 627 389 45 35 
cell-0-6-0 492 428 45 35 
cell-0-6-1 537 428 45 35 
cell-0-6-2 582 428 45 35 
cell-0-6-3 627 428 45 35 
cell-0-7-0 492 467 45 35 
cell-0-7-1 537 467 45 35 
cell-0-7-2 582 467 45 35 
cell-0-7-3 627 467 45 35 
cell-0-8-0 492 506 45 35 
cell-0-8-1 537 506 45 35 
cell-0-8-2 582 506 45 35 
cell-0-8-3 627 506 45 35 
cell-0-9-0 492 545 45 35 
cell-0-9-1 537 545 45 35 
cell-0-9-2 582 545 45 35 
cell-0-9-3 627 545 45 35 
cell-0-10-0 492 584 45 35 
cell-0-10-1 537 584 45 35 
cell-0-10-2 582 584 45 35 
cell-0-10-3 627 584 45 35 
header-2 118 1058 826 195 
row-1-1 118 1058 323 41 
row-1-2 461 1058 290 41 
row-2-1 118 1109 356 41 
row-2-2 494 1109 448 41 
row-3-1 118 1160 554 41 
row-4-1 118 1211 554 41 
