table-0 230 215 644 550 
cell-0-0-0 230 215 45 43 
cell-0-0-1 275 215 45 43 
cell-0-0-2 320 215 45 43 
cell-0-0-3 365 215 45 43 
cell-0-0-4 410 215 462 43 
cell-0-1-0 230 271 45 43 
cell-0-1-1 275 271 45 43 
cell-0-1-2 320 271 45 43 
cell-0-1-3 365 271 45 43 
cell-0-1-4 410 271 462 43 
cell-0-2-0 230 327 45 43 
cell-0-2-1 275 327 45 43 
cell-0-2-2 320 327 45 43 
cell-0-2-3 365 327 45 43 
cell-0-2-4 410 327 462 43 
cell-0-3-0 230 383 45 43 
cell-0-3-1 275 383 45 43 
cell-0-3-2 320 383 45 43 
cell-0-3-3 365 383 45 43 
cell-0-3-4 410 383 462 43 
cell-0-4-0 230 439 45 43 
cell-0-4-1 275 439 45 43 
cell-0-4-2 320 439 45 43 
cell-0-4-3 365 439 45 43 
cell-0-4-4 410 439 462 43 
cell-0-5-0 230 495 45 43 
cell-0-5-1 275 495 45 43 
cell-0-5-2 320 495 45 43 
cell-0-5-3 365 495 45 43 
cell-0-5-4 410 495 462 43 
cell-0-6-0 230 551 45 43 
cell-0-6-1 275 551 45 43 
cell-0-6-2 320 551 45 43 
cell-0-6-3 365 551 45 43 
cell-0-6-4 410 551 462 43 
cell-0-7-0 230 607 45 43 
cell-0-7-1 275 607 45 43 
cell-0-7-2 320 607 45 43 
cell-0-7-3 365 607 45 43 
cell-0-7-4 410 607 462 43 
cell-0-8-0 230 663 45 43 
cell-0-8-1 275 663 45 43 
cell-0-8-2 320 663 45 43 
cell-0-8-3 365 663 45 43 
cell-0-8-4 410 663 462 43 
cell-0-9-0 230 719 45 43 
cell-0-9-1 275 719 45 43 
cell-0-9-2 320 719 45 43 
cell-0-9-3 365 719 45 43 
cell-0-9-4 410 719 462 43 
table-1 60 986 1000 303 
cell-1-0-0 60 986 142 49 
cell-1-0-1 202 986 142 49 
cell-1-0-2 344 986 142 49 
cell-1-0-3 486 986 142 49 
cell-1-0-4 628 986 142 49 
cell-1-0-5 770 986 142 49 
cell-1-0-6 912 986 142 49 
cell-1-1-0 60 1049 142 49 
cell-1-1-1 202 1049 142 49 
cell-1-1-2 344 1049 142 49 
cell-1-1-3 486 1049 142 49 
cell-1-1-4 628 1049 142 49 
cell-1-1-5 770 1049 142 49 
cell-1-1-6 912 1049 142 49 
cell-1-2-0 60 1112 142 49 
cell-1-2-1 202 1112 142 49 
cell-1-2-2 344 1112 142 49 
cell-1-2-3 486 1112 142 49 
cell-1-2-4 628 1112 142 49 
cell-1-2-5 770 1112 142 49 
cell-1-2-6 912 1112 142 49 
cell-1-3-0 60 1175 142 49 
cell-1-3-1 202 1175 142 49 
cell-1-3-2 344 1175 142 49 
cell-1-3-3 486 1175 142 49 
cell-1-3-4 628 1175 142 49 
cell-1-3-5 770 1175 142 49 
cell-1-3-6 912 1175 142 49 
cell-1-4-0 60 1238 142 49 
cell-1-4-1 202 1238 142 49 
cell-1-4-2 344 1238 142 49 
cell-1-4-3 486 1238 142 49 
cell-1-4-4 628 1238 142 49 
cell-1-4-5 770 1238 142 49 
cell-1-4-6 912 1238 142 49 
