table-0 115 181 216 468 
cell-0-0-0 115 181 43 35 
cell-0-0-1 158 181 43 35 
cell-0-0-2 201 181 43 35 
cell-0-0-3 244 181 43 35 
cell-0-0-4 287 181 43 35 
cell-0-1-0 115 217 43 35 
cell-0-1-1 158 217 43 35 
cell-0-1-2 201 217 43 35 
cell-0-1-3 244 217 43 35 
cell-0-1-4 287 217 43 35 
cell-0-2-0 115 253 43 35 
cell-0-2-1 158 253 43 35 
cell-0-2-2 201 253 43 35 
cell-0-2-3 244 253 43 35 
cell-0-2-4 287 253 43 35 
cell-0-3-0 115 289 43 35 
cell-0-3-1 158 289 43 35 
cell-0-3-2 201 289 43 35 
cell-0-3-3 244 289 43 35 
cell-0-3-4 287 289 43 35 
cell-0-4-0 115 325 43 35 
cell-0-4-1 158 325 43 35 
cell-0-4-2 201 325 43 35 
cell-0-4-3 244 325 43 35 
cell-0-4-4 287 325 43 35 
cell-0-5-0 115 361 43 35 
cell-0-5-1 158 361 43 35 
cell-0-5-2 201 361 43 35 
cell-0-5-3 244 361 43 35 
cell-0-5-4 287 361 43 35 
cell-0-6-0 115 397 43 35 
cell-0-6-1 158 397 43 35 
cell-0-6-2 201 397 43 35 
cell-0-6-3 244 397 43 35 
cell-0-6-4 287 397 43 35 
cell-0-7-0 115 433 43 35 
cell-0-7-1 158 433 43 35 
cell-0-7-2 201 433 43 35 
cell-0-7-3 244 433 43 35 
cell-0-7-4 287 433 43 35 
cell-0-8-0 115 469 43 35 
cell-0-8-1 158 469 43 35 
cell-0-8-2 201 469 43 35 
cell-0-8-3 244 469 43 35 
cell-0-8-4 287 469 43 35 
cell-0-9-0 115 505 43 35 
cell-0-9-1 158 505 43 35 
cell-0-9-2 201 505 43 35 
cell-0-9-3 244 505 43 35 
cell-0-9-4 287 505 43 35 
cell-0-10-0 115 541 43 35 
cell-0-10-1 158 541 43 35 
cell-0-10-2 201 541 43 35 
cell-0-10-3 244 541 43 35 
cell-0-10-4 287 541 43 35 
cell-0-11-0 115 577 43 35 
cell-0-11-1 158 577 43 35 
cell-0-11-2 201 577 43 35 
cell-0-11-3 244 577 43 35 
cell-0-11-4 287 577 43 35 
cell-0-12-0 115 613 43 35 
cell-0-12-1 158 613 43 35 
cell-0-12-2 201 613 43 35 
cell-0-12-3 244 613 43 35 
cell-0-12-4 287 613 43 35 
