table-0 323 113 703 398 
cell-0-1-0 323 113 35 35 
cell-0-1-1 358 113 35 35 
cell-0-1-2 393 113 35 35 
cell-0-1-3 428 113 35 35 
cell-0-1-4 463 113 35 35 
cell-0-1-5 498 113 35 35 
cell-0-1-6 533 113 35 35 
cell-0-1-7 568 113 35 35 
cell-0-1-8 603 113 35 35 
cell-0-1-9 638 113 35 35 
cell-0-1-10 673 113 35 35 
cell-0-1-11 708 113 35 35 
cell-0-1-12 743 113 35 35 
cell-0-1-13 778 113 35 35 
cell-0-1-14 813 113 35 35 
cell-0-1-15 848 113 35 35 
cell-0-1-16 883 113 35 35 
cell-0-1-17 918 113 35 35 
cell-0-1-18 953 113 35 35 
cell-0-1-19 988 113 35 35 
cell-0-2-0 323 153 35 35 
cell-0-2-1 358 153 35 35 
cell-0-2-2 393 153 35 35 
cell-0-2-3 428 153 35 35 
cell-0-2-4 463 153 35 35 
cell-0-2-5 498 153 35 35 
cell-0-2-6 533 153 35 35 
cell-0-2-7 568 153 35 35 
cell-0-2-8 603 153 35 35 
cell-0-2-9 638 153 35 35 
cell-0-2-10 673 153 35 35 
cell-0-2-11 708 153 35 35 
cell-0-2-12 743 153 35 35 
cell-0-2-13 778 153 35 35 
cell-0-2-14 813 153 35 35 
cell-0-2-15 848 153 35 35 
cell-0-2-16 883 153 35 35 
cell-0-2-17 918 153 35 35 
cell-0-2-18 953 153 35 35 
cell-0-2-19 988 153 35 35 
cell-0-3-0 323 193 35 35 
cell-0-3-1 358 193 35 35 
cell-0-3-2 393 193 35 35 
cell-0-3-3 428 193 35 35 
cell-0-3-4 463 193 35 35 
cell-0-3-5 498 193 35 35 
cell-0-3-6 533 193 35 35 
cell-0-3-7 568 193 35 35 
cell-0-3-8 603 193 35 35 
cell-0-3-9 638 193 35 35 
cell-0-3-10 673 193 35 35 
cell-0-3-11 708 193 35 35 
cell-0-3-12 743 193 35 35 
cell-0-3-13 778 193 35 35 
cell-0-3-14 813 193 35 35 
cell-0-3-15 848 193 35 35 
cell-0-3-16 883 193 35 35 
cell-0-3-17 918 193 35 35 
cell-0-3-18 953 193 35 35 
cell-0-3-19 988 193 35 35 
cell-0-4-0 323 233 35 35 
cell-0-4-1 358 233 35 35 
cell-0-4-2 393 233 35 35 
cell-0-4-3 428 233 35 35 
cell-0-4-4 463 233 35 35 
cell-0-4-5 498 233 35 35 
cell-0-4-6 533 233 35 35 
cell-0-4-7 568 233 35 35 
cell-0-4-8 603 233 35 35 
cell-0-4-9 638 233 35 35 
cell-0-4-10 673 233 35 35 
cell-0-4-11 708 233 35 35 
cell-0-4-12 743 233 35 35 
cell-0-4-13 778 233 35 35 
cell-0-4-14 813 233 35 35 
cell-0-4-15 848 233 35 35 
cell-0-4-16 883 233 35 35 
cell-0-4-17 918 233 35 35 
cell-0-4-18 953 233 35 35 
cell-0-4-19 988 233 35 35 
cell-0-5-0 323 273 35 35 
cell-0-5-1 358 273 35 35 
cell-0-5-2 393 273 35 35 
cell-0-5-3 428 273 35 35 
cell-0-5-4 463 273 35 35 
cell-0-5-5 498 273 35 35 
cell-0-5-6 533 273 35 35 
cell-0-5-7 568 273 35 35 
cell-0-5-8 603 273 35 35 
cell-0-5-9 638 273 35 35 
cell-0-5-10 673 273 35 35 
cell-0-5-11 708 273 35 35 
cell-0-5-12 743 273 35 35 
cell-0-5-13 778 273 35 35 
cell-0-5-14 813 273 35 35 
cell-0-5-15 848 273 35 35 
cell-0-5-16 883 273 35 35 
cell-0-5-17 918 273 35 35 
cell-0-5-18 953 273 35 35 
cell-0-5-19 988 273 35 35 
cell-0-6-0 323 313 35 35 
cell-0-6-1 358 313 35 35 
cell-0-6-2 393 313 35 35 
cell-0-6-3 428 313 35 35 
cell-0-6-4 463 313 35 35 
cell-0-6-5 498 313 35 35 
cell-0-6-6 533 313 35 35 
cell-0-6-7 568 313 35 35 
cell-0-6-8 603 313 35 35 
cell-0-6-9 638 313 35 35 
cell-0-6-10 673 313 35 35 
cell-0-6-11 708 313 35 35 
cell-0-6-12 743 313 35 35 
cell-0-6-13 778 313 35 35 
cell-0-6-14 813 313 35 35 
cell-0-6-15 848 313 35 35 
cell-0-6-16 883 313 35 35 
cell-0-6-17 918 313 35 35 
cell-0-6-18 953 313 35 35 
cell-0-6-19 988 313 35 35 
cell-0-7-0 323 353 35 35 
cell-0-7-1 358 353 35 35 
cell-0-7-2 393 353 35 35 
cell-0-7-3 428 353 35 35 
cell-0-7-4 463 353 35 35 
cell-0-7-5 498 353 35 35 
cell-0-7-6 533 353 35 35 
cell-0-7-7 568 353 35 35 
cell-0-7-8 603 353 35 35 
cell-0-7-9 638 353 35 35 
cell-0-7-10 673 353 35 35 
cell-0-7-11 708 353 35 35 
cell-0-7-12 743 353 35 35 
cell-0-7-13 778 353 35 35 
cell-0-7-14 813 353 35 35 
cell-0-7-15 848 353 35 35 
cell-0-7-16 883 353 35 35 
cell-0-7-17 918 353 35 35 
cell-0-7-18 953 353 35 35 
cell-0-7-19 988 353 35 35 
cell-0-8-0 323 393 35 35 
cell-0-8-1 358 393 35 35 
cell-0-8-2 393 393 35 35 
cell-0-8-3 428 393 35 35 
cell-0-8-4 463 393 35 35 
cell-0-8-5 498 393 35 35 
cell-0-8-6 533 393 35 35 
cell-0-8-7 568 393 35 35 
cell-0-8-8 603 393 35 35 
cell-0-8-9 638 393 35 35 
cell-0-8-10 673 393 35 35 
cell-0-8-11 708 393 35 35 
cell-0-8-12 743 393 35 35 
cell-0-8-13 778 393 35 35 
cell-0-8-14 813 393 35 35 
cell-0-8-15 848 393 35 35 
cell-0-8-16 883 393 35 35 
cell-0-8-17 918 393 35 35 
cell-0-8-18 953 393 35 35 
cell-0-8-19 988 393 35 35 
cell-0-9-0 323 433 35 35 
cell-0-9-1 358 433 35 35 
cell-0-9-2 393 433 35 35 
cell-0-9-3 428 433 35 35 
cell-0-9-4 463 433 35 35 
cell-0-9-5 498 433 35 35 
cell-0-9-6 533 433 35 35 
cell-0-9-7 568 433 35 35 
cell-0-9-8 603 433 35 35 
cell-0-9-9 638 433 35 35 
cell-0-9-10 673 433 35 35 
cell-0-9-11 708 433 35 35 
cell-0-9-12 743 433 35 35 
cell-0-9-13 778 433 35 35 
cell-0-9-14 813 433 35 35 
cell-0-9-15 848 433 35 35 
cell-0-9-16 883 433 35 35 
cell-0-9-17 918 433 35 35 
cell-0-9-18 953 433 35 35 
cell-0-9-19 988 433 35 35 
cell-0-10-0 323 473 35 35 
cell-0-10-1 358 473 35 35 
cell-0-10-2 393 473 35 35 
cell-0-10-3 428 473 35 35 
cell-0-10-4 463 473 35 35 
cell-0-10-5 498 473 35 35 
cell-0-10-6 533 473 35 35 
cell-0-10-7 568 473 35 35 
cell-0-10-8 603 473 35 35 
cell-0-10-9 638 473 35 35 
cell-0-10-10 673 473 35 35 
cell-0-10-11 708 473 35 35 
cell-0-10-12 743 473 35 35 
cell-0-10-13 778 473 35 35 
cell-0-10-14 813 473 35 35 
cell-0-10-15 848 473 35 35 
cell-0-10-16 883 473 35 35 
cell-0-10-17 918 473 35 35 
cell-0-10-18 953 473 35 35 
cell-0-10-19 988 473 35 35 
table-2 71 676 331 372 
cell-2-1-0 71 676 33 35 
cell-2-1-1 104 676 33 35 
cell-2-1-2 137 676 33 35 
cell-2-1-3 170 676 33 35 
cell-2-1-4 203 676 33 35 
cell-2-1-5 236 676 33 35 
cell-2-1-6 269 676 33 35 
cell-2-1-7 302 676 33 35 
cell-2-1-8 335 676 33 35 
cell-2-1-9 368 676 33 35 
cell-2-2-0 71 732 33 35 
cell-2-2-1 104 732 33 35 
cell-2-2-2 137 732 33 35 
cell-2-2-3 170 732 33 35 
cell-2-2-4 203 732 33 35 
cell-2-2-5 236 732 33 35 
cell-2-2-6 269 732 33 35 
cell-2-2-7 302 732 33 35 
cell-2-2-8 335 732 33 35 
cell-2-2-9 368 732 33 35 
cell-2-3-0 71 788 33 35 
cell-2-3-1 104 788 33 35 
cell-2-3-2 137 788 33 35 
cell-2-3-3 170 788 33 35 
cell-2-3-4 203 788 33 35 
cell-2-3-5 236 788 33 35 
cell-2-3-6 269 788 33 35 
cell-2-3-7 302 788 33 35 
cell-2-3-8 335 788 33 35 
cell-2-3-9 368 788 33 35 
cell-2-4-0 71 844 33 35 
cell-2-4-1 104 844 33 35 
cell-2-4-2 137 844 33 35 
cell-2-4-3 170 844 33 35 
cell-2-4-4 203 844 33 35 
cell-2-4-5 236 844 33 35 
cell-2-4-6 269 844 33 35 
cell-2-4-7 302 844 33 35 
cell-2-4-8 335 844 33 35 
cell-2-4-9 368 844 33 35 
cell-2-5-0 71 900 33 35 
cell-2-5-1 104 900 33 35 
cell-2-5-2 137 900 33 35 
cell-2-5-3 170 900 33 35 
cell-2-5-4 203 900 33 35 
cell-2-5-5 236 900 33 35 
cell-2-5-6 269 900 33 35 
cell-2-5-7 302 900 33 35 
cell-2-5-8 335 900 33 35 
cell-2-5-9 368 900 33 35 
cell-2-6-0 71 956 33 35 
cell-2-6-1 104 956 33 35 
cell-2-6-2 137 956 33 35 
cell-2-6-3 170 956 33 35 
cell-2-6-4 203 956 33 35 
cell-2-6-5 236 956 33 35 
cell-2-6-6 269 956 33 35 
cell-2-6-7 302 956 33 35 
cell-2-6-8 335 956 33 35 
cell-2-6-9 368 956 33 35 
cell-2-7-0 71 1012 33 35 
cell-2-7-1 104 1012 33 35 
cell-2-7-2 137 1012 33 35 
cell-2-7-3 170 1012 33 35 
cell-2-7-4 203 1012 33 35 
cell-2-7-5 236 1012 33 35 
cell-2-7-6 269 1012 33 35 
cell-2-7-7 302 1012 33 35 
cell-2-7-8 335 1012 33 35 
cell-2-7-9 368 1012 33 35 
