table-0 66 460 637 744 
cell-0-0-0 66 460 43 41 
cell-0-0-1 109 460 43 41 
cell-0-0-2 152 460 43 41 
cell-0-0-3 195 460 43 41 
cell-0-0-4 238 460 43 41 
cell-0-0-5 281 460 421 41 
cell-0-1-0 66 514 43 41 
cell-0-1-1 109 514 43 41 
cell-0-1-2 152 514 43 41 
cell-0-1-3 195 514 43 41 
cell-0-1-4 238 514 43 41 
cell-0-1-5 281 514 421 41 
cell-0-2-0 66 568 43 41 
cell-0-2-1 109 568 43 41 
cell-0-2-2 152 568 43 41 
cell-0-2-3 195 568 43 41 
cell-0-2-4 238 568 43 41 
cell-0-2-5 281 568 421 41 
cell-0-3-0 66 622 43 41 
cell-0-3-1 109 622 43 41 
cell-0-3-2 152 622 43 41 
cell-0-3-3 195 622 43 41 
cell-0-3-4 238 622 43 41 
cell-0-3-5 281 622 421 41 
cell-0-4-0 66 676 43 41 
cell-0-4-1 109 676 43 41 
cell-0-4-2 152 676 43 41 
cell-0-4-3 195 676 43 41 
cell-0-4-4 238 676 43 41 
cell-0-4-5 281 676 421 41 
cell-0-5-0 66 730 43 41 
cell-0-5-1 109 730 43 41 
cell-0-5-2 152 730 43 41 
cell-0-5-3 195 730 43 41 
cell-0-5-4 238 730 43 41 
cell-0-5-5 281 730 421 41 
cell-0-6-0 66 784 43 41 
cell-0-6-1 109 784 43 41 
cell-0-6-2 152 784 43 41 
cell-0-6-3 195 784 43 41 
cell-0-6-4 238 784 43 41 
cell-0-6-5 281 784 421 41 
cell-0-7-0 66 838 43 41 
cell-0-7-1 109 838 43 41 
cell-0-7-2 152 838 43 41 
cell-0-7-3 195 838 43 41 
cell-0-7-4 238 838 43 41 
cell-0-7-5 281 838 421 41 
cell-0-8-0 66 892 43 41 
cell-0-8-1 109 892 43 41 
cell-0-8-2 152 892 43 41 
cell-0-8-3 195 892 43 41 
cell-0-8-4 238 892 43 41 
cell-0-8-5 281 892 421 41 
cell-0-9-0 66 946 43 41 
cell-0-9-1 109 946 43 41 
cell-0-9-2 152 946 43 41 
cell-0-9-3 195 946 43 41 
cell-0-9-4 238 946 43 41 
cell-0-9-5 281 946 421 41 
cell-0-10-0 66 1000 43 41 
cell-0-10-1 109 1000 43 41 
cell-0-10-2 152 1000 43 41 
cell-0-10-3 195 1000 43 41 
cell-0-10-4 238 1000 43 41 
cell-0-10-5 281 1000 421 41 
cell-0-11-0 66 1054 43 41 
cell-0-11-1 109 1054 43 41 
cell-0-11-2 152 1054 43 41 
cell-0-11-3 195 1054 43 41 
cell-0-11-4 238 1054 43 41 
cell-0-11-5 281 1054 421 41 
cell-0-12-0 66 1108 43 41 
cell-0-12-1 109 1108 43 41 
cell-0-12-2 152 1108 43 41 
cell-0-12-3 195 1108 43 41 
cell-0-12-4 238 1108 43 41 
cell-0-12-5 281 1108 421 41 
cell-0-13-0 66 1162 43 41 
cell-0-13-1 109 1162 43 41 
cell-0-13-2 152 1162 43 41 
cell-0-13-3 195 1162 43 41 
cell-0-13-4 238 1162 43 41 
cell-0-13-5 281 1162 421 41 
