table-0 156 144 689 625 
cell-0-0-0 156 144 43 41 
cell-0-0-1 199 144 43 41 
cell-0-0-2 242 144 43 41 
cell-0-0-3 285 144 43 41 
cell-0-0-4 328 144 43 41 
cell-0-0-5 371 144 43 41 
cell-0-0-6 414 144 431 41 
cell-0-1-0 156 197 43 41 
cell-0-1-1 199 197 43 41 
cell-0-1-2 242 197 43 41 
cell-0-1-3 285 197 43 41 
cell-0-1-4 328 197 43 41 
cell-0-1-5 371 197 43 41 
cell-0-1-6 414 197 431 41 
cell-0-2-0 156 250 43 41 
cell-0-2-1 199 250 43 41 
cell-0-2-2 242 250 43 41 
cell-0-2-3 285 250 43 41 
cell-0-2-4 328 250 43 41 
cell-0-2-5 371 250 43 41 
cell-0-2-6 414 250 431 41 
cell-0-3-0 156 303 43 41 
cell-0-3-1 199 303 43 41 
cell-0-3-2 242 303 43 41 
cell-0-3-3 285 303 43 41 
cell-0-3-4 328 303 43 41 
cell-0-3-5 371 303 43 41 
cell-0-3-6 414 303 431 41 
cell-0-4-0 156 356 43 41 
cell-0-4-1 199 356 43 41 
cell-0-4-2 242 356 43 41 
cell-0-4-3 285 356 43 41 
cell-0-4-4 328 356 43 41 
cell-0-4-5 371 356 43 41 
cell-0-4-6 414 356 431 41 
cell-0-5-0 156 409 43 41 
cell-0-5-1 199 409 43 41 
cell-0-5-2 242 409 43 41 
cell-0-5-3 285 409 43 41 
cell-0-5-4 328 409 43 41 
cell-0-5-5 371 409 43 41 
cell-0-5-6 414 409 431 41 
cell-0-6-0 156 462 43 41 
cell-0-6-1 199 462 43 41 
cell-0-6-2 242 462 43 41 
cell-0-6-3 285 462 43 41 
cell-0-6-4 328 462 43 41 
cell-0-6-5 371 462 43 41 
cell-0-6-6 414 462 431 41 
cell-0-7-0 156 515 43 41 
cell-0-7-1 199 515 43 41 
cell-0-7-2 242 515 43 41 
cell-0-7-3 285 515 43 41 
cell-0-7-4 328 515 43 41 
cell-0-7-5 371 515 43 41 
cell-0-7-6 414 515 431 41 
cell-0-8-0 156 568 43 41 
cell-0-8-1 199 568 43 41 
cell-0-8-2 242 568 43 41 
cell-0-8-3 285 568 43 41 
cell-0-8-4 328 568 43 41 
cell-0-8-5 371 568 43 41 
cell-0-8-6 414 568 431 41 
cell-0-9-0 156 621 43 41 
cell-0-9-1 199 621 43 41 
cell-0-9-2 242 621 43 41 
cell-0-9-3 285 621 43 41 
cell-0-9-4 328 621 43 41 
cell-0-9-5 371 621 43 41 
cell-0-9-6 414 621 431 41 
cell-0-10-0 156 674 43 41 
cell-0-10-1 199 674 43 41 
cell-0-10-2 242 674 43 41 
cell-0-10-3 285 674 43 41 
cell-0-10-4 328 674 43 41 
cell-0-10-5 371 674 43 41 
cell-0-10-6 414 674 431 41 
cell-0-11-0 156 727 43 41 
cell-0-11-1 199 727 43 41 
cell-0-11-2 242 727 43 41 
cell-0-11-3 285 727 43 41 
cell-0-11-4 328 727 43 41 
cell-0-11-5 371 727 43 41 
cell-0-11-6 414 727 431 41 
