header-0 107 278 878 193 
row-1-1 107 278 370 40 
row-1-2 497 278 304 40 
row-2-1 107 328 403 40 
row-2-2 530 328 451 40 
row-3-1 107 378 667 40 
row-4-1 107 428 766 40 
table-1 383 670 612 497 
cell-1-1-0 383 670 38 35 
cell-1-1-1 424 670 38 35 
cell-1-1-2 465 670 38 35 
cell-1-1-3 506 670 38 35 
cell-1-1-4 547 670 38 35 
cell-1-1-5 588 670 38 35 
cell-1-1-6 629 670 38 35 
cell-1-1-7 670 670 38 35 
cell-1-1-8 711 670 38 35 
cell-1-1-9 752 670 38 35 
cell-1-1-10 793 670 38 35 
cell-1-1-11 834 670 38 35 
cell-1-1-12 875 670 38 35 
cell-1-1-13 916 670 38 35 
cell-1-1-14 957 670 38 35 
cell-1-2-0 383 721 38 35 
cell-1-2-1 424 721 38 35 
cell-1-2-2 465 721 38 35 
cell-1-2-3 506 721 38 35 
cell-1-2-4 547 721 38 35 
cell-1-2-5 588 721 38 35 
cell-1-2-6 629 721 38 35 
cell-1-2-7 670 721 38 35 
cell-1-2-8 711 721 38 35 
cell-1-2-9 752 721 38 35 
cell-1-2-10 793 721 38 35 
cell-1-2-11 834 721 38 35 
cell-1-2-12 875 721 38 35 
cell-1-2-13 916 721 38 35 
cell-1-2-14 957 721 38 35 
cell-1-3-0 383 772 38 35 
cell-1-3-1 424 772 38 35 
cell-1-3-2 465 772 38 35 
cell-1-3-3 506 772 38 35 
cell-1-3-4 547 772 38 35 
cell-1-3-5 588 772 38 35 
cell-1-3-6 629 772 38 35 
cell-1-3-7 670 772 38 35 
cell-1-3-8 711 772 38 35 
cell-1-3-9 752 772 38 35 
cell-1-3-10 793 772 38 35 
cell-1-3-11 834 772 38 35 
cell-1-3-12 875 772 38 35 
cell-1-3-13 916 772 38 35 
cell-1-3-14 957 772 38 35 
cell-1-4-0 383 823 38 35 
cell-1-4-1 424 823 38 35 
cell-1-4-2 465 823 38 35 
cell-1-4-3 506 823 38 35 
cell-1-4-4 547 823 38 35 
cell-1-4-5 588 823 38 35 
cell-1-4-6 629 823 38 35 
cell-1-4-7 670 823 38 35 
cell-1-4-8 711 823 38 35 
cell-1-4-9 752 823 38 35 
cell-1-4-10 793 823 38 35 
cell-1-4-11 834 823 38 35 
cell-1-4-12 875 823 38 35 
cell-1-4-13 916 823 38 35 
cell-1-4-14 957 823 38 35 
cell-1-5-0 383 874 38 35 
cell-1-5-1 424 874 38 35 
cell-1-5-2 465 874 38 35 
cell-1-5-3 506 874 38 35 
cell-1-5-4 547 874 38 35 
cell-1-5-5 588 874 38 35 
cell-1-5-6 629 874 38 35 
cell-1-5-7 670 874 38 35 
cell-1-5-8 711 874 38 35 
cell-1-5-9 752 874 38 35 
cell-1-5-10 793 874 38 35 
cell-1-5-11 834 874 38 35 
cell-1-5-12 875 874 38 35 
cell-1-5-13 916 874 38 35 
cell-1-5-14 957 874 38 35 
cell-1-6-0 383 925 38 35 
cell-1-6-1 424 925 38 35 
cell-1-6-2 465 925 38 35 
cell-1-6-3 506 925 38 35 
cell-1-6-4 547 925 38 35 
cell-1-6-5 588 925 38 35 
cell-1-6-6 629 925 38 35 
cell-1-6-7 670 925 38 35 
cell-1-6-8 711 925 38 35 
cell-1-6-9 752 925 38 35 
cell-1-6-10 793 925 38 35 
cell-1-6-11 834 925 38 35 
cell-1-6-12 875 925 38 35 
cell-1-6-13 916 925 38 35 
cell-1-6-14 957 925 38 35 
cell-1-7-0 383 976 38 35 
cell-1-7-1 424 976 38 35 
cell-1-7-2 465 976 38 35 
cell-1-7-3 506 976 38 35 
cell-1-7-4 547 976 38 35 
cell-1-7-5 588 976 38 35 
cell-1-7-6 629 976 38 35 
cell-1-7-7 670 976 38 35 
cell-1-7-8 711 976 38 35 
cell-1-7-9 752 976 38 35 
cell-1-7-10 793 976 38 35 
cell-1-7-11 834 976 38 35 
cell-1-7-12 875 976 38 35 
cell-1-7-13 916 976 38 35 
cell-1-7-14 957 976 38 35 
cell-1-8-0 383 1027 38 35 
cell-1-8-1 424 1027 38 35 
cell-1-8-2 465 1027 38 35 
cell-1-8-3 506 1027 38 35 
cell-1-8-4 547 1027 38 35 
cell-1-8-5 588 1027 38 35 
cell-1-8-6 629 1027 38 35 
cell-1-8-7 670 1027 38 35 
cell-1-8-8 711 1027 38 35 
cell-1-8-9 752 1027 38 35 
cell-1-8-10 793 1027 38 35 
cell-1-8-11 834 1027 38 35 
cell-1-8-12 875 1027 38 35 
cell-1-8-13 916 1027 38 35 
cell-1-8-14 957 1027 38 35 
cell-1-9-0 383 1078 38 35 
cell-1-9-1 424 1078 38 35 
cell-1-9-2 465 1078 38 35 
cell-1-9-3 506 1078 38 35 
cell-1-9-4 547 1078 38 35 
cell-1-9-5 588 1078 38 35 
cell-1-9-6 629 1078 38 35 
cell-1-9-7 670 1078 38 35 
cell-1-9-8 711 1078 38 35 
cell-1-9-9 752 1078 38 35 
cell-1-9-10 793 1078 38 35 
cell-1-9-11 834 1078 38 35 
cell-1-9-12 875 1078 38 35 
cell-1-9-13 916 1078 38 35 
cell-1-9-14 957 1078 38 35 
cell-1-10-0 383 1129 38 35 
cell-1-10-1 424 1129 38 35 
cell-1-10-2 465 1129 38 35 
cell-1-10-3 506 1129 38 35 
cell-1-10-4 547 1129 38 35 
cell-1-10-5 588 1129 38 35 
cell-1-10-6 629 1129 38 35 
cell-1-10-7 670 1129 38 35 
cell-1-10-8 711 1129 38 35 
cell-1-10-9 752 1129 38 35 
cell-1-10-10 793 1129 38 35 
cell-1-10-11 834 1129 38 35 
cell-1-10-12 875 1129 38 35 
cell-1-10-13 916 1129 38 35 
cell-1-10-14 957 1129 38 35 
