table-0 60 177 1000 431 
cell-0-0-0 60 177 250 38 
cell-0-0-1 310 177 250 38 
cell-0-0-2 560 177 250 38 
cell-0-0-3 810 177 250 38 
cell-0-1-0 60 226 250 38 
cell-0-1-1 310 226 250 38 
cell-0-1-2 560 226 250 38 
cell-0-1-3 810 226 250 38 
cell-0-2-0 60 275 250 38 
cell-0-2-1 310 275 250 38 
cell-0-2-2 560 275 250 38 
cell-0-2-3 810 275 250 38 
cell-0-3-0 60 324 250 38 
cell-0-3-1 310 324 250 38 
cell-0-3-2 560 324 250 38 
cell-0-3-3 810 324 250 38 
cell-0-4-0 60 373 250 38 
cell-0-4-1 310 373 250 38 
cell-0-4-2 560 373 250 38 
cell-0-4-3 810 373 250 38 
cell-0-5-0 60 422 250 38 
cell-0-5-1 310 422 250 38 
cell-0-5-2 560 422 250 38 
cell-0-5-3 810 422 250 38 
cell-0-6-0 60 471 250 38 
cell-0-6-1 310 471 250 38 
cell-0-6-2 560 471 250 38 
cell-0-6-3 810 471 250 38 
cell-0-7-0 60 520 250 38 
cell-0-7-1 310 520 250 38 
cell-0-7-2 560 520 250 38 
cell-0-7-3 810 520 250 38 
cell-0-8-0 60 569 250 38 
cell-0-8-1 310 569 250 38 
cell-0-8-2 560 569 250 38 
cell-0-8-3 810 569 250 38 
