table-0 99 500 700 511 
cell-0-0-0 99 500 100 54 
cell-0-0-1 199 500 100 54 
cell-0-0-2 299 500 100 54 
cell-0-0-3 399 500 100 54 
cell-0-0-4 499 500 100 54 
cell-0-0-5 599 500 100 54 
cell-0-0-6 699 500 100 54 
cell-0-1-0 99 565 100 54 
cell-0-1-1 199 565 100 54 
cell-0-1-2 299 565 100 54 
cell-0-1-3 399 565 100 54 
cell-0-1-4 499 565 100 54 
cell-0-1-5 599 565 100 54 
cell-0-1-6 699 565 100 54 
cell-0-2-0 99 630 100 54 
cell-0-2-1 199 630 100 54 
cell-0-2-2 299 630 100 54 
cell-0-2-3 399 630 100 54 
cell-0-2-4 499 630 100 54 
cell-0-2-5 599 630 100 54 
cell-0-2-6 699 630 100 54 
cell-0-3-0 99 695 100 54 
cell-0-3-1 199 695 100 54 
cell-0-3-2 299 695 100 54 
cell-0-3-3 399 695 100 54 
cell-0-3-4 499 695 100 54 
cell-0-3-5 599 695 100 54 
cell-0-3-6 699 695 100 54 
cell-0-4-0 99 760 100 54 
cell-0-4-1 199 760 100 54 
cell-0-4-2 299 760 100 54 
cell-0-4-3 399 760 100 54 
cell-0-4-4 499 760 100 54 
cell-0-4-5 599 760 100 54 
cell-0-4-6 699 760 100 54 
cell-0-5-0 99 825 100 54 
cell-0-5-1 199 825 100 54 
cell-0-5-2 299 825 100 54 
cell-0-5-3 399 825 100 54 
cell-0-5-4 499 825 100 54 
cell-0-5-5 599 825 100 54 
cell-0-5-6 699 825 100 54 
cell-0-6-0 99 890 100 54 
cell-0-6-1 199 890 100 54 
cell-0-6-2 299 890 100 54 
cell-0-6-3 399 890 100 54 
cell-0-6-4 499 890 100 54 
cell-0-6-5 599 890 100 54 
cell-0-6-6 699 890 100 54 
cell-0-7-0 99 955 100 54 
cell-0-7-1 199 955 100 54 
cell-0-7-2 299 955 100 54 
cell-0-7-3 399 955 100 54 
cell-0-7-4 499 955 100 54 
cell-0-7-5 599 955 100 54 
cell-0-7-6 699 955 100 54 
