header-0 216 1017 827 193 
row-1-1 216 1017 407 40 
row-1-2 643 1017 308 40 
row-2-1 216 1067 341 40 
row-2-2 577 1067 464 40 
row-3-1 216 1117 638 40 
row-4-1 216 1167 539 40 
table-1 366 410 183 500 
cell-1-0-0 366 410 45 35 
cell-1-0-1 411 410 45 35 
cell-1-0-2 456 410 45 35 
cell-1-0-3 501 410 45 35 
cell-1-1-0 366 452 45 35 
cell-1-1-1 411 452 45 35 
cell-1-1-2 456 452 45 35 
cell-1-1-3 501 452 45 35 
cell-1-2-0 366 494 45 35 
cell-1-2-1 411 494 45 35 
cell-1-2-2 456 494 45 35 
cell-1-2-3 501 494 45 35 
cell-1-3-0 366 536 45 35 
cell-1-3-1 411 536 45 35 
cell-1-3-2 456 536 45 35 
cell-1-3-3 501 536 45 35 
cell-1-4-0 366 578 45 35 
cell-1-4-1 411 578 45 35 
cell-1-4-2 456 578 45 35 
cell-1-4-3 501 578 45 35 
cell-1-5-0 366 620 45 35 
cell-1-5-1 411 620 45 35 
cell-1-5-2 456 620 45 35 
cell-1-5-3 501 620 45 35 
cell-1-6-0 366 662 45 35 
cell-1-6-1 411 662 45 35 
cell-1-6-2 456 662 45 35 
cell-1-6-3 501 662 45 35 
cell-1-7-0 366 704 45 35 
cell-1-7-1 411 704 45 35 
cell-1-7-2 456 704 45 35 
cell-1-7-3 501 704 45 35 
cell-1-8-0 366 746 45 35 
cell-1-8-1 411 746 45 35 
cell-1-8-2 456 746 45 35 
cell-1-8-3 501 746 45 35 
cell-1-9-0 366 788 45 35 
cell-1-9-1 411 788 45 35 
cell-1-9-2 456 788 45 35 
cell-1-9-3 501 788 45 35 
cell-1-10-0 366 830 45 35 
cell-1-10-1 411 830 45 35 
cell-1-10-2 456 830 45 35 
cell-1-10-3 501 830 45 35 
cell-1-11-0 366 872 45 35 
cell-1-11-1 411 872 45 35 
cell-1-11-2 456 872 45 35 
cell-1-11-3 501 872 45 35 
