table-0 792 420 222 507 
cell-0-0-0 792 420 44 35 
cell-0-0-1 836 420 44 35 
cell-0-0-2 880 420 44 35 
cell-0-0-3 924 420 44 35 
cell-0-0-4 968 420 44 35 
cell-0-1-0 792 467 44 35 
cell-0-1-1 836 467 44 35 
cell-0-1-2 880 467 44 35 
cell-0-1-3 924 467 44 35 
cell-0-1-4 968 467 44 35 
cell-0-2-0 792 514 44 35 
cell-0-2-1 836 514 44 35 
cell-0-2-2 880 514 44 35 
cell-0-2-3 924 514 44 35 
cell-0-2-4 968 514 44 35 
cell-0-3-0 792 561 44 35 
cell-0-3-1 836 561 44 35 
cell-0-3-2 880 561 44 35 
cell-0-3-3 924 561 44 35 
cell-0-3-4 968 561 44 35 
cell-0-4-0 792 608 44 35 
cell-0-4-1 836 608 44 35 
cell-0-4-2 880 608 44 35 
cell-0-4-3 924 608 44 35 
cell-0-4-4 968 608 44 35 
cell-0-5-0 792 655 44 35 
cell-0-5-1 836 655 44 35 
cell-0-5-2 880 655 44 35 
cell-0-5-3 924 655 44 35 
cell-0-5-4 968 655 44 35 
cell-0-6-0 792 702 44 35 
cell-0-6-1 836 702 44 35 
cell-0-6-2 880 702 44 35 
cell-0-6-3 924 702 44 35 
cell-0-6-4 968 702 44 35 
cell-0-7-0 792 749 44 35 
cell-0-7-1 836 749 44 35 
cell-0-7-2 880 749 44 35 
cell-0-7-3 924 749 44 35 
cell-0-7-4 968 749 44 35 
cell-0-8-0 792 796 44 35 
cell-0-8-1 836 796 44 35 
cell-0-8-2 880 796 44 35 
cell-0-8-3 924 796 44 35 
cell-0-8-4 968 796 44 35 
cell-0-9-0 792 843 44 35 
cell-0-9-1 836 843 44 35 
cell-0-9-2 880 843 44 35 
cell-0-9-3 924 843 44 35 
cell-0-9-4 968 843 44 35 
cell-0-10-0 792 890 44 35 
cell-0-10-1 836 890 44 35 
cell-0-10-2 880 890 44 35 
cell-0-10-3 924 890 44 35 
cell-0-10-4 968 890 44 35 
