table-0 239 1067 582 385 
cell-0-1-0 239 1067 36 35 
cell-0-1-1 278 1067 36 35 
cell-0-1-2 317 1067 36 35 
cell-0-1-3 356 1067 36 35 
cell-0-1-4 395 1067 36 35 
cell-0-1-5 434 1067 36 35 
cell-0-1-6 473 1067 36 35 
cell-0-1-7 512 1067 36 35 
cell-0-1-8 551 1067 36 35 
cell-0-1-9 590 1067 36 35 
cell-0-1-10 629 1067 36 35 
cell-0-1-11 668 1067 36 35 
cell-0-1-12 707 1067 36 35 
cell-0-1-13 746 1067 36 35 
cell-0-1-14 785 1067 36 35 
cell-0-2-0 239 1125 36 35 
cell-0-2-1 278 1125 36 35 
cell-0-2-2 317 1125 36 35 
cell-0-2-3 356 1125 36 35 
cell-0-2-4 395 1125 36 35 
cell-0-2-5 434 1125 36 35 
cell-0-2-6 473 1125 36 35 
cell-0-2-7 512 1125 36 35 
cell-0-2-8 551 1125 36 35 
cell-0-2-9 590 1125 36 35 
cell-0-2-10 629 1125 36 35 
cell-0-2-11 668 1125 36 35 
cell-0-2-12 707 1125 36 35 
cell-0-2-13 746 1125 36 35 
cell-0-2-14 785 1125 36 35 
cell-0-3-0 239 1183 36 35 
cell-0-3-1 278 1183 36 35 
cell-0-3-2 317 1183 36 35 
cell-0-3-3 356 1183 36 35 
cell-0-3-4 395 1183 36 35 
cell-0-3-5 434 1183 36 35 
cell-0-3-6 473 1183 36 35 
cell-0-3-7 512 1183 36 35 
cell-0-3-8 551 1183 36 35 
cell-0-3-9 590 1183 36 35 
cell-0-3-10 629 1183 36 35 
cell-0-3-11 668 1183 36 35 
cell-0-3-12 707 1183 36 35 
cell-0-3-13 746 1183 36 35 
cell-0-3-14 785 1183 36 35 
cell-0-4-0 239 1241 36 35 
cell-0-4-1 278 1241 36 35 
cell-0-4-2 317 1241 36 35 
cell-0-4-3 356 1241 36 35 
cell-0-4-4 395 1241 36 35 
cell-0-4-5 434 1241 36 35 
cell-0-4-6 473 1241 36 35 
cell-0-4-7 512 1241 36 35 
cell-0-4-8 551 1241 36 35 
cell-0-4-9 590 1241 36 35 
cell-0-4-10 629 1241 36 35 
cell-0-4-11 668 1241 36 35 
cell-0-4-12 707 1241 36 35 
cell-0-4-13 746 1241 36 35 
cell-0-4-14 785 1241 36 35 
cell-0-5-0 239 1299 36 35 
cell-0-5-1 278 1299 36 35 
cell-0-5-2 317 1299 36 35 
cell-0-5-3 356 1299 36 35 
cell-0-5-4 395 1299 36 35 
cell-0-5-5 434 1299 36 35 
cell-0-5-6 473 1299 36 35 
cell-0-5-7 512 1299 36 35 
cell-0-5-8 551 1299 36 35 
cell-0-5-9 590 1299 36 35 
cell-0-5-10 629 1299 36 35 
cell-0-5-11 668 1299 36 35 
cell-0-5-12 707 1299 36 35 
cell-0-5-13 746 1299 36 35 
cell-0-5-14 785 1299 36 35 
cell-0-6-0 239 1357 36 35 
cell-0-6-1 278 1357 36 35 
cell-0-6-2 317 1357 36 35 
cell-0-6-3 356 1357 36 35 
cell-0-6-4 395 1357 36 35 
cell-0-6-5 434 1357 36 35 
cell-0-6-6 473 1357 36 35 
cell-0-6-7 512 1357 36 35 
cell-0-6-8 551 1357 36 35 
cell-0-6-9 590 1357 36 35 
cell-0-6-10 629 1357 36 35 
cell-0-6-11 668 1357 36 35 
cell-0-6-12 707 1357 36 35 
cell-0-6-13 746 1357 36 35 
cell-0-6-14 785 1357 36 35 
cell-0-7-0 239 1415 36 35 
cell-0-7-1 278 1415 36 35 
cell-0-7-2 317 1415 36 35 
cell-0-7-3 356 1415 36 35 
cell-0-7-4 395 1415 36 35 
cell-0-7-5 434 1415 36 35 
cell-0-7-6 473 1415 36 35 
cell-0-7-7 512 1415 36 35 
cell-0-7-8 551 1415 36 35 
cell-0-7-9 590 1415 36 35 
cell-0-7-10 629 1415 36 35 
cell-0-7-11 668 1415 36 35 
cell-0-7-12 707 1415 36 35 
cell-0-7-13 746 1415 36 35 
cell-0-7-14 785 1415 36 35 
header-5 125 85 837 193 
row-1-1 125 85 413 40 
row-1-2 558 85 347 40 
row-2-1 125 135 314 40 
row-2-2 459 135 496 40 
row-3-1 125 185 809 40 
row-4-1 125 235 677 40 
