table-0 237 477 760 629 
cell-0-0-0 237 477 43 42 
cell-0-0-1 280 477 43 42 
cell-0-0-2 323 477 43 42 
cell-0-0-3 366 477 43 42 
cell-0-0-4 409 477 43 42 
cell-0-0-5 452 477 43 42 
cell-0-0-6 495 477 498 42 
cell-0-1-0 237 522 43 42 
cell-0-1-1 280 522 43 42 
cell-0-1-2 323 522 43 42 
cell-0-1-3 366 522 43 42 
cell-0-1-4 409 522 43 42 
cell-0-1-5 452 522 43 42 
cell-0-1-6 495 522 498 42 
cell-0-2-0 237 567 43 42 
cell-0-2-1 280 567 43 42 
cell-0-2-2 323 567 43 42 
cell-0-2-3 366 567 43 42 
cell-0-2-4 409 567 43 42 
cell-0-2-5 452 567 43 42 
cell-0-2-6 495 567 498 42 
cell-0-3-0 237 612 43 42 
cell-0-3-1 280 612 43 42 
cell-0-3-2 323 612 43 42 
cell-0-3-3 366 612 43 42 
cell-0-3-4 409 612 43 42 
cell-0-3-5 452 612 43 42 
cell-0-3-6 495 612 498 42 
cell-0-4-0 237 657 43 42 
cell-0-4-1 280 657 43 42 
cell-0-4-2 323 657 43 42 
cell-0-4-3 366 657 43 42 
cell-0-4-4 409 657 43 42 
cell-0-4-5 452 657 43 42 
cell-0-4-6 495 657 498 42 
cell-0-5-0 237 702 43 42 
cell-0-5-1 280 702 43 42 
cell-0-5-2 323 702 43 42 
cell-0-5-3 366 702 43 42 
cell-0-5-4 409 702 43 42 
cell-0-5-5 452 702 43 42 
cell-0-5-6 495 702 498 42 
cell-0-6-0 237 747 43 42 
cell-0-6-1 280 747 43 42 
cell-0-6-2 323 747 43 42 
cell-0-6-3 366 747 43 42 
cell-0-6-4 409 747 43 42 
cell-0-6-5 452 747 43 42 
cell-0-6-6 495 747 498 42 
cell-0-7-0 237 792 43 42 
cell-0-7-1 280 792 43 42 
cell-0-7-2 323 792 43 42 
cell-0-7-3 366 792 43 42 
cell-0-7-4 409 792 43 42 
cell-0-7-5 452 792 43 42 
cell-0-7-6 495 792 498 42 
cell-0-8-0 237 837 43 42 
cell-0-8-1 280 837 43 42 
cell-0-8-2 323 837 43 42 
cell-0-8-3 366 837 43 42 
cell-0-8-4 409 837 43 42 
cell-0-8-5 452 837 43 42 
cell-0-8-6 495 837 498 42 
cell-0-9-0 237 882 43 42 
cell-0-9-1 280 882 43 42 
cell-0-9-2 323 882 43 42 
cell-0-9-3 366 882 43 42 
cell-0-9-4 409 882 43 42 
cell-0-9-5 452 882 43 42 
cell-0-9-6 495 882 498 42 
cell-0-10-0 237 927 43 42 
cell-0-10-1 280 927 43 42 
cell-0-10-2 323 927 43 42 
cell-0-10-3 366 927 43 42 
cell-0-10-4 409 927 43 42 
cell-0-10-5 452 927 43 42 
cell-0-10-6 495 927 498 42 
cell-0-11-0 237 972 43 42 
cell-0-11-1 280 972 43 42 
cell-0-11-2 323 972 43 42 
cell-0-11-3 366 972 43 42 
cell-0-11-4 409 972 43 42 
cell-0-11-5 452 972 43 42 
cell-0-11-6 495 972 498 42 
cell-0-12-0 237 1017 43 42 
cell-0-12-1 280 1017 43 42 
cell-0-12-2 323 1017 43 42 
cell-0-12-3 366 1017 43 42 
cell-0-12-4 409 1017 43 42 
cell-0-12-5 452 1017 43 42 
cell-0-12-6 495 1017 498 42 
cell-0-13-0 237 1062 43 42 
cell-0-13-1 280 1062 43 42 
cell-0-13-2 323 1062 43 42 
cell-0-13-3 366 1062 43 42 
cell-0-13-4 409 1062 43 42 
cell-0-13-5 452 1062 43 42 
cell-0-13-6 495 1062 498 42 
