table-0 229 160 705 431 
cell-0-0-0 229 160 43 42 
cell-0-0-1 272 160 43 42 
cell-0-0-2 315 160 43 42 
cell-0-0-3 358 160 43 42 
cell-0-0-4 401 160 43 42 
cell-0-0-5 444 160 43 42 
cell-0-0-6 487 160 443 42 
cell-0-1-0 229 203 43 42 
cell-0-1-1 272 203 43 42 
cell-0-1-2 315 203 43 42 
cell-0-1-3 358 203 43 42 
cell-0-1-4 401 203 43 42 
cell-0-1-5 444 203 43 42 
cell-0-1-6 487 203 443 42 
cell-0-2-0 229 246 43 42 
cell-0-2-1 272 246 43 42 
cell-0-2-2 315 246 43 42 
cell-0-2-3 358 246 43 42 
cell-0-2-4 401 246 43 42 
cell-0-2-5 444 246 43 42 
cell-0-2-6 487 246 443 42 
cell-0-3-0 229 289 43 42 
cell-0-3-1 272 289 43 42 
cell-0-3-2 315 289 43 42 
cell-0-3-3 358 289 43 42 
cell-0-3-4 401 289 43 42 
cell-0-3-5 444 289 43 42 
cell-0-3-6 487 289 443 42 
cell-0-4-0 229 332 43 42 
cell-0-4-1 272 332 43 42 
cell-0-4-2 315 332 43 42 
cell-0-4-3 358 332 43 42 
cell-0-4-4 401 332 43 42 
cell-0-4-5 444 332 43 42 
cell-0-4-6 487 332 443 42 
cell-0-5-0 229 375 43 42 
cell-0-5-1 272 375 43 42 
cell-0-5-2 315 375 43 42 
cell-0-5-3 358 375 43 42 
cell-0-5-4 401 375 43 42 
cell-0-5-5 444 375 43 42 
cell-0-5-6 487 375 443 42 
cell-0-6-0 229 418 43 42 
cell-0-6-1 272 418 43 42 
cell-0-6-2 315 418 43 42 
cell-0-6-3 358 418 43 42 
cell-0-6-4 401 418 43 42 
cell-0-6-5 444 418 43 42 
cell-0-6-6 487 418 443 42 
cell-0-7-0 229 461 43 42 
cell-0-7-1 272 461 43 42 
cell-0-7-2 315 461 43 42 
cell-0-7-3 358 461 43 42 
cell-0-7-4 401 461 43 42 
cell-0-7-5 444 461 43 42 
cell-0-7-6 487 461 443 42 
cell-0-8-0 229 504 43 42 
cell-0-8-1 272 504 43 42 
cell-0-8-2 315 504 43 42 
cell-0-8-3 358 504 43 42 
cell-0-8-4 401 504 43 42 
cell-0-8-5 444 504 43 42 
cell-0-8-6 487 504 443 42 
cell-0-9-0 229 547 43 42 
cell-0-9-1 272 547 43 42 
cell-0-9-2 315 547 43 42 
cell-0-9-3 358 547 43 42 
cell-0-9-4 401 547 43 42 
cell-0-9-5 444 547 43 42 
cell-0-9-6 487 547 443 42 
table-2 463 901 589 407 
cell-2-1-0 463 901 34 35 
cell-2-1-1 500 901 34 35 
cell-2-1-2 537 901 34 35 
cell-2-1-3 574 901 34 35 
cell-2-1-4 611 901 34 35 
cell-2-1-5 648 901 34 35 
cell-2-1-6 685 901 34 35 
cell-2-1-7 722 901 34 35 
cell-2-1-8 759 901 34 35 
cell-2-1-9 796 901 34 35 
cell-2-1-10 833 901 34 35 
cell-2-1-11 870 901 34 35 
cell-2-1-12 907 901 34 35 
cell-2-1-13 944 901 34 35 
cell-2-1-14 981 901 34 35 
cell-2-1-15 1018 901 34 35 
cell-2-2-0 463 954 34 35 
cell-2-2-1 500 954 34 35 
cell-2-2-2 537 954 34 35 
cell-2-2-3 574 954 34 35 
cell-2-2-4 611 954 34 35 
cell-2-2-5 648 954 34 35 
cell-2-2-6 685 954 34 35 
cell-2-2-7 722 954 34 35 
cell-2-2-8 759 954 34 35 
cell-2-2-9 796 954 34 35 
cell-2-2-10 833 954 34 35 
cell-2-2-11 870 954 34 35 
cell-2-2-12 907 954 34 35 
cell-2-2-13 944 954 34 35 
cell-2-2-14 981 954 34 35 
cell-2-2-15 1018 954 34 35 
cell-2-3-0 463 1007 34 35 
cell-2-3-1 500 1007 34 35 
cell-2-3-2 537 1007 34 35 
cell-2-3-3 574 1007 34 35 
cell-2-3-4 611 1007 34 35 
cell-2-3-5 648 1007 34 35 
cell-2-3-6 685 1007 34 35 
cell-2-3-7 722 1007 34 35 
cell-2-3-8 759 1007 34 35 
cell-2-3-9 796 1007 34 35 
cell-2-3-10 833 1007 34 35 
cell-2-3-11 870 1007 34 35 
cell-2-3-12 907 1007 34 35 
cell-2-3-13 944 1007 34 35 
cell-2-3-14 981 1007 34 35 
cell-2-3-15 1018 1007 34 35 
cell-2-4-0 463 1060 34 35 
cell-2-4-1 500 1060 34 35 
cell-2-4-2 537 1060 34 35 
cell-2-4-3 574 1060 34 35 
cell-2-4-4 611 1060 34 35 
cell-2-4-5 648 1060 34 35 
cell-2-4-6 685 1060 34 35 
cell-2-4-7 722 1060 34 35 
cell-2-4-8 759 1060 34 35 
cell-2-4-9 796 1060 34 35 
cell-2-4-10 833 1060 34 35 
cell-2-4-11 870 1060 34 35 
cell-2-4-12 907 1060 34 35 
cell-2-4-13 944 1060 34 35 
cell-2-4-14 981 1060 34 35 
cell-2-4-15 1018 1060 34 35 
cell-2-5-0 463 1113 34 35 
cell-2-5-1 500 1113 34 35 
cell-2-5-2 537 1113 34 35 
cell-2-5-3 574 1113 34 35 
cell-2-5-4 611 1113 34 35 
cell-2-5-5 648 1113 34 35 
cell-2-5-6 685 1113 34 35 
cell-2-5-7 722 1113 34 35 
cell-2-5-8 759 1113 34 35 
cell-2-5-9 796 1113 34 35 
cell-2-5-10 833 1113 34 35 
cell-2-5-11 870 1113 34 35 
cell-2-5-12 907 1113 34 35 
cell-2-5-13 944 1113 34 35 
cell-2-5-14 981 1113 34 35 
cell-2-5-15 1018 1113 34 35 
cell-2-6-0 463 1166 34 35 
cell-2-6-1 500 1166 34 35 
cell-2-6-2 537 1166 34 35 
cell-2-6-3 574 1166 34 35 
cell-2-6-4 611 1166 34 35 
cell-2-6-5 648 1166 34 35 
cell-2-6-6 685 1166 34 35 
cell-2-6-7 722 1166 34 35 
cell-2-6-8 759 1166 34 35 
cell-2-6-9 796 1166 34 35 
cell-2-6-10 833 1166 34 35 
cell-2-6-11 870 1166 34 35 
cell-2-6-12 907 1166 34 35 
cell-2-6-13 944 1166 34 35 
cell-2-6-14 981 1166 34 35 
cell-2-6-15 1018 1166 34 35 
cell-2-7-0 463 1219 34 35 
cell-2-7-1 500 1219 34 35 
cell-2-7-2 537 1219 34 35 
cell-2-7-3 574 1219 34 35 
cell-2-7-4 611 1219 34 35 
cell-2-7-5 648 1219 34 35 
cell-2-7-6 685 1219 34 35 
cell-2-7-7 722 1219 34 35 
cell-2-7-8 759 1219 34 35 
cell-2-7-9 796 1219 34 35 
cell-2-7-10 833 1219 34 35 
cell-2-7-11 870 1219 34 35 
cell-2-7-12 907 1219 34 35 
cell-2-7-13 944 1219 34 35 
cell-2-7-14 981 1219 34 35 
cell-2-7-15 1018 1219 34 35 
cell-2-8-0 463 1272 34 35 
cell-2-8-1 500 1272 34 35 
cell-2-8-2 537 1272 34 35 
cell-2-8-3 574 1272 34 35 
cell-2-8-4 611 1272 34 35 
cell-2-8-5 648 1272 34 35 
cell-2-8-6 685 1272 34 35 
cell-2-8-7 722 1272 34 35 
cell-2-8-8 759 1272 34 35 
cell-2-8-9 796 1272 34 35 
cell-2-8-10 833 1272 34 35 
cell-2-8-11 870 1272 34 35 
cell-2-8-12 907 1272 34 35 
cell-2-8-13 944 1272 34 35 
cell-2-8-14 981 1272 34 35 
cell-2-8-15 1018 1272 34 35 
