table-0 344 502 703 496 
cell-0-0-0 344 502 44 43 
cell-0-0-1 388 502 44 43 
cell-0-0-2 432 502 44 43 
cell-0-0-3 476 502 44 43 
cell-0-0-4 520 502 44 43 
cell-0-0-5 564 502 479 43 
cell-0-1-0 344 547 44 43 
cell-0-1-1 388 547 44 43 
cell-0-1-2 432 547 44 43 
cell-0-1-3 476 547 44 43 
cell-0-1-4 520 547 44 43 
cell-0-1-5 564 547 479 43 
cell-0-2-0 344 592 44 43 
cell-0-2-1 388 592 44 43 
cell-0-2-2 432 592 44 43 
cell-0-2-3 476 592 44 43 
cell-0-2-4 520 592 44 43 
cell-0-2-5 564 592 479 43 
cell-0-3-0 344 637 44 43 
cell-0-3-1 388 637 44 43 
cell-0-3-2 432 637 44 43 
cell-0-3-3 476 637 44 43 
cell-0-3-4 520 637 44 43 
cell-0-3-5 564 637 479 43 
cell-0-4-0 344 682 44 43 
cell-0-4-1 388 682 44 43 
cell-0-4-2 432 682 44 43 
cell-0-4-3 476 682 44 43 
cell-0-4-4 520 682 44 43 
cell-0-4-5 564 682 479 43 
cell-0-5-0 344 727 44 43 
cell-0-5-1 388 727 44 43 
cell-0-5-2 432 727 44 43 
cell-0-5-3 476 727 44 43 
cell-0-5-4 520 727 44 43 
cell-0-5-5 564 727 479 43 
cell-0-6-0 344 772 44 43 
cell-0-6-1 388 772 44 43 
cell-0-6-2 432 772 44 43 
cell-0-6-3 476 772 44 43 
cell-0-6-4 520 772 44 43 
cell-0-6-5 564 772 479 43 
cell-0-7-0 344 817 44 43 
cell-0-7-1 388 817 44 43 
cell-0-7-2 432 817 44 43 
cell-0-7-3 476 817 44 43 
cell-0-7-4 520 817 44 43 
cell-0-7-5 564 817 479 43 
cell-0-8-0 344 862 44 43 
cell-0-8-1 388 862 44 43 
cell-0-8-2 432 862 44 43 
cell-0-8-3 476 862 44 43 
cell-0-8-4 520 862 44 43 
cell-0-8-5 564 862 479 43 
cell-0-9-0 344 907 44 43 
cell-0-9-1 388 907 44 43 
cell-0-9-2 432 907 44 43 
cell-0-9-3 476 907 44 43 
cell-0-9-4 520 907 44 43 
cell-0-9-5 564 907 479 43 
cell-0-10-0 344 952 44 43 
cell-0-10-1 388 952 44 43 
cell-0-10-2 432 952 44 43 
cell-0-10-3 476 952 44 43 
cell-0-10-4 520 952 44 43 
cell-0-10-5 564 952 479 43 
