table-0 162 1004 259 456 
cell-0-0-0 162 1004 43 35 
cell-0-0-1 205 1004 43 35 
cell-0-0-2 248 1004 43 35 
cell-0-0-3 291 1004 43 35 
cell-0-0-4 334 1004 43 35 
cell-0-0-5 377 1004 43 35 
cell-0-1-0 162 1046 43 35 
cell-0-1-1 205 1046 43 35 
cell-0-1-2 248 1046 43 35 
cell-0-1-3 291 1046 43 35 
cell-0-1-4 334 1046 43 35 
cell-0-1-5 377 1046 43 35 
cell-0-2-0 162 1088 43 35 
cell-0-2-1 205 1088 43 35 
cell-0-2-2 248 1088 43 35 
cell-0-2-3 291 1088 43 35 
cell-0-2-4 334 1088 43 35 
cell-0-2-5 377 1088 43 35 
cell-0-3-0 162 1130 43 35 
cell-0-3-1 205 1130 43 35 
cell-0-3-2 248 1130 43 35 
cell-0-3-3 291 1130 43 35 
cell-0-3-4 334 1130 43 35 
cell-0-3-5 377 1130 43 35 
cell-0-4-0 162 1172 43 35 
cell-0-4-1 205 1172 43 35 
cell-0-4-2 248 1172 43 35 
cell-0-4-3 291 1172 43 35 
cell-0-4-4 334 1172 43 35 
cell-0-4-5 377 1172 43 35 
cell-0-5-0 162 1214 43 35 
cell-0-5-1 205 1214 43 35 
cell-0-5-2 248 1214 43 35 
cell-0-5-3 291 1214 43 35 
cell-0-5-4 334 1214 43 35 
cell-0-5-5 377 1214 43 35 
cell-0-6-0 162 1256 43 35 
cell-0-6-1 205 1256 43 35 
cell-0-6-2 248 1256 43 35 
cell-0-6-3 291 1256 43 35 
cell-0-6-4 334 1256 43 35 
cell-0-6-5 377 1256 43 35 
cell-0-7-0 162 1298 43 35 
cell-0-7-1 205 1298 43 35 
cell-0-7-2 248 1298 43 35 
cell-0-7-3 291 1298 43 35 
cell-0-7-4 334 1298 43 35 
cell-0-7-5 377 1298 43 35 
cell-0-8-0 162 1340 43 35 
cell-0-8-1 205 1340 43 35 
cell-0-8-2 248 1340 43 35 
cell-0-8-3 291 1340 43 35 
cell-0-8-4 334 1340 43 35 
cell-0-8-5 377 1340 43 35 
cell-0-9-0 162 1382 43 35 
cell-0-9-1 205 1382 43 35 
cell-0-9-2 248 1382 43 35 
cell-0-9-3 291 1382 43 35 
cell-0-9-4 334 1382 43 35 
cell-0-9-5 377 1382 43 35 
cell-0-10-0 162 1424 43 35 
cell-0-10-1 205 1424 43 35 
cell-0-10-2 248 1424 43 35 
cell-0-10-3 291 1424 43 35 
cell-0-10-4 334 1424 43 35 
cell-0-10-5 377 1424 43 35 
table-1 252 192 530 530 
cell-1-0-0 252 192 45 43 
cell-1-0-1 297 192 45 43 
cell-1-0-2 342 192 45 43 
cell-1-0-3 387 192 45 43 
cell-1-0-4 432 192 348 43 
cell-1-1-0 252 236 45 43 
cell-1-1-1 297 236 45 43 
cell-1-1-2 342 236 45 43 
cell-1-1-3 387 236 45 43 
cell-1-1-4 432 236 348 43 
cell-1-2-0 252 280 45 43 
cell-1-2-1 297 280 45 43 
cell-1-2-2 342 280 45 43 
cell-1-2-3 387 280 45 43 
cell-1-2-4 432 280 348 43 
cell-1-3-0 252 324 45 43 
cell-1-3-1 297 324 45 43 
cell-1-3-2 342 324 45 43 
cell-1-3-3 387 324 45 43 
cell-1-3-4 432 324 348 43 
cell-1-4-0 252 368 45 43 
cell-1-4-1 297 368 45 43 
cell-1-4-2 342 368 45 43 
cell-1-4-3 387 368 45 43 
cell-1-4-4 432 368 348 43 
cell-1-5-0 252 412 45 43 
cell-1-5-1 297 412 45 43 
cell-1-5-2 342 412 45 43 
cell-1-5-3 387 412 45 43 
cell-1-5-4 432 412 348 43 
cell-1-6-0 252 456 45 43 
cell-1-6-1 297 456 45 43 
cell-1-6-2 342 456 45 43 
cell-1-6-3 387 456 45 43 
cell-1-6-4 432 456 348 43 
cell-1-7-0 252 500 45 43 
cell-1-7-1 297 500 45 43 
cell-1-7-2 342 500 45 43 
cell-1-7-3 387 500 45 43 
cell-1-7-4 432 500 348 43 
cell-1-8-0 252 544 45 43 
cell-1-8-1 297 544 45 43 
cell-1-8-2 342 544 45 43 
cell-1-8-3 387 544 45 43 
cell-1-8-4 432 544 348 43 
cell-1-9-0 252 588 45 43 
cell-1-9-1 297 588 45 43 
cell-1-9-2 342 588 45 43 
cell-1-9-3 387 588 45 43 
cell-1-9-4 432 588 348 43 
cell-1-10-0 252 632 45 43 
cell-1-10-1 297 632 45 43 
cell-1-10-2 342 632 45 43 
cell-1-10-3 387 632 45 43 
cell-1-10-4 432 632 348 43 
cell-1-11-0 252 676 45 43 
cell-1-11-1 297 676 45 43 
cell-1-11-2 342 676 45 43 
cell-1-11-3 387 676 45 43 
cell-1-11-4 432 676 348 43 
