table-0 806 515 183 640 
cell-0-0-0 806 515 45 35 
cell-0-0-1 851 515 45 35 
cell-0-0-2 896 515 45 35 
cell-0-0-3 941 515 45 35 
cell-0-1-0 806 558 45 35 
cell-0-1-1 851 558 45 35 
cell-0-1-2 896 558 45 35 
cell-0-1-3 941 558 45 35 
cell-0-2-0 806 601 45 35 
cell-0-2-1 851 601 45 35 
cell-0-2-2 896 601 45 35 
cell-0-2-3 941 601 45 35 
cell-0-3-0 806 644 45 35 
cell-0-3-1 851 644 45 35 
cell-0-3-2 896 644 45 35 
cell-0-3-3 941 644 45 35 
cell-0-4-0 806 687 45 35 
cell-0-4-1 851 687 45 35 
cell-0-4-2 896 687 45 35 
cell-0-4-3 941 687 45 35 
cell-0-5-0 806 730 45 35 
cell-0-5-1 851 730 45 35 
cell-0-5-2 896 730 45 35 
cell-0-5-3 941 730 45 35 
cell-0-6-0 806 773 45 35 
cell-0-6-1 851 773 45 35 
cell-0-6-2 896 773 45 35 
cell-0-6-3 941 773 45 35 
cell-0-7-0 806 816 45 35 
cell-0-7-1 851 816 45 35 
cell-0-7-2 896 816 45 35 
cell-0-7-3 941 816 45 35 
cell-0-8-0 806 859 45 35 
cell-0-8-1 851 859 45 35 
cell-0-8-2 896 859 45 35 
cell-0-8-3 941 859 45 35 
cell-0-9-0 806 902 45 35 
cell-0-9-1 851 902 45 35 
cell-0-9-2 896 902 45 35 
cell-0-9-3 941 902 45 35 
cell-0-10-0 806 945 45 35 
cell-0-10-1 851 945 45 35 
cell-0-10-2 896 945 45 35 
cell-0-10-3 941 945 45 35 
cell-0-11-0 806 988 45 35 
cell-0-11-1 851 988 45 35 
cell-0-11-2 896 988 45 35 
cell-0-11-3 941 988 45 35 
cell-0-12-0 806 1031 45 35 
cell-0-12-1 851 1031 45 35 
cell-0-12-2 896 1031 45 35 
cell-0-12-3 941 1031 45 35 
cell-0-13-0 806 1074 45 35 
cell-0-13-1 851 1074 45 35 
cell-0-13-2 896 1074 45 35 
cell-0-13-3 941 1074 45 35 
cell-0-14-0 806 1117 45 35 
cell-0-14-1 851 1117 45 35 
cell-0-14-2 896 1117 45 35 
cell-0-14-3 941 1117 45 35 
