table-0 461 778 426 505 
cell-0-1-0 461 778 36 35 
cell-0-1-1 500 778 36 35 
cell-0-1-2 539 778 36 35 
cell-0-1-3 578 778 36 35 
cell-0-1-4 617 778 36 35 
cell-0-1-5 656 778 36 35 
cell-0-1-6 695 778 36 35 
cell-0-1-7 734 778 36 35 
cell-0-1-8 773 778 36 35 
cell-0-1-9 812 778 36 35 
cell-0-1-10 851 778 36 35 
cell-0-2-0 461 830 36 35 
cell-0-2-1 500 830 36 35 
cell-0-2-2 539 830 36 35 
cell-0-2-3 578 830 36 35 
cell-0-2-4 617 830 36 35 
cell-0-2-5 656 830 36 35 
cell-0-2-6 695 830 36 35 
cell-0-2-7 734 830 36 35 
cell-0-2-8 773 830 36 35 
cell-0-2-9 812 830 36 35 
cell-0-2-10 851 830 36 35 
cell-0-3-0 461 882 36 35 
cell-0-3-1 500 882 36 35 
cell-0-3-2 539 882 36 35 
cell-0-3-3 578 882 36 35 
cell-0-3-4 617 882 36 35 
cell-0-3-5 656 882 36 35 
cell-0-3-6 695 882 36 35 
cell-0-3-7 734 882 36 35 
cell-0-3-8 773 882 36 35 
cell-0-3-9 812 882 36 35 
cell-0-3-10 851 882 36 35 
cell-0-4-0 461 934 36 35 
cell-0-4-1 500 934 36 35 
cell-0-4-2 539 934 36 35 
cell-0-4-3 578 934 36 35 
cell-0-4-4 617 934 36 35 
cell-0-4-5 656 934 36 35 
cell-0-4-6 695 934 36 35 
cell-0-4-7 734 934 36 35 
cell-0-4-8 773 934 36 35 
cell-0-4-9 812 934 36 35 
cell-0-4-10 851 934 36 35 
cell-0-5-0 461 986 36 35 
cell-0-5-1 500 986 36 35 
cell-0-5-2 539 986 36 35 
cell-0-5-3 578 986 36 35 
cell-0-5-4 617 986 36 35 
cell-0-5-5 656 986 36 35 
cell-0-5-6 695 986 36 35 
cell-0-5-7 734 986 36 35 
cell-0-5-8 773 986 36 35 
cell-0-5-9 812 986 36 35 
cell-0-5-10 851 986 36 35 
cell-0-6-0 461 1038 36 35 
cell-0-6-1 500 1038 36 35 
cell-0-6-2 539 1038 36 35 
cell-0-6-3 578 1038 36 35 
cell-0-6-4 617 1038 36 35 
cell-0-6-5 656 1038 36 35 
cell-0-6-6 695 1038 36 35 
cell-0-6-7 734 1038 36 35 
cell-0-6-8 773 1038 36 35 
cell-0-6-9 812 1038 36 35 
cell-0-6-10 851 1038 36 35 
cell-0-7-0 461 1090 36 35 
cell-0-7-1 500 1090 36 35 
cell-0-7-2 539 1090 36 35 
cell-0-7-3 578 1090 36 35 
cell-0-7-4 617 1090 36 35 
cell-0-7-5 656 1090 36 35 
cell-0-7-6 695 1090 36 35 
cell-0-7-7 734 1090 36 35 
cell-0-7-8 773 1090 36 35 
cell-0-7-9 812 1090 36 35 
cell-0-7-10 851 1090 36 35 
cell-0-8-0 461 1142 36 35 
cell-0-8-1 500 1142 36 35 
cell-0-8-2 539 1142 36 35 
cell-0-8-3 578 1142 36 35 
cell-0-8-4 617 1142 36 35 
cell-0-8-5 656 1142 36 35 
cell-0-8-6 695 1142 36 35 
cell-0-8-7 734 1142 36 35 
cell-0-8-8 773 1142 36 35 
cell-0-8-9 812 1142 36 35 
cell-0-8-10 851 1142 36 35 
cell-0-9-0 461 1194 36 35 
cell-0-9-1 500 1194 36 35 
cell-0-9-2 539 1194 36 35 
cell-0-9-3 578 1194 36 35 
cell-0-9-4 617 1194 36 35 
cell-0-9-5 656 1194 36 35 
cell-0-9-6 695 1194 36 35 
cell-0-9-7 734 1194 36 35 
cell-0-9-8 773 1194 36 35 
cell-0-9-9 812 1194 36 35 
cell-0-9-10 851 1194 36 35 
cell-0-10-0 461 1246 36 35 
cell-0-10-1 500 1246 36 35 
cell-0-10-2 539 1246 36 35 
cell-0-10-3 578 1246 36 35 
cell-0-10-4 617 1246 36 35 
cell-0-10-5 656 1246 36 35 
cell-0-10-6 695 1246 36 35 
cell-0-10-7 734 1246 36 35 
cell-0-10-8 773 1246 36 35 
cell-0-10-9 812 1246 36 35 
cell-0-10-10 851 1246 36 35 
