table-0 74 980 600 230 
cell-0-0-0 74 980 150 40 
cell-0-0-1 224 980 150 40 
cell-0-0-2 374 980 150 40 
cell-0-0-3 524 980 150 40 
cell-0-1-0 74 1027 150 40 
cell-0-1-1 224 1027 150 40 
cell-0-1-2 374 1027 150 40 
cell-0-1-3 524 1027 150 40 
cell-0-2-0 74 1074 150 40 
cell-0-2-1 224 1074 150 40 
cell-0-2-2 374 1074 150 40 
cell-0-2-3 524 1074 150 40 
cell-0-3-0 74 1121 150 40 
cell-0-3-1 224 1121 150 40 
cell-0-3-2 374 1121 150 40 
cell-0-3-3 524 1121 150 40 
cell-0-4-0 74 1168 150 40 
cell-0-4-1 224 1168 150 40 
cell-0-4-2 374 1168 150 40 
cell-0-4-3 524 1168 150 40 
