table-0 96 938 900 450 
cell-0-0-0 96 938 180 53 
cell-0-0-1 276 938 180 53 
cell-0-0-2 456 938 180 53 
cell-0-0-3 636 938 180 53 
cell-0-0-4 816 938 180 53 
cell-0-1-0 96 1004 180 53 
cell-0-1-1 276 1004 180 53 
cell-0-1-2 456 1004 180 53 
cell-0-1-3 636 1004 180 53 
cell-0-1-4 816 1004 180 53 
cell-0-2-0 96 1070 180 53 
cell-0-2-1 276 1070 180 53 
cell-0-2-2 456 1070 180 53 
cell-0-2-3 636 1070 180 53 
cell-0-2-4 816 1070 180 53 
cell-0-3-0 96 1136 180 53 
cell-0-3-1 276 1136 180 53 
cell-0-3-2 456 1136 180 53 
cell-0-3-3 636 1136 180 53 
cell-0-3-4 816 1136 180 53 
cell-0-4-0 96 1202 180 53 
cell-0-4-1 276 1202 180 53 
cell-0-4-2 456 1202 180 53 
cell-0-4-3 636 1202 180 53 
cell-0-4-4 816 1202 180 53 
cell-0-5-0 96 1268 180 53 
cell-0-5-1 276 1268 180 53 
cell-0-5-2 456 1268 180 53 
cell-0-5-3 636 1268 180 53 
cell-0-5-4 816 1268 180 53 
cell-0-6-0 96 1334 180 53 
cell-0-6-1 276 1334 180 53 
cell-0-6-2 456 1334 180 53 
cell-0-6-3 636 1334 180 53 
cell-0-6-4 816 1334 180 53 
header-1 118 86 760 193 
row-1-1 118 86 368 40 
row-1-2 506 86 269 40 
row-2-1 118 136 302 40 
row-2-2 440 136 433 40 
row-3-1 118 186 566 40 
row-4-1 118 236 467 40 
header-3 175 647 773 193 
row-1-1 175 647 329 40 
row-1-2 524 647 395 40 
row-2-1 175 697 329 40 
row-2-2 524 697 416 40 
row-3-1 175 747 461 40 
row-4-1 175 797 461 40 
