header-0 109 796 835 193 
row-1-1 109 796 368 40 
row-1-2 497 796 302 40 
row-2-1 109 846 335 40 
row-2-2 464 846 475 40 
row-3-1 109 896 599 40 
row-4-1 109 946 797 40 
table-4 494 189 266 469 
cell-4-0-0 494 189 44 35 
cell-4-0-1 538 189 44 35 
cell-4-0-2 582 189 44 35 
cell-4-0-3 626 189 44 35 
cell-4-0-4 670 189 44 35 
cell-4-0-5 714 189 44 35 
cell-4-1-0 494 237 44 35 
cell-4-1-1 538 237 44 35 
cell-4-1-2 582 237 44 35 
cell-4-1-3 626 237 44 35 
cell-4-1-4 670 237 44 35 
cell-4-1-5 714 237 44 35 
cell-4-2-0 494 285 44 35 
cell-4-2-1 538 285 44 35 
cell-4-2-2 582 285 44 35 
cell-4-2-3 626 285 44 35 
cell-4-2-4 670 285 44 35 
cell-4-2-5 714 285 44 35 
cell-4-3-0 494 333 44 35 
cell-4-3-1 538 333 44 35 
cell-4-3-2 582 333 44 35 
cell-4-3-3 626 333 44 35 
cell-4-3-4 670 333 44 35 
cell-4-3-5 714 333 44 35 
cell-4-4-0 494 381 44 35 
cell-4-4-1 538 381 44 35 
cell-4-4-2 582 381 44 35 
cell-4-4-3 626 381 44 35 
cell-4-4-4 670 381 44 35 
cell-4-4-5 714 381 44 35 
cell-4-5-0 494 429 44 35 
cell-4-5-1 538 429 44 35 
cell-4-5-2 582 429 44 35 
cell-4-5-3 626 429 44 35 
cell-4-5-4 670 429 44 35 
cell-4-5-5 714 429 44 35 
cell-4-6-0 494 477 44 35 
cell-4-6-1 538 477 44 35 
cell-4-6-2 582 477 44 35 
cell-4-6-3 626 477 44 35 
cell-4-6-4 670 477 44 35 
cell-4-6-5 714 477 44 35 
cell-4-7-0 494 525 44 35 
cell-4-7-1 538 525 44 35 
cell-4-7-2 582 525 44 35 
cell-4-7-3 626 525 44 35 
cell-4-7-4 670 525 44 35 
cell-4-7-5 714 525 44 35 
cell-4-8-0 494 573 44 35 
cell-4-8-1 538 573 44 35 
cell-4-8-2 582 573 44 35 
cell-4-8-3 626 573 44 35 
cell-4-8-4 670 573 44 35 
cell-4-8-5 714 573 44 35 
cell-4-9-0 494 621 44 35 
cell-4-9-1 538 621 44 35 
cell-4-9-2 582 621 44 35 
cell-4-9-3 626 621 44 35 
cell-4-9-4 670 621 44 35 
cell-4-9-5 714 621 44 35 
