table-0 551 942 183 488 
cell-0-0-0 551 942 45 35 
cell-0-0-1 596 942 45 35 
cell-0-0-2 641 942 45 35 
cell-0-0-3 686 942 45 35 
cell-0-1-0 551 987 45 35 
cell-0-1-1 596 987 45 35 
cell-0-1-2 641 987 45 35 
cell-0-1-3 686 987 45 35 
cell-0-2-0 551 1032 45 35 
cell-0-2-1 596 1032 45 35 
cell-0-2-2 641 1032 45 35 
cell-0-2-3 686 1032 45 35 
cell-0-3-0 551 1077 45 35 
cell-0-3-1 596 1077 45 35 
cell-0-3-2 641 1077 45 35 
cell-0-3-3 686 1077 45 35 
cell-0-4-0 551 1122 45 35 
cell-0-4-1 596 1122 45 35 
cell-0-4-2 641 1122 45 35 
cell-0-4-3 686 1122 45 35 
cell-0-5-0 551 1167 45 35 
cell-0-5-1 596 1167 45 35 
cell-0-5-2 641 1167 45 35 
cell-0-5-3 686 1167 45 35 
cell-0-6-0 551 1212 45 35 
cell-0-6-1 596 1212 45 35 
cell-0-6-2 641 1212 45 35 
cell-0-6-3 686 1212 45 35 
cell-0-7-0 551 1257 45 35 
cell-0-7-1 596 1257 45 35 
cell-0-7-2 641 1257 45 35 
cell-0-7-3 686 1257 45 35 
cell-0-8-0 551 1302 45 35 
cell-0-8-1 596 1302 45 35 
cell-0-8-2 641 1302 45 35 
cell-0-8-3 686 1302 45 35 
cell-0-9-0 551 1347 45 35 
cell-0-9-1 596 1347 45 35 
cell-0-9-2 641 1347 45 35 
cell-0-9-3 686 1347 45 35 
cell-0-10-0 551 1392 45 35 
cell-0-10-1 596 1392 45 35 
cell-0-10-2 641 1392 45 35 
cell-0-10-3 686 1392 45 35 
