table-0 342 565 500 598 
cell-0-0-0 342 565 83 56 
cell-0-0-1 425 565 83 56 
cell-0-0-2 508 565 83 56 
cell-0-0-3 591 565 83 56 
cell-0-0-4 674 565 83 56 
cell-0-0-5 757 565 83 56 
cell-0-1-0 342 625 83 56 
cell-0-1-1 425 625 83 56 
cell-0-1-2 508 625 83 56 
cell-0-1-3 591 625 83 56 
cell-0-1-4 674 625 83 56 
cell-0-1-5 757 625 83 56 
cell-0-2-0 342 685 83 56 
cell-0-2-1 425 685 83 56 
cell-0-2-2 508 685 83 56 
cell-0-2-3 591 685 83 56 
cell-0-2-4 674 685 83 56 
cell-0-2-5 757 685 83 56 
cell-0-3-0 342 745 83 56 
cell-0-3-1 425 745 83 56 
cell-0-3-2 508 745 83 56 
cell-0-3-3 591 745 83 56 
cell-0-3-4 674 745 83 56 
cell-0-3-5 757 745 83 56 
cell-0-4-0 342 805 83 56 
cell-0-4-1 425 805 83 56 
cell-0-4-2 508 805 83 56 
cell-0-4-3 591 805 83 56 
cell-0-4-4 674 805 83 56 
cell-0-4-5 757 805 83 56 
cell-0-5-0 342 865 83 56 
cell-0-5-1 425 865 83 56 
cell-0-5-2 508 865 83 56 
cell-0-5-3 591 865 83 56 
cell-0-5-4 674 865 83 56 
cell-0-5-5 757 865 83 56 
cell-0-6-0 342 925 83 56 
cell-0-6-1 425 925 83 56 
cell-0-6-2 508 925 83 56 
cell-0-6-3 591 925 83 56 
cell-0-6-4 674 925 83 56 
cell-0-6-5 757 925 83 56 
cell-0-7-0 342 985 83 56 
cell-0-7-1 425 985 83 56 
cell-0-7-2 508 985 83 56 
cell-0-7-3 591 985 83 56 
cell-0-7-4 674 985 83 56 
cell-0-7-5 757 985 83 56 
cell-0-8-0 342 1045 83 56 
cell-0-8-1 425 1045 83 56 
cell-0-8-2 508 1045 83 56 
cell-0-8-3 591 1045 83 56 
cell-0-8-4 674 1045 83 56 
cell-0-8-5 757 1045 83 56 
cell-0-9-0 342 1105 83 56 
cell-0-9-1 425 1105 83 56 
cell-0-9-2 508 1105 83 56 
cell-0-9-3 591 1105 83 56 
cell-0-9-4 674 1105 83 56 
cell-0-9-5 757 1105 83 56 
header-3 118 264 820 193 
row-1-1 118 264 398 40 
row-1-2 536 264 398 40 
row-2-1 118 314 332 40 
row-2-2 470 314 458 40 
row-3-1 118 364 761 40 
row-4-1 118 414 629 40 
