table-0 775 143 273 511 
cell-0-0-0 775 143 45 35 
cell-0-0-1 820 143 45 35 
cell-0-0-2 865 143 45 35 
cell-0-0-3 910 143 45 35 
cell-0-0-4 955 143 45 35 
cell-0-0-5 1000 143 45 35 
cell-0-1-0 775 186 45 35 
cell-0-1-1 820 186 45 35 
cell-0-1-2 865 186 45 35 
cell-0-1-3 910 186 45 35 
cell-0-1-4 955 186 45 35 
cell-0-1-5 1000 186 45 35 
cell-0-2-0 775 229 45 35 
cell-0-2-1 820 229 45 35 
cell-0-2-2 865 229 45 35 
cell-0-2-3 910 229 45 35 
cell-0-2-4 955 229 45 35 
cell-0-2-5 1000 229 45 35 
cell-0-3-0 775 272 45 35 
cell-0-3-1 820 272 45 35 
cell-0-3-2 865 272 45 35 
cell-0-3-3 910 272 45 35 
cell-0-3-4 955 272 45 35 
cell-0-3-5 1000 272 45 35 
cell-0-4-0 775 315 45 35 
cell-0-4-1 820 315 45 35 
cell-0-4-2 865 315 45 35 
cell-0-4-3 910 315 45 35 
cell-0-4-4 955 315 45 35 
cell-0-4-5 1000 315 45 35 
cell-0-5-0 775 358 45 35 
cell-0-5-1 820 358 45 35 
cell-0-5-2 865 358 45 35 
cell-0-5-3 910 358 45 35 
cell-0-5-4 955 358 45 35 
cell-0-5-5 1000 358 45 35 
cell-0-6-0 775 401 45 35 
cell-0-6-1 820 401 45 35 
cell-0-6-2 865 401 45 35 
cell-0-6-3 910 401 45 35 
cell-0-6-4 955 401 45 35 
cell-0-6-5 1000 401 45 35 
cell-0-7-0 775 444 45 35 
cell-0-7-1 820 444 45 35 
cell-0-7-2 865 444 45 35 
cell-0-7-3 910 444 45 35 
cell-0-7-4 955 444 45 35 
cell-0-7-5 1000 444 45 35 
cell-0-8-0 775 487 45 35 
cell-0-8-1 820 487 45 35 
cell-0-8-2 865 487 45 35 
cell-0-8-3 910 487 45 35 
cell-0-8-4 955 487 45 35 
cell-0-8-5 1000 487 45 35 
cell-0-9-0 775 530 45 35 
cell-0-9-1 820 530 45 35 
cell-0-9-2 865 530 45 35 
cell-0-9-3 910 530 45 35 
cell-0-9-4 955 530 45 35 
cell-0-9-5 1000 530 45 35 
cell-0-10-0 775 573 45 35 
cell-0-10-1 820 573 45 35 
cell-0-10-2 865 573 45 35 
cell-0-10-3 910 573 45 35 
cell-0-10-4 955 573 45 35 
cell-0-10-5 1000 573 45 35 
cell-0-11-0 775 616 45 35 
cell-0-11-1 820 616 45 35 
cell-0-11-2 865 616 45 35 
cell-0-11-3 910 616 45 35 
cell-0-11-4 955 616 45 35 
cell-0-11-5 1000 616 45 35 
