table-0 229 122 228 467 
cell-0-0-0 229 122 45 35 
cell-0-0-1 274 122 45 35 
cell-0-0-2 319 122 45 35 
cell-0-0-3 364 122 45 35 
cell-0-0-4 409 122 45 35 
cell-0-1-0 229 161 45 35 
cell-0-1-1 274 161 45 35 
cell-0-1-2 319 161 45 35 
cell-0-1-3 364 161 45 35 
cell-0-1-4 409 161 45 35 
cell-0-2-0 229 200 45 35 
cell-0-2-1 274 200 45 35 
cell-0-2-2 319 200 45 35 
cell-0-2-3 364 200 45 35 
cell-0-2-4 409 200 45 35 
cell-0-3-0 229 239 45 35 
cell-0-3-1 274 239 45 35 
cell-0-3-2 319 239 45 35 
cell-0-3-3 364 239 45 35 
cell-0-3-4 409 239 45 35 
cell-0-4-0 229 278 45 35 
cell-0-4-1 274 278 45 35 
cell-0-4-2 319 278 45 35 
cell-0-4-3 364 278 45 35 
cell-0-4-4 409 278 45 35 
cell-0-5-0 229 317 45 35 
cell-0-5-1 274 317 45 35 
cell-0-5-2 319 317 45 35 
cell-0-5-3 364 317 45 35 
cell-0-5-4 409 317 45 35 
cell-0-6-0 229 356 45 35 
cell-0-6-1 274 356 45 35 
cell-0-6-2 319 356 45 35 
cell-0-6-3 364 356 45 35 
cell-0-6-4 409 356 45 35 
cell-0-7-0 229 395 45 35 
cell-0-7-1 274 395 45 35 
cell-0-7-2 319 395 45 35 
cell-0-7-3 364 395 45 35 
cell-0-7-4 409 395 45 35 
cell-0-8-0 229 434 45 35 
cell-0-8-1 274 434 45 35 
cell-0-8-2 319 434 45 35 
cell-0-8-3 364 434 45 35 
cell-0-8-4 409 434 45 35 
cell-0-9-0 229 473 45 35 
cell-0-9-1 274 473 45 35 
cell-0-9-2 319 473 45 35 
cell-0-9-3 364 473 45 35 
cell-0-9-4 409 473 45 35 
cell-0-10-0 229 512 45 35 
cell-0-10-1 274 512 45 35 
cell-0-10-2 319 512 45 35 
cell-0-10-3 364 512 45 35 
cell-0-10-4 409 512 45 35 
cell-0-11-0 229 551 45 35 
cell-0-11-1 274 551 45 35 
cell-0-11-2 319 551 45 35 
cell-0-11-3 364 551 45 35 
cell-0-11-4 409 551 45 35 
