table-0 321 552 273 623 
cell-0-0-0 321 552 45 35 
cell-0-0-1 366 552 45 35 
cell-0-0-2 411 552 45 35 
cell-0-0-3 456 552 45 35 
cell-0-0-4 501 552 45 35 
cell-0-0-5 546 552 45 35 
cell-0-1-0 321 597 45 35 
cell-0-1-1 366 597 45 35 
cell-0-1-2 411 597 45 35 
cell-0-1-3 456 597 45 35 
cell-0-1-4 501 597 45 35 
cell-0-1-5 546 597 45 35 
cell-0-2-0 321 642 45 35 
cell-0-2-1 366 642 45 35 
cell-0-2-2 411 642 45 35 
cell-0-2-3 456 642 45 35 
cell-0-2-4 501 642 45 35 
cell-0-2-5 546 642 45 35 
cell-0-3-0 321 687 45 35 
cell-0-3-1 366 687 45 35 
cell-0-3-2 411 687 45 35 
cell-0-3-3 456 687 45 35 
cell-0-3-4 501 687 45 35 
cell-0-3-5 546 687 45 35 
cell-0-4-0 321 732 45 35 
cell-0-4-1 366 732 45 35 
cell-0-4-2 411 732 45 35 
cell-0-4-3 456 732 45 35 
cell-0-4-4 501 732 45 35 
cell-0-4-5 546 732 45 35 
cell-0-5-0 321 777 45 35 
cell-0-5-1 366 777 45 35 
cell-0-5-2 411 777 45 35 
cell-0-5-3 456 777 45 35 
cell-0-5-4 501 777 45 35 
cell-0-5-5 546 777 45 35 
cell-0-6-0 321 822 45 35 
cell-0-6-1 366 822 45 35 
cell-0-6-2 411 822 45 35 
cell-0-6-3 456 822 45 35 
cell-0-6-4 501 822 45 35 
cell-0-6-5 546 822 45 35 
cell-0-7-0 321 867 45 35 
cell-0-7-1 366 867 45 35 
cell-0-7-2 411 867 45 35 
cell-0-7-3 456 867 45 35 
cell-0-7-4 501 867 45 35 
cell-0-7-5 546 867 45 35 
cell-0-8-0 321 912 45 35 
cell-0-8-1 366 912 45 35 
cell-0-8-2 411 912 45 35 
cell-0-8-3 456 912 45 35 
cell-0-8-4 501 912 45 35 
cell-0-8-5 546 912 45 35 
cell-0-9-0 321 957 45 35 
cell-0-9-1 366 957 45 35 
cell-0-9-2 411 957 45 35 
cell-0-9-3 456 957 45 35 
cell-0-9-4 501 957 45 35 
cell-0-9-5 546 957 45 35 
cell-0-10-0 321 1002 45 35 
cell-0-10-1 366 1002 45 35 
cell-0-10-2 411 1002 45 35 
cell-0-10-3 456 1002 45 35 
cell-0-10-4 501 1002 45 35 
cell-0-10-5 546 1002 45 35 
cell-0-11-0 321 1047 45 35 
cell-0-11-1 366 1047 45 35 
cell-0-11-2 411 1047 45 35 
cell-0-11-3 456 1047 45 35 
cell-0-11-4 501 1047 45 35 
cell-0-11-5 546 1047 45 35 
cell-0-12-0 321 1092 45 35 
cell-0-12-1 366 1092 45 35 
cell-0-12-2 411 1092 45 35 
cell-0-12-3 456 1092 45 35 
cell-0-12-4 501 1092 45 35 
cell-0-12-5 546 1092 45 35 
cell-0-13-0 321 1137 45 35 
cell-0-13-1 366 1137 45 35 
cell-0-13-2 411 1137 45 35 
cell-0-13-3 456 1137 45 35 
cell-0-13-4 501 1137 45 35 
cell-0-13-5 546 1137 45 35 
table-3 791 846 173 610 
cell-3-0-0 791 846 43 35 
cell-3-0-1 834 846 43 35 
cell-3-0-2 877 846 43 35 
cell-3-0-3 920 846 43 35 
cell-3-1-0 791 887 43 35 
cell-3-1-1 834 887 43 35 
cell-3-1-2 877 887 43 35 
cell-3-1-3 920 887 43 35 
cell-3-2-0 791 928 43 35 
cell-3-2-1 834 928 43 35 
cell-3-2-2 877 928 43 35 
cell-3-2-3 920 928 43 35 
cell-3-3-0 791 969 43 35 
cell-3-3-1 834 969 43 35 
cell-3-3-2 877 969 43 35 
cell-3-3-3 920 969 43 35 
cell-3-4-0 791 1010 43 35 
cell-3-4-1 834 1010 43 35 
cell-3-4-2 877 1010 43 35 
cell-3-4-3 920 1010 43 35 
cell-3-5-0 791 1051 43 35 
cell-3-5-1 834 1051 43 35 
cell-3-5-2 877 1051 43 35 
cell-3-5-3 920 1051 43 35 
cell-3-6-0 791 1092 43 35 
cell-3-6-1 834 1092 43 35 
cell-3-6-2 877 1092 43 35 
cell-3-6-3 920 1092 43 35 
cell-3-7-0 791 1133 43 35 
cell-3-7-1 834 1133 43 35 
cell-3-7-2 877 1133 43 35 
cell-3-7-3 920 1133 43 35 
cell-3-8-0 791 1174 43 35 
cell-3-8-1 834 1174 43 35 
cell-3-8-2 877 1174 43 35 
cell-3-8-3 920 1174 43 35 
cell-3-9-0 791 1215 43 35 
cell-3-9-1 834 1215 43 35 
cell-3-9-2 877 1215 43 35 
cell-3-9-3 920 1215 43 35 
cell-3-10-0 791 1256 43 35 
cell-3-10-1 834 1256 43 35 
cell-3-10-2 877 1256 43 35 
cell-3-10-3 920 1256 43 35 
cell-3-11-0 791 1297 43 35 
cell-3-11-1 834 1297 43 35 
cell-3-11-2 877 1297 43 35 
cell-3-11-3 920 1297 43 35 
cell-3-12-0 791 1338 43 35 
cell-3-12-1 834 1338 43 35 
cell-3-12-2 877 1338 43 35 
cell-3-12-3 920 1338 43 35 
cell-3-13-0 791 1379 43 35 
cell-3-13-1 834 1379 43 35 
cell-3-13-2 877 1379 43 35 
cell-3-13-3 920 1379 43 35 
cell-3-14-0 791 1420 43 35 
cell-3-14-1 834 1420 43 35 
cell-3-14-2 877 1420 43 35 
cell-3-14-3 920 1420 43 35 
