table-0 224 271 716 546 
cell-0-0-0 224 271 44 43 
cell-0-0-1 268 271 44 43 
cell-0-0-2 312 271 44 43 
cell-0-0-3 356 271 44 43 
cell-0-0-4 400 271 44 43 
cell-0-0-5 444 271 44 43 
cell-0-0-6 488 271 450 43 
cell-0-1-0 224 321 44 43 
cell-0-1-1 268 321 44 43 
cell-0-1-2 312 321 44 43 
cell-0-1-3 356 321 44 43 
cell-0-1-4 400 321 44 43 
cell-0-1-5 444 321 44 43 
cell-0-1-6 488 321 450 43 
cell-0-2-0 224 371 44 43 
cell-0-2-1 268 371 44 43 
cell-0-2-2 312 371 44 43 
cell-0-2-3 356 371 44 43 
cell-0-2-4 400 371 44 43 
cell-0-2-5 444 371 44 43 
cell-0-2-6 488 371 450 43 
cell-0-3-0 224 421 44 43 
cell-0-3-1 268 421 44 43 
cell-0-3-2 312 421 44 43 
cell-0-3-3 356 421 44 43 
cell-0-3-4 400 421 44 43 
cell-0-3-5 444 421 44 43 
cell-0-3-6 488 421 450 43 
cell-0-4-0 224 471 44 43 
cell-0-4-1 268 471 44 43 
cell-0-4-2 312 471 44 43 
cell-0-4-3 356 471 44 43 
cell-0-4-4 400 471 44 43 
cell-0-4-5 444 471 44 43 
cell-0-4-6 488 471 450 43 
cell-0-5-0 224 521 44 43 
cell-0-5-1 268 521 44 43 
cell-0-5-2 312 521 44 43 
cell-0-5-3 356 521 44 43 
cell-0-5-4 400 521 44 43 
cell-0-5-5 444 521 44 43 
cell-0-5-6 488 521 450 43 
cell-0-6-0 224 571 44 43 
cell-0-6-1 268 571 44 43 
cell-0-6-2 312 571 44 43 
cell-0-6-3 356 571 44 43 
cell-0-6-4 400 571 44 43 
cell-0-6-5 444 571 44 43 
cell-0-6-6 488 571 450 43 
cell-0-7-0 224 621 44 43 
cell-0-7-1 268 621 44 43 
cell-0-7-2 312 621 44 43 
cell-0-7-3 356 621 44 43 
cell-0-7-4 400 621 44 43 
cell-0-7-5 444 621 44 43 
cell-0-7-6 488 621 450 43 
cell-0-8-0 224 671 44 43 
cell-0-8-1 268 671 44 43 
cell-0-8-2 312 671 44 43 
cell-0-8-3 356 671 44 43 
cell-0-8-4 400 671 44 43 
cell-0-8-5 444 671 44 43 
cell-0-8-6 488 671 450 43 
cell-0-9-0 224 721 44 43 
cell-0-9-1 268 721 44 43 
cell-0-9-2 312 721 44 43 
cell-0-9-3 356 721 44 43 
cell-0-9-4 400 721 44 43 
cell-0-9-5 444 721 44 43 
cell-0-9-6 488 721 450 43 
cell-0-10-0 224 771 44 43 
cell-0-10-1 268 771 44 43 
cell-0-10-2 312 771 44 43 
cell-0-10-3 356 771 44 43 
cell-0-10-4 400 771 44 43 
cell-0-10-5 444 771 44 43 
cell-0-10-6 488 771 450 43 
