table-0 437 709 525 596 
cell-0-0-0 437 709 44 42 
cell-0-0-1 481 709 44 42 
cell-0-0-2 525 709 44 42 
cell-0-0-3 569 709 44 42 
cell-0-0-4 613 709 347 42 
cell-0-1-0 437 755 44 42 
cell-0-1-1 481 755 44 42 
cell-0-1-2 525 755 44 42 
cell-0-1-3 569 755 44 42 
cell-0-1-4 613 755 347 42 
cell-0-2-0 437 801 44 42 
cell-0-2-1 481 801 44 42 
cell-0-2-2 525 801 44 42 
cell-0-2-3 569 801 44 42 
cell-0-2-4 613 801 347 42 
cell-0-3-0 437 847 44 42 
cell-0-3-1 481 847 44 42 
cell-0-3-2 525 847 44 42 
cell-0-3-3 569 847 44 42 
cell-0-3-4 613 847 347 42 
cell-0-4-0 437 893 44 42 
cell-0-4-1 481 893 44 42 
cell-0-4-2 525 893 44 42 
cell-0-4-3 569 893 44 42 
cell-0-4-4 613 893 347 42 
cell-0-5-0 437 939 44 42 
cell-0-5-1 481 939 44 42 
cell-0-5-2 525 939 44 42 
cell-0-5-3 569 939 44 42 
cell-0-5-4 613 939 347 42 
cell-0-6-0 437 985 44 42 
cell-0-6-1 481 985 44 42 
cell-0-6-2 525 985 44 42 
cell-0-6-3 569 985 44 42 
cell-0-6-4 613 985 347 42 
cell-0-7-0 437 1031 44 42 
cell-0-7-1 481 1031 44 42 
cell-0-7-2 525 1031 44 42 
cell-0-7-3 569 1031 44 42 
cell-0-7-4 613 1031 347 42 
cell-0-8-0 437 1077 44 42 
cell-0-8-1 481 1077 44 42 
cell-0-8-2 525 1077 44 42 
cell-0-8-3 569 1077 44 42 
cell-0-8-4 613 1077 347 42 
cell-0-9-0 437 1123 44 42 
cell-0-9-1 481 1123 44 42 
cell-0-9-2 525 1123 44 42 
cell-0-9-3 569 1123 44 42 
cell-0-9-4 613 1123 347 42 
cell-0-10-0 437 1169 44 42 
cell-0-10-1 481 1169 44 42 
cell-0-10-2 525 1169 44 42 
cell-0-10-3 569 1169 44 42 
cell-0-10-4 613 1169 347 42 
cell-0-11-0 437 1215 44 42 
cell-0-11-1 481 1215 44 42 
cell-0-11-2 525 1215 44 42 
cell-0-11-3 569 1215 44 42 
cell-0-11-4 613 1215 347 42 
cell-0-12-0 437 1261 44 42 
cell-0-12-1 481 1261 44 42 
cell-0-12-2 525 1261 44 42 
cell-0-12-3 569 1261 44 42 
cell-0-12-4 613 1261 347 42 
