header-0 237 169 753 193 
row-1-1 237 169 304 40 
row-1-2 561 169 271 40 
row-2-1 237 219 304 40 
row-2-2 561 219 425 40 
row-3-1 237 269 568 40 
row-4-1 237 319 700 40 
table-3 256 664 178 427 
cell-3-0-0 256 664 44 35 
cell-3-0-1 300 664 44 35 
cell-3-0-2 344 664 44 35 
cell-3-0-3 388 664 44 35 
cell-3-1-0 256 703 44 35 
cell-3-1-1 300 703 44 35 
cell-3-1-2 344 703 44 35 
cell-3-1-3 388 703 44 35 
cell-3-2-0 256 742 44 35 
cell-3-2-1 300 742 44 35 
cell-3-2-2 344 742 44 35 
cell-3-2-3 388 742 44 35 
cell-3-3-0 256 781 44 35 
cell-3-3-1 300 781 44 35 
cell-3-3-2 344 781 44 35 
cell-3-3-3 388 781 44 35 
cell-3-4-0 256 820 44 35 
cell-3-4-1 300 820 44 35 
cell-3-4-2 344 820 44 35 
cell-3-4-3 388 820 44 35 
cell-3-5-0 256 859 44 35 
cell-3-5-1 300 859 44 35 
cell-3-5-2 344 859 44 35 
cell-3-5-3 388 859 44 35 
cell-3-6-0 256 898 44 35 
cell-3-6-1 300 898 44 35 
cell-3-6-2 344 898 44 35 
cell-3-6-3 388 898 44 35 
cell-3-7-0 256 937 44 35 
cell-3-7-1 300 937 44 35 
cell-3-7-2 344 937 44 35 
cell-3-7-3 388 937 44 35 
cell-3-8-0 256 976 44 35 
cell-3-8-1 300 976 44 35 
cell-3-8-2 344 976 44 35 
cell-3-8-3 388 976 44 35 
cell-3-9-0 256 1015 44 35 
cell-3-9-1 300 1015 44 35 
cell-3-9-2 344 1015 44 35 
cell-3-9-3 388 1015 44 35 
cell-3-10-0 256 1054 44 35 
cell-3-10-1 300 1054 44 35 
cell-3-10-2 344 1054 44 35 
cell-3-10-3 388 1054 44 35 
