table-0 573 977 407 320 
cell-0-1-0 573 977 38 35 
cell-0-1-1 614 977 38 35 
cell-0-1-2 655 977 38 35 
cell-0-1-3 696 977 38 35 
cell-0-1-4 737 977 38 35 
cell-0-1-5 778 977 38 35 
cell-0-1-6 819 977 38 35 
cell-0-1-7 860 977 38 35 
cell-0-1-8 901 977 38 35 
cell-0-1-9 942 977 38 35 
cell-0-2-0 573 1024 38 35 
cell-0-2-1 614 1024 38 35 
cell-0-2-2 655 1024 38 35 
cell-0-2-3 696 1024 38 35 
cell-0-2-4 737 1024 38 35 
cell-0-2-5 778 1024 38 35 
cell-0-2-6 819 1024 38 35 
cell-0-2-7 860 1024 38 35 
cell-0-2-8 901 1024 38 35 
cell-0-2-9 942 1024 38 35 
cell-0-3-0 573 1071 38 35 
cell-0-3-1 614 1071 38 35 
cell-0-3-2 655 1071 38 35 
cell-0-3-3 696 1071 38 35 
cell-0-3-4 737 1071 38 35 
cell-0-3-5 778 1071 38 35 
cell-0-3-6 819 1071 38 35 
cell-0-3-7 860 1071 38 35 
cell-0-3-8 901 1071 38 35 
cell-0-3-9 942 1071 38 35 
cell-0-4-0 573 1118 38 35 
cell-0-4-1 614 1118 38 35 
cell-0-4-2 655 1118 38 35 
cell-0-4-3 696 1118 38 35 
cell-0-4-4 737 1118 38 35 
cell-0-4-5 778 1118 38 35 
cell-0-4-6 819 1118 38 35 
cell-0-4-7 860 1118 38 35 
cell-0-4-8 901 1118 38 35 
cell-0-4-9 942 1118 38 35 
cell-0-5-0 573 1165 38 35 
cell-0-5-1 614 1165 38 35 
cell-0-5-2 655 1165 38 35 
cell-0-5-3 696 1165 38 35 
cell-0-5-4 737 1165 38 35 
cell-0-5-5 778 1165 38 35 
cell-0-5-6 819 1165 38 35 
cell-0-5-7 860 1165 38 35 
cell-0-5-8 901 1165 38 35 
cell-0-5-9 942 1165 38 35 
cell-0-6-0 573 1212 38 35 
cell-0-6-1 614 1212 38 35 
cell-0-6-2 655 1212 38 35 
cell-0-6-3 696 1212 38 35 
cell-0-6-4 737 1212 38 35 
cell-0-6-5 778 1212 38 35 
cell-0-6-6 819 1212 38 35 
cell-0-6-7 860 1212 38 35 
cell-0-6-8 901 1212 38 35 
cell-0-6-9 942 1212 38 35 
cell-0-7-0 573 1259 38 35 
cell-0-7-1 614 1259 38 35 
cell-0-7-2 655 1259 38 35 
cell-0-7-3 696 1259 38 35 
cell-0-7-4 737 1259 38 35 
cell-0-7-5 778 1259 38 35 
cell-0-7-6 819 1259 38 35 
cell-0-7-7 860 1259 38 35 
cell-0-7-8 901 1259 38 35 
cell-0-7-9 942 1259 38 35 
table-2 268 289 216 552 
cell-2-0-0 268 289 43 35 
cell-2-0-1 311 289 43 35 
cell-2-0-2 354 289 43 35 
cell-2-0-3 397 289 43 35 
cell-2-0-4 440 289 43 35 
cell-2-1-0 268 332 43 35 
cell-2-1-1 311 332 43 35 
cell-2-1-2 354 332 43 35 
cell-2-1-3 397 332 43 35 
cell-2-1-4 440 332 43 35 
cell-2-2-0 268 375 43 35 
cell-2-2-1 311 375 43 35 
cell-2-2-2 354 375 43 35 
cell-2-2-3 397 375 43 35 
cell-2-2-4 440 375 43 35 
cell-2-3-0 268 418 43 35 
cell-2-3-1 311 418 43 35 
cell-2-3-2 354 418 43 35 
cell-2-3-3 397 418 43 35 
cell-2-3-4 440 418 43 35 
cell-2-4-0 268 461 43 35 
cell-2-4-1 311 461 43 35 
cell-2-4-2 354 461 43 35 
cell-2-4-3 397 461 43 35 
cell-2-4-4 440 461 43 35 
cell-2-5-0 268 504 43 35 
cell-2-5-1 311 504 43 35 
cell-2-5-2 354 504 43 35 
cell-2-5-3 397 504 43 35 
cell-2-5-4 440 504 43 35 
cell-2-6-0 268 547 43 35 
cell-2-6-1 311 547 43 35 
cell-2-6-2 354 547 43 35 
cell-2-6-3 397 547 43 35 
cell-2-6-4 440 547 43 35 
cell-2-7-0 268 590 43 35 
cell-2-7-1 311 590 43 35 
cell-2-7-2 354 590 43 35 
cell-2-7-3 397 590 43 35 
cell-2-7-4 440 590 43 35 
cell-2-8-0 268 633 43 35 
cell-2-8-1 311 633 43 35 
cell-2-8-2 354 633 43 35 
cell-2-8-3 397 633 43 35 
cell-2-8-4 440 633 43 35 
cell-2-9-0 268 676 43 35 
cell-2-9-1 311 676 43 35 
cell-2-9-2 354 676 43 35 
cell-2-9-3 397 676 43 35 
cell-2-9-4 440 676 43 35 
cell-2-10-0 268 719 43 35 
cell-2-10-1 311 719 43 35 
cell-2-10-2 354 719 43 35 
cell-2-10-3 397 719 43 35 
cell-2-10-4 440 719 43 35 
cell-2-11-0 268 762 43 35 
cell-2-11-1 311 762 43 35 
cell-2-11-2 354 762 43 35 
cell-2-11-3 397 762 43 35 
cell-2-11-4 440 762 43 35 
cell-2-12-0 268 805 43 35 
cell-2-12-1 311 805 43 35 
cell-2-12-2 354 805 43 35 
cell-2-12-3 397 805 43 35 
cell-2-12-4 440 805 43 35 
