table-0 201 432 600 507 
cell-0-0-0 201 432 75 48 
cell-0-0-1 276 432 75 48 
cell-0-0-2 351 432 75 48 
cell-0-0-3 426 432 75 48 
cell-0-0-4 501 432 75 48 
cell-0-0-5 576 432 75 48 
cell-0-0-6 651 432 75 48 
cell-0-0-7 726 432 75 48 
cell-0-1-0 201 489 75 48 
cell-0-1-1 276 489 75 48 
cell-0-1-2 351 489 75 48 
cell-0-1-3 426 489 75 48 
cell-0-1-4 501 489 75 48 
cell-0-1-5 576 489 75 48 
cell-0-1-6 651 489 75 48 
cell-0-1-7 726 489 75 48 
cell-0-2-0 201 546 75 48 
cell-0-2-1 276 546 75 48 
cell-0-2-2 351 546 75 48 
cell-0-2-3 426 546 75 48 
cell-0-2-4 501 546 75 48 
cell-0-2-5 576 546 75 48 
cell-0-2-6 651 546 75 48 
cell-0-2-7 726 546 75 48 
cell-0-3-0 201 603 75 48 
cell-0-3-1 276 603 75 48 
cell-0-3-2 351 603 75 48 
cell-0-3-3 426 603 75 48 
cell-0-3-4 501 603 75 48 
cell-0-3-5 576 603 75 48 
cell-0-3-6 651 603 75 48 
cell-0-3-7 726 603 75 48 
cell-0-4-0 201 660 75 48 
cell-0-4-1 276 660 75 48 
cell-0-4-2 351 660 75 48 
cell-0-4-3 426 660 75 48 
cell-0-4-4 501 660 75 48 
cell-0-4-5 576 660 75 48 
cell-0-4-6 651 660 75 48 
cell-0-4-7 726 660 75 48 
cell-0-5-0 201 717 75 48 
cell-0-5-1 276 717 75 48 
cell-0-5-2 351 717 75 48 
cell-0-5-3 426 717 75 48 
cell-0-5-4 501 717 75 48 
cell-0-5-5 576 717 75 48 
cell-0-5-6 651 717 75 48 
cell-0-5-7 726 717 75 48 
cell-0-6-0 201 774 75 48 
cell-0-6-1 276 774 75 48 
cell-0-6-2 351 774 75 48 
cell-0-6-3 426 774 75 48 
cell-0-6-4 501 774 75 48 
cell-0-6-5 576 774 75 48 
cell-0-6-6 651 774 75 48 
cell-0-6-7 726 774 75 48 
cell-0-7-0 201 831 75 48 
cell-0-7-1 276 831 75 48 
cell-0-7-2 351 831 75 48 
cell-0-7-3 426 831 75 48 
cell-0-7-4 501 831 75 48 
cell-0-7-5 576 831 75 48 
cell-0-7-6 651 831 75 48 
cell-0-7-7 726 831 75 48 
cell-0-8-0 201 888 75 48 
cell-0-8-1 276 888 75 48 
cell-0-8-2 351 888 75 48 
cell-0-8-3 426 888 75 48 
cell-0-8-4 501 888 75 48 
cell-0-8-5 576 888 75 48 
cell-0-8-6 651 888 75 48 
cell-0-8-7 726 888 75 48 
header-1 119 1186 918 193 
row-1-1 119 1186 375 40 
row-1-2 514 1186 276 40 
row-2-1 119 1236 408 40 
row-2-2 547 1236 488 40 
row-3-1 119 1286 639 40 
row-4-1 119 1336 738 40 
