header-0 229 499 814 193 
row-1-1 229 499 365 40 
row-1-2 614 499 299 40 
row-2-1 229 549 332 40 
row-2-2 581 549 455 40 
row-3-1 229 599 695 40 
row-4-1 229 649 662 40 
table-1 308 832 738 379 
cell-1-1-0 308 832 36 35 
cell-1-1-1 347 832 36 35 
cell-1-1-2 386 832 36 35 
cell-1-1-3 425 832 36 35 
cell-1-1-4 464 832 36 35 
cell-1-1-5 503 832 36 35 
cell-1-1-6 542 832 36 35 
cell-1-1-7 581 832 36 35 
cell-1-1-8 620 832 36 35 
cell-1-1-9 659 832 36 35 
cell-1-1-10 698 832 36 35 
cell-1-1-11 737 832 36 35 
cell-1-1-12 776 832 36 35 
cell-1-1-13 815 832 36 35 
cell-1-1-14 854 832 36 35 
cell-1-1-15 893 832 36 35 
cell-1-1-16 932 832 36 35 
cell-1-1-17 971 832 36 35 
cell-1-1-18 1010 832 36 35 
cell-1-2-0 308 889 36 35 
cell-1-2-1 347 889 36 35 
cell-1-2-2 386 889 36 35 
cell-1-2-3 425 889 36 35 
cell-1-2-4 464 889 36 35 
cell-1-2-5 503 889 36 35 
cell-1-2-6 542 889 36 35 
cell-1-2-7 581 889 36 35 
cell-1-2-8 620 889 36 35 
cell-1-2-9 659 889 36 35 
cell-1-2-10 698 889 36 35 
cell-1-2-11 737 889 36 35 
cell-1-2-12 776 889 36 35 
cell-1-2-13 815 889 36 35 
cell-1-2-14 854 889 36 35 
cell-1-2-15 893 889 36 35 
cell-1-2-16 932 889 36 35 
cell-1-2-17 971 889 36 35 
cell-1-2-18 1010 889 36 35 
cell-1-3-0 308 946 36 35 
cell-1-3-1 347 946 36 35 
cell-1-3-2 386 946 36 35 
cell-1-3-3 425 946 36 35 
cell-1-3-4 464 946 36 35 
cell-1-3-5 503 946 36 35 
cell-1-3-6 542 946 36 35 
cell-1-3-7 581 946 36 35 
cell-1-3-8 620 946 36 35 
cell-1-3-9 659 946 36 35 
cell-1-3-10 698 946 36 35 
cell-1-3-11 737 946 36 35 
cell-1-3-12 776 946 36 35 
cell-1-3-13 815 946 36 35 
cell-1-3-14 854 946 36 35 
cell-1-3-15 893 946 36 35 
cell-1-3-16 932 946 36 35 
cell-1-3-17 971 946 36 35 
cell-1-3-18 1010 946 36 35 
cell-1-4-0 308 1003 36 35 
cell-1-4-1 347 1003 36 35 
cell-1-4-2 386 1003 36 35 
cell-1-4-3 425 1003 36 35 
cell-1-4-4 464 1003 36 35 
cell-1-4-5 503 1003 36 35 
cell-1-4-6 542 1003 36 35 
cell-1-4-7 581 1003 36 35 
cell-1-4-8 620 1003 36 35 
cell-1-4-9 659 1003 36 35 
cell-1-4-10 698 1003 36 35 
cell-1-4-11 737 1003 36 35 
cell-1-4-12 776 1003 36 35 
cell-1-4-13 815 1003 36 35 
cell-1-4-14 854 1003 36 35 
cell-1-4-15 893 1003 36 35 
cell-1-4-16 932 1003 36 35 
cell-1-4-17 971 1003 36 35 
cell-1-4-18 1010 1003 36 35 
cell-1-5-0 308 1060 36 35 
cell-1-5-1 347 1060 36 35 
cell-1-5-2 386 1060 36 35 
cell-1-5-3 425 1060 36 35 
cell-1-5-4 464 1060 36 35 
cell-1-5-5 503 1060 36 35 
cell-1-5-6 542 1060 36 35 
cell-1-5-7 581 1060 36 35 
cell-1-5-8 620 1060 36 35 
cell-1-5-9 659 1060 36 35 
cell-1-5-10 698 1060 36 35 
cell-1-5-11 737 1060 36 35 
cell-1-5-12 776 1060 36 35 
cell-1-5-13 815 1060 36 35 
cell-1-5-14 854 1060 36 35 
cell-1-5-15 893 1060 36 35 
cell-1-5-16 932 1060 36 35 
cell-1-5-17 971 1060 36 35 
cell-1-5-18 1010 1060 36 35 
cell-1-6-0 308 1117 36 35 
cell-1-6-1 347 1117 36 35 
cell-1-6-2 386 1117 36 35 
cell-1-6-3 425 1117 36 35 
cell-1-6-4 464 1117 36 35 
cell-1-6-5 503 1117 36 35 
cell-1-6-6 542 1117 36 35 
cell-1-6-7 581 1117 36 35 
cell-1-6-8 620 1117 36 35 
cell-1-6-9 659 1117 36 35 
cell-1-6-10 698 1117 36 35 
cell-1-6-11 737 1117 36 35 
cell-1-6-12 776 1117 36 35 
cell-1-6-13 815 1117 36 35 
cell-1-6-14 854 1117 36 35 
cell-1-6-15 893 1117 36 35 
cell-1-6-16 932 1117 36 35 
cell-1-6-17 971 1117 36 35 
cell-1-6-18 1010 1117 36 35 
cell-1-7-0 308 1174 36 35 
cell-1-7-1 347 1174 36 35 
cell-1-7-2 386 1174 36 35 
cell-1-7-3 425 1174 36 35 
cell-1-7-4 464 1174 36 35 
cell-1-7-5 503 1174 36 35 
cell-1-7-6 542 1174 36 35 
cell-1-7-7 581 1174 36 35 
cell-1-7-8 620 1174 36 35 
cell-1-7-9 659 1174 36 35 
cell-1-7-10 698 1174 36 35 
cell-1-7-11 737 1174 36 35 
cell-1-7-12 776 1174 36 35 
cell-1-7-13 815 1174 36 35 
cell-1-7-14 854 1174 36 35 
cell-1-7-15 893 1174 36 35 
cell-1-7-16 932 1174 36 35 
cell-1-7-17 971 1174 36 35 
cell-1-7-18 1010 1174 36 35 
