table-0 823 693 216 456 
cell-0-0-0 823 693 43 35 
cell-0-0-1 866 693 43 35 
cell-0-0-2 909 693 43 35 
cell-0-0-3 952 693 43 35 
cell-0-0-4 995 693 43 35 
cell-0-1-0 823 735 43 35 
cell-0-1-1 866 735 43 35 
cell-0-1-2 909 735 43 35 
cell-0-1-3 952 735 43 35 
cell-0-1-4 995 735 43 35 
cell-0-2-0 823 777 43 35 
cell-0-2-1 866 777 43 35 
cell-0-2-2 909 777 43 35 
cell-0-2-3 952 777 43 35 
cell-0-2-4 995 777 43 35 
cell-0-3-0 823 819 43 35 
cell-0-3-1 866 819 43 35 
cell-0-3-2 909 819 43 35 
cell-0-3-3 952 819 43 35 
cell-0-3-4 995 819 43 35 
cell-0-4-0 823 861 43 35 
cell-0-4-1 866 861 43 35 
cell-0-4-2 909 861 43 35 
cell-0-4-3 952 861 43 35 
cell-0-4-4 995 861 43 35 
cell-0-5-0 823 903 43 35 
cell-0-5-1 866 903 43 35 
cell-0-5-2 909 903 43 35 
cell-0-5-3 952 903 43 35 
cell-0-5-4 995 903 43 35 
cell-0-6-0 823 945 43 35 
cell-0-6-1 866 945 43 35 
cell-0-6-2 909 945 43 35 
cell-0-6-3 952 945 43 35 
cell-0-6-4 995 945 43 35 
cell-0-7-0 823 987 43 35 
cell-0-7-1 866 987 43 35 
cell-0-7-2 909 987 43 35 
cell-0-7-3 952 987 43 35 
cell-0-7-4 995 987 43 35 
cell-0-8-0 823 1029 43 35 
cell-0-8-1 866 1029 43 35 
cell-0-8-2 909 1029 43 35 
cell-0-8-3 952 1029 43 35 
cell-0-8-4 995 1029 43 35 
cell-0-9-0 823 1071 43 35 
cell-0-9-1 866 1071 43 35 
cell-0-9-2 909 1071 43 35 
cell-0-9-3 952 1071 43 35 
cell-0-9-4 995 1071 43 35 
cell-0-10-0 823 1113 43 35 
cell-0-10-1 866 1113 43 35 
cell-0-10-2 909 1113 43 35 
cell-0-10-3 952 1113 43 35 
cell-0-10-4 995 1113 43 35 
table-1 468 93 216 351 
cell-1-0-0 468 93 43 35 
cell-1-0-1 511 93 43 35 
cell-1-0-2 554 93 43 35 
cell-1-0-3 597 93 43 35 
cell-1-0-4 640 93 43 35 
cell-1-1-0 468 128 43 35 
cell-1-1-1 511 128 43 35 
cell-1-1-2 554 128 43 35 
cell-1-1-3 597 128 43 35 
cell-1-1-4 640 128 43 35 
cell-1-2-0 468 163 43 35 
cell-1-2-1 511 163 43 35 
cell-1-2-2 554 163 43 35 
cell-1-2-3 597 163 43 35 
cell-1-2-4 640 163 43 35 
cell-1-3-0 468 198 43 35 
cell-1-3-1 511 198 43 35 
cell-1-3-2 554 198 43 35 
cell-1-3-3 597 198 43 35 
cell-1-3-4 640 198 43 35 
cell-1-4-0 468 233 43 35 
cell-1-4-1 511 233 43 35 
cell-1-4-2 554 233 43 35 
cell-1-4-3 597 233 43 35 
cell-1-4-4 640 233 43 35 
cell-1-5-0 468 268 43 35 
cell-1-5-1 511 268 43 35 
cell-1-5-2 554 268 43 35 
cell-1-5-3 597 268 43 35 
cell-1-5-4 640 268 43 35 
cell-1-6-0 468 303 43 35 
cell-1-6-1 511 303 43 35 
cell-1-6-2 554 303 43 35 
cell-1-6-3 597 303 43 35 
cell-1-6-4 640 303 43 35 
cell-1-7-0 468 338 43 35 
cell-1-7-1 511 338 43 35 
cell-1-7-2 554 338 43 35 
cell-1-7-3 597 338 43 35 
cell-1-7-4 640 338 43 35 
cell-1-8-0 468 373 43 35 
cell-1-8-1 511 373 43 35 
cell-1-8-2 554 373 43 35 
cell-1-8-3 597 373 43 35 
cell-1-8-4 640 373 43 35 
cell-1-9-0 468 408 43 35 
cell-1-9-1 511 408 43 35 
cell-1-9-2 554 408 43 35 
cell-1-9-3 597 408 43 35 
cell-1-9-4 640 408 43 35 
