table-0 321 772 700 264 
cell-0-0-0 321 772 100 51 
cell-0-0-1 421 772 100 51 
cell-0-0-2 521 772 100 51 
cell-0-0-3 621 772 100 51 
cell-0-0-4 721 772 100 51 
cell-0-0-5 821 772 100 51 
cell-0-0-6 921 772 100 51 
cell-0-1-0 321 825 100 51 
cell-0-1-1 421 825 100 51 
cell-0-1-2 521 825 100 51 
cell-0-1-3 621 825 100 51 
cell-0-1-4 721 825 100 51 
cell-0-1-5 821 825 100 51 
cell-0-1-6 921 825 100 51 
cell-0-2-0 321 878 100 51 
cell-0-2-1 421 878 100 51 
cell-0-2-2 521 878 100 51 
cell-0-2-3 621 878 100 51 
cell-0-2-4 721 878 100 51 
cell-0-2-5 821 878 100 51 
cell-0-2-6 921 878 100 51 
cell-0-3-0 321 931 100 51 
cell-0-3-1 421 931 100 51 
cell-0-3-2 521 931 100 51 
cell-0-3-3 621 931 100 51 
cell-0-3-4 721 931 100 51 
cell-0-3-5 821 931 100 51 
cell-0-3-6 921 931 100 51 
cell-0-4-0 321 984 100 51 
cell-0-4-1 421 984 100 51 
cell-0-4-2 521 984 100 51 
cell-0-4-3 621 984 100 51 
cell-0-4-4 721 984 100 51 
cell-0-4-5 821 984 100 51 
cell-0-4-6 921 984 100 51 
header-1 156 148 885 193 
row-1-1 156 148 277 40 
row-1-2 453 148 343 40 
row-2-1 156 198 409 40 
row-2-2 585 198 455 40 
row-3-1 156 248 574 40 
row-4-1 156 298 772 40 
