table-0 350 1046 600 391 
cell-0-0-0 350 1046 75 39 
cell-0-0-1 425 1046 75 39 
cell-0-0-2 500 1046 75 39 
cell-0-0-3 575 1046 75 39 
cell-0-0-4 650 1046 75 39 
cell-0-0-5 725 1046 75 39 
cell-0-0-6 800 1046 75 39 
cell-0-0-7 875 1046 75 39 
cell-0-1-0 350 1085 75 39 
cell-0-1-1 425 1085 75 39 
cell-0-1-2 500 1085 75 39 
cell-0-1-3 575 1085 75 39 
cell-0-1-4 650 1085 75 39 
cell-0-1-5 725 1085 75 39 
cell-0-1-6 800 1085 75 39 
cell-0-1-7 875 1085 75 39 
cell-0-2-0 350 1124 75 39 
cell-0-2-1 425 1124 75 39 
cell-0-2-2 500 1124 75 39 
cell-0-2-3 575 1124 75 39 
cell-0-2-4 650 1124 75 39 
cell-0-2-5 725 1124 75 39 
cell-0-2-6 800 1124 75 39 
cell-0-2-7 875 1124 75 39 
cell-0-3-0 350 1163 75 39 
cell-0-3-1 425 1163 75 39 
cell-0-3-2 500 1163 75 39 
cell-0-3-3 575 1163 75 39 
cell-0-3-4 650 1163 75 39 
cell-0-3-5 725 1163 75 39 
cell-0-3-6 800 1163 75 39 
cell-0-3-7 875 1163 75 39 
cell-0-4-0 350 1202 75 39 
cell-0-4-1 425 1202 75 39 
cell-0-4-2 500 1202 75 39 
cell-0-4-3 575 1202 75 39 
cell-0-4-4 650 1202 75 39 
cell-0-4-5 725 1202 75 39 
cell-0-4-6 800 1202 75 39 
cell-0-4-7 875 1202 75 39 
cell-0-5-0 350 1241 75 39 
cell-0-5-1 425 1241 75 39 
cell-0-5-2 500 1241 75 39 
cell-0-5-3 575 1241 75 39 
cell-0-5-4 650 1241 75 39 
cell-0-5-5 725 1241 75 39 
cell-0-5-6 800 1241 75 39 
cell-0-5-7 875 1241 75 39 
cell-0-6-0 350 1280 75 39 
cell-0-6-1 425 1280 75 39 
cell-0-6-2 500 1280 75 39 
cell-0-6-3 575 1280 75 39 
cell-0-6-4 650 1280 75 39 
cell-0-6-5 725 1280 75 39 
cell-0-6-6 800 1280 75 39 
cell-0-6-7 875 1280 75 39 
cell-0-7-0 350 1319 75 39 
cell-0-7-1 425 1319 75 39 
cell-0-7-2 500 1319 75 39 
cell-0-7-3 575 1319 75 39 
cell-0-7-4 650 1319 75 39 
cell-0-7-5 725 1319 75 39 
cell-0-7-6 800 1319 75 39 
cell-0-7-7 875 1319 75 39 
cell-0-8-0 350 1358 75 39 
cell-0-8-1 425 1358 75 39 
cell-0-8-2 500 1358 75 39 
cell-0-8-3 575 1358 75 39 
cell-0-8-4 650 1358 75 39 
cell-0-8-5 725 1358 75 39 
cell-0-8-6 800 1358 75 39 
cell-0-8-7 875 1358 75 39 
cell-0-9-0 350 1397 75 39 
cell-0-9-1 425 1397 75 39 
cell-0-9-2 500 1397 75 39 
cell-0-9-3 575 1397 75 39 
cell-0-9-4 650 1397 75 39 
cell-0-9-5 725 1397 75 39 
cell-0-9-6 800 1397 75 39 
cell-0-9-7 875 1397 75 39 
table-4 750 311 178 637 
cell-4-0-0 750 311 44 35 
cell-4-0-1 794 311 44 35 
cell-4-0-2 838 311 44 35 
cell-4-0-3 882 311 44 35 
cell-4-1-0 750 361 44 35 
cell-4-1-1 794 361 44 35 
cell-4-1-2 838 361 44 35 
cell-4-1-3 882 361 44 35 
cell-4-2-0 750 411 44 35 
cell-4-2-1 794 411 44 35 
cell-4-2-2 838 411 44 35 
cell-4-2-3 882 411 44 35 
cell-4-3-0 750 461 44 35 
cell-4-3-1 794 461 44 35 
cell-4-3-2 838 461 44 35 
cell-4-3-3 882 461 44 35 
cell-4-4-0 750 511 44 35 
cell-4-4-1 794 511 44 35 
cell-4-4-2 838 511 44 35 
cell-4-4-3 882 511 44 35 
cell-4-5-0 750 561 44 35 
cell-4-5-1 794 561 44 35 
cell-4-5-2 838 561 44 35 
cell-4-5-3 882 561 44 35 
cell-4-6-0 750 611 44 35 
cell-4-6-1 794 611 44 35 
cell-4-6-2 838 611 44 35 
cell-4-6-3 882 611 44 35 
cell-4-7-0 750 661 44 35 
cell-4-7-1 794 661 44 35 
cell-4-7-2 838 661 44 35 
cell-4-7-3 882 661 44 35 
cell-4-8-0 750 711 44 35 
cell-4-8-1 794 711 44 35 
cell-4-8-2 838 711 44 35 
cell-4-8-3 882 711 44 35 
cell-4-9-0 750 761 44 35 
cell-4-9-1 794 761 44 35 
cell-4-9-2 838 761 44 35 
cell-4-9-3 882 761 44 35 
cell-4-10-0 750 811 44 35 
cell-4-10-1 794 811 44 35 
cell-4-10-2 838 811 44 35 
cell-4-10-3 882 811 44 35 
cell-4-11-0 750 861 44 35 
cell-4-11-1 794 861 44 35 
cell-4-11-2 838 861 44 35 
cell-4-11-3 882 861 44 35 
cell-4-12-0 750 911 44 35 
cell-4-12-1 794 911 44 35 
cell-4-12-2 838 911 44 35 
cell-4-12-3 882 911 44 35 
