table-0 129 529 665 634 
cell-0-0-0 129 529 44 43 
cell-0-0-1 173 529 44 43 
cell-0-0-2 217 529 44 43 
cell-0-0-3 261 529 44 43 
cell-0-0-4 305 529 44 43 
cell-0-0-5 349 529 441 43 
cell-0-1-0 129 578 44 43 
cell-0-1-1 173 578 44 43 
cell-0-1-2 217 578 44 43 
cell-0-1-3 261 578 44 43 
cell-0-1-4 305 578 44 43 
cell-0-1-5 349 578 441 43 
cell-0-2-0 129 627 44 43 
cell-0-2-1 173 627 44 43 
cell-0-2-2 217 627 44 43 
cell-0-2-3 261 627 44 43 
cell-0-2-4 305 627 44 43 
cell-0-2-5 349 627 441 43 
cell-0-3-0 129 676 44 43 
cell-0-3-1 173 676 44 43 
cell-0-3-2 217 676 44 43 
cell-0-3-3 261 676 44 43 
cell-0-3-4 305 676 44 43 
cell-0-3-5 349 676 441 43 
cell-0-4-0 129 725 44 43 
cell-0-4-1 173 725 44 43 
cell-0-4-2 217 725 44 43 
cell-0-4-3 261 725 44 43 
cell-0-4-4 305 725 44 43 
cell-0-4-5 349 725 441 43 
cell-0-5-0 129 774 44 43 
cell-0-5-1 173 774 44 43 
cell-0-5-2 217 774 44 43 
cell-0-5-3 261 774 44 43 
cell-0-5-4 305 774 44 43 
cell-0-5-5 349 774 441 43 
cell-0-6-0 129 823 44 43 
cell-0-6-1 173 823 44 43 
cell-0-6-2 217 823 44 43 
cell-0-6-3 261 823 44 43 
cell-0-6-4 305 823 44 43 
cell-0-6-5 349 823 441 43 
cell-0-7-0 129 872 44 43 
cell-0-7-1 173 872 44 43 
cell-0-7-2 217 872 44 43 
cell-0-7-3 261 872 44 43 
cell-0-7-4 305 872 44 43 
cell-0-7-5 349 872 441 43 
cell-0-8-0 129 921 44 43 
cell-0-8-1 173 921 44 43 
cell-0-8-2 217 921 44 43 
cell-0-8-3 261 921 44 43 
cell-0-8-4 305 921 44 43 
cell-0-8-5 349 921 441 43 
cell-0-9-0 129 970 44 43 
cell-0-9-1 173 970 44 43 
cell-0-9-2 217 970 44 43 
cell-0-9-3 261 970 44 43 
cell-0-9-4 305 970 44 43 
cell-0-9-5 349 970 441 43 
cell-0-10-0 129 1019 44 43 
cell-0-10-1 173 1019 44 43 
cell-0-10-2 217 1019 44 43 
cell-0-10-3 261 1019 44 43 
cell-0-10-4 305 1019 44 43 
cell-0-10-5 349 1019 441 43 
cell-0-11-0 129 1068 44 43 
cell-0-11-1 173 1068 44 43 
cell-0-11-2 217 1068 44 43 
cell-0-11-3 261 1068 44 43 
cell-0-11-4 305 1068 44 43 
cell-0-11-5 349 1068 441 43 
cell-0-12-0 129 1117 44 43 
cell-0-12-1 173 1117 44 43 
cell-0-12-2 217 1117 44 43 
cell-0-12-3 261 1117 44 43 
cell-0-12-4 305 1117 44 43 
cell-0-12-5 349 1117 441 43 
