table-0 339 722 675 714 
cell-0-0-0 339 722 43 41 
cell-0-0-1 382 722 43 41 
cell-0-0-2 425 722 43 41 
cell-0-0-3 468 722 43 41 
cell-0-0-4 511 722 43 41 
cell-0-0-5 554 722 459 41 
cell-0-1-0 339 770 43 41 
cell-0-1-1 382 770 43 41 
cell-0-1-2 425 770 43 41 
cell-0-1-3 468 770 43 41 
cell-0-1-4 511 770 43 41 
cell-0-1-5 554 770 459 41 
cell-0-2-0 339 818 43 41 
cell-0-2-1 382 818 43 41 
cell-0-2-2 425 818 43 41 
cell-0-2-3 468 818 43 41 
cell-0-2-4 511 818 43 41 
cell-0-2-5 554 818 459 41 
cell-0-3-0 339 866 43 41 
cell-0-3-1 382 866 43 41 
cell-0-3-2 425 866 43 41 
cell-0-3-3 468 866 43 41 
cell-0-3-4 511 866 43 41 
cell-0-3-5 554 866 459 41 
cell-0-4-0 339 914 43 41 
cell-0-4-1 382 914 43 41 
cell-0-4-2 425 914 43 41 
cell-0-4-3 468 914 43 41 
cell-0-4-4 511 914 43 41 
cell-0-4-5 554 914 459 41 
cell-0-5-0 339 962 43 41 
cell-0-5-1 382 962 43 41 
cell-0-5-2 425 962 43 41 
cell-0-5-3 468 962 43 41 
cell-0-5-4 511 962 43 41 
cell-0-5-5 554 962 459 41 
cell-0-6-0 339 1010 43 41 
cell-0-6-1 382 1010 43 41 
cell-0-6-2 425 1010 43 41 
cell-0-6-3 468 1010 43 41 
cell-0-6-4 511 1010 43 41 
cell-0-6-5 554 1010 459 41 
cell-0-7-0 339 1058 43 41 
cell-0-7-1 382 1058 43 41 
cell-0-7-2 425 1058 43 41 
cell-0-7-3 468 1058 43 41 
cell-0-7-4 511 1058 43 41 
cell-0-7-5 554 1058 459 41 
cell-0-8-0 339 1106 43 41 
cell-0-8-1 382 1106 43 41 
cell-0-8-2 425 1106 43 41 
cell-0-8-3 468 1106 43 41 
cell-0-8-4 511 1106 43 41 
cell-0-8-5 554 1106 459 41 
cell-0-9-0 339 1154 43 41 
cell-0-9-1 382 1154 43 41 
cell-0-9-2 425 1154 43 41 
cell-0-9-3 468 1154 43 41 
cell-0-9-4 511 1154 43 41 
cell-0-9-5 554 1154 459 41 
cell-0-10-0 339 1202 43 41 
cell-0-10-1 382 1202 43 41 
cell-0-10-2 425 1202 43 41 
cell-0-10-3 468 1202 43 41 
cell-0-10-4 511 1202 43 41 
cell-0-10-5 554 1202 459 41 
cell-0-11-0 339 1250 43 41 
cell-0-11-1 382 1250 43 41 
cell-0-11-2 425 1250 43 41 
cell-0-11-3 468 1250 43 41 
cell-0-11-4 511 1250 43 41 
cell-0-11-5 554 1250 459 41 
cell-0-12-0 339 1298 43 41 
cell-0-12-1 382 1298 43 41 
cell-0-12-2 425 1298 43 41 
cell-0-12-3 468 1298 43 41 
cell-0-12-4 511 1298 43 41 
cell-0-12-5 554 1298 459 41 
cell-0-13-0 339 1346 43 41 
cell-0-13-1 382 1346 43 41 
cell-0-13-2 425 1346 43 41 
cell-0-13-3 468 1346 43 41 
cell-0-13-4 511 1346 43 41 
cell-0-13-5 554 1346 459 41 
cell-0-14-0 339 1394 43 41 
cell-0-14-1 382 1394 43 41 
cell-0-14-2 425 1394 43 41 
cell-0-14-3 468 1394 43 41 
cell-0-14-4 511 1394 43 41 
cell-0-14-5 554 1394 459 41 
