table-0 253 355 716 422 
cell-0-0-0 253 355 43 42 
cell-0-0-1 296 355 43 42 
cell-0-0-2 339 355 43 42 
cell-0-0-3 382 355 43 42 
cell-0-0-4 425 355 43 42 
cell-0-0-5 468 355 43 42 
cell-0-0-6 511 355 454 42 
cell-0-1-0 253 397 43 42 
cell-0-1-1 296 397 43 42 
cell-0-1-2 339 397 43 42 
cell-0-1-3 382 397 43 42 
cell-0-1-4 425 397 43 42 
cell-0-1-5 468 397 43 42 
cell-0-1-6 511 397 454 42 
cell-0-2-0 253 439 43 42 
cell-0-2-1 296 439 43 42 
cell-0-2-2 339 439 43 42 
cell-0-2-3 382 439 43 42 
cell-0-2-4 425 439 43 42 
cell-0-2-5 468 439 43 42 
cell-0-2-6 511 439 454 42 
cell-0-3-0 253 481 43 42 
cell-0-3-1 296 481 43 42 
cell-0-3-2 339 481 43 42 
cell-0-3-3 382 481 43 42 
cell-0-3-4 425 481 43 42 
cell-0-3-5 468 481 43 42 
cell-0-3-6 511 481 454 42 
cell-0-4-0 253 523 43 42 
cell-0-4-1 296 523 43 42 
cell-0-4-2 339 523 43 42 
cell-0-4-3 382 523 43 42 
cell-0-4-4 425 523 43 42 
cell-0-4-5 468 523 43 42 
cell-0-4-6 511 523 454 42 
cell-0-5-0 253 565 43 42 
cell-0-5-1 296 565 43 42 
cell-0-5-2 339 565 43 42 
cell-0-5-3 382 565 43 42 
cell-0-5-4 425 565 43 42 
cell-0-5-5 468 565 43 42 
cell-0-5-6 511 565 454 42 
cell-0-6-0 253 607 43 42 
cell-0-6-1 296 607 43 42 
cell-0-6-2 339 607 43 42 
cell-0-6-3 382 607 43 42 
cell-0-6-4 425 607 43 42 
cell-0-6-5 468 607 43 42 
cell-0-6-6 511 607 454 42 
cell-0-7-0 253 649 43 42 
cell-0-7-1 296 649 43 42 
cell-0-7-2 339 649 43 42 
cell-0-7-3 382 649 43 42 
cell-0-7-4 425 649 43 42 
cell-0-7-5 468 649 43 42 
cell-0-7-6 511 649 454 42 
cell-0-8-0 253 691 43 42 
cell-0-8-1 296 691 43 42 
cell-0-8-2 339 691 43 42 
cell-0-8-3 382 691 43 42 
cell-0-8-4 425 691 43 42 
cell-0-8-5 468 691 43 42 
cell-0-8-6 511 691 454 42 
cell-0-9-0 253 733 43 42 
cell-0-9-1 296 733 43 42 
cell-0-9-2 339 733 43 42 
cell-0-9-3 382 733 43 42 
cell-0-9-4 425 733 43 42 
cell-0-9-5 468 733 43 42 
cell-0-9-6 511 733 454 42 
table-3 60 957 1000 336 
cell-3-0-0 60 957 166 35 
cell-3-0-1 226 957 166 35 
cell-3-0-2 392 957 166 35 
cell-3-0-3 558 957 166 35 
cell-3-0-4 724 957 166 35 
cell-3-0-5 890 957 166 35 
cell-3-1-0 60 1007 166 35 
cell-3-1-1 226 1007 166 35 
cell-3-1-2 392 1007 166 35 
cell-3-1-3 558 1007 166 35 
cell-3-1-4 724 1007 166 35 
cell-3-1-5 890 1007 166 35 
cell-3-2-0 60 1057 166 35 
cell-3-2-1 226 1057 166 35 
cell-3-2-2 392 1057 166 35 
cell-3-2-3 558 1057 166 35 
cell-3-2-4 724 1057 166 35 
cell-3-2-5 890 1057 166 35 
cell-3-3-0 60 1107 166 35 
cell-3-3-1 226 1107 166 35 
cell-3-3-2 392 1107 166 35 
cell-3-3-3 558 1107 166 35 
cell-3-3-4 724 1107 166 35 
cell-3-3-5 890 1107 166 35 
cell-3-4-0 60 1157 166 35 
cell-3-4-1 226 1157 166 35 
cell-3-4-2 392 1157 166 35 
cell-3-4-3 558 1157 166 35 
cell-3-4-4 724 1157 166 35 
cell-3-4-5 890 1157 166 35 
cell-3-5-0 60 1207 166 35 
cell-3-5-1 226 1207 166 35 
cell-3-5-2 392 1207 166 35 
cell-3-5-3 558 1207 166 35 
cell-3-5-4 724 1207 166 35 
cell-3-5-5 890 1207 166 35 
cell-3-6-0 60 1257 166 35 
cell-3-6-1 226 1257 166 35 
cell-3-6-2 392 1257 166 35 
cell-3-6-3 558 1257 166 35 
cell-3-6-4 724 1257 166 35 
cell-3-6-5 890 1257 166 35 
