table-0 250 477 738 262 
cell-0-1-0 250 477 36 35 
cell-0-1-1 289 477 36 35 
cell-0-1-2 328 477 36 35 
cell-0-1-3 367 477 36 35 
cell-0-1-4 406 477 36 35 
cell-0-1-5 445 477 36 35 
cell-0-1-6 484 477 36 35 
cell-0-1-7 523 477 36 35 
cell-0-1-8 562 477 36 35 
cell-0-1-9 601 477 36 35 
cell-0-1-10 640 477 36 35 
cell-0-1-11 679 477 36 35 
cell-0-1-12 718 477 36 35 
cell-0-1-13 757 477 36 35 
cell-0-1-14 796 477 36 35 
cell-0-1-15 835 477 36 35 
cell-0-1-16 874 477 36 35 
cell-0-1-17 913 477 36 35 
cell-0-1-18 952 477 36 35 
cell-0-2-0 250 522 36 35 
cell-0-2-1 289 522 36 35 
cell-0-2-2 328 522 36 35 
cell-0-2-3 367 522 36 35 
cell-0-2-4 406 522 36 35 
cell-0-2-5 445 522 36 35 
cell-0-2-6 484 522 36 35 
cell-0-2-7 523 522 36 35 
cell-0-2-8 562 522 36 35 
cell-0-2-9 601 522 36 35 
cell-0-2-10 640 522 36 35 
cell-0-2-11 679 522 36 35 
cell-0-2-12 718 522 36 35 
cell-0-2-13 757 522 36 35 
cell-0-2-14 796 522 36 35 
cell-0-2-15 835 522 36 35 
cell-0-2-16 874 522 36 35 
cell-0-2-17 913 522 36 35 
cell-0-2-18 952 522 36 35 
cell-0-3-0 250 567 36 35 
cell-0-3-1 289 567 36 35 
cell-0-3-2 328 567 36 35 
cell-0-3-3 367 567 36 35 
cell-0-3-4 406 567 36 35 
cell-0-3-5 445 567 36 35 
cell-0-3-6 484 567 36 35 
cell-0-3-7 523 567 36 35 
cell-0-3-8 562 567 36 35 
cell-0-3-9 601 567 36 35 
cell-0-3-10 640 567 36 35 
cell-0-3-11 679 567 36 35 
cell-0-3-12 718 567 36 35 
cell-0-3-13 757 567 36 35 
cell-0-3-14 796 567 36 35 
cell-0-3-15 835 567 36 35 
cell-0-3-16 874 567 36 35 
cell-0-3-17 913 567 36 35 
cell-0-3-18 952 567 36 35 
cell-0-4-0 250 612 36 35 
cell-0-4-1 289 612 36 35 
cell-0-4-2 328 612 36 35 
cell-0-4-3 367 612 36 35 
cell-0-4-4 406 612 36 35 
cell-0-4-5 445 612 36 35 
cell-0-4-6 484 612 36 35 
cell-0-4-7 523 612 36 35 
cell-0-4-8 562 612 36 35 
cell-0-4-9 601 612 36 35 
cell-0-4-10 640 612 36 35 
cell-0-4-11 679 612 36 35 
cell-0-4-12 718 612 36 35 
cell-0-4-13 757 612 36 35 
cell-0-4-14 796 612 36 35 
cell-0-4-15 835 612 36 35 
cell-0-4-16 874 612 36 35 
cell-0-4-17 913 612 36 35 
cell-0-4-18 952 612 36 35 
cell-0-5-0 250 657 36 35 
cell-0-5-1 289 657 36 35 
cell-0-5-2 328 657 36 35 
cell-0-5-3 367 657 36 35 
cell-0-5-4 406 657 36 35 
cell-0-5-5 445 657 36 35 
cell-0-5-6 484 657 36 35 
cell-0-5-7 523 657 36 35 
cell-0-5-8 562 657 36 35 
cell-0-5-9 601 657 36 35 
cell-0-5-10 640 657 36 35 
cell-0-5-11 679 657 36 35 
cell-0-5-12 718 657 36 35 
cell-0-5-13 757 657 36 35 
cell-0-5-14 796 657 36 35 
cell-0-5-15 835 657 36 35 
cell-0-5-16 874 657 36 35 
cell-0-5-17 913 657 36 35 
cell-0-5-18 952 657 36 35 
cell-0-6-0 250 702 36 35 
cell-0-6-1 289 702 36 35 
cell-0-6-2 328 702 36 35 
cell-0-6-3 367 702 36 35 
cell-0-6-4 406 702 36 35 
cell-0-6-5 445 702 36 35 
cell-0-6-6 484 702 36 35 
cell-0-6-7 523 702 36 35 
cell-0-6-8 562 702 36 35 
cell-0-6-9 601 702 36 35 
cell-0-6-10 640 702 36 35 
cell-0-6-11 679 702 36 35 
cell-0-6-12 718 702 36 35 
cell-0-6-13 757 702 36 35 
cell-0-6-14 796 702 36 35 
cell-0-6-15 835 702 36 35 
cell-0-6-16 874 702 36 35 
cell-0-6-17 913 702 36 35 
cell-0-6-18 952 702 36 35 
