table-0 468 445 183 408 
cell-0-0-0 468 445 45 35 
cell-0-0-1 513 445 45 35 
cell-0-0-2 558 445 45 35 
cell-0-0-3 603 445 45 35 
cell-0-1-0 468 482 45 35 
cell-0-1-1 513 482 45 35 
cell-0-1-2 558 482 45 35 
cell-0-1-3 603 482 45 35 
cell-0-2-0 468 519 45 35 
cell-0-2-1 513 519 45 35 
cell-0-2-2 558 519 45 35 
cell-0-2-3 603 519 45 35 
cell-0-3-0 468 556 45 35 
cell-0-3-1 513 556 45 35 
cell-0-3-2 558 556 45 35 
cell-0-3-3 603 556 45 35 
cell-0-4-0 468 593 45 35 
cell-0-4-1 513 593 45 35 
cell-0-4-2 558 593 45 35 
cell-0-4-3 603 593 45 35 
cell-0-5-0 468 630 45 35 
cell-0-5-1 513 630 45 35 
cell-0-5-2 558 630 45 35 
cell-0-5-3 603 630 45 35 
cell-0-6-0 468 667 45 35 
cell-0-6-1 513 667 45 35 
cell-0-6-2 558 667 45 35 
cell-0-6-3 603 667 45 35 
cell-0-7-0 468 704 45 35 
cell-0-7-1 513 704 45 35 
cell-0-7-2 558 704 45 35 
cell-0-7-3 603 704 45 35 
cell-0-8-0 468 741 45 35 
cell-0-8-1 513 741 45 35 
cell-0-8-2 558 741 45 35 
cell-0-8-3 603 741 45 35 
cell-0-9-0 468 778 45 35 
cell-0-9-1 513 778 45 35 
cell-0-9-2 558 778 45 35 
cell-0-9-3 603 778 45 35 
cell-0-10-0 468 815 45 35 
cell-0-10-1 513 815 45 35 
cell-0-10-2 558 815 45 35 
cell-0-10-3 603 815 45 35 
table-4 373 983 216 454 
cell-4-0-0 373 983 43 35 
cell-4-0-1 416 983 43 35 
cell-4-0-2 459 983 43 35 
cell-4-0-3 502 983 43 35 
cell-4-0-4 545 983 43 35 
cell-4-1-0 373 1021 43 35 
cell-4-1-1 416 1021 43 35 
cell-4-1-2 459 1021 43 35 
cell-4-1-3 502 1021 43 35 
cell-4-1-4 545 1021 43 35 
cell-4-2-0 373 1059 43 35 
cell-4-2-1 416 1059 43 35 
cell-4-2-2 459 1059 43 35 
cell-4-2-3 502 1059 43 35 
cell-4-2-4 545 1059 43 35 
cell-4-3-0 373 1097 43 35 
cell-4-3-1 416 1097 43 35 
cell-4-3-2 459 1097 43 35 
cell-4-3-3 502 1097 43 35 
cell-4-3-4 545 1097 43 35 
cell-4-4-0 373 1135 43 35 
cell-4-4-1 416 1135 43 35 
cell-4-4-2 459 1135 43 35 
cell-4-4-3 502 1135 43 35 
cell-4-4-4 545 1135 43 35 
cell-4-5-0 373 1173 43 35 
cell-4-5-1 416 1173 43 35 
cell-4-5-2 459 1173 43 35 
cell-4-5-3 502 1173 43 35 
cell-4-5-4 545 1173 43 35 
cell-4-6-0 373 1211 43 35 
cell-4-6-1 416 1211 43 35 
cell-4-6-2 459 1211 43 35 
cell-4-6-3 502 1211 43 35 
cell-4-6-4 545 1211 43 35 
cell-4-7-0 373 1249 43 35 
cell-4-7-1 416 1249 43 35 
cell-4-7-2 459 1249 43 35 
cell-4-7-3 502 1249 43 35 
cell-4-7-4 545 1249 43 35 
cell-4-8-0 373 1287 43 35 
cell-4-8-1 416 1287 43 35 
cell-4-8-2 459 1287 43 35 
cell-4-8-3 502 1287 43 35 
cell-4-8-4 545 1287 43 35 
cell-4-9-0 373 1325 43 35 
cell-4-9-1 416 1325 43 35 
cell-4-9-2 459 1325 43 35 
cell-4-9-3 502 1325 43 35 
cell-4-9-4 545 1325 43 35 
cell-4-10-0 373 1363 43 35 
cell-4-10-1 416 1363 43 35 
cell-4-10-2 459 1363 43 35 
cell-4-10-3 502 1363 43 35 
cell-4-10-4 545 1363 43 35 
cell-4-11-0 373 1401 43 35 
cell-4-11-1 416 1401 43 35 
cell-4-11-2 459 1401 43 35 
cell-4-11-3 502 1401 43 35 
cell-4-11-4 545 1401 43 35 
