table-0 255 442 529 534 
cell-0-0-0 255 442 44 42 
cell-0-0-1 299 442 44 42 
cell-0-0-2 343 442 44 42 
cell-0-0-3 387 442 44 42 
cell-0-0-4 431 442 44 42 
cell-0-0-5 475 442 309 42 
cell-0-1-0 255 491 44 42 
cell-0-1-1 299 491 44 42 
cell-0-1-2 343 491 44 42 
cell-0-1-3 387 491 44 42 
cell-0-1-4 431 491 44 42 
cell-0-1-5 475 491 309 42 
cell-0-2-0 255 540 44 42 
cell-0-2-1 299 540 44 42 
cell-0-2-2 343 540 44 42 
cell-0-2-3 387 540 44 42 
cell-0-2-4 431 540 44 42 
cell-0-2-5 475 540 309 42 
cell-0-3-0 255 589 44 42 
cell-0-3-1 299 589 44 42 
cell-0-3-2 343 589 44 42 
cell-0-3-3 387 589 44 42 
cell-0-3-4 431 589 44 42 
cell-0-3-5 475 589 309 42 
cell-0-4-0 255 638 44 42 
cell-0-4-1 299 638 44 42 
cell-0-4-2 343 638 44 42 
cell-0-4-3 387 638 44 42 
cell-0-4-4 431 638 44 42 
cell-0-4-5 475 638 309 42 
cell-0-5-0 255 687 44 42 
cell-0-5-1 299 687 44 42 
cell-0-5-2 343 687 44 42 
cell-0-5-3 387 687 44 42 
cell-0-5-4 431 687 44 42 
cell-0-5-5 475 687 309 42 
cell-0-6-0 255 736 44 42 
cell-0-6-1 299 736 44 42 
cell-0-6-2 343 736 44 42 
cell-0-6-3 387 736 44 42 
cell-0-6-4 431 736 44 42 
cell-0-6-5 475 736 309 42 
cell-0-7-0 255 785 44 42 
cell-0-7-1 299 785 44 42 
cell-0-7-2 343 785 44 42 
cell-0-7-3 387 785 44 42 
cell-0-7-4 431 785 44 42 
cell-0-7-5 475 785 309 42 
cell-0-8-0 255 834 44 42 
cell-0-8-1 299 834 44 42 
cell-0-8-2 343 834 44 42 
cell-0-8-3 387 834 44 42 
cell-0-8-4 431 834 44 42 
cell-0-8-5 475 834 309 42 
cell-0-9-0 255 883 44 42 
cell-0-9-1 299 883 44 42 
cell-0-9-2 343 883 44 42 
cell-0-9-3 387 883 44 42 
cell-0-9-4 431 883 44 42 
cell-0-9-5 475 883 309 42 
cell-0-10-0 255 932 44 42 
cell-0-10-1 299 932 44 42 
cell-0-10-2 343 932 44 42 
cell-0-10-3 387 932 44 42 
cell-0-10-4 431 932 44 42 
cell-0-10-5 475 932 309 42 
