table-0 668 556 228 610 
cell-0-0-0 668 556 45 35 
cell-0-0-1 713 556 45 35 
cell-0-0-2 758 556 45 35 
cell-0-0-3 803 556 45 35 
cell-0-0-4 848 556 45 35 
cell-0-1-0 668 600 45 35 
cell-0-1-1 713 600 45 35 
cell-0-1-2 758 600 45 35 
cell-0-1-3 803 600 45 35 
cell-0-1-4 848 600 45 35 
cell-0-2-0 668 644 45 35 
cell-0-2-1 713 644 45 35 
cell-0-2-2 758 644 45 35 
cell-0-2-3 803 644 45 35 
cell-0-2-4 848 644 45 35 
cell-0-3-0 668 688 45 35 
cell-0-3-1 713 688 45 35 
cell-0-3-2 758 688 45 35 
cell-0-3-3 803 688 45 35 
cell-0-3-4 848 688 45 35 
cell-0-4-0 668 732 45 35 
cell-0-4-1 713 732 45 35 
cell-0-4-2 758 732 45 35 
cell-0-4-3 803 732 45 35 
cell-0-4-4 848 732 45 35 
cell-0-5-0 668 776 45 35 
cell-0-5-1 713 776 45 35 
cell-0-5-2 758 776 45 35 
cell-0-5-3 803 776 45 35 
cell-0-5-4 848 776 45 35 
cell-0-6-0 668 820 45 35 
cell-0-6-1 713 820 45 35 
cell-0-6-2 758 820 45 35 
cell-0-6-3 803 820 45 35 
cell-0-6-4 848 820 45 35 
cell-0-7-0 668 864 45 35 
cell-0-7-1 713 864 45 35 
cell-0-7-2 758 864 45 35 
cell-0-7-3 803 864 45 35 
cell-0-7-4 848 864 45 35 
cell-0-8-0 668 908 45 35 
cell-0-8-1 713 908 45 35 
cell-0-8-2 758 908 45 35 
cell-0-8-3 803 908 45 35 
cell-0-8-4 848 908 45 35 
cell-0-9-0 668 952 45 35 
cell-0-9-1 713 952 45 35 
cell-0-9-2 758 952 45 35 
cell-0-9-3 803 952 45 35 
cell-0-9-4 848 952 45 35 
cell-0-10-0 668 996 45 35 
cell-0-10-1 713 996 45 35 
cell-0-10-2 758 996 45 35 
cell-0-10-3 803 996 45 35 
cell-0-10-4 848 996 45 35 
cell-0-11-0 668 1040 45 35 
cell-0-11-1 713 1040 45 35 
cell-0-11-2 758 1040 45 35 
cell-0-11-3 803 1040 45 35 
cell-0-11-4 848 1040 45 35 
cell-0-12-0 668 1084 45 35 
cell-0-12-1 713 1084 45 35 
cell-0-12-2 758 1084 45 35 
cell-0-12-3 803 1084 45 35 
cell-0-12-4 848 1084 45 35 
cell-0-13-0 668 1128 45 35 
cell-0-13-1 713 1128 45 35 
cell-0-13-2 758 1128 45 35 
cell-0-13-3 803 1128 45 35 
cell-0-13-4 848 1128 45 35 
