table-0 184 710 720 563 
cell-0-0-0 184 710 44 43 
cell-0-0-1 228 710 44 43 
cell-0-0-2 272 710 44 43 
cell-0-0-3 316 710 44 43 
cell-0-0-4 360 710 44 43 
cell-0-0-5 404 710 44 43 
cell-0-0-6 448 710 454 43 
cell-0-1-0 184 757 44 43 
cell-0-1-1 228 757 44 43 
cell-0-1-2 272 757 44 43 
cell-0-1-3 316 757 44 43 
cell-0-1-4 360 757 44 43 
cell-0-1-5 404 757 44 43 
cell-0-1-6 448 757 454 43 
cell-0-2-0 184 804 44 43 
cell-0-2-1 228 804 44 43 
cell-0-2-2 272 804 44 43 
cell-0-2-3 316 804 44 43 
cell-0-2-4 360 804 44 43 
cell-0-2-5 404 804 44 43 
cell-0-2-6 448 804 454 43 
cell-0-3-0 184 851 44 43 
cell-0-3-1 228 851 44 43 
cell-0-3-2 272 851 44 43 
cell-0-3-3 316 851 44 43 
cell-0-3-4 360 851 44 43 
cell-0-3-5 404 851 44 43 
cell-0-3-6 448 851 454 43 
cell-0-4-0 184 898 44 43 
cell-0-4-1 228 898 44 43 
cell-0-4-2 272 898 44 43 
cell-0-4-3 316 898 44 43 
cell-0-4-4 360 898 44 43 
cell-0-4-5 404 898 44 43 
cell-0-4-6 448 898 454 43 
cell-0-5-0 184 945 44 43 
cell-0-5-1 228 945 44 43 
cell-0-5-2 272 945 44 43 
cell-0-5-3 316 945 44 43 
cell-0-5-4 360 945 44 43 
cell-0-5-5 404 945 44 43 
cell-0-5-6 448 945 454 43 
cell-0-6-0 184 992 44 43 
cell-0-6-1 228 992 44 43 
cell-0-6-2 272 992 44 43 
cell-0-6-3 316 992 44 43 
cell-0-6-4 360 992 44 43 
cell-0-6-5 404 992 44 43 
cell-0-6-6 448 992 454 43 
cell-0-7-0 184 1039 44 43 
cell-0-7-1 228 1039 44 43 
cell-0-7-2 272 1039 44 43 
cell-0-7-3 316 1039 44 43 
cell-0-7-4 360 1039 44 43 
cell-0-7-5 404 1039 44 43 
cell-0-7-6 448 1039 454 43 
cell-0-8-0 184 1086 44 43 
cell-0-8-1 228 1086 44 43 
cell-0-8-2 272 1086 44 43 
cell-0-8-3 316 1086 44 43 
cell-0-8-4 360 1086 44 43 
cell-0-8-5 404 1086 44 43 
cell-0-8-6 448 1086 454 43 
cell-0-9-0 184 1133 44 43 
cell-0-9-1 228 1133 44 43 
cell-0-9-2 272 1133 44 43 
cell-0-9-3 316 1133 44 43 
cell-0-9-4 360 1133 44 43 
cell-0-9-5 404 1133 44 43 
cell-0-9-6 448 1133 454 43 
cell-0-10-0 184 1180 44 43 
cell-0-10-1 228 1180 44 43 
cell-0-10-2 272 1180 44 43 
cell-0-10-3 316 1180 44 43 
cell-0-10-4 360 1180 44 43 
cell-0-10-5 404 1180 44 43 
cell-0-10-6 448 1180 454 43 
cell-0-11-0 184 1227 44 43 
cell-0-11-1 228 1227 44 43 
cell-0-11-2 272 1227 44 43 
cell-0-11-3 316 1227 44 43 
cell-0-11-4 360 1227 44 43 
cell-0-11-5 404 1227 44 43 
cell-0-11-6 448 1227 454 43 
