table-0 75 712 589 236 
cell-0-1-0 75 712 34 35 
cell-0-1-1 112 712 34 35 
cell-0-1-2 149 712 34 35 
cell-0-1-3 186 712 34 35 
cell-0-1-4 223 712 34 35 
cell-0-1-5 260 712 34 35 
cell-0-1-6 297 712 34 35 
cell-0-1-7 334 712 34 35 
cell-0-1-8 371 712 34 35 
cell-0-1-9 408 712 34 35 
cell-0-1-10 445 712 34 35 
cell-0-1-11 482 712 34 35 
cell-0-1-12 519 712 34 35 
cell-0-1-13 556 712 34 35 
cell-0-1-14 593 712 34 35 
cell-0-1-15 630 712 34 35 
cell-0-2-0 75 762 34 35 
cell-0-2-1 112 762 34 35 
cell-0-2-2 149 762 34 35 
cell-0-2-3 186 762 34 35 
cell-0-2-4 223 762 34 35 
cell-0-2-5 260 762 34 35 
cell-0-2-6 297 762 34 35 
cell-0-2-7 334 762 34 35 
cell-0-2-8 371 762 34 35 
cell-0-2-9 408 762 34 35 
cell-0-2-10 445 762 34 35 
cell-0-2-11 482 762 34 35 
cell-0-2-12 519 762 34 35 
cell-0-2-13 556 762 34 35 
cell-0-2-14 593 762 34 35 
cell-0-2-15 630 762 34 35 
cell-0-3-0 75 812 34 35 
cell-0-3-1 112 812 34 35 
cell-0-3-2 149 812 34 35 
cell-0-3-3 186 812 34 35 
cell-0-3-4 223 812 34 35 
cell-0-3-5 260 812 34 35 
cell-0-3-6 297 812 34 35 
cell-0-3-7 334 812 34 35 
cell-0-3-8 371 812 34 35 
cell-0-3-9 408 812 34 35 
cell-0-3-10 445 812 34 35 
cell-0-3-11 482 812 34 35 
cell-0-3-12 519 812 34 35 
cell-0-3-13 556 812 34 35 
cell-0-3-14 593 812 34 35 
cell-0-3-15 630 812 34 35 
cell-0-4-0 75 862 34 35 
cell-0-4-1 112 862 34 35 
cell-0-4-2 149 862 34 35 
cell-0-4-3 186 862 34 35 
cell-0-4-4 223 862 34 35 
cell-0-4-5 260 862 34 35 
cell-0-4-6 297 862 34 35 
cell-0-4-7 334 862 34 35 
cell-0-4-8 371 862 34 35 
cell-0-4-9 408 862 34 35 
cell-0-4-10 445 862 34 35 
cell-0-4-11 482 862 34 35 
cell-0-4-12 519 862 34 35 
cell-0-4-13 556 862 34 35 
cell-0-4-14 593 862 34 35 
cell-0-4-15 630 862 34 35 
cell-0-5-0 75 912 34 35 
cell-0-5-1 112 912 34 35 
cell-0-5-2 149 912 34 35 
cell-0-5-3 186 912 34 35 
cell-0-5-4 223 912 34 35 
cell-0-5-5 260 912 34 35 
cell-0-5-6 297 912 34 35 
cell-0-5-7 334 912 34 35 
cell-0-5-8 371 912 34 35 
cell-0-5-9 408 912 34 35 
cell-0-5-10 445 912 34 35 
cell-0-5-11 482 912 34 35 
cell-0-5-12 519 912 34 35 
cell-0-5-13 556 912 34 35 
cell-0-5-14 593 912 34 35 
cell-0-5-15 630 912 34 35 
