table-0 425 536 259 526 
cell-0-0-0 425 536 43 35 
cell-0-0-1 468 536 43 35 
cell-0-0-2 511 536 43 35 
cell-0-0-3 554 536 43 35 
cell-0-0-4 597 536 43 35 
cell-0-0-5 640 536 43 35 
cell-0-1-0 425 571 43 35 
cell-0-1-1 468 571 43 35 
cell-0-1-2 511 571 43 35 
cell-0-1-3 554 571 43 35 
cell-0-1-4 597 571 43 35 
cell-0-1-5 640 571 43 35 
cell-0-2-0 425 606 43 35 
cell-0-2-1 468 606 43 35 
cell-0-2-2 511 606 43 35 
cell-0-2-3 554 606 43 35 
cell-0-2-4 597 606 43 35 
cell-0-2-5 640 606 43 35 
cell-0-3-0 425 641 43 35 
cell-0-3-1 468 641 43 35 
cell-0-3-2 511 641 43 35 
cell-0-3-3 554 641 43 35 
cell-0-3-4 597 641 43 35 
cell-0-3-5 640 641 43 35 
cell-0-4-0 425 676 43 35 
cell-0-4-1 468 676 43 35 
cell-0-4-2 511 676 43 35 
cell-0-4-3 554 676 43 35 
cell-0-4-4 597 676 43 35 
cell-0-4-5 640 676 43 35 
cell-0-5-0 425 711 43 35 
cell-0-5-1 468 711 43 35 
cell-0-5-2 511 711 43 35 
cell-0-5-3 554 711 43 35 
cell-0-5-4 597 711 43 35 
cell-0-5-5 640 711 43 35 
cell-0-6-0 425 746 43 35 
cell-0-6-1 468 746 43 35 
cell-0-6-2 511 746 43 35 
cell-0-6-3 554 746 43 35 
cell-0-6-4 597 746 43 35 
cell-0-6-5 640 746 43 35 
cell-0-7-0 425 781 43 35 
cell-0-7-1 468 781 43 35 
cell-0-7-2 511 781 43 35 
cell-0-7-3 554 781 43 35 
cell-0-7-4 597 781 43 35 
cell-0-7-5 640 781 43 35 
cell-0-8-0 425 816 43 35 
cell-0-8-1 468 816 43 35 
cell-0-8-2 511 816 43 35 
cell-0-8-3 554 816 43 35 
cell-0-8-4 597 816 43 35 
cell-0-8-5 640 816 43 35 
cell-0-9-0 425 851 43 35 
cell-0-9-1 468 851 43 35 
cell-0-9-2 511 851 43 35 
cell-0-9-3 554 851 43 35 
cell-0-9-4 597 851 43 35 
cell-0-9-5 640 851 43 35 
cell-0-10-0 425 886 43 35 
cell-0-10-1 468 886 43 35 
cell-0-10-2 511 886 43 35 
cell-0-10-3 554 886 43 35 
cell-0-10-4 597 886 43 35 
cell-0-10-5 640 886 43 35 
cell-0-11-0 425 921 43 35 
cell-0-11-1 468 921 43 35 
cell-0-11-2 511 921 43 35 
cell-0-11-3 554 921 43 35 
cell-0-11-4 597 921 43 35 
cell-0-11-5 640 921 43 35 
cell-0-12-0 425 956 43 35 
cell-0-12-1 468 956 43 35 
cell-0-12-2 511 956 43 35 
cell-0-12-3 554 956 43 35 
cell-0-12-4 597 956 43 35 
cell-0-12-5 640 956 43 35 
cell-0-13-0 425 991 43 35 
cell-0-13-1 468 991 43 35 
cell-0-13-2 511 991 43 35 
cell-0-13-3 554 991 43 35 
cell-0-13-4 597 991 43 35 
cell-0-13-5 640 991 43 35 
cell-0-14-0 425 1026 43 35 
cell-0-14-1 468 1026 43 35 
cell-0-14-2 511 1026 43 35 
cell-0-14-3 554 1026 43 35 
cell-0-14-4 597 1026 43 35 
cell-0-14-5 640 1026 43 35 
