table-0 129 392 612 618 
cell-0-1-0 129 392 38 35 
cell-0-1-1 170 392 38 35 
cell-0-1-2 211 392 38 35 
cell-0-1-3 252 392 38 35 
cell-0-1-4 293 392 38 35 
cell-0-1-5 334 392 38 35 
cell-0-1-6 375 392 38 35 
cell-0-1-7 416 392 38 35 
cell-0-1-8 457 392 38 35 
cell-0-1-9 498 392 38 35 
cell-0-1-10 539 392 38 35 
cell-0-1-11 580 392 38 35 
cell-0-1-12 621 392 38 35 
cell-0-1-13 662 392 38 35 
cell-0-1-14 703 392 38 35 
cell-0-2-0 129 450 38 35 
cell-0-2-1 170 450 38 35 
cell-0-2-2 211 450 38 35 
cell-0-2-3 252 450 38 35 
cell-0-2-4 293 450 38 35 
cell-0-2-5 334 450 38 35 
cell-0-2-6 375 450 38 35 
cell-0-2-7 416 450 38 35 
cell-0-2-8 457 450 38 35 
cell-0-2-9 498 450 38 35 
cell-0-2-10 539 450 38 35 
cell-0-2-11 580 450 38 35 
cell-0-2-12 621 450 38 35 
cell-0-2-13 662 450 38 35 
cell-0-2-14 703 450 38 35 
cell-0-3-0 129 508 38 35 
cell-0-3-1 170 508 38 35 
cell-0-3-2 211 508 38 35 
cell-0-3-3 252 508 38 35 
cell-0-3-4 293 508 38 35 
cell-0-3-5 334 508 38 35 
cell-0-3-6 375 508 38 35 
cell-0-3-7 416 508 38 35 
cell-0-3-8 457 508 38 35 
cell-0-3-9 498 508 38 35 
cell-0-3-10 539 508 38 35 
cell-0-3-11 580 508 38 35 
cell-0-3-12 621 508 38 35 
cell-0-3-13 662 508 38 35 
cell-0-3-14 703 508 38 35 
cell-0-4-0 129 566 38 35 
cell-0-4-1 170 566 38 35 
cell-0-4-2 211 566 38 35 
cell-0-4-3 252 566 38 35 
cell-0-4-4 293 566 38 35 
cell-0-4-5 334 566 38 35 
cell-0-4-6 375 566 38 35 
cell-0-4-7 416 566 38 35 
cell-0-4-8 457 566 38 35 
cell-0-4-9 498 566 38 35 
cell-0-4-10 539 566 38 35 
cell-0-4-11 580 566 38 35 
cell-0-4-12 621 566 38 35 
cell-0-4-13 662 566 38 35 
cell-0-4-14 703 566 38 35 
cell-0-5-0 129 624 38 35 
cell-0-5-1 170 624 38 35 
cell-0-5-2 211 624 38 35 
cell-0-5-3 252 624 38 35 
cell-0-5-4 293 624 38 35 
cell-0-5-5 334 624 38 35 
cell-0-5-6 375 624 38 35 
cell-0-5-7 416 624 38 35 
cell-0-5-8 457 624 38 35 
cell-0-5-9 498 624 38 35 
cell-0-5-10 539 624 38 35 
cell-0-5-11 580 624 38 35 
cell-0-5-12 621 624 38 35 
cell-0-5-13 662 624 38 35 
cell-0-5-14 703 624 38 35 
cell-0-6-0 129 682 38 35 
cell-0-6-1 170 682 38 35 
cell-0-6-2 211 682 38 35 
cell-0-6-3 252 682 38 35 
cell-0-6-4 293 682 38 35 
cell-0-6-5 334 682 38 35 
cell-0-6-6 375 682 38 35 
cell-0-6-7 416 682 38 35 
cell-0-6-8 457 682 38 35 
cell-0-6-9 498 682 38 35 
cell-0-6-10 539 682 38 35 
cell-0-6-11 580 682 38 35 
cell-0-6-12 621 682 38 35 
cell-0-6-13 662 682 38 35 
cell-0-6-14 703 682 38 35 
cell-0-7-0 129 740 38 35 
cell-0-7-1 170 740 38 35 
cell-0-7-2 211 740 38 35 
cell-0-7-3 252 740 38 35 
cell-0-7-4 293 740 38 35 
cell-0-7-5 334 740 38 35 
cell-0-7-6 375 740 38 35 
cell-0-7-7 416 740 38 35 
cell-0-7-8 457 740 38 35 
cell-0-7-9 498 740 38 35 
cell-0-7-10 539 740 38 35 
cell-0-7-11 580 740 38 35 
cell-0-7-12 621 740 38 35 
cell-0-7-13 662 740 38 35 
cell-0-7-14 703 740 38 35 
cell-0-8-0 129 798 38 35 
cell-0-8-1 170 798 38 35 
cell-0-8-2 211 798 38 35 
cell-0-8-3 252 798 38 35 
cell-0-8-4 293 798 38 35 
cell-0-8-5 334 798 38 35 
cell-0-8-6 375 798 38 35 
cell-0-8-7 416 798 38 35 
cell-0-8-8 457 798 38 35 
cell-0-8-9 498 798 38 35 
cell-0-8-10 539 798 38 35 
cell-0-8-11 580 798 38 35 
cell-0-8-12 621 798 38 35 
cell-0-8-13 662 798 38 35 
cell-0-8-14 703 798 38 35 
cell-0-9-0 129 856 38 35 
cell-0-9-1 170 856 38 35 
cell-0-9-2 211 856 38 35 
cell-0-9-3 252 856 38 35 
cell-0-9-4 293 856 38 35 
cell-0-9-5 334 856 38 35 
cell-0-9-6 375 856 38 35 
cell-0-9-7 416 856 38 35 
cell-0-9-8 457 856 38 35 
cell-0-9-9 498 856 38 35 
cell-0-9-10 539 856 38 35 
cell-0-9-11 580 856 38 35 
cell-0-9-12 621 856 38 35 
cell-0-9-13 662 856 38 35 
cell-0-9-14 703 856 38 35 
cell-0-10-0 129 914 38 35 
cell-0-10-1 170 914 38 35 
cell-0-10-2 211 914 38 35 
cell-0-10-3 252 914 38 35 
cell-0-10-4 293 914 38 35 
cell-0-10-5 334 914 38 35 
cell-0-10-6 375 914 38 35 
cell-0-10-7 416 914 38 35 
cell-0-10-8 457 914 38 35 
cell-0-10-9 498 914 38 35 
cell-0-10-10 539 914 38 35 
cell-0-10-11 580 914 38 35 
cell-0-10-12 621 914 38 35 
cell-0-10-13 662 914 38 35 
cell-0-10-14 703 914 38 35 
cell-0-11-0 129 972 38 35 
cell-0-11-1 170 972 38 35 
cell-0-11-2 211 972 38 35 
cell-0-11-3 252 972 38 35 
cell-0-11-4 293 972 38 35 
cell-0-11-5 334 972 38 35 
cell-0-11-6 375 972 38 35 
cell-0-11-7 416 972 38 35 
cell-0-11-8 457 972 38 35 
cell-0-11-9 498 972 38 35 
cell-0-11-10 539 972 38 35 
cell-0-11-11 580 972 38 35 
cell-0-11-12 621 972 38 35 
cell-0-11-13 662 972 38 35 
cell-0-11-14 703 972 38 35 
table-4 130 1161 900 250 
cell-4-0-0 130 1161 225 44 
cell-4-0-1 355 1161 225 44 
cell-4-0-2 580 1161 225 44 
cell-4-0-3 805 1161 225 44 
cell-4-1-0 130 1212 225 44 
cell-4-1-1 355 1212 225 44 
cell-4-1-2 580 1212 225 44 
cell-4-1-3 805 1212 225 44 
cell-4-2-0 130 1263 225 44 
cell-4-2-1 355 1263 225 44 
cell-4-2-2 580 1263 225 44 
cell-4-2-3 805 1263 225 44 
cell-4-3-0 130 1314 225 44 
cell-4-3-1 355 1314 225 44 
cell-4-3-2 580 1314 225 44 
cell-4-3-3 805 1314 225 44 
cell-4-4-0 130 1365 225 44 
cell-4-4-1 355 1365 225 44 
cell-4-4-2 580 1365 225 44 
cell-4-4-3 805 1365 225 44 
