table-0 477 963 228 448 
cell-0-0-0 477 963 45 35 
cell-0-0-1 522 963 45 35 
cell-0-0-2 567 963 45 35 
cell-0-0-3 612 963 45 35 
cell-0-0-4 657 963 45 35 
cell-0-1-0 477 1004 45 35 
cell-0-1-1 522 1004 45 35 
cell-0-1-2 567 1004 45 35 
cell-0-1-3 612 1004 45 35 
cell-0-1-4 657 1004 45 35 
cell-0-2-0 477 1045 45 35 
cell-0-2-1 522 1045 45 35 
cell-0-2-2 567 1045 45 35 
cell-0-2-3 612 1045 45 35 
cell-0-2-4 657 1045 45 35 
cell-0-3-0 477 1086 45 35 
cell-0-3-1 522 1086 45 35 
cell-0-3-2 567 1086 45 35 
cell-0-3-3 612 1086 45 35 
cell-0-3-4 657 1086 45 35 
cell-0-4-0 477 1127 45 35 
cell-0-4-1 522 1127 45 35 
cell-0-4-2 567 1127 45 35 
cell-0-4-3 612 1127 45 35 
cell-0-4-4 657 1127 45 35 
cell-0-5-0 477 1168 45 35 
cell-0-5-1 522 1168 45 35 
cell-0-5-2 567 1168 45 35 
cell-0-5-3 612 1168 45 35 
cell-0-5-4 657 1168 45 35 
cell-0-6-0 477 1209 45 35 
cell-0-6-1 522 1209 45 35 
cell-0-6-2 567 1209 45 35 
cell-0-6-3 612 1209 45 35 
cell-0-6-4 657 1209 45 35 
cell-0-7-0 477 1250 45 35 
cell-0-7-1 522 1250 45 35 
cell-0-7-2 567 1250 45 35 
cell-0-7-3 612 1250 45 35 
cell-0-7-4 657 1250 45 35 
cell-0-8-0 477 1291 45 35 
cell-0-8-1 522 1291 45 35 
cell-0-8-2 567 1291 45 35 
cell-0-8-3 612 1291 45 35 
cell-0-8-4 657 1291 45 35 
cell-0-9-0 477 1332 45 35 
cell-0-9-1 522 1332 45 35 
cell-0-9-2 567 1332 45 35 
cell-0-9-3 612 1332 45 35 
cell-0-9-4 657 1332 45 35 
cell-0-10-0 477 1373 45 35 
cell-0-10-1 522 1373 45 35 
cell-0-10-2 567 1373 45 35 
cell-0-10-3 612 1373 45 35 
cell-0-10-4 657 1373 45 35 
