table-0 60 732 1000 687 
cell-0-0-0 60 732 250 56 
cell-0-0-1 310 732 250 56 
cell-0-0-2 560 732 250 56 
cell-0-0-3 810 732 250 56 
cell-0-1-0 60 802 250 56 
cell-0-1-1 310 802 250 56 
cell-0-1-2 560 802 250 56 
cell-0-1-3 810 802 250 56 
cell-0-2-0 60 872 250 56 
cell-0-2-1 310 872 250 56 
cell-0-2-2 560 872 250 56 
cell-0-2-3 810 872 250 56 
cell-0-3-0 60 942 250 56 
cell-0-3-1 310 942 250 56 
cell-0-3-2 560 942 250 56 
cell-0-3-3 810 942 250 56 
cell-0-4-0 60 1012 250 56 
cell-0-4-1 310 1012 250 56 
cell-0-4-2 560 1012 250 56 
cell-0-4-3 810 1012 250 56 
cell-0-5-0 60 1082 250 56 
cell-0-5-1 310 1082 250 56 
cell-0-5-2 560 1082 250 56 
cell-0-5-3 810 1082 250 56 
cell-0-6-0 60 1152 250 56 
cell-0-6-1 310 1152 250 56 
cell-0-6-2 560 1152 250 56 
cell-0-6-3 810 1152 250 56 
cell-0-7-0 60 1222 250 56 
cell-0-7-1 310 1222 250 56 
cell-0-7-2 560 1222 250 56 
cell-0-7-3 810 1222 250 56 
cell-0-8-0 60 1292 250 56 
cell-0-8-1 310 1292 250 56 
cell-0-8-2 560 1292 250 56 
cell-0-8-3 810 1292 250 56 
cell-0-9-0 60 1362 250 56 
cell-0-9-1 310 1362 250 56 
cell-0-9-2 560 1362 250 56 
cell-0-9-3 810 1362 250 56 
