table-0 115 746 598 258 
cell-0-1-0 115 746 35 35 
cell-0-1-1 150 746 35 35 
cell-0-1-2 185 746 35 35 
cell-0-1-3 220 746 35 35 
cell-0-1-4 255 746 35 35 
cell-0-1-5 290 746 35 35 
cell-0-1-6 325 746 35 35 
cell-0-1-7 360 746 35 35 
cell-0-1-8 395 746 35 35 
cell-0-1-9 430 746 35 35 
cell-0-1-10 465 746 35 35 
cell-0-1-11 500 746 35 35 
cell-0-1-12 535 746 35 35 
cell-0-1-13 570 746 35 35 
cell-0-1-14 605 746 35 35 
cell-0-1-15 640 746 35 35 
cell-0-1-16 675 746 35 35 
cell-0-2-0 115 801 35 35 
cell-0-2-1 150 801 35 35 
cell-0-2-2 185 801 35 35 
cell-0-2-3 220 801 35 35 
cell-0-2-4 255 801 35 35 
cell-0-2-5 290 801 35 35 
cell-0-2-6 325 801 35 35 
cell-0-2-7 360 801 35 35 
cell-0-2-8 395 801 35 35 
cell-0-2-9 430 801 35 35 
cell-0-2-10 465 801 35 35 
cell-0-2-11 500 801 35 35 
cell-0-2-12 535 801 35 35 
cell-0-2-13 570 801 35 35 
cell-0-2-14 605 801 35 35 
cell-0-2-15 640 801 35 35 
cell-0-2-16 675 801 35 35 
cell-0-3-0 115 856 35 35 
cell-0-3-1 150 856 35 35 
cell-0-3-2 185 856 35 35 
cell-0-3-3 220 856 35 35 
cell-0-3-4 255 856 35 35 
cell-0-3-5 290 856 35 35 
cell-0-3-6 325 856 35 35 
cell-0-3-7 360 856 35 35 
cell-0-3-8 395 856 35 35 
cell-0-3-9 430 856 35 35 
cell-0-3-10 465 856 35 35 
cell-0-3-11 500 856 35 35 
cell-0-3-12 535 856 35 35 
cell-0-3-13 570 856 35 35 
cell-0-3-14 605 856 35 35 
cell-0-3-15 640 856 35 35 
cell-0-3-16 675 856 35 35 
cell-0-4-0 115 911 35 35 
cell-0-4-1 150 911 35 35 
cell-0-4-2 185 911 35 35 
cell-0-4-3 220 911 35 35 
cell-0-4-4 255 911 35 35 
cell-0-4-5 290 911 35 35 
cell-0-4-6 325 911 35 35 
cell-0-4-7 360 911 35 35 
cell-0-4-8 395 911 35 35 
cell-0-4-9 430 911 35 35 
cell-0-4-10 465 911 35 35 
cell-0-4-11 500 911 35 35 
cell-0-4-12 535 911 35 35 
cell-0-4-13 570 911 35 35 
cell-0-4-14 605 911 35 35 
cell-0-4-15 640 911 35 35 
cell-0-4-16 675 911 35 35 
cell-0-5-0 115 966 35 35 
cell-0-5-1 150 966 35 35 
cell-0-5-2 185 966 35 35 
cell-0-5-3 220 966 35 35 
cell-0-5-4 255 966 35 35 
cell-0-5-5 290 966 35 35 
cell-0-5-6 325 966 35 35 
cell-0-5-7 360 966 35 35 
cell-0-5-8 395 966 35 35 
cell-0-5-9 430 966 35 35 
cell-0-5-10 465 966 35 35 
cell-0-5-11 500 966 35 35 
cell-0-5-12 535 966 35 35 
cell-0-5-13 570 966 35 35 
cell-0-5-14 605 966 35 35 
cell-0-5-15 640 966 35 35 
cell-0-5-16 675 966 35 35 
header-4 68 73 795 193 
row-1-1 68 73 352 40 
row-1-2 440 73 286 40 
row-2-1 68 123 319 40 
row-2-2 407 123 452 40 
row-3-1 68 173 484 40 
row-4-1 68 223 682 40 
