table-0 292 456 704 748 
cell-0-0-0 292 456 44 43 
cell-0-0-1 336 456 44 43 
cell-0-0-2 380 456 44 43 
cell-0-0-3 424 456 44 43 
cell-0-0-4 468 456 44 43 
cell-0-0-5 512 456 44 43 
cell-0-0-6 556 456 438 43 
cell-0-1-0 292 510 44 43 
cell-0-1-1 336 510 44 43 
cell-0-1-2 380 510 44 43 
cell-0-1-3 424 510 44 43 
cell-0-1-4 468 510 44 43 
cell-0-1-5 512 510 44 43 
cell-0-1-6 556 510 438 43 
cell-0-2-0 292 564 44 43 
cell-0-2-1 336 564 44 43 
cell-0-2-2 380 564 44 43 
cell-0-2-3 424 564 44 43 
cell-0-2-4 468 564 44 43 
cell-0-2-5 512 564 44 43 
cell-0-2-6 556 564 438 43 
cell-0-3-0 292 618 44 43 
cell-0-3-1 336 618 44 43 
cell-0-3-2 380 618 44 43 
cell-0-3-3 424 618 44 43 
cell-0-3-4 468 618 44 43 
cell-0-3-5 512 618 44 43 
cell-0-3-6 556 618 438 43 
cell-0-4-0 292 672 44 43 
cell-0-4-1 336 672 44 43 
cell-0-4-2 380 672 44 43 
cell-0-4-3 424 672 44 43 
cell-0-4-4 468 672 44 43 
cell-0-4-5 512 672 44 43 
cell-0-4-6 556 672 438 43 
cell-0-5-0 292 726 44 43 
cell-0-5-1 336 726 44 43 
cell-0-5-2 380 726 44 43 
cell-0-5-3 424 726 44 43 
cell-0-5-4 468 726 44 43 
cell-0-5-5 512 726 44 43 
cell-0-5-6 556 726 438 43 
cell-0-6-0 292 780 44 43 
cell-0-6-1 336 780 44 43 
cell-0-6-2 380 780 44 43 
cell-0-6-3 424 780 44 43 
cell-0-6-4 468 780 44 43 
cell-0-6-5 512 780 44 43 
cell-0-6-6 556 780 438 43 
cell-0-7-0 292 834 44 43 
cell-0-7-1 336 834 44 43 
cell-0-7-2 380 834 44 43 
cell-0-7-3 424 834 44 43 
cell-0-7-4 468 834 44 43 
cell-0-7-5 512 834 44 43 
cell-0-7-6 556 834 438 43 
cell-0-8-0 292 888 44 43 
cell-0-8-1 336 888 44 43 
cell-0-8-2 380 888 44 43 
cell-0-8-3 424 888 44 43 
cell-0-8-4 468 888 44 43 
cell-0-8-5 512 888 44 43 
cell-0-8-6 556 888 438 43 
cell-0-9-0 292 942 44 43 
cell-0-9-1 336 942 44 43 
cell-0-9-2 380 942 44 43 
cell-0-9-3 424 942 44 43 
cell-0-9-4 468 942 44 43 
cell-0-9-5 512 942 44 43 
cell-0-9-6 556 942 438 43 
cell-0-10-0 292 996 44 43 
cell-0-10-1 336 996 44 43 
cell-0-10-2 380 996 44 43 
cell-0-10-3 424 996 44 43 
cell-0-10-4 468 996 44 43 
cell-0-10-5 512 996 44 43 
cell-0-10-6 556 996 438 43 
cell-0-11-0 292 1050 44 43 
cell-0-11-1 336 1050 44 43 
cell-0-11-2 380 1050 44 43 
cell-0-11-3 424 1050 44 43 
cell-0-11-4 468 1050 44 43 
cell-0-11-5 512 1050 44 43 
cell-0-11-6 556 1050 438 43 
cell-0-12-0 292 1104 44 43 
cell-0-12-1 336 1104 44 43 
cell-0-12-2 380 1104 44 43 
cell-0-12-3 424 1104 44 43 
cell-0-12-4 468 1104 44 43 
cell-0-12-5 512 1104 44 43 
cell-0-12-6 556 1104 438 43 
cell-0-13-0 292 1158 44 43 
cell-0-13-1 336 1158 44 43 
cell-0-13-2 380 1158 44 43 
cell-0-13-3 424 1158 44 43 
cell-0-13-4 468 1158 44 43 
cell-0-13-5 512 1158 44 43 
cell-0-13-6 556 1158 438 43 
