table-0 643 60 228 724 
cell-0-0-0 643 60 45 35 
cell-0-0-1 688 60 45 35 
cell-0-0-2 733 60 45 35 
cell-0-0-3 778 60 45 35 
cell-0-0-4 823 60 45 35 
cell-0-1-0 643 109 45 35 
cell-0-1-1 688 109 45 35 
cell-0-1-2 733 109 45 35 
cell-0-1-3 778 109 45 35 
cell-0-1-4 823 109 45 35 
cell-0-2-0 643 158 45 35 
cell-0-2-1 688 158 45 35 
cell-0-2-2 733 158 45 35 
cell-0-2-3 778 158 45 35 
cell-0-2-4 823 158 45 35 
cell-0-3-0 643 207 45 35 
cell-0-3-1 688 207 45 35 
cell-0-3-2 733 207 45 35 
cell-0-3-3 778 207 45 35 
cell-0-3-4 823 207 45 35 
cell-0-4-0 643 256 45 35 
cell-0-4-1 688 256 45 35 
cell-0-4-2 733 256 45 35 
cell-0-4-3 778 256 45 35 
cell-0-4-4 823 256 45 35 
cell-0-5-0 643 305 45 35 
cell-0-5-1 688 305 45 35 
cell-0-5-2 733 305 45 35 
cell-0-5-3 778 305 45 35 
cell-0-5-4 823 305 45 35 
cell-0-6-0 643 354 45 35 
cell-0-6-1 688 354 45 35 
cell-0-6-2 733 354 45 35 
cell-0-6-3 778 354 45 35 
cell-0-6-4 823 354 45 35 
cell-0-7-0 643 403 45 35 
cell-0-7-1 688 403 45 35 
cell-0-7-2 733 403 45 35 
cell-0-7-3 778 403 45 35 
cell-0-7-4 823 403 45 35 
cell-0-8-0 643 452 45 35 
cell-0-8-1 688 452 45 35 
cell-0-8-2 733 452 45 35 
cell-0-8-3 778 452 45 35 
cell-0-8-4 823 452 45 35 
cell-0-9-0 643 501 45 35 
cell-0-9-1 688 501 45 35 
cell-0-9-2 733 501 45 35 
cell-0-9-3 778 501 45 35 
cell-0-9-4 823 501 45 35 
cell-0-10-0 643 550 45 35 
cell-0-10-1 688 550 45 35 
cell-0-10-2 733 550 45 35 
cell-0-10-3 778 550 45 35 
cell-0-10-4 823 550 45 35 
cell-0-11-0 643 599 45 35 
cell-0-11-1 688 599 45 35 
cell-0-11-2 733 599 45 35 
cell-0-11-3 778 599 45 35 
cell-0-11-4 823 599 45 35 
cell-0-12-0 643 648 45 35 
cell-0-12-1 688 648 45 35 
cell-0-12-2 733 648 45 35 
cell-0-12-3 778 648 45 35 
cell-0-12-4 823 648 45 35 
cell-0-13-0 643 697 45 35 
cell-0-13-1 688 697 45 35 
cell-0-13-2 733 697 45 35 
cell-0-13-3 778 697 45 35 
cell-0-13-4 823 697 45 35 
cell-0-14-0 643 746 45 35 
cell-0-14-1 688 746 45 35 
cell-0-14-2 733 746 45 35 
cell-0-14-3 778 746 45 35 
cell-0-14-4 823 746 45 35 
