table-0 73 243 259 446 
cell-0-0-0 73 243 43 35 
cell-0-0-1 116 243 43 35 
cell-0-0-2 159 243 43 35 
cell-0-0-3 202 243 43 35 
cell-0-0-4 245 243 43 35 
cell-0-0-5 288 243 43 35 
cell-0-1-0 73 284 43 35 
cell-0-1-1 116 284 43 35 
cell-0-1-2 159 284 43 35 
cell-0-1-3 202 284 43 35 
cell-0-1-4 245 284 43 35 
cell-0-1-5 288 284 43 35 
cell-0-2-0 73 325 43 35 
cell-0-2-1 116 325 43 35 
cell-0-2-2 159 325 43 35 
cell-0-2-3 202 325 43 35 
cell-0-2-4 245 325 43 35 
cell-0-2-5 288 325 43 35 
cell-0-3-0 73 366 43 35 
cell-0-3-1 116 366 43 35 
cell-0-3-2 159 366 43 35 
cell-0-3-3 202 366 43 35 
cell-0-3-4 245 366 43 35 
cell-0-3-5 288 366 43 35 
cell-0-4-0 73 407 43 35 
cell-0-4-1 116 407 43 35 
cell-0-4-2 159 407 43 35 
cell-0-4-3 202 407 43 35 
cell-0-4-4 245 407 43 35 
cell-0-4-5 288 407 43 35 
cell-0-5-0 73 448 43 35 
cell-0-5-1 116 448 43 35 
cell-0-5-2 159 448 43 35 
cell-0-5-3 202 448 43 35 
cell-0-5-4 245 448 43 35 
cell-0-5-5 288 448 43 35 
cell-0-6-0 73 489 43 35 
cell-0-6-1 116 489 43 35 
cell-0-6-2 159 489 43 35 
cell-0-6-3 202 489 43 35 
cell-0-6-4 245 489 43 35 
cell-0-6-5 288 489 43 35 
cell-0-7-0 73 530 43 35 
cell-0-7-1 116 530 43 35 
cell-0-7-2 159 530 43 35 
cell-0-7-3 202 530 43 35 
cell-0-7-4 245 530 43 35 
cell-0-7-5 288 530 43 35 
cell-0-8-0 73 571 43 35 
cell-0-8-1 116 571 43 35 
cell-0-8-2 159 571 43 35 
cell-0-8-3 202 571 43 35 
cell-0-8-4 245 571 43 35 
cell-0-8-5 288 571 43 35 
cell-0-9-0 73 612 43 35 
cell-0-9-1 116 612 43 35 
cell-0-9-2 159 612 43 35 
cell-0-9-3 202 612 43 35 
cell-0-9-4 245 612 43 35 
cell-0-9-5 288 612 43 35 
cell-0-10-0 73 653 43 35 
cell-0-10-1 116 653 43 35 
cell-0-10-2 159 653 43 35 
cell-0-10-3 202 653 43 35 
cell-0-10-4 245 653 43 35 
cell-0-10-5 288 653 43 35 
table-1 530 655 504 525 
cell-1-1-0 530 655 36 35 
cell-1-1-1 569 655 36 35 
cell-1-1-2 608 655 36 35 
cell-1-1-3 647 655 36 35 
cell-1-1-4 686 655 36 35 
cell-1-1-5 725 655 36 35 
cell-1-1-6 764 655 36 35 
cell-1-1-7 803 655 36 35 
cell-1-1-8 842 655 36 35 
cell-1-1-9 881 655 36 35 
cell-1-1-10 920 655 36 35 
cell-1-1-11 959 655 36 35 
cell-1-1-12 998 655 36 35 
cell-1-2-0 530 716 36 35 
cell-1-2-1 569 716 36 35 
cell-1-2-2 608 716 36 35 
cell-1-2-3 647 716 36 35 
cell-1-2-4 686 716 36 35 
cell-1-2-5 725 716 36 35 
cell-1-2-6 764 716 36 35 
cell-1-2-7 803 716 36 35 
cell-1-2-8 842 716 36 35 
cell-1-2-9 881 716 36 35 
cell-1-2-10 920 716 36 35 
cell-1-2-11 959 716 36 35 
cell-1-2-12 998 716 36 35 
cell-1-3-0 530 777 36 35 
cell-1-3-1 569 777 36 35 
cell-1-3-2 608 777 36 35 
cell-1-3-3 647 777 36 35 
cell-1-3-4 686 777 36 35 
cell-1-3-5 725 777 36 35 
cell-1-3-6 764 777 36 35 
cell-1-3-7 803 777 36 35 
cell-1-3-8 842 777 36 35 
cell-1-3-9 881 777 36 35 
cell-1-3-10 920 777 36 35 
cell-1-3-11 959 777 36 35 
cell-1-3-12 998 777 36 35 
cell-1-4-0 530 838 36 35 
cell-1-4-1 569 838 36 35 
cell-1-4-2 608 838 36 35 
cell-1-4-3 647 838 36 35 
cell-1-4-4 686 838 36 35 
cell-1-4-5 725 838 36 35 
cell-1-4-6 764 838 36 35 
cell-1-4-7 803 838 36 35 
cell-1-4-8 842 838 36 35 
cell-1-4-9 881 838 36 35 
cell-1-4-10 920 838 36 35 
cell-1-4-11 959 838 36 35 
cell-1-4-12 998 838 36 35 
cell-1-5-0 530 899 36 35 
cell-1-5-1 569 899 36 35 
cell-1-5-2 608 899 36 35 
cell-1-5-3 647 899 36 35 
cell-1-5-4 686 899 36 35 
cell-1-5-5 725 899 36 35 
cell-1-5-6 764 899 36 35 
cell-1-5-7 803 899 36 35 
cell-1-5-8 842 899 36 35 
cell-1-5-9 881 899 36 35 
cell-1-5-10 920 899 36 35 
cell-1-5-11 959 899 36 35 
cell-1-5-12 998 899 36 35 
cell-1-6-0 530 960 36 35 
cell-1-6-1 569 960 36 35 
cell-1-6-2 608 960 36 35 
cell-1-6-3 647 960 36 35 
cell-1-6-4 686 960 36 35 
cell-1-6-5 725 960 36 35 
cell-1-6-6 764 960 36 35 
cell-1-6-7 803 960 36 35 
cell-1-6-8 842 960 36 35 
cell-1-6-9 881 960 36 35 
cell-1-6-10 920 960 36 35 
cell-1-6-11 959 960 36 35 
cell-1-6-12 998 960 36 35 
cell-1-7-0 530 1021 36 35 
cell-1-7-1 569 1021 36 35 
cell-1-7-2 608 1021 36 35 
cell-1-7-3 647 1021 36 35 
cell-1-7-4 686 1021 36 35 
cell-1-7-5 725 1021 36 35 
cell-1-7-6 764 1021 36 35 
cell-1-7-7 803 1021 36 35 
cell-1-7-8 842 1021 36 35 
cell-1-7-9 881 1021 36 35 
cell-1-7-10 920 1021 36 35 
cell-1-7-11 959 1021 36 35 
cell-1-7-12 998 1021 36 35 
cell-1-8-0 530 1082 36 35 
cell-1-8-1 569 1082 36 35 
cell-1-8-2 608 1082 36 35 
cell-1-8-3 647 1082 36 35 
cell-1-8-4 686 1082 36 35 
cell-1-8-5 725 1082 36 35 
cell-1-8-6 764 1082 36 35 
cell-1-8-7 803 1082 36 35 
cell-1-8-8 842 1082 36 35 
cell-1-8-9 881 1082 36 35 
cell-1-8-10 920 1082 36 35 
cell-1-8-11 959 1082 36 35 
cell-1-8-12 998 1082 36 35 
cell-1-9-0 530 1143 36 35 
cell-1-9-1 569 1143 36 35 
cell-1-9-2 608 1143 36 35 
cell-1-9-3 647 1143 36 35 
cell-1-9-4 686 1143 36 35 
cell-1-9-5 725 1143 36 35 
cell-1-9-6 764 1143 36 35 
cell-1-9-7 803 1143 36 35 
cell-1-9-8 842 1143 36 35 
cell-1-9-9 881 1143 36 35 
cell-1-9-10 920 1143 36 35 
cell-1-9-11 959 1143 36 35 
cell-1-9-12 998 1143 36 35 
