table-0 383 855 183 528 
cell-0-0-0 383 855 45 35 
cell-0-0-1 428 855 45 35 
cell-0-0-2 473 855 45 35 
cell-0-0-3 518 855 45 35 
cell-0-1-0 383 904 45 35 
cell-0-1-1 428 904 45 35 
cell-0-1-2 473 904 45 35 
cell-0-1-3 518 904 45 35 
cell-0-2-0 383 953 45 35 
cell-0-2-1 428 953 45 35 
cell-0-2-2 473 953 45 35 
cell-0-2-3 518 953 45 35 
cell-0-3-0 383 1002 45 35 
cell-0-3-1 428 1002 45 35 
cell-0-3-2 473 1002 45 35 
cell-0-3-3 518 1002 45 35 
cell-0-4-0 383 1051 45 35 
cell-0-4-1 428 1051 45 35 
cell-0-4-2 473 1051 45 35 
cell-0-4-3 518 1051 45 35 
cell-0-5-0 383 1100 45 35 
cell-0-5-1 428 1100 45 35 
cell-0-5-2 473 1100 45 35 
cell-0-5-3 518 1100 45 35 
cell-0-6-0 383 1149 45 35 
cell-0-6-1 428 1149 45 35 
cell-0-6-2 473 1149 45 35 
cell-0-6-3 518 1149 45 35 
cell-0-7-0 383 1198 45 35 
cell-0-7-1 428 1198 45 35 
cell-0-7-2 473 1198 45 35 
cell-0-7-3 518 1198 45 35 
cell-0-8-0 383 1247 45 35 
cell-0-8-1 428 1247 45 35 
cell-0-8-2 473 1247 45 35 
cell-0-8-3 518 1247 45 35 
cell-0-9-0 383 1296 45 35 
cell-0-9-1 428 1296 45 35 
cell-0-9-2 473 1296 45 35 
cell-0-9-3 518 1296 45 35 
cell-0-10-0 383 1345 45 35 
cell-0-10-1 428 1345 45 35 
cell-0-10-2 473 1345 45 35 
cell-0-10-3 518 1345 45 35 
table-1 105 482 173 528 
cell-1-0-0 105 482 43 35 
cell-1-0-1 148 482 43 35 
cell-1-0-2 191 482 43 35 
cell-1-0-3 234 482 43 35 
cell-1-1-0 105 523 43 35 
cell-1-1-1 148 523 43 35 
cell-1-1-2 191 523 43 35 
cell-1-1-3 234 523 43 35 
cell-1-2-0 105 564 43 35 
cell-1-2-1 148 564 43 35 
cell-1-2-2 191 564 43 35 
cell-1-2-3 234 564 43 35 
cell-1-3-0 105 605 43 35 
cell-1-3-1 148 605 43 35 
cell-1-3-2 191 605 43 35 
cell-1-3-3 234 605 43 35 
cell-1-4-0 105 646 43 35 
cell-1-4-1 148 646 43 35 
cell-1-4-2 191 646 43 35 
cell-1-4-3 234 646 43 35 
cell-1-5-0 105 687 43 35 
cell-1-5-1 148 687 43 35 
cell-1-5-2 191 687 43 35 
cell-1-5-3 234 687 43 35 
cell-1-6-0 105 728 43 35 
cell-1-6-1 148 728 43 35 
cell-1-6-2 191 728 43 35 
cell-1-6-3 234 728 43 35 
cell-1-7-0 105 769 43 35 
cell-1-7-1 148 769 43 35 
cell-1-7-2 191 769 43 35 
cell-1-7-3 234 769 43 35 
cell-1-8-0 105 810 43 35 
cell-1-8-1 148 810 43 35 
cell-1-8-2 191 810 43 35 
cell-1-8-3 234 810 43 35 
cell-1-9-0 105 851 43 35 
cell-1-9-1 148 851 43 35 
cell-1-9-2 191 851 43 35 
cell-1-9-3 234 851 43 35 
cell-1-10-0 105 892 43 35 
cell-1-10-1 148 892 43 35 
cell-1-10-2 191 892 43 35 
cell-1-10-3 234 892 43 35 
cell-1-11-0 105 933 43 35 
cell-1-11-1 148 933 43 35 
cell-1-11-2 191 933 43 35 
cell-1-11-3 234 933 43 35 
cell-1-12-0 105 974 43 35 
cell-1-12-1 148 974 43 35 
cell-1-12-2 191 974 43 35 
cell-1-12-3 234 974 43 35 
table-3 359 371 441 228 
cell-3-1-0 359 371 34 35 
cell-3-1-1 396 371 34 35 
cell-3-1-2 433 371 34 35 
cell-3-1-3 470 371 34 35 
cell-3-1-4 507 371 34 35 
cell-3-1-5 544 371 34 35 
cell-3-1-6 581 371 34 35 
cell-3-1-7 618 371 34 35 
cell-3-1-8 655 371 34 35 
cell-3-1-9 692 371 34 35 
cell-3-1-10 729 371 34 35 
cell-3-1-11 766 371 34 35 
cell-3-2-0 359 435 34 35 
cell-3-2-1 396 435 34 35 
cell-3-2-2 433 435 34 35 
cell-3-2-3 470 435 34 35 
cell-3-2-4 507 435 34 35 
cell-3-2-5 544 435 34 35 
cell-3-2-6 581 435 34 35 
cell-3-2-7 618 435 34 35 
cell-3-2-8 655 435 34 35 
cell-3-2-9 692 435 34 35 
cell-3-2-10 729 435 34 35 
cell-3-2-11 766 435 34 35 
cell-3-3-0 359 499 34 35 
cell-3-3-1 396 499 34 35 
cell-3-3-2 433 499 34 35 
cell-3-3-3 470 499 34 35 
cell-3-3-4 507 499 34 35 
cell-3-3-5 544 499 34 35 
cell-3-3-6 581 499 34 35 
cell-3-3-7 618 499 34 35 
cell-3-3-8 655 499 34 35 
cell-3-3-9 692 499 34 35 
cell-3-3-10 729 499 34 35 
cell-3-3-11 766 499 34 35 
cell-3-4-0 359 563 34 35 
cell-3-4-1 396 563 34 35 
cell-3-4-2 433 563 34 35 
cell-3-4-3 470 563 34 35 
cell-3-4-4 507 563 34 35 
cell-3-4-5 544 563 34 35 
cell-3-4-6 581 563 34 35 
cell-3-4-7 618 563 34 35 
cell-3-4-8 655 563 34 35 
cell-3-4-9 692 563 34 35 
cell-3-4-10 729 563 34 35 
cell-3-4-11 766 563 34 35 
