table-0 265 782 600 251 
cell-0-0-0 265 782 85 33 
cell-0-0-1 350 782 85 33 
cell-0-0-2 435 782 85 33 
cell-0-0-3 520 782 85 33 
cell-0-0-4 605 782 85 33 
cell-0-0-5 690 782 85 33 
cell-0-0-6 775 782 85 33 
cell-0-1-0 265 818 85 33 
cell-0-1-1 350 818 85 33 
cell-0-1-2 435 818 85 33 
cell-0-1-3 520 818 85 33 
cell-0-1-4 605 818 85 33 
cell-0-1-5 690 818 85 33 
cell-0-1-6 775 818 85 33 
cell-0-2-0 265 854 85 33 
cell-0-2-1 350 854 85 33 
cell-0-2-2 435 854 85 33 
cell-0-2-3 520 854 85 33 
cell-0-2-4 605 854 85 33 
cell-0-2-5 690 854 85 33 
cell-0-2-6 775 854 85 33 
cell-0-3-0 265 890 85 33 
cell-0-3-1 350 890 85 33 
cell-0-3-2 435 890 85 33 
cell-0-3-3 520 890 85 33 
cell-0-3-4 605 890 85 33 
cell-0-3-5 690 890 85 33 
cell-0-3-6 775 890 85 33 
cell-0-4-0 265 926 85 33 
cell-0-4-1 350 926 85 33 
cell-0-4-2 435 926 85 33 
cell-0-4-3 520 926 85 33 
cell-0-4-4 605 926 85 33 
cell-0-4-5 690 926 85 33 
cell-0-4-6 775 926 85 33 
cell-0-5-0 265 962 85 33 
cell-0-5-1 350 962 85 33 
cell-0-5-2 435 962 85 33 
cell-0-5-3 520 962 85 33 
cell-0-5-4 605 962 85 33 
cell-0-5-5 690 962 85 33 
cell-0-5-6 775 962 85 33 
cell-0-6-0 265 998 85 33 
cell-0-6-1 350 998 85 33 
cell-0-6-2 435 998 85 33 
cell-0-6-3 520 998 85 33 
cell-0-6-4 605 998 85 33 
cell-0-6-5 690 998 85 33 
cell-0-6-6 775 998 85 33 
table-2 60 281 1000 259 
cell-2-0-0 60 281 250 36 
cell-2-0-1 310 281 250 36 
cell-2-0-2 560 281 250 36 
cell-2-0-3 810 281 250 36 
cell-2-1-0 60 318 250 36 
cell-2-1-1 310 318 250 36 
cell-2-1-2 560 318 250 36 
cell-2-1-3 810 318 250 36 
cell-2-2-0 60 355 250 36 
cell-2-2-1 310 355 250 36 
cell-2-2-2 560 355 250 36 
cell-2-2-3 810 355 250 36 
cell-2-3-0 60 392 250 36 
cell-2-3-1 310 392 250 36 
cell-2-3-2 560 392 250 36 
cell-2-3-3 810 392 250 36 
cell-2-4-0 60 429 250 36 
cell-2-4-1 310 429 250 36 
cell-2-4-2 560 429 250 36 
cell-2-4-3 810 429 250 36 
cell-2-5-0 60 466 250 36 
cell-2-5-1 310 466 250 36 
cell-2-5-2 560 466 250 36 
cell-2-5-3 810 466 250 36 
cell-2-6-0 60 503 250 36 
cell-2-6-1 310 503 250 36 
cell-2-6-2 560 503 250 36 
cell-2-6-3 810 503 250 36 
