table-0 548 384 259 596 
cell-0-0-0 548 384 43 35 
cell-0-0-1 591 384 43 35 
cell-0-0-2 634 384 43 35 
cell-0-0-3 677 384 43 35 
cell-0-0-4 720 384 43 35 
cell-0-0-5 763 384 43 35 
cell-0-1-0 548 424 43 35 
cell-0-1-1 591 424 43 35 
cell-0-1-2 634 424 43 35 
cell-0-1-3 677 424 43 35 
cell-0-1-4 720 424 43 35 
cell-0-1-5 763 424 43 35 
cell-0-2-0 548 464 43 35 
cell-0-2-1 591 464 43 35 
cell-0-2-2 634 464 43 35 
cell-0-2-3 677 464 43 35 
cell-0-2-4 720 464 43 35 
cell-0-2-5 763 464 43 35 
cell-0-3-0 548 504 43 35 
cell-0-3-1 591 504 43 35 
cell-0-3-2 634 504 43 35 
cell-0-3-3 677 504 43 35 
cell-0-3-4 720 504 43 35 
cell-0-3-5 763 504 43 35 
cell-0-4-0 548 544 43 35 
cell-0-4-1 591 544 43 35 
cell-0-4-2 634 544 43 35 
cell-0-4-3 677 544 43 35 
cell-0-4-4 720 544 43 35 
cell-0-4-5 763 544 43 35 
cell-0-5-0 548 584 43 35 
cell-0-5-1 591 584 43 35 
cell-0-5-2 634 584 43 35 
cell-0-5-3 677 584 43 35 
cell-0-5-4 720 584 43 35 
cell-0-5-5 763 584 43 35 
cell-0-6-0 548 624 43 35 
cell-0-6-1 591 624 43 35 
cell-0-6-2 634 624 43 35 
cell-0-6-3 677 624 43 35 
cell-0-6-4 720 624 43 35 
cell-0-6-5 763 624 43 35 
cell-0-7-0 548 664 43 35 
cell-0-7-1 591 664 43 35 
cell-0-7-2 634 664 43 35 
cell-0-7-3 677 664 43 35 
cell-0-7-4 720 664 43 35 
cell-0-7-5 763 664 43 35 
cell-0-8-0 548 704 43 35 
cell-0-8-1 591 704 43 35 
cell-0-8-2 634 704 43 35 
cell-0-8-3 677 704 43 35 
cell-0-8-4 720 704 43 35 
cell-0-8-5 763 704 43 35 
cell-0-9-0 548 744 43 35 
cell-0-9-1 591 744 43 35 
cell-0-9-2 634 744 43 35 
cell-0-9-3 677 744 43 35 
cell-0-9-4 720 744 43 35 
cell-0-9-5 763 744 43 35 
cell-0-10-0 548 784 43 35 
cell-0-10-1 591 784 43 35 
cell-0-10-2 634 784 43 35 
cell-0-10-3 677 784 43 35 
cell-0-10-4 720 784 43 35 
cell-0-10-5 763 784 43 35 
cell-0-11-0 548 824 43 35 
cell-0-11-1 591 824 43 35 
cell-0-11-2 634 824 43 35 
cell-0-11-3 677 824 43 35 
cell-0-11-4 720 824 43 35 
cell-0-11-5 763 824 43 35 
cell-0-12-0 548 864 43 35 
cell-0-12-1 591 864 43 35 
cell-0-12-2 634 864 43 35 
cell-0-12-3 677 864 43 35 
cell-0-12-4 720 864 43 35 
cell-0-12-5 763 864 43 35 
cell-0-13-0 548 904 43 35 
cell-0-13-1 591 904 43 35 
cell-0-13-2 634 904 43 35 
cell-0-13-3 677 904 43 35 
cell-0-13-4 720 904 43 35 
cell-0-13-5 763 904 43 35 
cell-0-14-0 548 944 43 35 
cell-0-14-1 591 944 43 35 
cell-0-14-2 634 944 43 35 
cell-0-14-3 677 944 43 35 
cell-0-14-4 720 944 43 35 
cell-0-14-5 763 944 43 35 
