table-0 109 249 800 316 
cell-0-0-0 109 249 88 43 
cell-0-0-1 197 249 88 43 
cell-0-0-2 285 249 88 43 
cell-0-0-3 373 249 88 43 
cell-0-0-4 461 249 88 43 
cell-0-0-5 549 249 88 43 
cell-0-0-6 637 249 88 43 
cell-0-0-7 725 249 88 43 
cell-0-0-8 813 249 88 43 
cell-0-1-0 109 294 88 43 
cell-0-1-1 197 294 88 43 
cell-0-1-2 285 294 88 43 
cell-0-1-3 373 294 88 43 
cell-0-1-4 461 294 88 43 
cell-0-1-5 549 294 88 43 
cell-0-1-6 637 294 88 43 
cell-0-1-7 725 294 88 43 
cell-0-1-8 813 294 88 43 
cell-0-2-0 109 339 88 43 
cell-0-2-1 197 339 88 43 
cell-0-2-2 285 339 88 43 
cell-0-2-3 373 339 88 43 
cell-0-2-4 461 339 88 43 
cell-0-2-5 549 339 88 43 
cell-0-2-6 637 339 88 43 
cell-0-2-7 725 339 88 43 
cell-0-2-8 813 339 88 43 
cell-0-3-0 109 384 88 43 
cell-0-3-1 197 384 88 43 
cell-0-3-2 285 384 88 43 
cell-0-3-3 373 384 88 43 
cell-0-3-4 461 384 88 43 
cell-0-3-5 549 384 88 43 
cell-0-3-6 637 384 88 43 
cell-0-3-7 725 384 88 43 
cell-0-3-8 813 384 88 43 
cell-0-4-0 109 429 88 43 
cell-0-4-1 197 429 88 43 
cell-0-4-2 285 429 88 43 
cell-0-4-3 373 429 88 43 
cell-0-4-4 461 429 88 43 
cell-0-4-5 549 429 88 43 
cell-0-4-6 637 429 88 43 
cell-0-4-7 725 429 88 43 
cell-0-4-8 813 429 88 43 
cell-0-5-0 109 474 88 43 
cell-0-5-1 197 474 88 43 
cell-0-5-2 285 474 88 43 
cell-0-5-3 373 474 88 43 
cell-0-5-4 461 474 88 43 
cell-0-5-5 549 474 88 43 
cell-0-5-6 637 474 88 43 
cell-0-5-7 725 474 88 43 
cell-0-5-8 813 474 88 43 
cell-0-6-0 109 519 88 43 
cell-0-6-1 197 519 88 43 
cell-0-6-2 285 519 88 43 
cell-0-6-3 373 519 88 43 
cell-0-6-4 461 519 88 43 
cell-0-6-5 549 519 88 43 
cell-0-6-6 637 519 88 43 
cell-0-6-7 725 519 88 43 
cell-0-6-8 813 519 88 43 
