table-0 324 953 173 480 
cell-0-0-0 324 953 43 35 
cell-0-0-1 367 953 43 35 
cell-0-0-2 410 953 43 35 
cell-0-0-3 453 953 43 35 
cell-0-1-0 324 990 43 35 
cell-0-1-1 367 990 43 35 
cell-0-1-2 410 990 43 35 
cell-0-1-3 453 990 43 35 
cell-0-2-0 324 1027 43 35 
cell-0-2-1 367 1027 43 35 
cell-0-2-2 410 1027 43 35 
cell-0-2-3 453 1027 43 35 
cell-0-3-0 324 1064 43 35 
cell-0-3-1 367 1064 43 35 
cell-0-3-2 410 1064 43 35 
cell-0-3-3 453 1064 43 35 
cell-0-4-0 324 1101 43 35 
cell-0-4-1 367 1101 43 35 
cell-0-4-2 410 1101 43 35 
cell-0-4-3 453 1101 43 35 
cell-0-5-0 324 1138 43 35 
cell-0-5-1 367 1138 43 35 
cell-0-5-2 410 1138 43 35 
cell-0-5-3 453 1138 43 35 
cell-0-6-0 324 1175 43 35 
cell-0-6-1 367 1175 43 35 
cell-0-6-2 410 1175 43 35 
cell-0-6-3 453 1175 43 35 
cell-0-7-0 324 1212 43 35 
cell-0-7-1 367 1212 43 35 
cell-0-7-2 410 1212 43 35 
cell-0-7-3 453 1212 43 35 
cell-0-8-0 324 1249 43 35 
cell-0-8-1 367 1249 43 35 
cell-0-8-2 410 1249 43 35 
cell-0-8-3 453 1249 43 35 
cell-0-9-0 324 1286 43 35 
cell-0-9-1 367 1286 43 35 
cell-0-9-2 410 1286 43 35 
cell-0-9-3 453 1286 43 35 
cell-0-10-0 324 1323 43 35 
cell-0-10-1 367 1323 43 35 
cell-0-10-2 410 1323 43 35 
cell-0-10-3 453 1323 43 35 
cell-0-11-0 324 1360 43 35 
cell-0-11-1 367 1360 43 35 
cell-0-11-2 410 1360 43 35 
cell-0-11-3 453 1360 43 35 
cell-0-12-0 324 1397 43 35 
cell-0-12-1 367 1397 43 35 
cell-0-12-2 410 1397 43 35 
cell-0-12-3 453 1397 43 35 
table-3 96 414 900 389 
cell-3-0-0 96 414 112 36 
cell-3-0-1 208 414 112 36 
cell-3-0-2 320 414 112 36 
cell-3-0-3 432 414 112 36 
cell-3-0-4 544 414 112 36 
cell-3-0-5 656 414 112 36 
cell-3-0-6 768 414 112 36 
cell-3-0-7 880 414 112 36 
cell-3-1-0 96 453 112 36 
cell-3-1-1 208 453 112 36 
cell-3-1-2 320 453 112 36 
cell-3-1-3 432 453 112 36 
cell-3-1-4 544 453 112 36 
cell-3-1-5 656 453 112 36 
cell-3-1-6 768 453 112 36 
cell-3-1-7 880 453 112 36 
cell-3-2-0 96 492 112 36 
cell-3-2-1 208 492 112 36 
cell-3-2-2 320 492 112 36 
cell-3-2-3 432 492 112 36 
cell-3-2-4 544 492 112 36 
cell-3-2-5 656 492 112 36 
cell-3-2-6 768 492 112 36 
cell-3-2-7 880 492 112 36 
cell-3-3-0 96 531 112 36 
cell-3-3-1 208 531 112 36 
cell-3-3-2 320 531 112 36 
cell-3-3-3 432 531 112 36 
cell-3-3-4 544 531 112 36 
cell-3-3-5 656 531 112 36 
cell-3-3-6 768 531 112 36 
cell-3-3-7 880 531 112 36 
cell-3-4-0 96 570 112 36 
cell-3-4-1 208 570 112 36 
cell-3-4-2 320 570 112 36 
cell-3-4-3 432 570 112 36 
cell-3-4-4 544 570 112 36 
cell-3-4-5 656 570 112 36 
cell-3-4-6 768 570 112 36 
cell-3-4-7 880 570 112 36 
cell-3-5-0 96 609 112 36 
cell-3-5-1 208 609 112 36 
cell-3-5-2 320 609 112 36 
cell-3-5-3 432 609 112 36 
cell-3-5-4 544 609 112 36 
cell-3-5-5 656 609 112 36 
cell-3-5-6 768 609 112 36 
cell-3-5-7 880 609 112 36 
cell-3-6-0 96 648 112 36 
cell-3-6-1 208 648 112 36 
cell-3-6-2 320 648 112 36 
cell-3-6-3 432 648 112 36 
cell-3-6-4 544 648 112 36 
cell-3-6-5 656 648 112 36 
cell-3-6-6 768 648 112 36 
cell-3-6-7 880 648 112 36 
cell-3-7-0 96 687 112 36 
cell-3-7-1 208 687 112 36 
cell-3-7-2 320 687 112 36 
cell-3-7-3 432 687 112 36 
cell-3-7-4 544 687 112 36 
cell-3-7-5 656 687 112 36 
cell-3-7-6 768 687 112 36 
cell-3-7-7 880 687 112 36 
cell-3-8-0 96 726 112 36 
cell-3-8-1 208 726 112 36 
cell-3-8-2 320 726 112 36 
cell-3-8-3 432 726 112 36 
cell-3-8-4 544 726 112 36 
cell-3-8-5 656 726 112 36 
cell-3-8-6 768 726 112 36 
cell-3-8-7 880 726 112 36 
cell-3-9-0 96 765 112 36 
cell-3-9-1 208 765 112 36 
cell-3-9-2 320 765 112 36 
cell-3-9-3 432 765 112 36 
cell-3-9-4 544 765 112 36 
cell-3-9-5 656 765 112 36 
cell-3-9-6 768 765 112 36 
cell-3-9-7 880 765 112 36 
