table-0 64 544 653 694 
cell-0-0-0 64 544 44 42 
cell-0-0-1 108 544 44 42 
cell-0-0-2 152 544 44 42 
cell-0-0-3 196 544 44 42 
cell-0-0-4 240 544 44 42 
cell-0-0-5 284 544 433 42 
cell-0-1-0 64 594 44 42 
cell-0-1-1 108 594 44 42 
cell-0-1-2 152 594 44 42 
cell-0-1-3 196 594 44 42 
cell-0-1-4 240 594 44 42 
cell-0-1-5 284 594 433 42 
cell-0-2-0 64 644 44 42 
cell-0-2-1 108 644 44 42 
cell-0-2-2 152 644 44 42 
cell-0-2-3 196 644 44 42 
cell-0-2-4 240 644 44 42 
cell-0-2-5 284 644 433 42 
cell-0-3-0 64 694 44 42 
cell-0-3-1 108 694 44 42 
cell-0-3-2 152 694 44 42 
cell-0-3-3 196 694 44 42 
cell-0-3-4 240 694 44 42 
cell-0-3-5 284 694 433 42 
cell-0-4-0 64 744 44 42 
cell-0-4-1 108 744 44 42 
cell-0-4-2 152 744 44 42 
cell-0-4-3 196 744 44 42 
cell-0-4-4 240 744 44 42 
cell-0-4-5 284 744 433 42 
cell-0-5-0 64 794 44 42 
cell-0-5-1 108 794 44 42 
cell-0-5-2 152 794 44 42 
cell-0-5-3 196 794 44 42 
cell-0-5-4 240 794 44 42 
cell-0-5-5 284 794 433 42 
cell-0-6-0 64 844 44 42 
cell-0-6-1 108 844 44 42 
cell-0-6-2 152 844 44 42 
cell-0-6-3 196 844 44 42 
cell-0-6-4 240 844 44 42 
cell-0-6-5 284 844 433 42 
cell-0-7-0 64 894 44 42 
cell-0-7-1 108 894 44 42 
cell-0-7-2 152 894 44 42 
cell-0-7-3 196 894 44 42 
cell-0-7-4 240 894 44 42 
cell-0-7-5 284 894 433 42 
cell-0-8-0 64 944 44 42 
cell-0-8-1 108 944 44 42 
cell-0-8-2 152 944 44 42 
cell-0-8-3 196 944 44 42 
cell-0-8-4 240 944 44 42 
cell-0-8-5 284 944 433 42 
cell-0-9-0 64 994 44 42 
cell-0-9-1 108 994 44 42 
cell-0-9-2 152 994 44 42 
cell-0-9-3 196 994 44 42 
cell-0-9-4 240 994 44 42 
cell-0-9-5 284 994 433 42 
cell-0-10-0 64 1044 44 42 
cell-0-10-1 108 1044 44 42 
cell-0-10-2 152 1044 44 42 
cell-0-10-3 196 1044 44 42 
cell-0-10-4 240 1044 44 42 
cell-0-10-5 284 1044 433 42 
cell-0-11-0 64 1094 44 42 
cell-0-11-1 108 1094 44 42 
cell-0-11-2 152 1094 44 42 
cell-0-11-3 196 1094 44 42 
cell-0-11-4 240 1094 44 42 
cell-0-11-5 284 1094 433 42 
cell-0-12-0 64 1144 44 42 
cell-0-12-1 108 1144 44 42 
cell-0-12-2 152 1144 44 42 
cell-0-12-3 196 1144 44 42 
cell-0-12-4 240 1144 44 42 
cell-0-12-5 284 1144 433 42 
cell-0-13-0 64 1194 44 42 
cell-0-13-1 108 1194 44 42 
cell-0-13-2 152 1194 44 42 
cell-0-13-3 196 1194 44 42 
cell-0-13-4 240 1194 44 42 
cell-0-13-5 284 1194 433 42 
