table-0 715 531 178 497 
cell-0-0-0 715 531 44 35 
cell-0-0-1 759 531 44 35 
cell-0-0-2 803 531 44 35 
cell-0-0-3 847 531 44 35 
cell-0-1-0 715 577 44 35 
cell-0-1-1 759 577 44 35 
cell-0-1-2 803 577 44 35 
cell-0-1-3 847 577 44 35 
cell-0-2-0 715 623 44 35 
cell-0-2-1 759 623 44 35 
cell-0-2-2 803 623 44 35 
cell-0-2-3 847 623 44 35 
cell-0-3-0 715 669 44 35 
cell-0-3-1 759 669 44 35 
cell-0-3-2 803 669 44 35 
cell-0-3-3 847 669 44 35 
cell-0-4-0 715 715 44 35 
cell-0-4-1 759 715 44 35 
cell-0-4-2 803 715 44 35 
cell-0-4-3 847 715 44 35 
cell-0-5-0 715 761 44 35 
cell-0-5-1 759 761 44 35 
cell-0-5-2 803 761 44 35 
cell-0-5-3 847 761 44 35 
cell-0-6-0 715 807 44 35 
cell-0-6-1 759 807 44 35 
cell-0-6-2 803 807 44 35 
cell-0-6-3 847 807 44 35 
cell-0-7-0 715 853 44 35 
cell-0-7-1 759 853 44 35 
cell-0-7-2 803 853 44 35 
cell-0-7-3 847 853 44 35 
cell-0-8-0 715 899 44 35 
cell-0-8-1 759 899 44 35 
cell-0-8-2 803 899 44 35 
cell-0-8-3 847 899 44 35 
cell-0-9-0 715 945 44 35 
cell-0-9-1 759 945 44 35 
cell-0-9-2 803 945 44 35 
cell-0-9-3 847 945 44 35 
cell-0-10-0 715 991 44 35 
cell-0-10-1 759 991 44 35 
cell-0-10-2 803 991 44 35 
cell-0-10-3 847 991 44 35 
