header-0 87 1093 903 193 
row-1-1 87 1093 368 40 
row-1-2 475 1093 269 40 
row-2-1 87 1143 401 40 
row-2-2 508 1143 477 40 
row-3-1 87 1193 599 40 
row-4-1 87 1243 467 40 
table-1 609 449 342 160 
cell-1-1-0 609 449 34 35 
cell-1-1-1 643 449 34 35 
cell-1-1-2 677 449 34 35 
cell-1-1-3 711 449 34 35 
cell-1-1-4 745 449 34 35 
cell-1-1-5 779 449 34 35 
cell-1-1-6 813 449 34 35 
cell-1-1-7 847 449 34 35 
cell-1-1-8 881 449 34 35 
cell-1-1-9 915 449 34 35 
cell-1-2-0 609 490 34 35 
cell-1-2-1 643 490 34 35 
cell-1-2-2 677 490 34 35 
cell-1-2-3 711 490 34 35 
cell-1-2-4 745 490 34 35 
cell-1-2-5 779 490 34 35 
cell-1-2-6 813 490 34 35 
cell-1-2-7 847 490 34 35 
cell-1-2-8 881 490 34 35 
cell-1-2-9 915 490 34 35 
cell-1-3-0 609 531 34 35 
cell-1-3-1 643 531 34 35 
cell-1-3-2 677 531 34 35 
cell-1-3-3 711 531 34 35 
cell-1-3-4 745 531 34 35 
cell-1-3-5 779 531 34 35 
cell-1-3-6 813 531 34 35 
cell-1-3-7 847 531 34 35 
cell-1-3-8 881 531 34 35 
cell-1-3-9 915 531 34 35 
cell-1-4-0 609 572 34 35 
cell-1-4-1 643 572 34 35 
cell-1-4-2 677 572 34 35 
cell-1-4-3 711 572 34 35 
cell-1-4-4 745 572 34 35 
cell-1-4-5 779 572 34 35 
cell-1-4-6 813 572 34 35 
cell-1-4-7 847 572 34 35 
cell-1-4-8 881 572 34 35 
cell-1-4-9 915 572 34 35 
