table-0 385 596 653 380 
cell-0-1-0 385 596 38 35 
cell-0-1-1 426 596 38 35 
cell-0-1-2 467 596 38 35 
cell-0-1-3 508 596 38 35 
cell-0-1-4 549 596 38 35 
cell-0-1-5 590 596 38 35 
cell-0-1-6 631 596 38 35 
cell-0-1-7 672 596 38 35 
cell-0-1-8 713 596 38 35 
cell-0-1-9 754 596 38 35 
cell-0-1-10 795 596 38 35 
cell-0-1-11 836 596 38 35 
cell-0-1-12 877 596 38 35 
cell-0-1-13 918 596 38 35 
cell-0-1-14 959 596 38 35 
cell-0-1-15 1000 596 38 35 
cell-0-2-0 385 634 38 35 
cell-0-2-1 426 634 38 35 
cell-0-2-2 467 634 38 35 
cell-0-2-3 508 634 38 35 
cell-0-2-4 549 634 38 35 
cell-0-2-5 590 634 38 35 
cell-0-2-6 631 634 38 35 
cell-0-2-7 672 634 38 35 
cell-0-2-8 713 634 38 35 
cell-0-2-9 754 634 38 35 
cell-0-2-10 795 634 38 35 
cell-0-2-11 836 634 38 35 
cell-0-2-12 877 634 38 35 
cell-0-2-13 918 634 38 35 
cell-0-2-14 959 634 38 35 
cell-0-2-15 1000 634 38 35 
cell-0-3-0 385 672 38 35 
cell-0-3-1 426 672 38 35 
cell-0-3-2 467 672 38 35 
cell-0-3-3 508 672 38 35 
cell-0-3-4 549 672 38 35 
cell-0-3-5 590 672 38 35 
cell-0-3-6 631 672 38 35 
cell-0-3-7 672 672 38 35 
cell-0-3-8 713 672 38 35 
cell-0-3-9 754 672 38 35 
cell-0-3-10 795 672 38 35 
cell-0-3-11 836 672 38 35 
cell-0-3-12 877 672 38 35 
cell-0-3-13 918 672 38 35 
cell-0-3-14 959 672 38 35 
cell-0-3-15 1000 672 38 35 
cell-0-4-0 385 710 38 35 
cell-0-4-1 426 710 38 35 
cell-0-4-2 467 710 38 35 
cell-0-4-3 508 710 38 35 
cell-0-4-4 549 710 38 35 
cell-0-4-5 590 710 38 35 
cell-0-4-6 631 710 38 35 
cell-0-4-7 672 710 38 35 
cell-0-4-8 713 710 38 35 
cell-0-4-9 754 710 38 35 
cell-0-4-10 795 710 38 35 
cell-0-4-11 836 710 38 35 
cell-0-4-12 877 710 38 35 
cell-0-4-13 918 710 38 35 
cell-0-4-14 959 710 38 35 
cell-0-4-15 1000 710 38 35 
cell-0-5-0 385 748 38 35 
cell-0-5-1 426 748 38 35 
cell-0-5-2 467 748 38 35 
cell-0-5-3 508 748 38 35 
cell-0-5-4 549 748 38 35 
cell-0-5-5 590 748 38 35 
cell-0-5-6 631 748 38 35 
cell-0-5-7 672 748 38 35 
cell-0-5-8 713 748 38 35 
cell-0-5-9 754 748 38 35 
cell-0-5-10 795 748 38 35 
cell-0-5-11 836 748 38 35 
cell-0-5-12 877 748 38 35 
cell-0-5-13 918 748 38 35 
cell-0-5-14 959 748 38 35 
cell-0-5-15 1000 748 38 35 
cell-0-6-0 385 786 38 35 
cell-0-6-1 426 786 38 35 
cell-0-6-2 467 786 38 35 
cell-0-6-3 508 786 38 35 
cell-0-6-4 549 786 38 35 
cell-0-6-5 590 786 38 35 
cell-0-6-6 631 786 38 35 
cell-0-6-7 672 786 38 35 
cell-0-6-8 713 786 38 35 
cell-0-6-9 754 786 38 35 
cell-0-6-10 795 786 38 35 
cell-0-6-11 836 786 38 35 
cell-0-6-12 877 786 38 35 
cell-0-6-13 918 786 38 35 
cell-0-6-14 959 786 38 35 
cell-0-6-15 1000 786 38 35 
cell-0-7-0 385 824 38 35 
cell-0-7-1 426 824 38 35 
cell-0-7-2 467 824 38 35 
cell-0-7-3 508 824 38 35 
cell-0-7-4 549 824 38 35 
cell-0-7-5 590 824 38 35 
cell-0-7-6 631 824 38 35 
cell-0-7-7 672 824 38 35 
cell-0-7-8 713 824 38 35 
cell-0-7-9 754 824 38 35 
cell-0-7-10 795 824 38 35 
cell-0-7-11 836 824 38 35 
cell-0-7-12 877 824 38 35 
cell-0-7-13 918 824 38 35 
cell-0-7-14 959 824 38 35 
cell-0-7-15 1000 824 38 35 
cell-0-8-0 385 862 38 35 
cell-0-8-1 426 862 38 35 
cell-0-8-2 467 862 38 35 
cell-0-8-3 508 862 38 35 
cell-0-8-4 549 862 38 35 
cell-0-8-5 590 862 38 35 
cell-0-8-6 631 862 38 35 
cell-0-8-7 672 862 38 35 
cell-0-8-8 713 862 38 35 
cell-0-8-9 754 862 38 35 
cell-0-8-10 795 862 38 35 
cell-0-8-11 836 862 38 35 
cell-0-8-12 877 862 38 35 
cell-0-8-13 918 862 38 35 
cell-0-8-14 959 862 38 35 
cell-0-8-15 1000 862 38 35 
cell-0-9-0 385 900 38 35 
cell-0-9-1 426 900 38 35 
cell-0-9-2 467 900 38 35 
cell-0-9-3 508 900 38 35 
cell-0-9-4 549 900 38 35 
cell-0-9-5 590 900 38 35 
cell-0-9-6 631 900 38 35 
cell-0-9-7 672 900 38 35 
cell-0-9-8 713 900 38 35 
cell-0-9-9 754 900 38 35 
cell-0-9-10 795 900 38 35 
cell-0-9-11 836 900 38 35 
cell-0-9-12 877 900 38 35 
cell-0-9-13 918 900 38 35 
cell-0-9-14 959 900 38 35 
cell-0-9-15 1000 900 38 35 
cell-0-10-0 385 938 38 35 
cell-0-10-1 426 938 38 35 
cell-0-10-2 467 938 38 35 
cell-0-10-3 508 938 38 35 
cell-0-10-4 549 938 38 35 
cell-0-10-5 590 938 38 35 
cell-0-10-6 631 938 38 35 
cell-0-10-7 672 938 38 35 
cell-0-10-8 713 938 38 35 
cell-0-10-9 754 938 38 35 
cell-0-10-10 795 938 38 35 
cell-0-10-11 836 938 38 35 
cell-0-10-12 877 938 38 35 
cell-0-10-13 918 938 38 35 
cell-0-10-14 959 938 38 35 
cell-0-10-15 1000 938 38 35 
