table-0 587 883 259 480 
cell-0-0-0 587 883 43 35 
cell-0-0-1 630 883 43 35 
cell-0-0-2 673 883 43 35 
cell-0-0-3 716 883 43 35 
cell-0-0-4 759 883 43 35 
cell-0-0-5 802 883 43 35 
cell-0-1-0 587 920 43 35 
cell-0-1-1 630 920 43 35 
cell-0-1-2 673 920 43 35 
cell-0-1-3 716 920 43 35 
cell-0-1-4 759 920 43 35 
cell-0-1-5 802 920 43 35 
cell-0-2-0 587 957 43 35 
cell-0-2-1 630 957 43 35 
cell-0-2-2 673 957 43 35 
cell-0-2-3 716 957 43 35 
cell-0-2-4 759 957 43 35 
cell-0-2-5 802 957 43 35 
cell-0-3-0 587 994 43 35 
cell-0-3-1 630 994 43 35 
cell-0-3-2 673 994 43 35 
cell-0-3-3 716 994 43 35 
cell-0-3-4 759 994 43 35 
cell-0-3-5 802 994 43 35 
cell-0-4-0 587 1031 43 35 
cell-0-4-1 630 1031 43 35 
cell-0-4-2 673 1031 43 35 
cell-0-4-3 716 1031 43 35 
cell-0-4-4 759 1031 43 35 
cell-0-4-5 802 1031 43 35 
cell-0-5-0 587 1068 43 35 
cell-0-5-1 630 1068 43 35 
cell-0-5-2 673 1068 43 35 
cell-0-5-3 716 1068 43 35 
cell-0-5-4 759 1068 43 35 
cell-0-5-5 802 1068 43 35 
cell-0-6-0 587 1105 43 35 
cell-0-6-1 630 1105 43 35 
cell-0-6-2 673 1105 43 35 
cell-0-6-3 716 1105 43 35 
cell-0-6-4 759 1105 43 35 
cell-0-6-5 802 1105 43 35 
cell-0-7-0 587 1142 43 35 
cell-0-7-1 630 1142 43 35 
cell-0-7-2 673 1142 43 35 
cell-0-7-3 716 1142 43 35 
cell-0-7-4 759 1142 43 35 
cell-0-7-5 802 1142 43 35 
cell-0-8-0 587 1179 43 35 
cell-0-8-1 630 1179 43 35 
cell-0-8-2 673 1179 43 35 
cell-0-8-3 716 1179 43 35 
cell-0-8-4 759 1179 43 35 
cell-0-8-5 802 1179 43 35 
cell-0-9-0 587 1216 43 35 
cell-0-9-1 630 1216 43 35 
cell-0-9-2 673 1216 43 35 
cell-0-9-3 716 1216 43 35 
cell-0-9-4 759 1216 43 35 
cell-0-9-5 802 1216 43 35 
cell-0-10-0 587 1253 43 35 
cell-0-10-1 630 1253 43 35 
cell-0-10-2 673 1253 43 35 
cell-0-10-3 716 1253 43 35 
cell-0-10-4 759 1253 43 35 
cell-0-10-5 802 1253 43 35 
cell-0-11-0 587 1290 43 35 
cell-0-11-1 630 1290 43 35 
cell-0-11-2 673 1290 43 35 
cell-0-11-3 716 1290 43 35 
cell-0-11-4 759 1290 43 35 
cell-0-11-5 802 1290 43 35 
cell-0-12-0 587 1327 43 35 
cell-0-12-1 630 1327 43 35 
cell-0-12-2 673 1327 43 35 
cell-0-12-3 716 1327 43 35 
cell-0-12-4 759 1327 43 35 
cell-0-12-5 802 1327 43 35 
