table-0 289 317 618 748 
cell-0-0-0 289 317 44 43 
cell-0-0-1 333 317 44 43 
cell-0-0-2 377 317 44 43 
cell-0-0-3 421 317 44 43 
cell-0-0-4 465 317 44 43 
cell-0-0-5 509 317 44 43 
cell-0-0-6 553 317 352 43 
cell-0-1-0 289 371 44 43 
cell-0-1-1 333 371 44 43 
cell-0-1-2 377 371 44 43 
cell-0-1-3 421 371 44 43 
cell-0-1-4 465 371 44 43 
cell-0-1-5 509 371 44 43 
cell-0-1-6 553 371 352 43 
cell-0-2-0 289 425 44 43 
cell-0-2-1 333 425 44 43 
cell-0-2-2 377 425 44 43 
cell-0-2-3 421 425 44 43 
cell-0-2-4 465 425 44 43 
cell-0-2-5 509 425 44 43 
cell-0-2-6 553 425 352 43 
cell-0-3-0 289 479 44 43 
cell-0-3-1 333 479 44 43 
cell-0-3-2 377 479 44 43 
cell-0-3-3 421 479 44 43 
cell-0-3-4 465 479 44 43 
cell-0-3-5 509 479 44 43 
cell-0-3-6 553 479 352 43 
cell-0-4-0 289 533 44 43 
cell-0-4-1 333 533 44 43 
cell-0-4-2 377 533 44 43 
cell-0-4-3 421 533 44 43 
cell-0-4-4 465 533 44 43 
cell-0-4-5 509 533 44 43 
cell-0-4-6 553 533 352 43 
cell-0-5-0 289 587 44 43 
cell-0-5-1 333 587 44 43 
cell-0-5-2 377 587 44 43 
cell-0-5-3 421 587 44 43 
cell-0-5-4 465 587 44 43 
cell-0-5-5 509 587 44 43 
cell-0-5-6 553 587 352 43 
cell-0-6-0 289 641 44 43 
cell-0-6-1 333 641 44 43 
cell-0-6-2 377 641 44 43 
cell-0-6-3 421 641 44 43 
cell-0-6-4 465 641 44 43 
cell-0-6-5 509 641 44 43 
cell-0-6-6 553 641 352 43 
cell-0-7-0 289 695 44 43 
cell-0-7-1 333 695 44 43 
cell-0-7-2 377 695 44 43 
cell-0-7-3 421 695 44 43 
cell-0-7-4 465 695 44 43 
cell-0-7-5 509 695 44 43 
cell-0-7-6 553 695 352 43 
cell-0-8-0 289 749 44 43 
cell-0-8-1 333 749 44 43 
cell-0-8-2 377 749 44 43 
cell-0-8-3 421 749 44 43 
cell-0-8-4 465 749 44 43 
cell-0-8-5 509 749 44 43 
cell-0-8-6 553 749 352 43 
cell-0-9-0 289 803 44 43 
cell-0-9-1 333 803 44 43 
cell-0-9-2 377 803 44 43 
cell-0-9-3 421 803 44 43 
cell-0-9-4 465 803 44 43 
cell-0-9-5 509 803 44 43 
cell-0-9-6 553 803 352 43 
cell-0-10-0 289 857 44 43 
cell-0-10-1 333 857 44 43 
cell-0-10-2 377 857 44 43 
cell-0-10-3 421 857 44 43 
cell-0-10-4 465 857 44 43 
cell-0-10-5 509 857 44 43 
cell-0-10-6 553 857 352 43 
cell-0-11-0 289 911 44 43 
cell-0-11-1 333 911 44 43 
cell-0-11-2 377 911 44 43 
cell-0-11-3 421 911 44 43 
cell-0-11-4 465 911 44 43 
cell-0-11-5 509 911 44 43 
cell-0-11-6 553 911 352 43 
cell-0-12-0 289 965 44 43 
cell-0-12-1 333 965 44 43 
cell-0-12-2 377 965 44 43 
cell-0-12-3 421 965 44 43 
cell-0-12-4 465 965 44 43 
cell-0-12-5 509 965 44 43 
cell-0-12-6 553 965 352 43 
cell-0-13-0 289 1019 44 43 
cell-0-13-1 333 1019 44 43 
cell-0-13-2 377 1019 44 43 
cell-0-13-3 421 1019 44 43 
cell-0-13-4 465 1019 44 43 
cell-0-13-5 509 1019 44 43 
cell-0-13-6 553 1019 352 43 
