table-0 67 855 900 477 
cell-0-0-0 67 855 112 35 
cell-0-0-1 179 855 112 35 
cell-0-0-2 291 855 112 35 
cell-0-0-3 403 855 112 35 
cell-0-0-4 515 855 112 35 
cell-0-0-5 627 855 112 35 
cell-0-0-6 739 855 112 35 
cell-0-0-7 851 855 112 35 
cell-0-1-0 67 904 112 35 
cell-0-1-1 179 904 112 35 
cell-0-1-2 291 904 112 35 
cell-0-1-3 403 904 112 35 
cell-0-1-4 515 904 112 35 
cell-0-1-5 627 904 112 35 
cell-0-1-6 739 904 112 35 
cell-0-1-7 851 904 112 35 
cell-0-2-0 67 953 112 35 
cell-0-2-1 179 953 112 35 
cell-0-2-2 291 953 112 35 
cell-0-2-3 403 953 112 35 
cell-0-2-4 515 953 112 35 
cell-0-2-5 627 953 112 35 
cell-0-2-6 739 953 112 35 
cell-0-2-7 851 953 112 35 
cell-0-3-0 67 1002 112 35 
cell-0-3-1 179 1002 112 35 
cell-0-3-2 291 1002 112 35 
cell-0-3-3 403 1002 112 35 
cell-0-3-4 515 1002 112 35 
cell-0-3-5 627 1002 112 35 
cell-0-3-6 739 1002 112 35 
cell-0-3-7 851 1002 112 35 
cell-0-4-0 67 1051 112 35 
cell-0-4-1 179 1051 112 35 
cell-0-4-2 291 1051 112 35 
cell-0-4-3 403 1051 112 35 
cell-0-4-4 515 1051 112 35 
cell-0-4-5 627 1051 112 35 
cell-0-4-6 739 1051 112 35 
cell-0-4-7 851 1051 112 35 
cell-0-5-0 67 1100 112 35 
cell-0-5-1 179 1100 112 35 
cell-0-5-2 291 1100 112 35 
cell-0-5-3 403 1100 112 35 
cell-0-5-4 515 1100 112 35 
cell-0-5-5 627 1100 112 35 
cell-0-5-6 739 1100 112 35 
cell-0-5-7 851 1100 112 35 
cell-0-6-0 67 1149 112 35 
cell-0-6-1 179 1149 112 35 
cell-0-6-2 291 1149 112 35 
cell-0-6-3 403 1149 112 35 
cell-0-6-4 515 1149 112 35 
cell-0-6-5 627 1149 112 35 
cell-0-6-6 739 1149 112 35 
cell-0-6-7 851 1149 112 35 
cell-0-7-0 67 1198 112 35 
cell-0-7-1 179 1198 112 35 
cell-0-7-2 291 1198 112 35 
cell-0-7-3 403 1198 112 35 
cell-0-7-4 515 1198 112 35 
cell-0-7-5 627 1198 112 35 
cell-0-7-6 739 1198 112 35 
cell-0-7-7 851 1198 112 35 
cell-0-8-0 67 1247 112 35 
cell-0-8-1 179 1247 112 35 
cell-0-8-2 291 1247 112 35 
cell-0-8-3 403 1247 112 35 
cell-0-8-4 515 1247 112 35 
cell-0-8-5 627 1247 112 35 
cell-0-8-6 739 1247 112 35 
cell-0-8-7 851 1247 112 35 
cell-0-9-0 67 1296 112 35 
cell-0-9-1 179 1296 112 35 
cell-0-9-2 291 1296 112 35 
cell-0-9-3 403 1296 112 35 
cell-0-9-4 515 1296 112 35 
cell-0-9-5 627 1296 112 35 
cell-0-9-6 739 1296 112 35 
cell-0-9-7 851 1296 112 35 
