table-0 97 763 500 502 
cell-0-0-0 97 763 125 45 
cell-0-0-1 222 763 125 45 
cell-0-0-2 347 763 125 45 
cell-0-0-3 472 763 125 45 
cell-0-1-0 97 820 125 45 
cell-0-1-1 222 820 125 45 
cell-0-1-2 347 820 125 45 
cell-0-1-3 472 820 125 45 
cell-0-2-0 97 877 125 45 
cell-0-2-1 222 877 125 45 
cell-0-2-2 347 877 125 45 
cell-0-2-3 472 877 125 45 
cell-0-3-0 97 934 125 45 
cell-0-3-1 222 934 125 45 
cell-0-3-2 347 934 125 45 
cell-0-3-3 472 934 125 45 
cell-0-4-0 97 991 125 45 
cell-0-4-1 222 991 125 45 
cell-0-4-2 347 991 125 45 
cell-0-4-3 472 991 125 45 
cell-0-5-0 97 1048 125 45 
cell-0-5-1 222 1048 125 45 
cell-0-5-2 347 1048 125 45 
cell-0-5-3 472 1048 125 45 
cell-0-6-0 97 1105 125 45 
cell-0-6-1 222 1105 125 45 
cell-0-6-2 347 1105 125 45 
cell-0-6-3 472 1105 125 45 
cell-0-7-0 97 1162 125 45 
cell-0-7-1 222 1162 125 45 
cell-0-7-2 347 1162 125 45 
cell-0-7-3 472 1162 125 45 
cell-0-8-0 97 1219 125 45 
cell-0-8-1 222 1219 125 45 
cell-0-8-2 347 1219 125 45 
cell-0-8-3 472 1219 125 45 
