header-0 233 1236 797 193 
row-1-1 233 1236 367 40 
row-1-2 620 1236 268 40 
row-2-1 233 1286 301 40 
row-2-2 554 1286 428 40 
row-3-1 233 1336 796 40 
row-4-1 233 1386 763 40 
table-2 124 131 675 774 
cell-2-0-0 124 131 44 43 
cell-2-0-1 168 131 44 43 
cell-2-0-2 212 131 44 43 
cell-2-0-3 256 131 44 43 
cell-2-0-4 300 131 44 43 
cell-2-0-5 344 131 44 43 
cell-2-0-6 388 131 409 43 
cell-2-1-0 124 183 44 43 
cell-2-1-1 168 183 44 43 
cell-2-1-2 212 183 44 43 
cell-2-1-3 256 183 44 43 
cell-2-1-4 300 183 44 43 
cell-2-1-5 344 183 44 43 
cell-2-1-6 388 183 409 43 
cell-2-2-0 124 235 44 43 
cell-2-2-1 168 235 44 43 
cell-2-2-2 212 235 44 43 
cell-2-2-3 256 235 44 43 
cell-2-2-4 300 235 44 43 
cell-2-2-5 344 235 44 43 
cell-2-2-6 388 235 409 43 
cell-2-3-0 124 287 44 43 
cell-2-3-1 168 287 44 43 
cell-2-3-2 212 287 44 43 
cell-2-3-3 256 287 44 43 
cell-2-3-4 300 287 44 43 
cell-2-3-5 344 287 44 43 
cell-2-3-6 388 287 409 43 
cell-2-4-0 124 339 44 43 
cell-2-4-1 168 339 44 43 
cell-2-4-2 212 339 44 43 
cell-2-4-3 256 339 44 43 
cell-2-4-4 300 339 44 43 
cell-2-4-5 344 339 44 43 
cell-2-4-6 388 339 409 43 
cell-2-5-0 124 391 44 43 
cell-2-5-1 168 391 44 43 
cell-2-5-2 212 391 44 43 
cell-2-5-3 256 391 44 43 
cell-2-5-4 300 391 44 43 
cell-2-5-5 344 391 44 43 
cell-2-5-6 388 391 409 43 
cell-2-6-0 124 443 44 43 
cell-2-6-1 168 443 44 43 
cell-2-6-2 212 443 44 43 
cell-2-6-3 256 443 44 43 
cell-2-6-4 300 443 44 43 
cell-2-6-5 344 443 44 43 
cell-2-6-6 388 443 409 43 
cell-2-7-0 124 495 44 43 
cell-2-7-1 168 495 44 43 
cell-2-7-2 212 495 44 43 
cell-2-7-3 256 495 44 43 
cell-2-7-4 300 495 44 43 
cell-2-7-5 344 495 44 43 
cell-2-7-6 388 495 409 43 
cell-2-8-0 124 547 44 43 
cell-2-8-1 168 547 44 43 
cell-2-8-2 212 547 44 43 
cell-2-8-3 256 547 44 43 
cell-2-8-4 300 547 44 43 
cell-2-8-5 344 547 44 43 
cell-2-8-6 388 547 409 43 
cell-2-9-0 124 599 44 43 
cell-2-9-1 168 599 44 43 
cell-2-9-2 212 599 44 43 
cell-2-9-3 256 599 44 43 
cell-2-9-4 300 599 44 43 
cell-2-9-5 344 599 44 43 
cell-2-9-6 388 599 409 43 
cell-2-10-0 124 651 44 43 
cell-2-10-1 168 651 44 43 
cell-2-10-2 212 651 44 43 
cell-2-10-3 256 651 44 43 
cell-2-10-4 300 651 44 43 
cell-2-10-5 344 651 44 43 
cell-2-10-6 388 651 409 43 
cell-2-11-0 124 703 44 43 
cell-2-11-1 168 703 44 43 
cell-2-11-2 212 703 44 43 
cell-2-11-3 256 703 44 43 
cell-2-11-4 300 703 44 43 
cell-2-11-5 344 703 44 43 
cell-2-11-6 388 703 409 43 
cell-2-12-0 124 755 44 43 
cell-2-12-1 168 755 44 43 
cell-2-12-2 212 755 44 43 
cell-2-12-3 256 755 44 43 
cell-2-12-4 300 755 44 43 
cell-2-12-5 344 755 44 43 
cell-2-12-6 388 755 409 43 
cell-2-13-0 124 807 44 43 
cell-2-13-1 168 807 44 43 
cell-2-13-2 212 807 44 43 
cell-2-13-3 256 807 44 43 
cell-2-13-4 300 807 44 43 
cell-2-13-5 344 807 44 43 
cell-2-13-6 388 807 409 43 
cell-2-14-0 124 859 44 43 
cell-2-14-1 168 859 44 43 
cell-2-14-2 212 859 44 43 
cell-2-14-3 256 859 44 43 
cell-2-14-4 300 859 44 43 
cell-2-14-5 344 859 44 43 
cell-2-14-6 388 859 409 43 
