table-0 242 837 661 524 
cell-0-1-0 242 837 33 35 
cell-0-1-1 275 837 33 35 
cell-0-1-2 308 837 33 35 
cell-0-1-3 341 837 33 35 
cell-0-1-4 374 837 33 35 
cell-0-1-5 407 837 33 35 
cell-0-1-6 440 837 33 35 
cell-0-1-7 473 837 33 35 
cell-0-1-8 506 837 33 35 
cell-0-1-9 539 837 33 35 
cell-0-1-10 572 837 33 35 
cell-0-1-11 605 837 33 35 
cell-0-1-12 638 837 33 35 
cell-0-1-13 671 837 33 35 
cell-0-1-14 704 837 33 35 
cell-0-1-15 737 837 33 35 
cell-0-1-16 770 837 33 35 
cell-0-1-17 803 837 33 35 
cell-0-1-18 836 837 33 35 
cell-0-1-19 869 837 33 35 
cell-0-2-0 242 898 33 35 
cell-0-2-1 275 898 33 35 
cell-0-2-2 308 898 33 35 
cell-0-2-3 341 898 33 35 
cell-0-2-4 374 898 33 35 
cell-0-2-5 407 898 33 35 
cell-0-2-6 440 898 33 35 
cell-0-2-7 473 898 33 35 
cell-0-2-8 506 898 33 35 
cell-0-2-9 539 898 33 35 
cell-0-2-10 572 898 33 35 
cell-0-2-11 605 898 33 35 
cell-0-2-12 638 898 33 35 
cell-0-2-13 671 898 33 35 
cell-0-2-14 704 898 33 35 
cell-0-2-15 737 898 33 35 
cell-0-2-16 770 898 33 35 
cell-0-2-17 803 898 33 35 
cell-0-2-18 836 898 33 35 
cell-0-2-19 869 898 33 35 
cell-0-3-0 242 959 33 35 
cell-0-3-1 275 959 33 35 
cell-0-3-2 308 959 33 35 
cell-0-3-3 341 959 33 35 
cell-0-3-4 374 959 33 35 
cell-0-3-5 407 959 33 35 
cell-0-3-6 440 959 33 35 
cell-0-3-7 473 959 33 35 
cell-0-3-8 506 959 33 35 
cell-0-3-9 539 959 33 35 
cell-0-3-10 572 959 33 35 
cell-0-3-11 605 959 33 35 
cell-0-3-12 638 959 33 35 
cell-0-3-13 671 959 33 35 
cell-0-3-14 704 959 33 35 
cell-0-3-15 737 959 33 35 
cell-0-3-16 770 959 33 35 
cell-0-3-17 803 959 33 35 
cell-0-3-18 836 959 33 35 
cell-0-3-19 869 959 33 35 
cell-0-4-0 242 1020 33 35 
cell-0-4-1 275 1020 33 35 
cell-0-4-2 308 1020 33 35 
cell-0-4-3 341 1020 33 35 
cell-0-4-4 374 1020 33 35 
cell-0-4-5 407 1020 33 35 
cell-0-4-6 440 1020 33 35 
cell-0-4-7 473 1020 33 35 
cell-0-4-8 506 1020 33 35 
cell-0-4-9 539 1020 33 35 
cell-0-4-10 572 1020 33 35 
cell-0-4-11 605 1020 33 35 
cell-0-4-12 638 1020 33 35 
cell-0-4-13 671 1020 33 35 
cell-0-4-14 704 1020 33 35 
cell-0-4-15 737 1020 33 35 
cell-0-4-16 770 1020 33 35 
cell-0-4-17 803 1020 33 35 
cell-0-4-18 836 1020 33 35 
cell-0-4-19 869 1020 33 35 
cell-0-5-0 242 1081 33 35 
cell-0-5-1 275 1081 33 35 
cell-0-5-2 308 1081 33 35 
cell-0-5-3 341 1081 33 35 
cell-0-5-4 374 1081 33 35 
cell-0-5-5 407 1081 33 35 
cell-0-5-6 440 1081 33 35 
cell-0-5-7 473 1081 33 35 
cell-0-5-8 506 1081 33 35 
cell-0-5-9 539 1081 33 35 
cell-0-5-10 572 1081 33 35 
cell-0-5-11 605 1081 33 35 
cell-0-5-12 638 1081 33 35 
cell-0-5-13 671 1081 33 35 
cell-0-5-14 704 1081 33 35 
cell-0-5-15 737 1081 33 35 
cell-0-5-16 770 1081 33 35 
cell-0-5-17 803 1081 33 35 
cell-0-5-18 836 1081 33 35 
cell-0-5-19 869 1081 33 35 
cell-0-6-0 242 1142 33 35 
cell-0-6-1 275 1142 33 35 
cell-0-6-2 308 1142 33 35 
cell-0-6-3 341 1142 33 35 
cell-0-6-4 374 1142 33 35 
cell-0-6-5 407 1142 33 35 
cell-0-6-6 440 1142 33 35 
cell-0-6-7 473 1142 33 35 
cell-0-6-8 506 1142 33 35 
cell-0-6-9 539 1142 33 35 
cell-0-6-10 572 1142 33 35 
cell-0-6-11 605 1142 33 35 
cell-0-6-12 638 1142 33 35 
cell-0-6-13 671 1142 33 35 
cell-0-6-14 704 1142 33 35 
cell-0-6-15 737 1142 33 35 
cell-0-6-16 770 1142 33 35 
cell-0-6-17 803 1142 33 35 
cell-0-6-18 836 1142 33 35 
cell-0-6-19 869 1142 33 35 
cell-0-7-0 242 1203 33 35 
cell-0-7-1 275 1203 33 35 
cell-0-7-2 308 1203 33 35 
cell-0-7-3 341 1203 33 35 
cell-0-7-4 374 1203 33 35 
cell-0-7-5 407 1203 33 35 
cell-0-7-6 440 1203 33 35 
cell-0-7-7 473 1203 33 35 
cell-0-7-8 506 1203 33 35 
cell-0-7-9 539 1203 33 35 
cell-0-7-10 572 1203 33 35 
cell-0-7-11 605 1203 33 35 
cell-0-7-12 638 1203 33 35 
cell-0-7-13 671 1203 33 35 
cell-0-7-14 704 1203 33 35 
cell-0-7-15 737 1203 33 35 
cell-0-7-16 770 1203 33 35 
cell-0-7-17 803 1203 33 35 
cell-0-7-18 836 1203 33 35 
cell-0-7-19 869 1203 33 35 
cell-0-8-0 242 1264 33 35 
cell-0-8-1 275 1264 33 35 
cell-0-8-2 308 1264 33 35 
cell-0-8-3 341 1264 33 35 
cell-0-8-4 374 1264 33 35 
cell-0-8-5 407 1264 33 35 
cell-0-8-6 440 1264 33 35 
cell-0-8-7 473 1264 33 35 
cell-0-8-8 506 1264 33 35 
cell-0-8-9 539 1264 33 35 
cell-0-8-10 572 1264 33 35 
cell-0-8-11 605 1264 33 35 
cell-0-8-12 638 1264 33 35 
cell-0-8-13 671 1264 33 35 
cell-0-8-14 704 1264 33 35 
cell-0-8-15 737 1264 33 35 
cell-0-8-16 770 1264 33 35 
cell-0-8-17 803 1264 33 35 
cell-0-8-18 836 1264 33 35 
cell-0-8-19 869 1264 33 35 
cell-0-9-0 242 1325 33 35 
cell-0-9-1 275 1325 33 35 
cell-0-9-2 308 1325 33 35 
cell-0-9-3 341 1325 33 35 
cell-0-9-4 374 1325 33 35 
cell-0-9-5 407 1325 33 35 
cell-0-9-6 440 1325 33 35 
cell-0-9-7 473 1325 33 35 
cell-0-9-8 506 1325 33 35 
cell-0-9-9 539 1325 33 35 
cell-0-9-10 572 1325 33 35 
cell-0-9-11 605 1325 33 35 
cell-0-9-12 638 1325 33 35 
cell-0-9-13 671 1325 33 35 
cell-0-9-14 704 1325 33 35 
cell-0-9-15 737 1325 33 35 
cell-0-9-16 770 1325 33 35 
cell-0-9-17 803 1325 33 35 
cell-0-9-18 836 1325 33 35 
cell-0-9-19 869 1325 33 35 
header-1 117 272 809 193 
row-1-1 117 272 284 40 
row-1-2 421 272 383 40 
row-2-1 117 322 317 40 
row-2-2 454 322 467 40 
row-3-1 117 372 515 40 
row-4-1 117 422 482 40 
