table-0 188 972 600 327 
cell-0-0-0 188 972 85 50 
cell-0-0-1 273 972 85 50 
cell-0-0-2 358 972 85 50 
cell-0-0-3 443 972 85 50 
cell-0-0-4 528 972 85 50 
cell-0-0-5 613 972 85 50 
cell-0-0-6 698 972 85 50 
cell-0-1-0 188 1027 85 50 
cell-0-1-1 273 1027 85 50 
cell-0-1-2 358 1027 85 50 
cell-0-1-3 443 1027 85 50 
cell-0-1-4 528 1027 85 50 
cell-0-1-5 613 1027 85 50 
cell-0-1-6 698 1027 85 50 
cell-0-2-0 188 1082 85 50 
cell-0-2-1 273 1082 85 50 
cell-0-2-2 358 1082 85 50 
cell-0-2-3 443 1082 85 50 
cell-0-2-4 528 1082 85 50 
cell-0-2-5 613 1082 85 50 
cell-0-2-6 698 1082 85 50 
cell-0-3-0 188 1137 85 50 
cell-0-3-1 273 1137 85 50 
cell-0-3-2 358 1137 85 50 
cell-0-3-3 443 1137 85 50 
cell-0-3-4 528 1137 85 50 
cell-0-3-5 613 1137 85 50 
cell-0-3-6 698 1137 85 50 
cell-0-4-0 188 1192 85 50 
cell-0-4-1 273 1192 85 50 
cell-0-4-2 358 1192 85 50 
cell-0-4-3 443 1192 85 50 
cell-0-4-4 528 1192 85 50 
cell-0-4-5 613 1192 85 50 
cell-0-4-6 698 1192 85 50 
cell-0-5-0 188 1247 85 50 
cell-0-5-1 273 1247 85 50 
cell-0-5-2 358 1247 85 50 
cell-0-5-3 443 1247 85 50 
cell-0-5-4 528 1247 85 50 
cell-0-5-5 613 1247 85 50 
cell-0-5-6 698 1247 85 50 
table-3 147 387 776 228 
cell-3-1-0 147 387 38 35 
cell-3-1-1 188 387 38 35 
cell-3-1-2 229 387 38 35 
cell-3-1-3 270 387 38 35 
cell-3-1-4 311 387 38 35 
cell-3-1-5 352 387 38 35 
cell-3-1-6 393 387 38 35 
cell-3-1-7 434 387 38 35 
cell-3-1-8 475 387 38 35 
cell-3-1-9 516 387 38 35 
cell-3-1-10 557 387 38 35 
cell-3-1-11 598 387 38 35 
cell-3-1-12 639 387 38 35 
cell-3-1-13 680 387 38 35 
cell-3-1-14 721 387 38 35 
cell-3-1-15 762 387 38 35 
cell-3-1-16 803 387 38 35 
cell-3-1-17 844 387 38 35 
cell-3-1-18 885 387 38 35 
cell-3-2-0 147 425 38 35 
cell-3-2-1 188 425 38 35 
cell-3-2-2 229 425 38 35 
cell-3-2-3 270 425 38 35 
cell-3-2-4 311 425 38 35 
cell-3-2-5 352 425 38 35 
cell-3-2-6 393 425 38 35 
cell-3-2-7 434 425 38 35 
cell-3-2-8 475 425 38 35 
cell-3-2-9 516 425 38 35 
cell-3-2-10 557 425 38 35 
cell-3-2-11 598 425 38 35 
cell-3-2-12 639 425 38 35 
cell-3-2-13 680 425 38 35 
cell-3-2-14 721 425 38 35 
cell-3-2-15 762 425 38 35 
cell-3-2-16 803 425 38 35 
cell-3-2-17 844 425 38 35 
cell-3-2-18 885 425 38 35 
cell-3-3-0 147 463 38 35 
cell-3-3-1 188 463 38 35 
cell-3-3-2 229 463 38 35 
cell-3-3-3 270 463 38 35 
cell-3-3-4 311 463 38 35 
cell-3-3-5 352 463 38 35 
cell-3-3-6 393 463 38 35 
cell-3-3-7 434 463 38 35 
cell-3-3-8 475 463 38 35 
cell-3-3-9 516 463 38 35 
cell-3-3-10 557 463 38 35 
cell-3-3-11 598 463 38 35 
cell-3-3-12 639 463 38 35 
cell-3-3-13 680 463 38 35 
cell-3-3-14 721 463 38 35 
cell-3-3-15 762 463 38 35 
cell-3-3-16 803 463 38 35 
cell-3-3-17 844 463 38 35 
cell-3-3-18 885 463 38 35 
cell-3-4-0 147 501 38 35 
cell-3-4-1 188 501 38 35 
cell-3-4-2 229 501 38 35 
cell-3-4-3 270 501 38 35 
cell-3-4-4 311 501 38 35 
cell-3-4-5 352 501 38 35 
cell-3-4-6 393 501 38 35 
cell-3-4-7 434 501 38 35 
cell-3-4-8 475 501 38 35 
cell-3-4-9 516 501 38 35 
cell-3-4-10 557 501 38 35 
cell-3-4-11 598 501 38 35 
cell-3-4-12 639 501 38 35 
cell-3-4-13 680 501 38 35 
cell-3-4-14 721 501 38 35 
cell-3-4-15 762 501 38 35 
cell-3-4-16 803 501 38 35 
cell-3-4-17 844 501 38 35 
cell-3-4-18 885 501 38 35 
cell-3-5-0 147 539 38 35 
cell-3-5-1 188 539 38 35 
cell-3-5-2 229 539 38 35 
cell-3-5-3 270 539 38 35 
cell-3-5-4 311 539 38 35 
cell-3-5-5 352 539 38 35 
cell-3-5-6 393 539 38 35 
cell-3-5-7 434 539 38 35 
cell-3-5-8 475 539 38 35 
cell-3-5-9 516 539 38 35 
cell-3-5-10 557 539 38 35 
cell-3-5-11 598 539 38 35 
cell-3-5-12 639 539 38 35 
cell-3-5-13 680 539 38 35 
cell-3-5-14 721 539 38 35 
cell-3-5-15 762 539 38 35 
cell-3-5-16 803 539 38 35 
cell-3-5-17 844 539 38 35 
cell-3-5-18 885 539 38 35 
cell-3-6-0 147 577 38 35 
cell-3-6-1 188 577 38 35 
cell-3-6-2 229 577 38 35 
cell-3-6-3 270 577 38 35 
cell-3-6-4 311 577 38 35 
cell-3-6-5 352 577 38 35 
cell-3-6-6 393 577 38 35 
cell-3-6-7 434 577 38 35 
cell-3-6-8 475 577 38 35 
cell-3-6-9 516 577 38 35 
cell-3-6-10 557 577 38 35 
cell-3-6-11 598 577 38 35 
cell-3-6-12 639 577 38 35 
cell-3-6-13 680 577 38 35 
cell-3-6-14 721 577 38 35 
cell-3-6-15 762 577 38 35 
cell-3-6-16 803 577 38 35 
cell-3-6-17 844 577 38 35 
cell-3-6-18 885 577 38 35 
