table-0 479 596 183 578 
cell-0-0-0 479 596 45 35 
cell-0-0-1 524 596 45 35 
cell-0-0-2 569 596 45 35 
cell-0-0-3 614 596 45 35 
cell-0-1-0 479 641 45 35 
cell-0-1-1 524 641 45 35 
cell-0-1-2 569 641 45 35 
cell-0-1-3 614 641 45 35 
cell-0-2-0 479 686 45 35 
cell-0-2-1 524 686 45 35 
cell-0-2-2 569 686 45 35 
cell-0-2-3 614 686 45 35 
cell-0-3-0 479 731 45 35 
cell-0-3-1 524 731 45 35 
cell-0-3-2 569 731 45 35 
cell-0-3-3 614 731 45 35 
cell-0-4-0 479 776 45 35 
cell-0-4-1 524 776 45 35 
cell-0-4-2 569 776 45 35 
cell-0-4-3 614 776 45 35 
cell-0-5-0 479 821 45 35 
cell-0-5-1 524 821 45 35 
cell-0-5-2 569 821 45 35 
cell-0-5-3 614 821 45 35 
cell-0-6-0 479 866 45 35 
cell-0-6-1 524 866 45 35 
cell-0-6-2 569 866 45 35 
cell-0-6-3 614 866 45 35 
cell-0-7-0 479 911 45 35 
cell-0-7-1 524 911 45 35 
cell-0-7-2 569 911 45 35 
cell-0-7-3 614 911 45 35 
cell-0-8-0 479 956 45 35 
cell-0-8-1 524 956 45 35 
cell-0-8-2 569 956 45 35 
cell-0-8-3 614 956 45 35 
cell-0-9-0 479 1001 45 35 
cell-0-9-1 524 1001 45 35 
cell-0-9-2 569 1001 45 35 
cell-0-9-3 614 1001 45 35 
cell-0-10-0 479 1046 45 35 
cell-0-10-1 524 1046 45 35 
cell-0-10-2 569 1046 45 35 
cell-0-10-3 614 1046 45 35 
cell-0-11-0 479 1091 45 35 
cell-0-11-1 524 1091 45 35 
cell-0-11-2 569 1091 45 35 
cell-0-11-3 614 1091 45 35 
cell-0-12-0 479 1136 45 35 
cell-0-12-1 524 1136 45 35 
cell-0-12-2 569 1136 45 35 
cell-0-12-3 614 1136 45 35 
