table-0 129 641 259 378 
cell-0-0-0 129 641 43 35 
cell-0-0-1 172 641 43 35 
cell-0-0-2 215 641 43 35 
cell-0-0-3 258 641 43 35 
cell-0-0-4 301 641 43 35 
cell-0-0-5 344 641 43 35 
cell-0-1-0 129 679 43 35 
cell-0-1-1 172 679 43 35 
cell-0-1-2 215 679 43 35 
cell-0-1-3 258 679 43 35 
cell-0-1-4 301 679 43 35 
cell-0-1-5 344 679 43 35 
cell-0-2-0 129 717 43 35 
cell-0-2-1 172 717 43 35 
cell-0-2-2 215 717 43 35 
cell-0-2-3 258 717 43 35 
cell-0-2-4 301 717 43 35 
cell-0-2-5 344 717 43 35 
cell-0-3-0 129 755 43 35 
cell-0-3-1 172 755 43 35 
cell-0-3-2 215 755 43 35 
cell-0-3-3 258 755 43 35 
cell-0-3-4 301 755 43 35 
cell-0-3-5 344 755 43 35 
cell-0-4-0 129 793 43 35 
cell-0-4-1 172 793 43 35 
cell-0-4-2 215 793 43 35 
cell-0-4-3 258 793 43 35 
cell-0-4-4 301 793 43 35 
cell-0-4-5 344 793 43 35 
cell-0-5-0 129 831 43 35 
cell-0-5-1 172 831 43 35 
cell-0-5-2 215 831 43 35 
cell-0-5-3 258 831 43 35 
cell-0-5-4 301 831 43 35 
cell-0-5-5 344 831 43 35 
cell-0-6-0 129 869 43 35 
cell-0-6-1 172 869 43 35 
cell-0-6-2 215 869 43 35 
cell-0-6-3 258 869 43 35 
cell-0-6-4 301 869 43 35 
cell-0-6-5 344 869 43 35 
cell-0-7-0 129 907 43 35 
cell-0-7-1 172 907 43 35 
cell-0-7-2 215 907 43 35 
cell-0-7-3 258 907 43 35 
cell-0-7-4 301 907 43 35 
cell-0-7-5 344 907 43 35 
cell-0-8-0 129 945 43 35 
cell-0-8-1 172 945 43 35 
cell-0-8-2 215 945 43 35 
cell-0-8-3 258 945 43 35 
cell-0-8-4 301 945 43 35 
cell-0-8-5 344 945 43 35 
cell-0-9-0 129 983 43 35 
cell-0-9-1 172 983 43 35 
cell-0-9-2 215 983 43 35 
cell-0-9-3 258 983 43 35 
cell-0-9-4 301 983 43 35 
cell-0-9-5 344 983 43 35 
table-1 660 784 216 673 
cell-1-0-0 660 784 43 35 
cell-1-0-1 703 784 43 35 
cell-1-0-2 746 784 43 35 
cell-1-0-3 789 784 43 35 
cell-1-0-4 832 784 43 35 
cell-1-1-0 660 833 43 35 
cell-1-1-1 703 833 43 35 
cell-1-1-2 746 833 43 35 
cell-1-1-3 789 833 43 35 
cell-1-1-4 832 833 43 35 
cell-1-2-0 660 882 43 35 
cell-1-2-1 703 882 43 35 
cell-1-2-2 746 882 43 35 
cell-1-2-3 789 882 43 35 
cell-1-2-4 832 882 43 35 
cell-1-3-0 660 931 43 35 
cell-1-3-1 703 931 43 35 
cell-1-3-2 746 931 43 35 
cell-1-3-3 789 931 43 35 
cell-1-3-4 832 931 43 35 
cell-1-4-0 660 980 43 35 
cell-1-4-1 703 980 43 35 
cell-1-4-2 746 980 43 35 
cell-1-4-3 789 980 43 35 
cell-1-4-4 832 980 43 35 
cell-1-5-0 660 1029 43 35 
cell-1-5-1 703 1029 43 35 
cell-1-5-2 746 1029 43 35 
cell-1-5-3 789 1029 43 35 
cell-1-5-4 832 1029 43 35 
cell-1-6-0 660 1078 43 35 
cell-1-6-1 703 1078 43 35 
cell-1-6-2 746 1078 43 35 
cell-1-6-3 789 1078 43 35 
cell-1-6-4 832 1078 43 35 
cell-1-7-0 660 1127 43 35 
cell-1-7-1 703 1127 43 35 
cell-1-7-2 746 1127 43 35 
cell-1-7-3 789 1127 43 35 
cell-1-7-4 832 1127 43 35 
cell-1-8-0 660 1176 43 35 
cell-1-8-1 703 1176 43 35 
cell-1-8-2 746 1176 43 35 
cell-1-8-3 789 1176 43 35 
cell-1-8-4 832 1176 43 35 
cell-1-9-0 660 1225 43 35 
cell-1-9-1 703 1225 43 35 
cell-1-9-2 746 1225 43 35 
cell-1-9-3 789 1225 43 35 
cell-1-9-4 832 1225 43 35 
cell-1-10-0 660 1274 43 35 
cell-1-10-1 703 1274 43 35 
cell-1-10-2 746 1274 43 35 
cell-1-10-3 789 1274 43 35 
cell-1-10-4 832 1274 43 35 
cell-1-11-0 660 1323 43 35 
cell-1-11-1 703 1323 43 35 
cell-1-11-2 746 1323 43 35 
cell-1-11-3 789 1323 43 35 
cell-1-11-4 832 1323 43 35 
cell-1-12-0 660 1372 43 35 
cell-1-12-1 703 1372 43 35 
cell-1-12-2 746 1372 43 35 
cell-1-12-3 789 1372 43 35 
cell-1-12-4 832 1372 43 35 
cell-1-13-0 660 1421 43 35 
cell-1-13-1 703 1421 43 35 
cell-1-13-2 746 1421 43 35 
cell-1-13-3 789 1421 43 35 
cell-1-13-4 832 1421 43 35 
