table-0 218 116 700 252 
cell-0-0-0 218 116 175 33 
cell-0-0-1 393 116 175 33 
cell-0-0-2 568 116 175 33 
cell-0-0-3 743 116 175 33 
cell-0-1-0 218 152 175 33 
cell-0-1-1 393 152 175 33 
cell-0-1-2 568 152 175 33 
cell-0-1-3 743 152 175 33 
cell-0-2-0 218 188 175 33 
cell-0-2-1 393 188 175 33 
cell-0-2-2 568 188 175 33 
cell-0-2-3 743 188 175 33 
cell-0-3-0 218 224 175 33 
cell-0-3-1 393 224 175 33 
cell-0-3-2 568 224 175 33 
cell-0-3-3 743 224 175 33 
cell-0-4-0 218 260 175 33 
cell-0-4-1 393 260 175 33 
cell-0-4-2 568 260 175 33 
cell-0-4-3 743 260 175 33 
cell-0-5-0 218 296 175 33 
cell-0-5-1 393 296 175 33 
cell-0-5-2 568 296 175 33 
cell-0-5-3 743 296 175 33 
cell-0-6-0 218 332 175 33 
cell-0-6-1 393 332 175 33 
cell-0-6-2 568 332 175 33 
cell-0-6-3 743 332 175 33 
table-1 266 909 376 436 
cell-1-1-0 266 909 34 35 
cell-1-1-1 300 909 34 35 
cell-1-1-2 334 909 34 35 
cell-1-1-3 368 909 34 35 
cell-1-1-4 402 909 34 35 
cell-1-1-5 436 909 34 35 
cell-1-1-6 470 909 34 35 
cell-1-1-7 504 909 34 35 
cell-1-1-8 538 909 34 35 
cell-1-1-9 572 909 34 35 
cell-1-1-10 606 909 34 35 
cell-1-2-0 266 966 34 35 
cell-1-2-1 300 966 34 35 
cell-1-2-2 334 966 34 35 
cell-1-2-3 368 966 34 35 
cell-1-2-4 402 966 34 35 
cell-1-2-5 436 966 34 35 
cell-1-2-6 470 966 34 35 
cell-1-2-7 504 966 34 35 
cell-1-2-8 538 966 34 35 
cell-1-2-9 572 966 34 35 
cell-1-2-10 606 966 34 35 
cell-1-3-0 266 1023 34 35 
cell-1-3-1 300 1023 34 35 
cell-1-3-2 334 1023 34 35 
cell-1-3-3 368 1023 34 35 
cell-1-3-4 402 1023 34 35 
cell-1-3-5 436 1023 34 35 
cell-1-3-6 470 1023 34 35 
cell-1-3-7 504 1023 34 35 
cell-1-3-8 538 1023 34 35 
cell-1-3-9 572 1023 34 35 
cell-1-3-10 606 1023 34 35 
cell-1-4-0 266 1080 34 35 
cell-1-4-1 300 1080 34 35 
cell-1-4-2 334 1080 34 35 
cell-1-4-3 368 1080 34 35 
cell-1-4-4 402 1080 34 35 
cell-1-4-5 436 1080 34 35 
cell-1-4-6 470 1080 34 35 
cell-1-4-7 504 1080 34 35 
cell-1-4-8 538 1080 34 35 
cell-1-4-9 572 1080 34 35 
cell-1-4-10 606 1080 34 35 
cell-1-5-0 266 1137 34 35 
cell-1-5-1 300 1137 34 35 
cell-1-5-2 334 1137 34 35 
cell-1-5-3 368 1137 34 35 
cell-1-5-4 402 1137 34 35 
cell-1-5-5 436 1137 34 35 
cell-1-5-6 470 1137 34 35 
cell-1-5-7 504 1137 34 35 
cell-1-5-8 538 1137 34 35 
cell-1-5-9 572 1137 34 35 
cell-1-5-10 606 1137 34 35 
cell-1-6-0 266 1194 34 35 
cell-1-6-1 300 1194 34 35 
cell-1-6-2 334 1194 34 35 
cell-1-6-3 368 1194 34 35 
cell-1-6-4 402 1194 34 35 
cell-1-6-5 436 1194 34 35 
cell-1-6-6 470 1194 34 35 
cell-1-6-7 504 1194 34 35 
cell-1-6-8 538 1194 34 35 
cell-1-6-9 572 1194 34 35 
cell-1-6-10 606 1194 34 35 
cell-1-7-0 266 1251 34 35 
cell-1-7-1 300 1251 34 35 
cell-1-7-2 334 1251 34 35 
cell-1-7-3 368 1251 34 35 
cell-1-7-4 402 1251 34 35 
cell-1-7-5 436 1251 34 35 
cell-1-7-6 470 1251 34 35 
cell-1-7-7 504 1251 34 35 
cell-1-7-8 538 1251 34 35 
cell-1-7-9 572 1251 34 35 
cell-1-7-10 606 1251 34 35 
cell-1-8-0 266 1308 34 35 
cell-1-8-1 300 1308 34 35 
cell-1-8-2 334 1308 34 35 
cell-1-8-3 368 1308 34 35 
cell-1-8-4 402 1308 34 35 
cell-1-8-5 436 1308 34 35 
cell-1-8-6 470 1308 34 35 
cell-1-8-7 504 1308 34 35 
cell-1-8-8 538 1308 34 35 
cell-1-8-9 572 1308 34 35 
cell-1-8-10 606 1308 34 35 
