table-0 100 439 800 571 
cell-0-0-0 100 439 133 59 
cell-0-0-1 233 439 133 59 
cell-0-0-2 366 439 133 59 
cell-0-0-3 499 439 133 59 
cell-0-0-4 632 439 133 59 
cell-0-0-5 765 439 133 59 
cell-0-1-0 100 512 133 59 
cell-0-1-1 233 512 133 59 
cell-0-1-2 366 512 133 59 
cell-0-1-3 499 512 133 59 
cell-0-1-4 632 512 133 59 
cell-0-1-5 765 512 133 59 
cell-0-2-0 100 585 133 59 
cell-0-2-1 233 585 133 59 
cell-0-2-2 366 585 133 59 
cell-0-2-3 499 585 133 59 
cell-0-2-4 632 585 133 59 
cell-0-2-5 765 585 133 59 
cell-0-3-0 100 658 133 59 
cell-0-3-1 233 658 133 59 
cell-0-3-2 366 658 133 59 
cell-0-3-3 499 658 133 59 
cell-0-3-4 632 658 133 59 
cell-0-3-5 765 658 133 59 
cell-0-4-0 100 731 133 59 
cell-0-4-1 233 731 133 59 
cell-0-4-2 366 731 133 59 
cell-0-4-3 499 731 133 59 
cell-0-4-4 632 731 133 59 
cell-0-4-5 765 731 133 59 
cell-0-5-0 100 804 133 59 
cell-0-5-1 233 804 133 59 
cell-0-5-2 366 804 133 59 
cell-0-5-3 499 804 133 59 
cell-0-5-4 632 804 133 59 
cell-0-5-5 765 804 133 59 
cell-0-6-0 100 877 133 59 
cell-0-6-1 233 877 133 59 
cell-0-6-2 366 877 133 59 
cell-0-6-3 499 877 133 59 
cell-0-6-4 632 877 133 59 
cell-0-6-5 765 877 133 59 
cell-0-7-0 100 950 133 59 
cell-0-7-1 233 950 133 59 
cell-0-7-2 366 950 133 59 
cell-0-7-3 499 950 133 59 
cell-0-7-4 632 950 133 59 
cell-0-7-5 765 950 133 59 
