table-0 495 720 530 318 
cell-0-1-0 495 720 38 35 
cell-0-1-1 536 720 38 35 
cell-0-1-2 577 720 38 35 
cell-0-1-3 618 720 38 35 
cell-0-1-4 659 720 38 35 
cell-0-1-5 700 720 38 35 
cell-0-1-6 741 720 38 35 
cell-0-1-7 782 720 38 35 
cell-0-1-8 823 720 38 35 
cell-0-1-9 864 720 38 35 
cell-0-1-10 905 720 38 35 
cell-0-1-11 946 720 38 35 
cell-0-1-12 987 720 38 35 
cell-0-2-0 495 776 38 35 
cell-0-2-1 536 776 38 35 
cell-0-2-2 577 776 38 35 
cell-0-2-3 618 776 38 35 
cell-0-2-4 659 776 38 35 
cell-0-2-5 700 776 38 35 
cell-0-2-6 741 776 38 35 
cell-0-2-7 782 776 38 35 
cell-0-2-8 823 776 38 35 
cell-0-2-9 864 776 38 35 
cell-0-2-10 905 776 38 35 
cell-0-2-11 946 776 38 35 
cell-0-2-12 987 776 38 35 
cell-0-3-0 495 832 38 35 
cell-0-3-1 536 832 38 35 
cell-0-3-2 577 832 38 35 
cell-0-3-3 618 832 38 35 
cell-0-3-4 659 832 38 35 
cell-0-3-5 700 832 38 35 
cell-0-3-6 741 832 38 35 
cell-0-3-7 782 832 38 35 
cell-0-3-8 823 832 38 35 
cell-0-3-9 864 832 38 35 
cell-0-3-10 905 832 38 35 
cell-0-3-11 946 832 38 35 
cell-0-3-12 987 832 38 35 
cell-0-4-0 495 888 38 35 
cell-0-4-1 536 888 38 35 
cell-0-4-2 577 888 38 35 
cell-0-4-3 618 888 38 35 
cell-0-4-4 659 888 38 35 
cell-0-4-5 700 888 38 35 
cell-0-4-6 741 888 38 35 
cell-0-4-7 782 888 38 35 
cell-0-4-8 823 888 38 35 
cell-0-4-9 864 888 38 35 
cell-0-4-10 905 888 38 35 
cell-0-4-11 946 888 38 35 
cell-0-4-12 987 888 38 35 
cell-0-5-0 495 944 38 35 
cell-0-5-1 536 944 38 35 
cell-0-5-2 577 944 38 35 
cell-0-5-3 618 944 38 35 
cell-0-5-4 659 944 38 35 
cell-0-5-5 700 944 38 35 
cell-0-5-6 741 944 38 35 
cell-0-5-7 782 944 38 35 
cell-0-5-8 823 944 38 35 
cell-0-5-9 864 944 38 35 
cell-0-5-10 905 944 38 35 
cell-0-5-11 946 944 38 35 
cell-0-5-12 987 944 38 35 
cell-0-6-0 495 1000 38 35 
cell-0-6-1 536 1000 38 35 
cell-0-6-2 577 1000 38 35 
cell-0-6-3 618 1000 38 35 
cell-0-6-4 659 1000 38 35 
cell-0-6-5 700 1000 38 35 
cell-0-6-6 741 1000 38 35 
cell-0-6-7 782 1000 38 35 
cell-0-6-8 823 1000 38 35 
cell-0-6-9 864 1000 38 35 
cell-0-6-10 905 1000 38 35 
cell-0-6-11 946 1000 38 35 
cell-0-6-12 987 1000 38 35 
