table-0 357 369 388 178 
cell-0-1-0 357 369 35 35 
cell-0-1-1 392 369 35 35 
cell-0-1-2 427 369 35 35 
cell-0-1-3 462 369 35 35 
cell-0-1-4 497 369 35 35 
cell-0-1-5 532 369 35 35 
cell-0-1-6 567 369 35 35 
cell-0-1-7 602 369 35 35 
cell-0-1-8 637 369 35 35 
cell-0-1-9 672 369 35 35 
cell-0-1-10 707 369 35 35 
cell-0-2-0 357 404 35 35 
cell-0-2-1 392 404 35 35 
cell-0-2-2 427 404 35 35 
cell-0-2-3 462 404 35 35 
cell-0-2-4 497 404 35 35 
cell-0-2-5 532 404 35 35 
cell-0-2-6 567 404 35 35 
cell-0-2-7 602 404 35 35 
cell-0-2-8 637 404 35 35 
cell-0-2-9 672 404 35 35 
cell-0-2-10 707 404 35 35 
cell-0-3-0 357 439 35 35 
cell-0-3-1 392 439 35 35 
cell-0-3-2 427 439 35 35 
cell-0-3-3 462 439 35 35 
cell-0-3-4 497 439 35 35 
cell-0-3-5 532 439 35 35 
cell-0-3-6 567 439 35 35 
cell-0-3-7 602 439 35 35 
cell-0-3-8 637 439 35 35 
cell-0-3-9 672 439 35 35 
cell-0-3-10 707 439 35 35 
cell-0-4-0 357 474 35 35 
cell-0-4-1 392 474 35 35 
cell-0-4-2 427 474 35 35 
cell-0-4-3 462 474 35 35 
cell-0-4-4 497 474 35 35 
cell-0-4-5 532 474 35 35 
cell-0-4-6 567 474 35 35 
cell-0-4-7 602 474 35 35 
cell-0-4-8 637 474 35 35 
cell-0-4-9 672 474 35 35 
cell-0-4-10 707 474 35 35 
cell-0-5-0 357 509 35 35 
cell-0-5-1 392 509 35 35 
cell-0-5-2 427 509 35 35 
cell-0-5-3 462 509 35 35 
cell-0-5-4 497 509 35 35 
cell-0-5-5 532 509 35 35 
cell-0-5-6 567 509 35 35 
cell-0-5-7 602 509 35 35 
cell-0-5-8 637 509 35 35 
cell-0-5-9 672 509 35 35 
cell-0-5-10 707 509 35 35 
table-1 747 718 228 626 
cell-1-0-0 747 718 45 35 
cell-1-0-1 792 718 45 35 
cell-1-0-2 837 718 45 35 
cell-1-0-3 882 718 45 35 
cell-1-0-4 927 718 45 35 
cell-1-1-0 747 767 45 35 
cell-1-1-1 792 767 45 35 
cell-1-1-2 837 767 45 35 
cell-1-1-3 882 767 45 35 
cell-1-1-4 927 767 45 35 
cell-1-2-0 747 816 45 35 
cell-1-2-1 792 816 45 35 
cell-1-2-2 837 816 45 35 
cell-1-2-3 882 816 45 35 
cell-1-2-4 927 816 45 35 
cell-1-3-0 747 865 45 35 
cell-1-3-1 792 865 45 35 
cell-1-3-2 837 865 45 35 
cell-1-3-3 882 865 45 35 
cell-1-3-4 927 865 45 35 
cell-1-4-0 747 914 45 35 
cell-1-4-1 792 914 45 35 
cell-1-4-2 837 914 45 35 
cell-1-4-3 882 914 45 35 
cell-1-4-4 927 914 45 35 
cell-1-5-0 747 963 45 35 
cell-1-5-1 792 963 45 35 
cell-1-5-2 837 963 45 35 
cell-1-5-3 882 963 45 35 
cell-1-5-4 927 963 45 35 
cell-1-6-0 747 1012 45 35 
cell-1-6-1 792 1012 45 35 
cell-1-6-2 837 1012 45 35 
cell-1-6-3 882 1012 45 35 
cell-1-6-4 927 1012 45 35 
cell-1-7-0 747 1061 45 35 
cell-1-7-1 792 1061 45 35 
cell-1-7-2 837 1061 45 35 
cell-1-7-3 882 1061 45 35 
cell-1-7-4 927 1061 45 35 
cell-1-8-0 747 1110 45 35 
cell-1-8-1 792 1110 45 35 
cell-1-8-2 837 1110 45 35 
cell-1-8-3 882 1110 45 35 
cell-1-8-4 927 1110 45 35 
cell-1-9-0 747 1159 45 35 
cell-1-9-1 792 1159 45 35 
cell-1-9-2 837 1159 45 35 
cell-1-9-3 882 1159 45 35 
cell-1-9-4 927 1159 45 35 
cell-1-10-0 747 1208 45 35 
cell-1-10-1 792 1208 45 35 
cell-1-10-2 837 1208 45 35 
cell-1-10-3 882 1208 45 35 
cell-1-10-4 927 1208 45 35 
cell-1-11-0 747 1257 45 35 
cell-1-11-1 792 1257 45 35 
cell-1-11-2 837 1257 45 35 
cell-1-11-3 882 1257 45 35 
cell-1-11-4 927 1257 45 35 
cell-1-12-0 747 1306 45 35 
cell-1-12-1 792 1306 45 35 
cell-1-12-2 837 1306 45 35 
cell-1-12-3 882 1306 45 35 
cell-1-12-4 927 1306 45 35 
