table-0 200 277 273 380 
cell-0-0-0 200 277 45 35 
cell-0-0-1 245 277 45 35 
cell-0-0-2 290 277 45 35 
cell-0-0-3 335 277 45 35 
cell-0-0-4 380 277 45 35 
cell-0-0-5 425 277 45 35 
cell-0-1-0 200 315 45 35 
cell-0-1-1 245 315 45 35 
cell-0-1-2 290 315 45 35 
cell-0-1-3 335 315 45 35 
cell-0-1-4 380 315 45 35 
cell-0-1-5 425 315 45 35 
cell-0-2-0 200 353 45 35 
cell-0-2-1 245 353 45 35 
cell-0-2-2 290 353 45 35 
cell-0-2-3 335 353 45 35 
cell-0-2-4 380 353 45 35 
cell-0-2-5 425 353 45 35 
cell-0-3-0 200 391 45 35 
cell-0-3-1 245 391 45 35 
cell-0-3-2 290 391 45 35 
cell-0-3-3 335 391 45 35 
cell-0-3-4 380 391 45 35 
cell-0-3-5 425 391 45 35 
cell-0-4-0 200 429 45 35 
cell-0-4-1 245 429 45 35 
cell-0-4-2 290 429 45 35 
cell-0-4-3 335 429 45 35 
cell-0-4-4 380 429 45 35 
cell-0-4-5 425 429 45 35 
cell-0-5-0 200 467 45 35 
cell-0-5-1 245 467 45 35 
cell-0-5-2 290 467 45 35 
cell-0-5-3 335 467 45 35 
cell-0-5-4 380 467 45 35 
cell-0-5-5 425 467 45 35 
cell-0-6-0 200 505 45 35 
cell-0-6-1 245 505 45 35 
cell-0-6-2 290 505 45 35 
cell-0-6-3 335 505 45 35 
cell-0-6-4 380 505 45 35 
cell-0-6-5 425 505 45 35 
cell-0-7-0 200 543 45 35 
cell-0-7-1 245 543 45 35 
cell-0-7-2 290 543 45 35 
cell-0-7-3 335 543 45 35 
cell-0-7-4 380 543 45 35 
cell-0-7-5 425 543 45 35 
cell-0-8-0 200 581 45 35 
cell-0-8-1 245 581 45 35 
cell-0-8-2 290 581 45 35 
cell-0-8-3 335 581 45 35 
cell-0-8-4 380 581 45 35 
cell-0-8-5 425 581 45 35 
cell-0-9-0 200 619 45 35 
cell-0-9-1 245 619 45 35 
cell-0-9-2 290 619 45 35 
cell-0-9-3 335 619 45 35 
cell-0-9-4 380 619 45 35 
cell-0-9-5 425 619 45 35 
