table-0 183 420 222 379 
cell-0-0-0 183 420 44 35 
cell-0-0-1 227 420 44 35 
cell-0-0-2 271 420 44 35 
cell-0-0-3 315 420 44 35 
cell-0-0-4 359 420 44 35 
cell-0-1-0 183 458 44 35 
cell-0-1-1 227 458 44 35 
cell-0-1-2 271 458 44 35 
cell-0-1-3 315 458 44 35 
cell-0-1-4 359 458 44 35 
cell-0-2-0 183 496 44 35 
cell-0-2-1 227 496 44 35 
cell-0-2-2 271 496 44 35 
cell-0-2-3 315 496 44 35 
cell-0-2-4 359 496 44 35 
cell-0-3-0 183 534 44 35 
cell-0-3-1 227 534 44 35 
cell-0-3-2 271 534 44 35 
cell-0-3-3 315 534 44 35 
cell-0-3-4 359 534 44 35 
cell-0-4-0 183 572 44 35 
cell-0-4-1 227 572 44 35 
cell-0-4-2 271 572 44 35 
cell-0-4-3 315 572 44 35 
cell-0-4-4 359 572 44 35 
cell-0-5-0 183 610 44 35 
cell-0-5-1 227 610 44 35 
cell-0-5-2 271 610 44 35 
cell-0-5-3 315 610 44 35 
cell-0-5-4 359 610 44 35 
cell-0-6-0 183 648 44 35 
cell-0-6-1 227 648 44 35 
cell-0-6-2 271 648 44 35 
cell-0-6-3 315 648 44 35 
cell-0-6-4 359 648 44 35 
cell-0-7-0 183 686 44 35 
cell-0-7-1 227 686 44 35 
cell-0-7-2 271 686 44 35 
cell-0-7-3 315 686 44 35 
cell-0-7-4 359 686 44 35 
cell-0-8-0 183 724 44 35 
cell-0-8-1 227 724 44 35 
cell-0-8-2 271 724 44 35 
cell-0-8-3 315 724 44 35 
cell-0-8-4 359 724 44 35 
cell-0-9-0 183 762 44 35 
cell-0-9-1 227 762 44 35 
cell-0-9-2 271 762 44 35 
cell-0-9-3 315 762 44 35 
cell-0-9-4 359 762 44 35 
