table-0 598 960 387 385 
cell-0-1-0 598 960 36 35 
cell-0-1-1 637 960 36 35 
cell-0-1-2 676 960 36 35 
cell-0-1-3 715 960 36 35 
cell-0-1-4 754 960 36 35 
cell-0-1-5 793 960 36 35 
cell-0-1-6 832 960 36 35 
cell-0-1-7 871 960 36 35 
cell-0-1-8 910 960 36 35 
cell-0-1-9 949 960 36 35 
cell-0-2-0 598 1018 36 35 
cell-0-2-1 637 1018 36 35 
cell-0-2-2 676 1018 36 35 
cell-0-2-3 715 1018 36 35 
cell-0-2-4 754 1018 36 35 
cell-0-2-5 793 1018 36 35 
cell-0-2-6 832 1018 36 35 
cell-0-2-7 871 1018 36 35 
cell-0-2-8 910 1018 36 35 
cell-0-2-9 949 1018 36 35 
cell-0-3-0 598 1076 36 35 
cell-0-3-1 637 1076 36 35 
cell-0-3-2 676 1076 36 35 
cell-0-3-3 715 1076 36 35 
cell-0-3-4 754 1076 36 35 
cell-0-3-5 793 1076 36 35 
cell-0-3-6 832 1076 36 35 
cell-0-3-7 871 1076 36 35 
cell-0-3-8 910 1076 36 35 
cell-0-3-9 949 1076 36 35 
cell-0-4-0 598 1134 36 35 
cell-0-4-1 637 1134 36 35 
cell-0-4-2 676 1134 36 35 
cell-0-4-3 715 1134 36 35 
cell-0-4-4 754 1134 36 35 
cell-0-4-5 793 1134 36 35 
cell-0-4-6 832 1134 36 35 
cell-0-4-7 871 1134 36 35 
cell-0-4-8 910 1134 36 35 
cell-0-4-9 949 1134 36 35 
cell-0-5-0 598 1192 36 35 
cell-0-5-1 637 1192 36 35 
cell-0-5-2 676 1192 36 35 
cell-0-5-3 715 1192 36 35 
cell-0-5-4 754 1192 36 35 
cell-0-5-5 793 1192 36 35 
cell-0-5-6 832 1192 36 35 
cell-0-5-7 871 1192 36 35 
cell-0-5-8 910 1192 36 35 
cell-0-5-9 949 1192 36 35 
cell-0-6-0 598 1250 36 35 
cell-0-6-1 637 1250 36 35 
cell-0-6-2 676 1250 36 35 
cell-0-6-3 715 1250 36 35 
cell-0-6-4 754 1250 36 35 
cell-0-6-5 793 1250 36 35 
cell-0-6-6 832 1250 36 35 
cell-0-6-7 871 1250 36 35 
cell-0-6-8 910 1250 36 35 
cell-0-6-9 949 1250 36 35 
cell-0-7-0 598 1308 36 35 
cell-0-7-1 637 1308 36 35 
cell-0-7-2 676 1308 36 35 
cell-0-7-3 715 1308 36 35 
cell-0-7-4 754 1308 36 35 
cell-0-7-5 793 1308 36 35 
cell-0-7-6 832 1308 36 35 
cell-0-7-7 871 1308 36 35 
cell-0-7-8 910 1308 36 35 
cell-0-7-9 949 1308 36 35 
table-4 294 855 222 407 
cell-4-0-0 294 855 44 35 
cell-4-0-1 338 855 44 35 
cell-4-0-2 382 855 44 35 
cell-4-0-3 426 855 44 35 
cell-4-0-4 470 855 44 35 
cell-4-1-0 294 892 44 35 
cell-4-1-1 338 892 44 35 
cell-4-1-2 382 892 44 35 
cell-4-1-3 426 892 44 35 
cell-4-1-4 470 892 44 35 
cell-4-2-0 294 929 44 35 
cell-4-2-1 338 929 44 35 
cell-4-2-2 382 929 44 35 
cell-4-2-3 426 929 44 35 
cell-4-2-4 470 929 44 35 
cell-4-3-0 294 966 44 35 
cell-4-3-1 338 966 44 35 
cell-4-3-2 382 966 44 35 
cell-4-3-3 426 966 44 35 
cell-4-3-4 470 966 44 35 
cell-4-4-0 294 1003 44 35 
cell-4-4-1 338 1003 44 35 
cell-4-4-2 382 1003 44 35 
cell-4-4-3 426 1003 44 35 
cell-4-4-4 470 1003 44 35 
cell-4-5-0 294 1040 44 35 
cell-4-5-1 338 1040 44 35 
cell-4-5-2 382 1040 44 35 
cell-4-5-3 426 1040 44 35 
cell-4-5-4 470 1040 44 35 
cell-4-6-0 294 1077 44 35 
cell-4-6-1 338 1077 44 35 
cell-4-6-2 382 1077 44 35 
cell-4-6-3 426 1077 44 35 
cell-4-6-4 470 1077 44 35 
cell-4-7-0 294 1114 44 35 
cell-4-7-1 338 1114 44 35 
cell-4-7-2 382 1114 44 35 
cell-4-7-3 426 1114 44 35 
cell-4-7-4 470 1114 44 35 
cell-4-8-0 294 1151 44 35 
cell-4-8-1 338 1151 44 35 
cell-4-8-2 382 1151 44 35 
cell-4-8-3 426 1151 44 35 
cell-4-8-4 470 1151 44 35 
cell-4-9-0 294 1188 44 35 
cell-4-9-1 338 1188 44 35 
cell-4-9-2 382 1188 44 35 
cell-4-9-3 426 1188 44 35 
cell-4-9-4 470 1188 44 35 
cell-4-10-0 294 1225 44 35 
cell-4-10-1 338 1225 44 35 
cell-4-10-2 382 1225 44 35 
cell-4-10-3 426 1225 44 35 
cell-4-10-4 470 1225 44 35 
