table-0 305 381 626 452 
cell-0-1-0 305 381 34 35 
cell-0-1-1 342 381 34 35 
cell-0-1-2 379 381 34 35 
cell-0-1-3 416 381 34 35 
cell-0-1-4 453 381 34 35 
cell-0-1-5 490 381 34 35 
cell-0-1-6 527 381 34 35 
cell-0-1-7 564 381 34 35 
cell-0-1-8 601 381 34 35 
cell-0-1-9 638 381 34 35 
cell-0-1-10 675 381 34 35 
cell-0-1-11 712 381 34 35 
cell-0-1-12 749 381 34 35 
cell-0-1-13 786 381 34 35 
cell-0-1-14 823 381 34 35 
cell-0-1-15 860 381 34 35 
cell-0-1-16 897 381 34 35 
cell-0-2-0 305 433 34 35 
cell-0-2-1 342 433 34 35 
cell-0-2-2 379 433 34 35 
cell-0-2-3 416 433 34 35 
cell-0-2-4 453 433 34 35 
cell-0-2-5 490 433 34 35 
cell-0-2-6 527 433 34 35 
cell-0-2-7 564 433 34 35 
cell-0-2-8 601 433 34 35 
cell-0-2-9 638 433 34 35 
cell-0-2-10 675 433 34 35 
cell-0-2-11 712 433 34 35 
cell-0-2-12 749 433 34 35 
cell-0-2-13 786 433 34 35 
cell-0-2-14 823 433 34 35 
cell-0-2-15 860 433 34 35 
cell-0-2-16 897 433 34 35 
cell-0-3-0 305 485 34 35 
cell-0-3-1 342 485 34 35 
cell-0-3-2 379 485 34 35 
cell-0-3-3 416 485 34 35 
cell-0-3-4 453 485 34 35 
cell-0-3-5 490 485 34 35 
cell-0-3-6 527 485 34 35 
cell-0-3-7 564 485 34 35 
cell-0-3-8 601 485 34 35 
cell-0-3-9 638 485 34 35 
cell-0-3-10 675 485 34 35 
cell-0-3-11 712 485 34 35 
cell-0-3-12 749 485 34 35 
cell-0-3-13 786 485 34 35 
cell-0-3-14 823 485 34 35 
cell-0-3-15 860 485 34 35 
cell-0-3-16 897 485 34 35 
cell-0-4-0 305 537 34 35 
cell-0-4-1 342 537 34 35 
cell-0-4-2 379 537 34 35 
cell-0-4-3 416 537 34 35 
cell-0-4-4 453 537 34 35 
cell-0-4-5 490 537 34 35 
cell-0-4-6 527 537 34 35 
cell-0-4-7 564 537 34 35 
cell-0-4-8 601 537 34 35 
cell-0-4-9 638 537 34 35 
cell-0-4-10 675 537 34 35 
cell-0-4-11 712 537 34 35 
cell-0-4-12 749 537 34 35 
cell-0-4-13 786 537 34 35 
cell-0-4-14 823 537 34 35 
cell-0-4-15 860 537 34 35 
cell-0-4-16 897 537 34 35 
cell-0-5-0 305 589 34 35 
cell-0-5-1 342 589 34 35 
cell-0-5-2 379 589 34 35 
cell-0-5-3 416 589 34 35 
cell-0-5-4 453 589 34 35 
cell-0-5-5 490 589 34 35 
cell-0-5-6 527 589 34 35 
cell-0-5-7 564 589 34 35 
cell-0-5-8 601 589 34 35 
cell-0-5-9 638 589 34 35 
cell-0-5-10 675 589 34 35 
cell-0-5-11 712 589 34 35 
cell-0-5-12 749 589 34 35 
cell-0-5-13 786 589 34 35 
cell-0-5-14 823 589 34 35 
cell-0-5-15 860 589 34 35 
cell-0-5-16 897 589 34 35 
cell-0-6-0 305 641 34 35 
cell-0-6-1 342 641 34 35 
cell-0-6-2 379 641 34 35 
cell-0-6-3 416 641 34 35 
cell-0-6-4 453 641 34 35 
cell-0-6-5 490 641 34 35 
cell-0-6-6 527 641 34 35 
cell-0-6-7 564 641 34 35 
cell-0-6-8 601 641 34 35 
cell-0-6-9 638 641 34 35 
cell-0-6-10 675 641 34 35 
cell-0-6-11 712 641 34 35 
cell-0-6-12 749 641 34 35 
cell-0-6-13 786 641 34 35 
cell-0-6-14 823 641 34 35 
cell-0-6-15 860 641 34 35 
cell-0-6-16 897 641 34 35 
cell-0-7-0 305 693 34 35 
cell-0-7-1 342 693 34 35 
cell-0-7-2 379 693 34 35 
cell-0-7-3 416 693 34 35 
cell-0-7-4 453 693 34 35 
cell-0-7-5 490 693 34 35 
cell-0-7-6 527 693 34 35 
cell-0-7-7 564 693 34 35 
cell-0-7-8 601 693 34 35 
cell-0-7-9 638 693 34 35 
cell-0-7-10 675 693 34 35 
cell-0-7-11 712 693 34 35 
cell-0-7-12 749 693 34 35 
cell-0-7-13 786 693 34 35 
cell-0-7-14 823 693 34 35 
cell-0-7-15 860 693 34 35 
cell-0-7-16 897 693 34 35 
cell-0-8-0 305 745 34 35 
cell-0-8-1 342 745 34 35 
cell-0-8-2 379 745 34 35 
cell-0-8-3 416 745 34 35 
cell-0-8-4 453 745 34 35 
cell-0-8-5 490 745 34 35 
cell-0-8-6 527 745 34 35 
cell-0-8-7 564 745 34 35 
cell-0-8-8 601 745 34 35 
cell-0-8-9 638 745 34 35 
cell-0-8-10 675 745 34 35 
cell-0-8-11 712 745 34 35 
cell-0-8-12 749 745 34 35 
cell-0-8-13 786 745 34 35 
cell-0-8-14 823 745 34 35 
cell-0-8-15 860 745 34 35 
cell-0-8-16 897 745 34 35 
cell-0-9-0 305 797 34 35 
cell-0-9-1 342 797 34 35 
cell-0-9-2 379 797 34 35 
cell-0-9-3 416 797 34 35 
cell-0-9-4 453 797 34 35 
cell-0-9-5 490 797 34 35 
cell-0-9-6 527 797 34 35 
cell-0-9-7 564 797 34 35 
cell-0-9-8 601 797 34 35 
cell-0-9-9 638 797 34 35 
cell-0-9-10 675 797 34 35 
cell-0-9-11 712 797 34 35 
cell-0-9-12 749 797 34 35 
cell-0-9-13 786 797 34 35 
cell-0-9-14 823 797 34 35 
cell-0-9-15 860 797 34 35 
cell-0-9-16 897 797 34 35 
header-5 162 929 838 193 
row-1-1 162 929 281 40 
row-1-2 463 929 314 40 
row-2-1 162 979 314 40 
row-2-2 496 979 497 40 
row-3-1 162 1029 512 40 
row-4-1 162 1079 611 40 
