header-0 190 1257 798 193 
row-1-1 190 1257 348 40 
row-1-2 558 1257 315 40 
row-2-1 190 1307 315 40 
row-2-2 525 1307 457 40 
row-3-1 190 1357 744 40 
row-4-1 190 1407 480 40 
table-1 74 118 397 330 
cell-1-1-0 74 118 33 35 
cell-1-1-1 107 118 33 35 
cell-1-1-2 140 118 33 35 
cell-1-1-3 173 118 33 35 
cell-1-1-4 206 118 33 35 
cell-1-1-5 239 118 33 35 
cell-1-1-6 272 118 33 35 
cell-1-1-7 305 118 33 35 
cell-1-1-8 338 118 33 35 
cell-1-1-9 371 118 33 35 
cell-1-1-10 404 118 33 35 
cell-1-1-11 437 118 33 35 
cell-1-2-0 74 167 33 35 
cell-1-2-1 107 167 33 35 
cell-1-2-2 140 167 33 35 
cell-1-2-3 173 167 33 35 
cell-1-2-4 206 167 33 35 
cell-1-2-5 239 167 33 35 
cell-1-2-6 272 167 33 35 
cell-1-2-7 305 167 33 35 
cell-1-2-8 338 167 33 35 
cell-1-2-9 371 167 33 35 
cell-1-2-10 404 167 33 35 
cell-1-2-11 437 167 33 35 
cell-1-3-0 74 216 33 35 
cell-1-3-1 107 216 33 35 
cell-1-3-2 140 216 33 35 
cell-1-3-3 173 216 33 35 
cell-1-3-4 206 216 33 35 
cell-1-3-5 239 216 33 35 
cell-1-3-6 272 216 33 35 
cell-1-3-7 305 216 33 35 
cell-1-3-8 338 216 33 35 
cell-1-3-9 371 216 33 35 
cell-1-3-10 404 216 33 35 
cell-1-3-11 437 216 33 35 
cell-1-4-0 74 265 33 35 
cell-1-4-1 107 265 33 35 
cell-1-4-2 140 265 33 35 
cell-1-4-3 173 265 33 35 
cell-1-4-4 206 265 33 35 
cell-1-4-5 239 265 33 35 
cell-1-4-6 272 265 33 35 
cell-1-4-7 305 265 33 35 
cell-1-4-8 338 265 33 35 
cell-1-4-9 371 265 33 35 
cell-1-4-10 404 265 33 35 
cell-1-4-11 437 265 33 35 
cell-1-5-0 74 314 33 35 
cell-1-5-1 107 314 33 35 
cell-1-5-2 140 314 33 35 
cell-1-5-3 173 314 33 35 
cell-1-5-4 206 314 33 35 
cell-1-5-5 239 314 33 35 
cell-1-5-6 272 314 33 35 
cell-1-5-7 305 314 33 35 
cell-1-5-8 338 314 33 35 
cell-1-5-9 371 314 33 35 
cell-1-5-10 404 314 33 35 
cell-1-5-11 437 314 33 35 
cell-1-6-0 74 363 33 35 
cell-1-6-1 107 363 33 35 
cell-1-6-2 140 363 33 35 
cell-1-6-3 173 363 33 35 
cell-1-6-4 206 363 33 35 
cell-1-6-5 239 363 33 35 
cell-1-6-6 272 363 33 35 
cell-1-6-7 305 363 33 35 
cell-1-6-8 338 363 33 35 
cell-1-6-9 371 363 33 35 
cell-1-6-10 404 363 33 35 
cell-1-6-11 437 363 33 35 
cell-1-7-0 74 412 33 35 
cell-1-7-1 107 412 33 35 
cell-1-7-2 140 412 33 35 
cell-1-7-3 173 412 33 35 
cell-1-7-4 206 412 33 35 
cell-1-7-5 239 412 33 35 
cell-1-7-6 272 412 33 35 
cell-1-7-7 305 412 33 35 
cell-1-7-8 338 412 33 35 
cell-1-7-9 371 412 33 35 
cell-1-7-10 404 412 33 35 
cell-1-7-11 437 412 33 35 
