table-0 504 249 525 582 
cell-0-0-0 504 249 43 41 
cell-0-0-1 547 249 43 41 
cell-0-0-2 590 249 43 41 
cell-0-0-3 633 249 43 41 
cell-0-0-4 676 249 43 41 
cell-0-0-5 719 249 309 41 
cell-0-1-0 504 303 43 41 
cell-0-1-1 547 303 43 41 
cell-0-1-2 590 303 43 41 
cell-0-1-3 633 303 43 41 
cell-0-1-4 676 303 43 41 
cell-0-1-5 719 303 309 41 
cell-0-2-0 504 357 43 41 
cell-0-2-1 547 357 43 41 
cell-0-2-2 590 357 43 41 
cell-0-2-3 633 357 43 41 
cell-0-2-4 676 357 43 41 
cell-0-2-5 719 357 309 41 
cell-0-3-0 504 411 43 41 
cell-0-3-1 547 411 43 41 
cell-0-3-2 590 411 43 41 
cell-0-3-3 633 411 43 41 
cell-0-3-4 676 411 43 41 
cell-0-3-5 719 411 309 41 
cell-0-4-0 504 465 43 41 
cell-0-4-1 547 465 43 41 
cell-0-4-2 590 465 43 41 
cell-0-4-3 633 465 43 41 
cell-0-4-4 676 465 43 41 
cell-0-4-5 719 465 309 41 
cell-0-5-0 504 519 43 41 
cell-0-5-1 547 519 43 41 
cell-0-5-2 590 519 43 41 
cell-0-5-3 633 519 43 41 
cell-0-5-4 676 519 43 41 
cell-0-5-5 719 519 309 41 
cell-0-6-0 504 573 43 41 
cell-0-6-1 547 573 43 41 
cell-0-6-2 590 573 43 41 
cell-0-6-3 633 573 43 41 
cell-0-6-4 676 573 43 41 
cell-0-6-5 719 573 309 41 
cell-0-7-0 504 627 43 41 
cell-0-7-1 547 627 43 41 
cell-0-7-2 590 627 43 41 
cell-0-7-3 633 627 43 41 
cell-0-7-4 676 627 43 41 
cell-0-7-5 719 627 309 41 
cell-0-8-0 504 681 43 41 
cell-0-8-1 547 681 43 41 
cell-0-8-2 590 681 43 41 
cell-0-8-3 633 681 43 41 
cell-0-8-4 676 681 43 41 
cell-0-8-5 719 681 309 41 
cell-0-9-0 504 735 43 41 
cell-0-9-1 547 735 43 41 
cell-0-9-2 590 735 43 41 
cell-0-9-3 633 735 43 41 
cell-0-9-4 676 735 43 41 
cell-0-9-5 719 735 309 41 
cell-0-10-0 504 789 43 41 
cell-0-10-1 547 789 43 41 
cell-0-10-2 590 789 43 41 
cell-0-10-3 633 789 43 41 
cell-0-10-4 676 789 43 41 
cell-0-10-5 719 789 309 41 
table-3 96 946 222 477 
cell-3-0-0 96 946 44 35 
cell-3-0-1 140 946 44 35 
cell-3-0-2 184 946 44 35 
cell-3-0-3 228 946 44 35 
cell-3-0-4 272 946 44 35 
cell-3-1-0 96 990 44 35 
cell-3-1-1 140 990 44 35 
cell-3-1-2 184 990 44 35 
cell-3-1-3 228 990 44 35 
cell-3-1-4 272 990 44 35 
cell-3-2-0 96 1034 44 35 
cell-3-2-1 140 1034 44 35 
cell-3-2-2 184 1034 44 35 
cell-3-2-3 228 1034 44 35 
cell-3-2-4 272 1034 44 35 
cell-3-3-0 96 1078 44 35 
cell-3-3-1 140 1078 44 35 
cell-3-3-2 184 1078 44 35 
cell-3-3-3 228 1078 44 35 
cell-3-3-4 272 1078 44 35 
cell-3-4-0 96 1122 44 35 
cell-3-4-1 140 1122 44 35 
cell-3-4-2 184 1122 44 35 
cell-3-4-3 228 1122 44 35 
cell-3-4-4 272 1122 44 35 
cell-3-5-0 96 1166 44 35 
cell-3-5-1 140 1166 44 35 
cell-3-5-2 184 1166 44 35 
cell-3-5-3 228 1166 44 35 
cell-3-5-4 272 1166 44 35 
cell-3-6-0 96 1210 44 35 
cell-3-6-1 140 1210 44 35 
cell-3-6-2 184 1210 44 35 
cell-3-6-3 228 1210 44 35 
cell-3-6-4 272 1210 44 35 
cell-3-7-0 96 1254 44 35 
cell-3-7-1 140 1254 44 35 
cell-3-7-2 184 1254 44 35 
cell-3-7-3 228 1254 44 35 
cell-3-7-4 272 1254 44 35 
cell-3-8-0 96 1298 44 35 
cell-3-8-1 140 1298 44 35 
cell-3-8-2 184 1298 44 35 
cell-3-8-3 228 1298 44 35 
cell-3-8-4 272 1298 44 35 
cell-3-9-0 96 1342 44 35 
cell-3-9-1 140 1342 44 35 
cell-3-9-2 184 1342 44 35 
cell-3-9-3 228 1342 44 35 
cell-3-9-4 272 1342 44 35 
cell-3-10-0 96 1386 44 35 
cell-3-10-1 140 1386 44 35 
cell-3-10-2 184 1386 44 35 
cell-3-10-3 228 1386 44 35 
cell-3-10-4 272 1386 44 35 
