header-0 166 1231 799 193 
row-1-1 166 1231 415 40 
row-1-2 601 1231 349 40 
row-2-1 166 1281 316 40 
row-2-2 502 1281 457 40 
row-3-1 166 1331 613 40 
row-4-1 166 1381 547 40 
table-1 143 384 660 401 
cell-1-1-0 143 384 36 35 
cell-1-1-1 182 384 36 35 
cell-1-1-2 221 384 36 35 
cell-1-1-3 260 384 36 35 
cell-1-1-4 299 384 36 35 
cell-1-1-5 338 384 36 35 
cell-1-1-6 377 384 36 35 
cell-1-1-7 416 384 36 35 
cell-1-1-8 455 384 36 35 
cell-1-1-9 494 384 36 35 
cell-1-1-10 533 384 36 35 
cell-1-1-11 572 384 36 35 
cell-1-1-12 611 384 36 35 
cell-1-1-13 650 384 36 35 
cell-1-1-14 689 384 36 35 
cell-1-1-15 728 384 36 35 
cell-1-1-16 767 384 36 35 
cell-1-2-0 143 436 36 35 
cell-1-2-1 182 436 36 35 
cell-1-2-2 221 436 36 35 
cell-1-2-3 260 436 36 35 
cell-1-2-4 299 436 36 35 
cell-1-2-5 338 436 36 35 
cell-1-2-6 377 436 36 35 
cell-1-2-7 416 436 36 35 
cell-1-2-8 455 436 36 35 
cell-1-2-9 494 436 36 35 
cell-1-2-10 533 436 36 35 
cell-1-2-11 572 436 36 35 
cell-1-2-12 611 436 36 35 
cell-1-2-13 650 436 36 35 
cell-1-2-14 689 436 36 35 
cell-1-2-15 728 436 36 35 
cell-1-2-16 767 436 36 35 
cell-1-3-0 143 488 36 35 
cell-1-3-1 182 488 36 35 
cell-1-3-2 221 488 36 35 
cell-1-3-3 260 488 36 35 
cell-1-3-4 299 488 36 35 
cell-1-3-5 338 488 36 35 
cell-1-3-6 377 488 36 35 
cell-1-3-7 416 488 36 35 
cell-1-3-8 455 488 36 35 
cell-1-3-9 494 488 36 35 
cell-1-3-10 533 488 36 35 
cell-1-3-11 572 488 36 35 
cell-1-3-12 611 488 36 35 
cell-1-3-13 650 488 36 35 
cell-1-3-14 689 488 36 35 
cell-1-3-15 728 488 36 35 
cell-1-3-16 767 488 36 35 
cell-1-4-0 143 540 36 35 
cell-1-4-1 182 540 36 35 
cell-1-4-2 221 540 36 35 
cell-1-4-3 260 540 36 35 
cell-1-4-4 299 540 36 35 
cell-1-4-5 338 540 36 35 
cell-1-4-6 377 540 36 35 
cell-1-4-7 416 540 36 35 
cell-1-4-8 455 540 36 35 
cell-1-4-9 494 540 36 35 
cell-1-4-10 533 540 36 35 
cell-1-4-11 572 540 36 35 
cell-1-4-12 611 540 36 35 
cell-1-4-13 650 540 36 35 
cell-1-4-14 689 540 36 35 
cell-1-4-15 728 540 36 35 
cell-1-4-16 767 540 36 35 
cell-1-5-0 143 592 36 35 
cell-1-5-1 182 592 36 35 
cell-1-5-2 221 592 36 35 
cell-1-5-3 260 592 36 35 
cell-1-5-4 299 592 36 35 
cell-1-5-5 338 592 36 35 
cell-1-5-6 377 592 36 35 
cell-1-5-7 416 592 36 35 
cell-1-5-8 455 592 36 35 
cell-1-5-9 494 592 36 35 
cell-1-5-10 533 592 36 35 
cell-1-5-11 572 592 36 35 
cell-1-5-12 611 592 36 35 
cell-1-5-13 650 592 36 35 
cell-1-5-14 689 592 36 35 
cell-1-5-15 728 592 36 35 
cell-1-5-16 767 592 36 35 
cell-1-6-0 143 644 36 35 
cell-1-6-1 182 644 36 35 
cell-1-6-2 221 644 36 35 
cell-1-6-3 260 644 36 35 
cell-1-6-4 299 644 36 35 
cell-1-6-5 338 644 36 35 
cell-1-6-6 377 644 36 35 
cell-1-6-7 416 644 36 35 
cell-1-6-8 455 644 36 35 
cell-1-6-9 494 644 36 35 
cell-1-6-10 533 644 36 35 
cell-1-6-11 572 644 36 35 
cell-1-6-12 611 644 36 35 
cell-1-6-13 650 644 36 35 
cell-1-6-14 689 644 36 35 
cell-1-6-15 728 644 36 35 
cell-1-6-16 767 644 36 35 
cell-1-7-0 143 696 36 35 
cell-1-7-1 182 696 36 35 
cell-1-7-2 221 696 36 35 
cell-1-7-3 260 696 36 35 
cell-1-7-4 299 696 36 35 
cell-1-7-5 338 696 36 35 
cell-1-7-6 377 696 36 35 
cell-1-7-7 416 696 36 35 
cell-1-7-8 455 696 36 35 
cell-1-7-9 494 696 36 35 
cell-1-7-10 533 696 36 35 
cell-1-7-11 572 696 36 35 
cell-1-7-12 611 696 36 35 
cell-1-7-13 650 696 36 35 
cell-1-7-14 689 696 36 35 
cell-1-7-15 728 696 36 35 
cell-1-7-16 767 696 36 35 
cell-1-8-0 143 748 36 35 
cell-1-8-1 182 748 36 35 
cell-1-8-2 221 748 36 35 
cell-1-8-3 260 748 36 35 
cell-1-8-4 299 748 36 35 
cell-1-8-5 338 748 36 35 
cell-1-8-6 377 748 36 35 
cell-1-8-7 416 748 36 35 
cell-1-8-8 455 748 36 35 
cell-1-8-9 494 748 36 35 
cell-1-8-10 533 748 36 35 
cell-1-8-11 572 748 36 35 
cell-1-8-12 611 748 36 35 
cell-1-8-13 650 748 36 35 
cell-1-8-14 689 748 36 35 
cell-1-8-15 728 748 36 35 
cell-1-8-16 767 748 36 35 
