table-0 234 797 613 550 
cell-0-0-0 234 797 44 43 
cell-0-0-1 278 797 44 43 
cell-0-0-2 322 797 44 43 
cell-0-0-3 366 797 44 43 
cell-0-0-4 410 797 44 43 
cell-0-0-5 454 797 389 43 
cell-0-1-0 234 853 44 43 
cell-0-1-1 278 853 44 43 
cell-0-1-2 322 853 44 43 
cell-0-1-3 366 853 44 43 
cell-0-1-4 410 853 44 43 
cell-0-1-5 454 853 389 43 
cell-0-2-0 234 909 44 43 
cell-0-2-1 278 909 44 43 
cell-0-2-2 322 909 44 43 
cell-0-2-3 366 909 44 43 
cell-0-2-4 410 909 44 43 
cell-0-2-5 454 909 389 43 
cell-0-3-0 234 965 44 43 
cell-0-3-1 278 965 44 43 
cell-0-3-2 322 965 44 43 
cell-0-3-3 366 965 44 43 
cell-0-3-4 410 965 44 43 
cell-0-3-5 454 965 389 43 
cell-0-4-0 234 1021 44 43 
cell-0-4-1 278 1021 44 43 
cell-0-4-2 322 1021 44 43 
cell-0-4-3 366 1021 44 43 
cell-0-4-4 410 1021 44 43 
cell-0-4-5 454 1021 389 43 
cell-0-5-0 234 1077 44 43 
cell-0-5-1 278 1077 44 43 
cell-0-5-2 322 1077 44 43 
cell-0-5-3 366 1077 44 43 
cell-0-5-4 410 1077 44 43 
cell-0-5-5 454 1077 389 43 
cell-0-6-0 234 1133 44 43 
cell-0-6-1 278 1133 44 43 
cell-0-6-2 322 1133 44 43 
cell-0-6-3 366 1133 44 43 
cell-0-6-4 410 1133 44 43 
cell-0-6-5 454 1133 389 43 
cell-0-7-0 234 1189 44 43 
cell-0-7-1 278 1189 44 43 
cell-0-7-2 322 1189 44 43 
cell-0-7-3 366 1189 44 43 
cell-0-7-4 410 1189 44 43 
cell-0-7-5 454 1189 389 43 
cell-0-8-0 234 1245 44 43 
cell-0-8-1 278 1245 44 43 
cell-0-8-2 322 1245 44 43 
cell-0-8-3 366 1245 44 43 
cell-0-8-4 410 1245 44 43 
cell-0-8-5 454 1245 389 43 
cell-0-9-0 234 1301 44 43 
cell-0-9-1 278 1301 44 43 
cell-0-9-2 322 1301 44 43 
cell-0-9-3 366 1301 44 43 
cell-0-9-4 410 1301 44 43 
cell-0-9-5 454 1301 389 43 
