table-0 517 195 500 555 
cell-0-0-0 517 195 62 56 
cell-0-0-1 579 195 62 56 
cell-0-0-2 641 195 62 56 
cell-0-0-3 703 195 62 56 
cell-0-0-4 765 195 62 56 
cell-0-0-5 827 195 62 56 
cell-0-0-6 889 195 62 56 
cell-0-0-7 951 195 62 56 
cell-0-1-0 517 257 62 56 
cell-0-1-1 579 257 62 56 
cell-0-1-2 641 257 62 56 
cell-0-1-3 703 257 62 56 
cell-0-1-4 765 257 62 56 
cell-0-1-5 827 257 62 56 
cell-0-1-6 889 257 62 56 
cell-0-1-7 951 257 62 56 
cell-0-2-0 517 319 62 56 
cell-0-2-1 579 319 62 56 
cell-0-2-2 641 319 62 56 
cell-0-2-3 703 319 62 56 
cell-0-2-4 765 319 62 56 
cell-0-2-5 827 319 62 56 
cell-0-2-6 889 319 62 56 
cell-0-2-7 951 319 62 56 
cell-0-3-0 517 381 62 56 
cell-0-3-1 579 381 62 56 
cell-0-3-2 641 381 62 56 
cell-0-3-3 703 381 62 56 
cell-0-3-4 765 381 62 56 
cell-0-3-5 827 381 62 56 
cell-0-3-6 889 381 62 56 
cell-0-3-7 951 381 62 56 
cell-0-4-0 517 443 62 56 
cell-0-4-1 579 443 62 56 
cell-0-4-2 641 443 62 56 
cell-0-4-3 703 443 62 56 
cell-0-4-4 765 443 62 56 
cell-0-4-5 827 443 62 56 
cell-0-4-6 889 443 62 56 
cell-0-4-7 951 443 62 56 
cell-0-5-0 517 505 62 56 
cell-0-5-1 579 505 62 56 
cell-0-5-2 641 505 62 56 
cell-0-5-3 703 505 62 56 
cell-0-5-4 765 505 62 56 
cell-0-5-5 827 505 62 56 
cell-0-5-6 889 505 62 56 
cell-0-5-7 951 505 62 56 
cell-0-6-0 517 567 62 56 
cell-0-6-1 579 567 62 56 
cell-0-6-2 641 567 62 56 
cell-0-6-3 703 567 62 56 
cell-0-6-4 765 567 62 56 
cell-0-6-5 827 567 62 56 
cell-0-6-6 889 567 62 56 
cell-0-6-7 951 567 62 56 
cell-0-7-0 517 629 62 56 
cell-0-7-1 579 629 62 56 
cell-0-7-2 641 629 62 56 
cell-0-7-3 703 629 62 56 
cell-0-7-4 765 629 62 56 
cell-0-7-5 827 629 62 56 
cell-0-7-6 889 629 62 56 
cell-0-7-7 951 629 62 56 
cell-0-8-0 517 691 62 56 
cell-0-8-1 579 691 62 56 
cell-0-8-2 641 691 62 56 
cell-0-8-3 703 691 62 56 
cell-0-8-4 765 691 62 56 
cell-0-8-5 827 691 62 56 
cell-0-8-6 889 691 62 56 
cell-0-8-7 951 691 62 56 
header-1 107 1157 825 193 
row-1-1 107 1157 264 40 
row-1-2 391 1157 264 40 
row-2-1 107 1207 330 40 
row-2-2 457 1207 467 40 
row-3-1 107 1257 627 40 
row-4-1 107 1307 759 40 
