table-0 463 528 530 374 
cell-0-1-0 463 528 38 35 
cell-0-1-1 504 528 38 35 
cell-0-1-2 545 528 38 35 
cell-0-1-3 586 528 38 35 
cell-0-1-4 627 528 38 35 
cell-0-1-5 668 528 38 35 
cell-0-1-6 709 528 38 35 
cell-0-1-7 750 528 38 35 
cell-0-1-8 791 528 38 35 
cell-0-1-9 832 528 38 35 
cell-0-1-10 873 528 38 35 
cell-0-1-11 914 528 38 35 
cell-0-1-12 955 528 38 35 
cell-0-2-0 463 570 38 35 
cell-0-2-1 504 570 38 35 
cell-0-2-2 545 570 38 35 
cell-0-2-3 586 570 38 35 
cell-0-2-4 627 570 38 35 
cell-0-2-5 668 570 38 35 
cell-0-2-6 709 570 38 35 
cell-0-2-7 750 570 38 35 
cell-0-2-8 791 570 38 35 
cell-0-2-9 832 570 38 35 
cell-0-2-10 873 570 38 35 
cell-0-2-11 914 570 38 35 
cell-0-2-12 955 570 38 35 
cell-0-3-0 463 612 38 35 
cell-0-3-1 504 612 38 35 
cell-0-3-2 545 612 38 35 
cell-0-3-3 586 612 38 35 
cell-0-3-4 627 612 38 35 
cell-0-3-5 668 612 38 35 
cell-0-3-6 709 612 38 35 
cell-0-3-7 750 612 38 35 
cell-0-3-8 791 612 38 35 
cell-0-3-9 832 612 38 35 
cell-0-3-10 873 612 38 35 
cell-0-3-11 914 612 38 35 
cell-0-3-12 955 612 38 35 
cell-0-4-0 463 654 38 35 
cell-0-4-1 504 654 38 35 
cell-0-4-2 545 654 38 35 
cell-0-4-3 586 654 38 35 
cell-0-4-4 627 654 38 35 
cell-0-4-5 668 654 38 35 
cell-0-4-6 709 654 38 35 
cell-0-4-7 750 654 38 35 
cell-0-4-8 791 654 38 35 
cell-0-4-9 832 654 38 35 
cell-0-4-10 873 654 38 35 
cell-0-4-11 914 654 38 35 
cell-0-4-12 955 654 38 35 
cell-0-5-0 463 696 38 35 
cell-0-5-1 504 696 38 35 
cell-0-5-2 545 696 38 35 
cell-0-5-3 586 696 38 35 
cell-0-5-4 627 696 38 35 
cell-0-5-5 668 696 38 35 
cell-0-5-6 709 696 38 35 
cell-0-5-7 750 696 38 35 
cell-0-5-8 791 696 38 35 
cell-0-5-9 832 696 38 35 
cell-0-5-10 873 696 38 35 
cell-0-5-11 914 696 38 35 
cell-0-5-12 955 696 38 35 
cell-0-6-0 463 738 38 35 
cell-0-6-1 504 738 38 35 
cell-0-6-2 545 738 38 35 
cell-0-6-3 586 738 38 35 
cell-0-6-4 627 738 38 35 
cell-0-6-5 668 738 38 35 
cell-0-6-6 709 738 38 35 
cell-0-6-7 750 738 38 35 
cell-0-6-8 791 738 38 35 
cell-0-6-9 832 738 38 35 
cell-0-6-10 873 738 38 35 
cell-0-6-11 914 738 38 35 
cell-0-6-12 955 738 38 35 
cell-0-7-0 463 780 38 35 
cell-0-7-1 504 780 38 35 
cell-0-7-2 545 780 38 35 
cell-0-7-3 586 780 38 35 
cell-0-7-4 627 780 38 35 
cell-0-7-5 668 780 38 35 
cell-0-7-6 709 780 38 35 
cell-0-7-7 750 780 38 35 
cell-0-7-8 791 780 38 35 
cell-0-7-9 832 780 38 35 
cell-0-7-10 873 780 38 35 
cell-0-7-11 914 780 38 35 
cell-0-7-12 955 780 38 35 
cell-0-8-0 463 822 38 35 
cell-0-8-1 504 822 38 35 
cell-0-8-2 545 822 38 35 
cell-0-8-3 586 822 38 35 
cell-0-8-4 627 822 38 35 
cell-0-8-5 668 822 38 35 
cell-0-8-6 709 822 38 35 
cell-0-8-7 750 822 38 35 
cell-0-8-8 791 822 38 35 
cell-0-8-9 832 822 38 35 
cell-0-8-10 873 822 38 35 
cell-0-8-11 914 822 38 35 
cell-0-8-12 955 822 38 35 
cell-0-9-0 463 864 38 35 
cell-0-9-1 504 864 38 35 
cell-0-9-2 545 864 38 35 
cell-0-9-3 586 864 38 35 
cell-0-9-4 627 864 38 35 
cell-0-9-5 668 864 38 35 
cell-0-9-6 709 864 38 35 
cell-0-9-7 750 864 38 35 
cell-0-9-8 791 864 38 35 
cell-0-9-9 832 864 38 35 
cell-0-9-10 873 864 38 35 
cell-0-9-11 914 864 38 35 
cell-0-9-12 955 864 38 35 
