table-0 469 445 500 377 
cell-0-0-0 469 445 125 30 
cell-0-0-1 594 445 125 30 
cell-0-0-2 719 445 125 30 
cell-0-0-3 844 445 125 30 
cell-0-1-0 469 488 125 30 
cell-0-1-1 594 488 125 30 
cell-0-1-2 719 488 125 30 
cell-0-1-3 844 488 125 30 
cell-0-2-0 469 531 125 30 
cell-0-2-1 594 531 125 30 
cell-0-2-2 719 531 125 30 
cell-0-2-3 844 531 125 30 
cell-0-3-0 469 574 125 30 
cell-0-3-1 594 574 125 30 
cell-0-3-2 719 574 125 30 
cell-0-3-3 844 574 125 30 
cell-0-4-0 469 617 125 30 
cell-0-4-1 594 617 125 30 
cell-0-4-2 719 617 125 30 
cell-0-4-3 844 617 125 30 
cell-0-5-0 469 660 125 30 
cell-0-5-1 594 660 125 30 
cell-0-5-2 719 660 125 30 
cell-0-5-3 844 660 125 30 
cell-0-6-0 469 703 125 30 
cell-0-6-1 594 703 125 30 
cell-0-6-2 719 703 125 30 
cell-0-6-3 844 703 125 30 
cell-0-7-0 469 746 125 30 
cell-0-7-1 594 746 125 30 
cell-0-7-2 719 746 125 30 
cell-0-7-3 844 746 125 30 
cell-0-8-0 469 789 125 30 
cell-0-8-1 594 789 125 30 
cell-0-8-2 719 789 125 30 
cell-0-8-3 844 789 125 30 
