header-0 62 589 794 193 
row-1-1 62 589 362 40 
row-1-2 444 589 263 40 
row-2-1 62 639 263 40 
row-2-2 345 639 432 40 
row-3-1 62 689 659 40 
row-4-1 62 739 791 40 
table-3 223 992 800 463 
cell-3-0-0 223 992 200 58 
cell-3-0-1 423 992 200 58 
cell-3-0-2 623 992 200 58 
cell-3-0-3 823 992 200 58 
cell-3-1-0 223 1059 200 58 
cell-3-1-1 423 1059 200 58 
cell-3-1-2 623 1059 200 58 
cell-3-1-3 823 1059 200 58 
cell-3-2-0 223 1126 200 58 
cell-3-2-1 423 1126 200 58 
cell-3-2-2 623 1126 200 58 
cell-3-2-3 823 1126 200 58 
cell-3-3-0 223 1193 200 58 
cell-3-3-1 423 1193 200 58 
cell-3-3-2 623 1193 200 58 
cell-3-3-3 823 1193 200 58 
cell-3-4-0 223 1260 200 58 
cell-3-4-1 423 1260 200 58 
cell-3-4-2 623 1260 200 58 
cell-3-4-3 823 1260 200 58 
cell-3-5-0 223 1327 200 58 
cell-3-5-1 423 1327 200 58 
cell-3-5-2 623 1327 200 58 
cell-3-5-3 823 1327 200 58 
cell-3-6-0 223 1394 200 58 
cell-3-6-1 423 1394 200 58 
cell-3-6-2 623 1394 200 58 
cell-3-6-3 823 1394 200 58 
