table-0 540 298 404 276 
cell-0-1-0 540 298 34 35 
cell-0-1-1 577 298 34 35 
cell-0-1-2 614 298 34 35 
cell-0-1-3 651 298 34 35 
cell-0-1-4 688 298 34 35 
cell-0-1-5 725 298 34 35 
cell-0-1-6 762 298 34 35 
cell-0-1-7 799 298 34 35 
cell-0-1-8 836 298 34 35 
cell-0-1-9 873 298 34 35 
cell-0-1-10 910 298 34 35 
cell-0-2-0 540 346 34 35 
cell-0-2-1 577 346 34 35 
cell-0-2-2 614 346 34 35 
cell-0-2-3 651 346 34 35 
cell-0-2-4 688 346 34 35 
cell-0-2-5 725 346 34 35 
cell-0-2-6 762 346 34 35 
cell-0-2-7 799 346 34 35 
cell-0-2-8 836 346 34 35 
cell-0-2-9 873 346 34 35 
cell-0-2-10 910 346 34 35 
cell-0-3-0 540 394 34 35 
cell-0-3-1 577 394 34 35 
cell-0-3-2 614 394 34 35 
cell-0-3-3 651 394 34 35 
cell-0-3-4 688 394 34 35 
cell-0-3-5 725 394 34 35 
cell-0-3-6 762 394 34 35 
cell-0-3-7 799 394 34 35 
cell-0-3-8 836 394 34 35 
cell-0-3-9 873 394 34 35 
cell-0-3-10 910 394 34 35 
cell-0-4-0 540 442 34 35 
cell-0-4-1 577 442 34 35 
cell-0-4-2 614 442 34 35 
cell-0-4-3 651 442 34 35 
cell-0-4-4 688 442 34 35 
cell-0-4-5 725 442 34 35 
cell-0-4-6 762 442 34 35 
cell-0-4-7 799 442 34 35 
cell-0-4-8 836 442 34 35 
cell-0-4-9 873 442 34 35 
cell-0-4-10 910 442 34 35 
cell-0-5-0 540 490 34 35 
cell-0-5-1 577 490 34 35 
cell-0-5-2 614 490 34 35 
cell-0-5-3 651 490 34 35 
cell-0-5-4 688 490 34 35 
cell-0-5-5 725 490 34 35 
cell-0-5-6 762 490 34 35 
cell-0-5-7 799 490 34 35 
cell-0-5-8 836 490 34 35 
cell-0-5-9 873 490 34 35 
cell-0-5-10 910 490 34 35 
cell-0-6-0 540 538 34 35 
cell-0-6-1 577 538 34 35 
cell-0-6-2 614 538 34 35 
cell-0-6-3 651 538 34 35 
cell-0-6-4 688 538 34 35 
cell-0-6-5 725 538 34 35 
cell-0-6-6 762 538 34 35 
cell-0-6-7 799 538 34 35 
cell-0-6-8 836 538 34 35 
cell-0-6-9 873 538 34 35 
cell-0-6-10 910 538 34 35 
table-2 694 752 183 584 
cell-2-0-0 694 752 45 35 
cell-2-0-1 739 752 45 35 
cell-2-0-2 784 752 45 35 
cell-2-0-3 829 752 45 35 
cell-2-1-0 694 791 45 35 
cell-2-1-1 739 791 45 35 
cell-2-1-2 784 791 45 35 
cell-2-1-3 829 791 45 35 
cell-2-2-0 694 830 45 35 
cell-2-2-1 739 830 45 35 
cell-2-2-2 784 830 45 35 
cell-2-2-3 829 830 45 35 
cell-2-3-0 694 869 45 35 
cell-2-3-1 739 869 45 35 
cell-2-3-2 784 869 45 35 
cell-2-3-3 829 869 45 35 
cell-2-4-0 694 908 45 35 
cell-2-4-1 739 908 45 35 
cell-2-4-2 784 908 45 35 
cell-2-4-3 829 908 45 35 
cell-2-5-0 694 947 45 35 
cell-2-5-1 739 947 45 35 
cell-2-5-2 784 947 45 35 
cell-2-5-3 829 947 45 35 
cell-2-6-0 694 986 45 35 
cell-2-6-1 739 986 45 35 
cell-2-6-2 784 986 45 35 
cell-2-6-3 829 986 45 35 
cell-2-7-0 694 1025 45 35 
cell-2-7-1 739 1025 45 35 
cell-2-7-2 784 1025 45 35 
cell-2-7-3 829 1025 45 35 
cell-2-8-0 694 1064 45 35 
cell-2-8-1 739 1064 45 35 
cell-2-8-2 784 1064 45 35 
cell-2-8-3 829 1064 45 35 
cell-2-9-0 694 1103 45 35 
cell-2-9-1 739 1103 45 35 
cell-2-9-2 784 1103 45 35 
cell-2-9-3 829 1103 45 35 
cell-2-10-0 694 1142 45 35 
cell-2-10-1 739 1142 45 35 
cell-2-10-2 784 1142 45 35 
cell-2-10-3 829 1142 45 35 
cell-2-11-0 694 1181 45 35 
cell-2-11-1 739 1181 45 35 
cell-2-11-2 784 1181 45 35 
cell-2-11-3 829 1181 45 35 
cell-2-12-0 694 1220 45 35 
cell-2-12-1 739 1220 45 35 
cell-2-12-2 784 1220 45 35 
cell-2-12-3 829 1220 45 35 
cell-2-13-0 694 1259 45 35 
cell-2-13-1 739 1259 45 35 
cell-2-13-2 784 1259 45 35 
cell-2-13-3 829 1259 45 35 
cell-2-14-0 694 1298 45 35 
cell-2-14-1 739 1298 45 35 
cell-2-14-2 784 1298 45 35 
cell-2-14-3 829 1298 45 35 
