table-0 408 1165 407 197 
cell-0-1-0 408 1165 38 35 
cell-0-1-1 449 1165 38 35 
cell-0-1-2 490 1165 38 35 
cell-0-1-3 531 1165 38 35 
cell-0-1-4 572 1165 38 35 
cell-0-1-5 613 1165 38 35 
cell-0-1-6 654 1165 38 35 
cell-0-1-7 695 1165 38 35 
cell-0-1-8 736 1165 38 35 
cell-0-1-9 777 1165 38 35 
cell-0-2-0 408 1218 38 35 
cell-0-2-1 449 1218 38 35 
cell-0-2-2 490 1218 38 35 
cell-0-2-3 531 1218 38 35 
cell-0-2-4 572 1218 38 35 
cell-0-2-5 613 1218 38 35 
cell-0-2-6 654 1218 38 35 
cell-0-2-7 695 1218 38 35 
cell-0-2-8 736 1218 38 35 
cell-0-2-9 777 1218 38 35 
cell-0-3-0 408 1271 38 35 
cell-0-3-1 449 1271 38 35 
cell-0-3-2 490 1271 38 35 
cell-0-3-3 531 1271 38 35 
cell-0-3-4 572 1271 38 35 
cell-0-3-5 613 1271 38 35 
cell-0-3-6 654 1271 38 35 
cell-0-3-7 695 1271 38 35 
cell-0-3-8 736 1271 38 35 
cell-0-3-9 777 1271 38 35 
cell-0-4-0 408 1324 38 35 
cell-0-4-1 449 1324 38 35 
cell-0-4-2 490 1324 38 35 
cell-0-4-3 531 1324 38 35 
cell-0-4-4 572 1324 38 35 
cell-0-4-5 613 1324 38 35 
cell-0-4-6 654 1324 38 35 
cell-0-4-7 695 1324 38 35 
cell-0-4-8 736 1324 38 35 
cell-0-4-9 777 1324 38 35 
table-1 521 562 489 452 
cell-1-1-0 521 562 38 35 
cell-1-1-1 562 562 38 35 
cell-1-1-2 603 562 38 35 
cell-1-1-3 644 562 38 35 
cell-1-1-4 685 562 38 35 
cell-1-1-5 726 562 38 35 
cell-1-1-6 767 562 38 35 
cell-1-1-7 808 562 38 35 
cell-1-1-8 849 562 38 35 
cell-1-1-9 890 562 38 35 
cell-1-1-10 931 562 38 35 
cell-1-1-11 972 562 38 35 
cell-1-2-0 521 608 38 35 
cell-1-2-1 562 608 38 35 
cell-1-2-2 603 608 38 35 
cell-1-2-3 644 608 38 35 
cell-1-2-4 685 608 38 35 
cell-1-2-5 726 608 38 35 
cell-1-2-6 767 608 38 35 
cell-1-2-7 808 608 38 35 
cell-1-2-8 849 608 38 35 
cell-1-2-9 890 608 38 35 
cell-1-2-10 931 608 38 35 
cell-1-2-11 972 608 38 35 
cell-1-3-0 521 654 38 35 
cell-1-3-1 562 654 38 35 
cell-1-3-2 603 654 38 35 
cell-1-3-3 644 654 38 35 
cell-1-3-4 685 654 38 35 
cell-1-3-5 726 654 38 35 
cell-1-3-6 767 654 38 35 
cell-1-3-7 808 654 38 35 
cell-1-3-8 849 654 38 35 
cell-1-3-9 890 654 38 35 
cell-1-3-10 931 654 38 35 
cell-1-3-11 972 654 38 35 
cell-1-4-0 521 700 38 35 
cell-1-4-1 562 700 38 35 
cell-1-4-2 603 700 38 35 
cell-1-4-3 644 700 38 35 
cell-1-4-4 685 700 38 35 
cell-1-4-5 726 700 38 35 
cell-1-4-6 767 700 38 35 
cell-1-4-7 808 700 38 35 
cell-1-4-8 849 700 38 35 
cell-1-4-9 890 700 38 35 
cell-1-4-10 931 700 38 35 
cell-1-4-11 972 700 38 35 
cell-1-5-0 521 746 38 35 
cell-1-5-1 562 746 38 35 
cell-1-5-2 603 746 38 35 
cell-1-5-3 644 746 38 35 
cell-1-5-4 685 746 38 35 
cell-1-5-5 726 746 38 35 
cell-1-5-6 767 746 38 35 
cell-1-5-7 808 746 38 35 
cell-1-5-8 849 746 38 35 
cell-1-5-9 890 746 38 35 
cell-1-5-10 931 746 38 35 
cell-1-5-11 972 746 38 35 
cell-1-6-0 521 792 38 35 
cell-1-6-1 562 792 38 35 
cell-1-6-2 603 792 38 35 
cell-1-6-3 644 792 38 35 
cell-1-6-4 685 792 38 35 
cell-1-6-5 726 792 38 35 
cell-1-6-6 767 792 38 35 
cell-1-6-7 808 792 38 35 
cell-1-6-8 849 792 38 35 
cell-1-6-9 890 792 38 35 
cell-1-6-10 931 792 38 35 
cell-1-6-11 972 792 38 35 
cell-1-7-0 521 838 38 35 
cell-1-7-1 562 838 38 35 
cell-1-7-2 603 838 38 35 
cell-1-7-3 644 838 38 35 
cell-1-7-4 685 838 38 35 
cell-1-7-5 726 838 38 35 
cell-1-7-6 767 838 38 35 
cell-1-7-7 808 838 38 35 
cell-1-7-8 849 838 38 35 
cell-1-7-9 890 838 38 35 
cell-1-7-10 931 838 38 35 
cell-1-7-11 972 838 38 35 
cell-1-8-0 521 884 38 35 
cell-1-8-1 562 884 38 35 
cell-1-8-2 603 884 38 35 
cell-1-8-3 644 884 38 35 
cell-1-8-4 685 884 38 35 
cell-1-8-5 726 884 38 35 
cell-1-8-6 767 884 38 35 
cell-1-8-7 808 884 38 35 
cell-1-8-8 849 884 38 35 
cell-1-8-9 890 884 38 35 
cell-1-8-10 931 884 38 35 
cell-1-8-11 972 884 38 35 
cell-1-9-0 521 930 38 35 
cell-1-9-1 562 930 38 35 
cell-1-9-2 603 930 38 35 
cell-1-9-3 644 930 38 35 
cell-1-9-4 685 930 38 35 
cell-1-9-5 726 930 38 35 
cell-1-9-6 767 930 38 35 
cell-1-9-7 808 930 38 35 
cell-1-9-8 849 930 38 35 
cell-1-9-9 890 930 38 35 
cell-1-9-10 931 930 38 35 
cell-1-9-11 972 930 38 35 
cell-1-10-0 521 976 38 35 
cell-1-10-1 562 976 38 35 
cell-1-10-2 603 976 38 35 
cell-1-10-3 644 976 38 35 
cell-1-10-4 685 976 38 35 
cell-1-10-5 726 976 38 35 
cell-1-10-6 767 976 38 35 
cell-1-10-7 808 976 38 35 
cell-1-10-8 849 976 38 35 
cell-1-10-9 890 976 38 35 
cell-1-10-10 931 976 38 35 
cell-1-10-11 972 976 38 35 
header-2 124 132 833 193 
row-1-1 124 132 349 40 
row-1-2 493 132 349 40 
row-2-1 124 182 316 40 
row-2-2 460 182 491 40 
row-3-1 124 232 514 40 
row-4-1 124 282 778 40 
