table-0 479 360 266 601 
cell-0-0-0 479 360 44 35 
cell-0-0-1 523 360 44 35 
cell-0-0-2 567 360 44 35 
cell-0-0-3 611 360 44 35 
cell-0-0-4 655 360 44 35 
cell-0-0-5 699 360 44 35 
cell-0-1-0 479 407 44 35 
cell-0-1-1 523 407 44 35 
cell-0-1-2 567 407 44 35 
cell-0-1-3 611 407 44 35 
cell-0-1-4 655 407 44 35 
cell-0-1-5 699 407 44 35 
cell-0-2-0 479 454 44 35 
cell-0-2-1 523 454 44 35 
cell-0-2-2 567 454 44 35 
cell-0-2-3 611 454 44 35 
cell-0-2-4 655 454 44 35 
cell-0-2-5 699 454 44 35 
cell-0-3-0 479 501 44 35 
cell-0-3-1 523 501 44 35 
cell-0-3-2 567 501 44 35 
cell-0-3-3 611 501 44 35 
cell-0-3-4 655 501 44 35 
cell-0-3-5 699 501 44 35 
cell-0-4-0 479 548 44 35 
cell-0-4-1 523 548 44 35 
cell-0-4-2 567 548 44 35 
cell-0-4-3 611 548 44 35 
cell-0-4-4 655 548 44 35 
cell-0-4-5 699 548 44 35 
cell-0-5-0 479 595 44 35 
cell-0-5-1 523 595 44 35 
cell-0-5-2 567 595 44 35 
cell-0-5-3 611 595 44 35 
cell-0-5-4 655 595 44 35 
cell-0-5-5 699 595 44 35 
cell-0-6-0 479 642 44 35 
cell-0-6-1 523 642 44 35 
cell-0-6-2 567 642 44 35 
cell-0-6-3 611 642 44 35 
cell-0-6-4 655 642 44 35 
cell-0-6-5 699 642 44 35 
cell-0-7-0 479 689 44 35 
cell-0-7-1 523 689 44 35 
cell-0-7-2 567 689 44 35 
cell-0-7-3 611 689 44 35 
cell-0-7-4 655 689 44 35 
cell-0-7-5 699 689 44 35 
cell-0-8-0 479 736 44 35 
cell-0-8-1 523 736 44 35 
cell-0-8-2 567 736 44 35 
cell-0-8-3 611 736 44 35 
cell-0-8-4 655 736 44 35 
cell-0-8-5 699 736 44 35 
cell-0-9-0 479 783 44 35 
cell-0-9-1 523 783 44 35 
cell-0-9-2 567 783 44 35 
cell-0-9-3 611 783 44 35 
cell-0-9-4 655 783 44 35 
cell-0-9-5 699 783 44 35 
cell-0-10-0 479 830 44 35 
cell-0-10-1 523 830 44 35 
cell-0-10-2 567 830 44 35 
cell-0-10-3 611 830 44 35 
cell-0-10-4 655 830 44 35 
cell-0-10-5 699 830 44 35 
cell-0-11-0 479 877 44 35 
cell-0-11-1 523 877 44 35 
cell-0-11-2 567 877 44 35 
cell-0-11-3 611 877 44 35 
cell-0-11-4 655 877 44 35 
cell-0-11-5 699 877 44 35 
cell-0-12-0 479 924 44 35 
cell-0-12-1 523 924 44 35 
cell-0-12-2 567 924 44 35 
cell-0-12-3 611 924 44 35 
cell-0-12-4 655 924 44 35 
cell-0-12-5 699 924 44 35 
table-3 93 680 173 526 
cell-3-0-0 93 680 43 35 
cell-3-0-1 136 680 43 35 
cell-3-0-2 179 680 43 35 
cell-3-0-3 222 680 43 35 
cell-3-1-0 93 729 43 35 
cell-3-1-1 136 729 43 35 
cell-3-1-2 179 729 43 35 
cell-3-1-3 222 729 43 35 
cell-3-2-0 93 778 43 35 
cell-3-2-1 136 778 43 35 
cell-3-2-2 179 778 43 35 
cell-3-2-3 222 778 43 35 
cell-3-3-0 93 827 43 35 
cell-3-3-1 136 827 43 35 
cell-3-3-2 179 827 43 35 
cell-3-3-3 222 827 43 35 
cell-3-4-0 93 876 43 35 
cell-3-4-1 136 876 43 35 
cell-3-4-2 179 876 43 35 
cell-3-4-3 222 876 43 35 
cell-3-5-0 93 925 43 35 
cell-3-5-1 136 925 43 35 
cell-3-5-2 179 925 43 35 
cell-3-5-3 222 925 43 35 
cell-3-6-0 93 974 43 35 
cell-3-6-1 136 974 43 35 
cell-3-6-2 179 974 43 35 
cell-3-6-3 222 974 43 35 
cell-3-7-0 93 1023 43 35 
cell-3-7-1 136 1023 43 35 
cell-3-7-2 179 1023 43 35 
cell-3-7-3 222 1023 43 35 
cell-3-8-0 93 1072 43 35 
cell-3-8-1 136 1072 43 35 
cell-3-8-2 179 1072 43 35 
cell-3-8-3 222 1072 43 35 
cell-3-9-0 93 1121 43 35 
cell-3-9-1 136 1121 43 35 
cell-3-9-2 179 1121 43 35 
cell-3-9-3 222 1121 43 35 
cell-3-10-0 93 1170 43 35 
cell-3-10-1 136 1170 43 35 
cell-3-10-2 179 1170 43 35 
cell-3-10-3 222 1170 43 35 
