table-0 76 635 572 646 
cell-0-0-0 76 635 44 43 
cell-0-0-1 120 635 44 43 
cell-0-0-2 164 635 44 43 
cell-0-0-3 208 635 44 43 
cell-0-0-4 252 635 44 43 
cell-0-0-5 296 635 44 43 
cell-0-0-6 340 635 306 43 
cell-0-1-0 76 685 44 43 
cell-0-1-1 120 685 44 43 
cell-0-1-2 164 685 44 43 
cell-0-1-3 208 685 44 43 
cell-0-1-4 252 685 44 43 
cell-0-1-5 296 685 44 43 
cell-0-1-6 340 685 306 43 
cell-0-2-0 76 735 44 43 
cell-0-2-1 120 735 44 43 
cell-0-2-2 164 735 44 43 
cell-0-2-3 208 735 44 43 
cell-0-2-4 252 735 44 43 
cell-0-2-5 296 735 44 43 
cell-0-2-6 340 735 306 43 
cell-0-3-0 76 785 44 43 
cell-0-3-1 120 785 44 43 
cell-0-3-2 164 785 44 43 
cell-0-3-3 208 785 44 43 
cell-0-3-4 252 785 44 43 
cell-0-3-5 296 785 44 43 
cell-0-3-6 340 785 306 43 
cell-0-4-0 76 835 44 43 
cell-0-4-1 120 835 44 43 
cell-0-4-2 164 835 44 43 
cell-0-4-3 208 835 44 43 
cell-0-4-4 252 835 44 43 
cell-0-4-5 296 835 44 43 
cell-0-4-6 340 835 306 43 
cell-0-5-0 76 885 44 43 
cell-0-5-1 120 885 44 43 
cell-0-5-2 164 885 44 43 
cell-0-5-3 208 885 44 43 
cell-0-5-4 252 885 44 43 
cell-0-5-5 296 885 44 43 
cell-0-5-6 340 885 306 43 
cell-0-6-0 76 935 44 43 
cell-0-6-1 120 935 44 43 
cell-0-6-2 164 935 44 43 
cell-0-6-3 208 935 44 43 
cell-0-6-4 252 935 44 43 
cell-0-6-5 296 935 44 43 
cell-0-6-6 340 935 306 43 
cell-0-7-0 76 985 44 43 
cell-0-7-1 120 985 44 43 
cell-0-7-2 164 985 44 43 
cell-0-7-3 208 985 44 43 
cell-0-7-4 252 985 44 43 
cell-0-7-5 296 985 44 43 
cell-0-7-6 340 985 306 43 
cell-0-8-0 76 1035 44 43 
cell-0-8-1 120 1035 44 43 
cell-0-8-2 164 1035 44 43 
cell-0-8-3 208 1035 44 43 
cell-0-8-4 252 1035 44 43 
cell-0-8-5 296 1035 44 43 
cell-0-8-6 340 1035 306 43 
cell-0-9-0 76 1085 44 43 
cell-0-9-1 120 1085 44 43 
cell-0-9-2 164 1085 44 43 
cell-0-9-3 208 1085 44 43 
cell-0-9-4 252 1085 44 43 
cell-0-9-5 296 1085 44 43 
cell-0-9-6 340 1085 306 43 
cell-0-10-0 76 1135 44 43 
cell-0-10-1 120 1135 44 43 
cell-0-10-2 164 1135 44 43 
cell-0-10-3 208 1135 44 43 
cell-0-10-4 252 1135 44 43 
cell-0-10-5 296 1135 44 43 
cell-0-10-6 340 1135 306 43 
cell-0-11-0 76 1185 44 43 
cell-0-11-1 120 1185 44 43 
cell-0-11-2 164 1185 44 43 
cell-0-11-3 208 1185 44 43 
cell-0-11-4 252 1185 44 43 
cell-0-11-5 296 1185 44 43 
cell-0-11-6 340 1185 306 43 
cell-0-12-0 76 1235 44 43 
cell-0-12-1 120 1235 44 43 
cell-0-12-2 164 1235 44 43 
cell-0-12-3 208 1235 44 43 
cell-0-12-4 252 1235 44 43 
cell-0-12-5 296 1235 44 43 
cell-0-12-6 340 1235 306 43 
