table-0 371 817 656 584 
cell-0-0-0 371 817 43 42 
cell-0-0-1 414 817 43 42 
cell-0-0-2 457 817 43 42 
cell-0-0-3 500 817 43 42 
cell-0-0-4 543 817 43 42 
cell-0-0-5 586 817 43 42 
cell-0-0-6 629 817 394 42 
cell-0-1-0 371 871 43 42 
cell-0-1-1 414 871 43 42 
cell-0-1-2 457 871 43 42 
cell-0-1-3 500 871 43 42 
cell-0-1-4 543 871 43 42 
cell-0-1-5 586 871 43 42 
cell-0-1-6 629 871 394 42 
cell-0-2-0 371 925 43 42 
cell-0-2-1 414 925 43 42 
cell-0-2-2 457 925 43 42 
cell-0-2-3 500 925 43 42 
cell-0-2-4 543 925 43 42 
cell-0-2-5 586 925 43 42 
cell-0-2-6 629 925 394 42 
cell-0-3-0 371 979 43 42 
cell-0-3-1 414 979 43 42 
cell-0-3-2 457 979 43 42 
cell-0-3-3 500 979 43 42 
cell-0-3-4 543 979 43 42 
cell-0-3-5 586 979 43 42 
cell-0-3-6 629 979 394 42 
cell-0-4-0 371 1033 43 42 
cell-0-4-1 414 1033 43 42 
cell-0-4-2 457 1033 43 42 
cell-0-4-3 500 1033 43 42 
cell-0-4-4 543 1033 43 42 
cell-0-4-5 586 1033 43 42 
cell-0-4-6 629 1033 394 42 
cell-0-5-0 371 1087 43 42 
cell-0-5-1 414 1087 43 42 
cell-0-5-2 457 1087 43 42 
cell-0-5-3 500 1087 43 42 
cell-0-5-4 543 1087 43 42 
cell-0-5-5 586 1087 43 42 
cell-0-5-6 629 1087 394 42 
cell-0-6-0 371 1141 43 42 
cell-0-6-1 414 1141 43 42 
cell-0-6-2 457 1141 43 42 
cell-0-6-3 500 1141 43 42 
cell-0-6-4 543 1141 43 42 
cell-0-6-5 586 1141 43 42 
cell-0-6-6 629 1141 394 42 
cell-0-7-0 371 1195 43 42 
cell-0-7-1 414 1195 43 42 
cell-0-7-2 457 1195 43 42 
cell-0-7-3 500 1195 43 42 
cell-0-7-4 543 1195 43 42 
cell-0-7-5 586 1195 43 42 
cell-0-7-6 629 1195 394 42 
cell-0-8-0 371 1249 43 42 
cell-0-8-1 414 1249 43 42 
cell-0-8-2 457 1249 43 42 
cell-0-8-3 500 1249 43 42 
cell-0-8-4 543 1249 43 42 
cell-0-8-5 586 1249 43 42 
cell-0-8-6 629 1249 394 42 
cell-0-9-0 371 1303 43 42 
cell-0-9-1 414 1303 43 42 
cell-0-9-2 457 1303 43 42 
cell-0-9-3 500 1303 43 42 
cell-0-9-4 543 1303 43 42 
cell-0-9-5 586 1303 43 42 
cell-0-9-6 629 1303 394 42 
cell-0-10-0 371 1357 43 42 
cell-0-10-1 414 1357 43 42 
cell-0-10-2 457 1357 43 42 
cell-0-10-3 500 1357 43 42 
cell-0-10-4 543 1357 43 42 
cell-0-10-5 586 1357 43 42 
cell-0-10-6 629 1357 394 42 
table-2 277 149 628 372 
cell-2-1-0 277 149 33 35 
cell-2-1-1 310 149 33 35 
cell-2-1-2 343 149 33 35 
cell-2-1-3 376 149 33 35 
cell-2-1-4 409 149 33 35 
cell-2-1-5 442 149 33 35 
cell-2-1-6 475 149 33 35 
cell-2-1-7 508 149 33 35 
cell-2-1-8 541 149 33 35 
cell-2-1-9 574 149 33 35 
cell-2-1-10 607 149 33 35 
cell-2-1-11 640 149 33 35 
cell-2-1-12 673 149 33 35 
cell-2-1-13 706 149 33 35 
cell-2-1-14 739 149 33 35 
cell-2-1-15 772 149 33 35 
cell-2-1-16 805 149 33 35 
cell-2-1-17 838 149 33 35 
cell-2-1-18 871 149 33 35 
cell-2-2-0 277 205 33 35 
cell-2-2-1 310 205 33 35 
cell-2-2-2 343 205 33 35 
cell-2-2-3 376 205 33 35 
cell-2-2-4 409 205 33 35 
cell-2-2-5 442 205 33 35 
cell-2-2-6 475 205 33 35 
cell-2-2-7 508 205 33 35 
cell-2-2-8 541 205 33 35 
cell-2-2-9 574 205 33 35 
cell-2-2-10 607 205 33 35 
cell-2-2-11 640 205 33 35 
cell-2-2-12 673 205 33 35 
cell-2-2-13 706 205 33 35 
cell-2-2-14 739 205 33 35 
cell-2-2-15 772 205 33 35 
cell-2-2-16 805 205 33 35 
cell-2-2-17 838 205 33 35 
cell-2-2-18 871 205 33 35 
cell-2-3-0 277 261 33 35 
cell-2-3-1 310 261 33 35 
cell-2-3-2 343 261 33 35 
cell-2-3-3 376 261 33 35 
cell-2-3-4 409 261 33 35 
cell-2-3-5 442 261 33 35 
cell-2-3-6 475 261 33 35 
cell-2-3-7 508 261 33 35 
cell-2-3-8 541 261 33 35 
cell-2-3-9 574 261 33 35 
cell-2-3-10 607 261 33 35 
cell-2-3-11 640 261 33 35 
cell-2-3-12 673 261 33 35 
cell-2-3-13 706 261 33 35 
cell-2-3-14 739 261 33 35 
cell-2-3-15 772 261 33 35 
cell-2-3-16 805 261 33 35 
cell-2-3-17 838 261 33 35 
cell-2-3-18 871 261 33 35 
cell-2-4-0 277 317 33 35 
cell-2-4-1 310 317 33 35 
cell-2-4-2 343 317 33 35 
cell-2-4-3 376 317 33 35 
cell-2-4-4 409 317 33 35 
cell-2-4-5 442 317 33 35 
cell-2-4-6 475 317 33 35 
cell-2-4-7 508 317 33 35 
cell-2-4-8 541 317 33 35 
cell-2-4-9 574 317 33 35 
cell-2-4-10 607 317 33 35 
cell-2-4-11 640 317 33 35 
cell-2-4-12 673 317 33 35 
cell-2-4-13 706 317 33 35 
cell-2-4-14 739 317 33 35 
cell-2-4-15 772 317 33 35 
cell-2-4-16 805 317 33 35 
cell-2-4-17 838 317 33 35 
cell-2-4-18 871 317 33 35 
cell-2-5-0 277 373 33 35 
cell-2-5-1 310 373 33 35 
cell-2-5-2 343 373 33 35 
cell-2-5-3 376 373 33 35 
cell-2-5-4 409 373 33 35 
cell-2-5-5 442 373 33 35 
cell-2-5-6 475 373 33 35 
cell-2-5-7 508 373 33 35 
cell-2-5-8 541 373 33 35 
cell-2-5-9 574 373 33 35 
cell-2-5-10 607 373 33 35 
cell-2-5-11 640 373 33 35 
cell-2-5-12 673 373 33 35 
cell-2-5-13 706 373 33 35 
cell-2-5-14 739 373 33 35 
cell-2-5-15 772 373 33 35 
cell-2-5-16 805 373 33 35 
cell-2-5-17 838 373 33 35 
cell-2-5-18 871 373 33 35 
cell-2-6-0 277 429 33 35 
cell-2-6-1 310 429 33 35 
cell-2-6-2 343 429 33 35 
cell-2-6-3 376 429 33 35 
cell-2-6-4 409 429 33 35 
cell-2-6-5 442 429 33 35 
cell-2-6-6 475 429 33 35 
cell-2-6-7 508 429 33 35 
cell-2-6-8 541 429 33 35 
cell-2-6-9 574 429 33 35 
cell-2-6-10 607 429 33 35 
cell-2-6-11 640 429 33 35 
cell-2-6-12 673 429 33 35 
cell-2-6-13 706 429 33 35 
cell-2-6-14 739 429 33 35 
cell-2-6-15 772 429 33 35 
cell-2-6-16 805 429 33 35 
cell-2-6-17 838 429 33 35 
cell-2-6-18 871 429 33 35 
cell-2-7-0 277 485 33 35 
cell-2-7-1 310 485 33 35 
cell-2-7-2 343 485 33 35 
cell-2-7-3 376 485 33 35 
cell-2-7-4 409 485 33 35 
cell-2-7-5 442 485 33 35 
cell-2-7-6 475 485 33 35 
cell-2-7-7 508 485 33 35 
cell-2-7-8 541 485 33 35 
cell-2-7-9 574 485 33 35 
cell-2-7-10 607 485 33 35 
cell-2-7-11 640 485 33 35 
cell-2-7-12 673 485 33 35 
cell-2-7-13 706 485 33 35 
cell-2-7-14 739 485 33 35 
cell-2-7-15 772 485 33 35 
cell-2-7-16 805 485 33 35 
cell-2-7-17 838 485 33 35 
cell-2-7-18 871 485 33 35 
