table-0 191 613 682 577 
cell-0-1-0 191 613 34 35 
cell-0-1-1 225 613 34 35 
cell-0-1-2 259 613 34 35 
cell-0-1-3 293 613 34 35 
cell-0-1-4 327 613 34 35 
cell-0-1-5 361 613 34 35 
cell-0-1-6 395 613 34 35 
cell-0-1-7 429 613 34 35 
cell-0-1-8 463 613 34 35 
cell-0-1-9 497 613 34 35 
cell-0-1-10 531 613 34 35 
cell-0-1-11 565 613 34 35 
cell-0-1-12 599 613 34 35 
cell-0-1-13 633 613 34 35 
cell-0-1-14 667 613 34 35 
cell-0-1-15 701 613 34 35 
cell-0-1-16 735 613 34 35 
cell-0-1-17 769 613 34 35 
cell-0-1-18 803 613 34 35 
cell-0-1-19 837 613 34 35 
cell-0-2-0 191 667 34 35 
cell-0-2-1 225 667 34 35 
cell-0-2-2 259 667 34 35 
cell-0-2-3 293 667 34 35 
cell-0-2-4 327 667 34 35 
cell-0-2-5 361 667 34 35 
cell-0-2-6 395 667 34 35 
cell-0-2-7 429 667 34 35 
cell-0-2-8 463 667 34 35 
cell-0-2-9 497 667 34 35 
cell-0-2-10 531 667 34 35 
cell-0-2-11 565 667 34 35 
cell-0-2-12 599 667 34 35 
cell-0-2-13 633 667 34 35 
cell-0-2-14 667 667 34 35 
cell-0-2-15 701 667 34 35 
cell-0-2-16 735 667 34 35 
cell-0-2-17 769 667 34 35 
cell-0-2-18 803 667 34 35 
cell-0-2-19 837 667 34 35 
cell-0-3-0 191 721 34 35 
cell-0-3-1 225 721 34 35 
cell-0-3-2 259 721 34 35 
cell-0-3-3 293 721 34 35 
cell-0-3-4 327 721 34 35 
cell-0-3-5 361 721 34 35 
cell-0-3-6 395 721 34 35 
cell-0-3-7 429 721 34 35 
cell-0-3-8 463 721 34 35 
cell-0-3-9 497 721 34 35 
cell-0-3-10 531 721 34 35 
cell-0-3-11 565 721 34 35 
cell-0-3-12 599 721 34 35 
cell-0-3-13 633 721 34 35 
cell-0-3-14 667 721 34 35 
cell-0-3-15 701 721 34 35 
cell-0-3-16 735 721 34 35 
cell-0-3-17 769 721 34 35 
cell-0-3-18 803 721 34 35 
cell-0-3-19 837 721 34 35 
cell-0-4-0 191 775 34 35 
cell-0-4-1 225 775 34 35 
cell-0-4-2 259 775 34 35 
cell-0-4-3 293 775 34 35 
cell-0-4-4 327 775 34 35 
cell-0-4-5 361 775 34 35 
cell-0-4-6 395 775 34 35 
cell-0-4-7 429 775 34 35 
cell-0-4-8 463 775 34 35 
cell-0-4-9 497 775 34 35 
cell-0-4-10 531 775 34 35 
cell-0-4-11 565 775 34 35 
cell-0-4-12 599 775 34 35 
cell-0-4-13 633 775 34 35 
cell-0-4-14 667 775 34 35 
cell-0-4-15 701 775 34 35 
cell-0-4-16 735 775 34 35 
cell-0-4-17 769 775 34 35 
cell-0-4-18 803 775 34 35 
cell-0-4-19 837 775 34 35 
cell-0-5-0 191 829 34 35 
cell-0-5-1 225 829 34 35 
cell-0-5-2 259 829 34 35 
cell-0-5-3 293 829 34 35 
cell-0-5-4 327 829 34 35 
cell-0-5-5 361 829 34 35 
cell-0-5-6 395 829 34 35 
cell-0-5-7 429 829 34 35 
cell-0-5-8 463 829 34 35 
cell-0-5-9 497 829 34 35 
cell-0-5-10 531 829 34 35 
cell-0-5-11 565 829 34 35 
cell-0-5-12 599 829 34 35 
cell-0-5-13 633 829 34 35 
cell-0-5-14 667 829 34 35 
cell-0-5-15 701 829 34 35 
cell-0-5-16 735 829 34 35 
cell-0-5-17 769 829 34 35 
cell-0-5-18 803 829 34 35 
cell-0-5-19 837 829 34 35 
cell-0-6-0 191 883 34 35 
cell-0-6-1 225 883 34 35 
cell-0-6-2 259 883 34 35 
cell-0-6-3 293 883 34 35 
cell-0-6-4 327 883 34 35 
cell-0-6-5 361 883 34 35 
cell-0-6-6 395 883 34 35 
cell-0-6-7 429 883 34 35 
cell-0-6-8 463 883 34 35 
cell-0-6-9 497 883 34 35 
cell-0-6-10 531 883 34 35 
cell-0-6-11 565 883 34 35 
cell-0-6-12 599 883 34 35 
cell-0-6-13 633 883 34 35 
cell-0-6-14 667 883 34 35 
cell-0-6-15 701 883 34 35 
cell-0-6-16 735 883 34 35 
cell-0-6-17 769 883 34 35 
cell-0-6-18 803 883 34 35 
cell-0-6-19 837 883 34 35 
cell-0-7-0 191 937 34 35 
cell-0-7-1 225 937 34 35 
cell-0-7-2 259 937 34 35 
cell-0-7-3 293 937 34 35 
cell-0-7-4 327 937 34 35 
cell-0-7-5 361 937 34 35 
cell-0-7-6 395 937 34 35 
cell-0-7-7 429 937 34 35 
cell-0-7-8 463 937 34 35 
cell-0-7-9 497 937 34 35 
cell-0-7-10 531 937 34 35 
cell-0-7-11 565 937 34 35 
cell-0-7-12 599 937 34 35 
cell-0-7-13 633 937 34 35 
cell-0-7-14 667 937 34 35 
cell-0-7-15 701 937 34 35 
cell-0-7-16 735 937 34 35 
cell-0-7-17 769 937 34 35 
cell-0-7-18 803 937 34 35 
cell-0-7-19 837 937 34 35 
cell-0-8-0 191 991 34 35 
cell-0-8-1 225 991 34 35 
cell-0-8-2 259 991 34 35 
cell-0-8-3 293 991 34 35 
cell-0-8-4 327 991 34 35 
cell-0-8-5 361 991 34 35 
cell-0-8-6 395 991 34 35 
cell-0-8-7 429 991 34 35 
cell-0-8-8 463 991 34 35 
cell-0-8-9 497 991 34 35 
cell-0-8-10 531 991 34 35 
cell-0-8-11 565 991 34 35 
cell-0-8-12 599 991 34 35 
cell-0-8-13 633 991 34 35 
cell-0-8-14 667 991 34 35 
cell-0-8-15 701 991 34 35 
cell-0-8-16 735 991 34 35 
cell-0-8-17 769 991 34 35 
cell-0-8-18 803 991 34 35 
cell-0-8-19 837 991 34 35 
cell-0-9-0 191 1045 34 35 
cell-0-9-1 225 1045 34 35 
cell-0-9-2 259 1045 34 35 
cell-0-9-3 293 1045 34 35 
cell-0-9-4 327 1045 34 35 
cell-0-9-5 361 1045 34 35 
cell-0-9-6 395 1045 34 35 
cell-0-9-7 429 1045 34 35 
cell-0-9-8 463 1045 34 35 
cell-0-9-9 497 1045 34 35 
cell-0-9-10 531 1045 34 35 
cell-0-9-11 565 1045 34 35 
cell-0-9-12 599 1045 34 35 
cell-0-9-13 633 1045 34 35 
cell-0-9-14 667 1045 34 35 
cell-0-9-15 701 1045 34 35 
cell-0-9-16 735 1045 34 35 
cell-0-9-17 769 1045 34 35 
cell-0-9-18 803 1045 34 35 
cell-0-9-19 837 1045 34 35 
cell-0-10-0 191 1099 34 35 
cell-0-10-1 225 1099 34 35 
cell-0-10-2 259 1099 34 35 
cell-0-10-3 293 1099 34 35 
cell-0-10-4 327 1099 34 35 
cell-0-10-5 361 1099 34 35 
cell-0-10-6 395 1099 34 35 
cell-0-10-7 429 1099 34 35 
cell-0-10-8 463 1099 34 35 
cell-0-10-9 497 1099 34 35 
cell-0-10-10 531 1099 34 35 
cell-0-10-11 565 1099 34 35 
cell-0-10-12 599 1099 34 35 
cell-0-10-13 633 1099 34 35 
cell-0-10-14 667 1099 34 35 
cell-0-10-15 701 1099 34 35 
cell-0-10-16 735 1099 34 35 
cell-0-10-17 769 1099 34 35 
cell-0-10-18 803 1099 34 35 
cell-0-10-19 837 1099 34 35 
cell-0-11-0 191 1153 34 35 
cell-0-11-1 225 1153 34 35 
cell-0-11-2 259 1153 34 35 
cell-0-11-3 293 1153 34 35 
cell-0-11-4 327 1153 34 35 
cell-0-11-5 361 1153 34 35 
cell-0-11-6 395 1153 34 35 
cell-0-11-7 429 1153 34 35 
cell-0-11-8 463 1153 34 35 
cell-0-11-9 497 1153 34 35 
cell-0-11-10 531 1153 34 35 
cell-0-11-11 565 1153 34 35 
cell-0-11-12 599 1153 34 35 
cell-0-11-13 633 1153 34 35 
cell-0-11-14 667 1153 34 35 
cell-0-11-15 701 1153 34 35 
cell-0-11-16 735 1153 34 35 
cell-0-11-17 769 1153 34 35 
cell-0-11-18 803 1153 34 35 
cell-0-11-19 837 1153 34 35 
