table-0 115 988 900 289 
cell-0-0-0 115 988 112 51 
cell-0-0-1 227 988 112 51 
cell-0-0-2 339 988 112 51 
cell-0-0-3 451 988 112 51 
cell-0-0-4 563 988 112 51 
cell-0-0-5 675 988 112 51 
cell-0-0-6 787 988 112 51 
cell-0-0-7 899 988 112 51 
cell-0-1-0 115 1047 112 51 
cell-0-1-1 227 1047 112 51 
cell-0-1-2 339 1047 112 51 
cell-0-1-3 451 1047 112 51 
cell-0-1-4 563 1047 112 51 
cell-0-1-5 675 1047 112 51 
cell-0-1-6 787 1047 112 51 
cell-0-1-7 899 1047 112 51 
cell-0-2-0 115 1106 112 51 
cell-0-2-1 227 1106 112 51 
cell-0-2-2 339 1106 112 51 
cell-0-2-3 451 1106 112 51 
cell-0-2-4 563 1106 112 51 
cell-0-2-5 675 1106 112 51 
cell-0-2-6 787 1106 112 51 
cell-0-2-7 899 1106 112 51 
cell-0-3-0 115 1165 112 51 
cell-0-3-1 227 1165 112 51 
cell-0-3-2 339 1165 112 51 
cell-0-3-3 451 1165 112 51 
cell-0-3-4 563 1165 112 51 
cell-0-3-5 675 1165 112 51 
cell-0-3-6 787 1165 112 51 
cell-0-3-7 899 1165 112 51 
cell-0-4-0 115 1224 112 51 
cell-0-4-1 227 1224 112 51 
cell-0-4-2 339 1224 112 51 
cell-0-4-3 451 1224 112 51 
cell-0-4-4 563 1224 112 51 
cell-0-4-5 675 1224 112 51 
cell-0-4-6 787 1224 112 51 
cell-0-4-7 899 1224 112 51 
