table-0 388 479 500 258 
cell-0-0-0 388 479 83 49 
cell-0-0-1 471 479 83 49 
cell-0-0-2 554 479 83 49 
cell-0-0-3 637 479 83 49 
cell-0-0-4 720 479 83 49 
cell-0-0-5 803 479 83 49 
cell-0-1-0 388 531 83 49 
cell-0-1-1 471 531 83 49 
cell-0-1-2 554 531 83 49 
cell-0-1-3 637 531 83 49 
cell-0-1-4 720 531 83 49 
cell-0-1-5 803 531 83 49 
cell-0-2-0 388 583 83 49 
cell-0-2-1 471 583 83 49 
cell-0-2-2 554 583 83 49 
cell-0-2-3 637 583 83 49 
cell-0-2-4 720 583 83 49 
cell-0-2-5 803 583 83 49 
cell-0-3-0 388 635 83 49 
cell-0-3-1 471 635 83 49 
cell-0-3-2 554 635 83 49 
cell-0-3-3 637 635 83 49 
cell-0-3-4 720 635 83 49 
cell-0-3-5 803 635 83 49 
cell-0-4-0 388 687 83 49 
cell-0-4-1 471 687 83 49 
cell-0-4-2 554 687 83 49 
cell-0-4-3 637 687 83 49 
cell-0-4-4 720 687 83 49 
cell-0-4-5 803 687 83 49 
