table-0 101 523 259 543 
cell-0-0-0 101 523 43 35 
cell-0-0-1 144 523 43 35 
cell-0-0-2 187 523 43 35 
cell-0-0-3 230 523 43 35 
cell-0-0-4 273 523 43 35 
cell-0-0-5 316 523 43 35 
cell-0-1-0 101 562 43 35 
cell-0-1-1 144 562 43 35 
cell-0-1-2 187 562 43 35 
cell-0-1-3 230 562 43 35 
cell-0-1-4 273 562 43 35 
cell-0-1-5 316 562 43 35 
cell-0-2-0 101 601 43 35 
cell-0-2-1 144 601 43 35 
cell-0-2-2 187 601 43 35 
cell-0-2-3 230 601 43 35 
cell-0-2-4 273 601 43 35 
cell-0-2-5 316 601 43 35 
cell-0-3-0 101 640 43 35 
cell-0-3-1 144 640 43 35 
cell-0-3-2 187 640 43 35 
cell-0-3-3 230 640 43 35 
cell-0-3-4 273 640 43 35 
cell-0-3-5 316 640 43 35 
cell-0-4-0 101 679 43 35 
cell-0-4-1 144 679 43 35 
cell-0-4-2 187 679 43 35 
cell-0-4-3 230 679 43 35 
cell-0-4-4 273 679 43 35 
cell-0-4-5 316 679 43 35 
cell-0-5-0 101 718 43 35 
cell-0-5-1 144 718 43 35 
cell-0-5-2 187 718 43 35 
cell-0-5-3 230 718 43 35 
cell-0-5-4 273 718 43 35 
cell-0-5-5 316 718 43 35 
cell-0-6-0 101 757 43 35 
cell-0-6-1 144 757 43 35 
cell-0-6-2 187 757 43 35 
cell-0-6-3 230 757 43 35 
cell-0-6-4 273 757 43 35 
cell-0-6-5 316 757 43 35 
cell-0-7-0 101 796 43 35 
cell-0-7-1 144 796 43 35 
cell-0-7-2 187 796 43 35 
cell-0-7-3 230 796 43 35 
cell-0-7-4 273 796 43 35 
cell-0-7-5 316 796 43 35 
cell-0-8-0 101 835 43 35 
cell-0-8-1 144 835 43 35 
cell-0-8-2 187 835 43 35 
cell-0-8-3 230 835 43 35 
cell-0-8-4 273 835 43 35 
cell-0-8-5 316 835 43 35 
cell-0-9-0 101 874 43 35 
cell-0-9-1 144 874 43 35 
cell-0-9-2 187 874 43 35 
cell-0-9-3 230 874 43 35 
cell-0-9-4 273 874 43 35 
cell-0-9-5 316 874 43 35 
cell-0-10-0 101 913 43 35 
cell-0-10-1 144 913 43 35 
cell-0-10-2 187 913 43 35 
cell-0-10-3 230 913 43 35 
cell-0-10-4 273 913 43 35 
cell-0-10-5 316 913 43 35 
cell-0-11-0 101 952 43 35 
cell-0-11-1 144 952 43 35 
cell-0-11-2 187 952 43 35 
cell-0-11-3 230 952 43 35 
cell-0-11-4 273 952 43 35 
cell-0-11-5 316 952 43 35 
cell-0-12-0 101 991 43 35 
cell-0-12-1 144 991 43 35 
cell-0-12-2 187 991 43 35 
cell-0-12-3 230 991 43 35 
cell-0-12-4 273 991 43 35 
cell-0-12-5 316 991 43 35 
cell-0-13-0 101 1030 43 35 
cell-0-13-1 144 1030 43 35 
cell-0-13-2 187 1030 43 35 
cell-0-13-3 230 1030 43 35 
cell-0-13-4 273 1030 43 35 
cell-0-13-5 316 1030 43 35 
