table-0 205 899 266 422 
cell-0-0-0 205 899 44 35 
cell-0-0-1 249 899 44 35 
cell-0-0-2 293 899 44 35 
cell-0-0-3 337 899 44 35 
cell-0-0-4 381 899 44 35 
cell-0-0-5 425 899 44 35 
cell-0-1-0 205 934 44 35 
cell-0-1-1 249 934 44 35 
cell-0-1-2 293 934 44 35 
cell-0-1-3 337 934 44 35 
cell-0-1-4 381 934 44 35 
cell-0-1-5 425 934 44 35 
cell-0-2-0 205 969 44 35 
cell-0-2-1 249 969 44 35 
cell-0-2-2 293 969 44 35 
cell-0-2-3 337 969 44 35 
cell-0-2-4 381 969 44 35 
cell-0-2-5 425 969 44 35 
cell-0-3-0 205 1004 44 35 
cell-0-3-1 249 1004 44 35 
cell-0-3-2 293 1004 44 35 
cell-0-3-3 337 1004 44 35 
cell-0-3-4 381 1004 44 35 
cell-0-3-5 425 1004 44 35 
cell-0-4-0 205 1039 44 35 
cell-0-4-1 249 1039 44 35 
cell-0-4-2 293 1039 44 35 
cell-0-4-3 337 1039 44 35 
cell-0-4-4 381 1039 44 35 
cell-0-4-5 425 1039 44 35 
cell-0-5-0 205 1074 44 35 
cell-0-5-1 249 1074 44 35 
cell-0-5-2 293 1074 44 35 
cell-0-5-3 337 1074 44 35 
cell-0-5-4 381 1074 44 35 
cell-0-5-5 425 1074 44 35 
cell-0-6-0 205 1109 44 35 
cell-0-6-1 249 1109 44 35 
cell-0-6-2 293 1109 44 35 
cell-0-6-3 337 1109 44 35 
cell-0-6-4 381 1109 44 35 
cell-0-6-5 425 1109 44 35 
cell-0-7-0 205 1144 44 35 
cell-0-7-1 249 1144 44 35 
cell-0-7-2 293 1144 44 35 
cell-0-7-3 337 1144 44 35 
cell-0-7-4 381 1144 44 35 
cell-0-7-5 425 1144 44 35 
cell-0-8-0 205 1179 44 35 
cell-0-8-1 249 1179 44 35 
cell-0-8-2 293 1179 44 35 
cell-0-8-3 337 1179 44 35 
cell-0-8-4 381 1179 44 35 
cell-0-8-5 425 1179 44 35 
cell-0-9-0 205 1214 44 35 
cell-0-9-1 249 1214 44 35 
cell-0-9-2 293 1214 44 35 
cell-0-9-3 337 1214 44 35 
cell-0-9-4 381 1214 44 35 
cell-0-9-5 425 1214 44 35 
cell-0-10-0 205 1249 44 35 
cell-0-10-1 249 1249 44 35 
cell-0-10-2 293 1249 44 35 
cell-0-10-3 337 1249 44 35 
cell-0-10-4 381 1249 44 35 
cell-0-10-5 425 1249 44 35 
cell-0-11-0 205 1284 44 35 
cell-0-11-1 249 1284 44 35 
cell-0-11-2 293 1284 44 35 
cell-0-11-3 337 1284 44 35 
cell-0-11-4 381 1284 44 35 
cell-0-11-5 425 1284 44 35 
