table-0 60 1166 1000 245 
cell-0-0-0 60 1166 111 33 
cell-0-0-1 171 1166 111 33 
cell-0-0-2 282 1166 111 33 
cell-0-0-3 393 1166 111 33 
cell-0-0-4 504 1166 111 33 
cell-0-0-5 615 1166 111 33 
cell-0-0-6 726 1166 111 33 
cell-0-0-7 837 1166 111 33 
cell-0-0-8 948 1166 111 33 
cell-0-1-0 60 1201 111 33 
cell-0-1-1 171 1201 111 33 
cell-0-1-2 282 1201 111 33 
cell-0-1-3 393 1201 111 33 
cell-0-1-4 504 1201 111 33 
cell-0-1-5 615 1201 111 33 
cell-0-1-6 726 1201 111 33 
cell-0-1-7 837 1201 111 33 
cell-0-1-8 948 1201 111 33 
cell-0-2-0 60 1236 111 33 
cell-0-2-1 171 1236 111 33 
cell-0-2-2 282 1236 111 33 
cell-0-2-3 393 1236 111 33 
cell-0-2-4 504 1236 111 33 
cell-0-2-5 615 1236 111 33 
cell-0-2-6 726 1236 111 33 
cell-0-2-7 837 1236 111 33 
cell-0-2-8 948 1236 111 33 
cell-0-3-0 60 1271 111 33 
cell-0-3-1 171 1271 111 33 
cell-0-3-2 282 1271 111 33 
cell-0-3-3 393 1271 111 33 
cell-0-3-4 504 1271 111 33 
cell-0-3-5 615 1271 111 33 
cell-0-3-6 726 1271 111 33 
cell-0-3-7 837 1271 111 33 
cell-0-3-8 948 1271 111 33 
cell-0-4-0 60 1306 111 33 
cell-0-4-1 171 1306 111 33 
cell-0-4-2 282 1306 111 33 
cell-0-4-3 393 1306 111 33 
cell-0-4-4 504 1306 111 33 
cell-0-4-5 615 1306 111 33 
cell-0-4-6 726 1306 111 33 
cell-0-4-7 837 1306 111 33 
cell-0-4-8 948 1306 111 33 
cell-0-5-0 60 1341 111 33 
cell-0-5-1 171 1341 111 33 
cell-0-5-2 282 1341 111 33 
cell-0-5-3 393 1341 111 33 
cell-0-5-4 504 1341 111 33 
cell-0-5-5 615 1341 111 33 
cell-0-5-6 726 1341 111 33 
cell-0-5-7 837 1341 111 33 
cell-0-5-8 948 1341 111 33 
cell-0-6-0 60 1376 111 33 
cell-0-6-1 171 1376 111 33 
cell-0-6-2 282 1376 111 33 
cell-0-6-3 393 1376 111 33 
cell-0-6-4 504 1376 111 33 
cell-0-6-5 615 1376 111 33 
cell-0-6-6 726 1376 111 33 
cell-0-6-7 837 1376 111 33 
cell-0-6-8 948 1376 111 33 
