table-0 133 70 594 598 
cell-0-0-0 133 70 44 43 
cell-0-0-1 177 70 44 43 
cell-0-0-2 221 70 44 43 
cell-0-0-3 265 70 44 43 
cell-0-0-4 309 70 44 43 
cell-0-0-5 353 70 370 43 
cell-0-1-0 133 116 44 43 
cell-0-1-1 177 116 44 43 
cell-0-1-2 221 116 44 43 
cell-0-1-3 265 116 44 43 
cell-0-1-4 309 116 44 43 
cell-0-1-5 353 116 370 43 
cell-0-2-0 133 162 44 43 
cell-0-2-1 177 162 44 43 
cell-0-2-2 221 162 44 43 
cell-0-2-3 265 162 44 43 
cell-0-2-4 309 162 44 43 
cell-0-2-5 353 162 370 43 
cell-0-3-0 133 208 44 43 
cell-0-3-1 177 208 44 43 
cell-0-3-2 221 208 44 43 
cell-0-3-3 265 208 44 43 
cell-0-3-4 309 208 44 43 
cell-0-3-5 353 208 370 43 
cell-0-4-0 133 254 44 43 
cell-0-4-1 177 254 44 43 
cell-0-4-2 221 254 44 43 
cell-0-4-3 265 254 44 43 
cell-0-4-4 309 254 44 43 
cell-0-4-5 353 254 370 43 
cell-0-5-0 133 300 44 43 
cell-0-5-1 177 300 44 43 
cell-0-5-2 221 300 44 43 
cell-0-5-3 265 300 44 43 
cell-0-5-4 309 300 44 43 
cell-0-5-5 353 300 370 43 
cell-0-6-0 133 346 44 43 
cell-0-6-1 177 346 44 43 
cell-0-6-2 221 346 44 43 
cell-0-6-3 265 346 44 43 
cell-0-6-4 309 346 44 43 
cell-0-6-5 353 346 370 43 
cell-0-7-0 133 392 44 43 
cell-0-7-1 177 392 44 43 
cell-0-7-2 221 392 44 43 
cell-0-7-3 265 392 44 43 
cell-0-7-4 309 392 44 43 
cell-0-7-5 353 392 370 43 
cell-0-8-0 133 438 44 43 
cell-0-8-1 177 438 44 43 
cell-0-8-2 221 438 44 43 
cell-0-8-3 265 438 44 43 
cell-0-8-4 309 438 44 43 
cell-0-8-5 353 438 370 43 
cell-0-9-0 133 484 44 43 
cell-0-9-1 177 484 44 43 
cell-0-9-2 221 484 44 43 
cell-0-9-3 265 484 44 43 
cell-0-9-4 309 484 44 43 
cell-0-9-5 353 484 370 43 
cell-0-10-0 133 530 44 43 
cell-0-10-1 177 530 44 43 
cell-0-10-2 221 530 44 43 
cell-0-10-3 265 530 44 43 
cell-0-10-4 309 530 44 43 
cell-0-10-5 353 530 370 43 
cell-0-11-0 133 576 44 43 
cell-0-11-1 177 576 44 43 
cell-0-11-2 221 576 44 43 
cell-0-11-3 265 576 44 43 
cell-0-11-4 309 576 44 43 
cell-0-11-5 353 576 370 43 
cell-0-12-0 133 622 44 43 
cell-0-12-1 177 622 44 43 
cell-0-12-2 221 622 44 43 
cell-0-12-3 265 622 44 43 
cell-0-12-4 309 622 44 43 
cell-0-12-5 353 622 370 43 
