table-0 400 353 504 349 
cell-0-1-0 400 353 36 35 
cell-0-1-1 439 353 36 35 
cell-0-1-2 478 353 36 35 
cell-0-1-3 517 353 36 35 
cell-0-1-4 556 353 36 35 
cell-0-1-5 595 353 36 35 
cell-0-1-6 634 353 36 35 
cell-0-1-7 673 353 36 35 
cell-0-1-8 712 353 36 35 
cell-0-1-9 751 353 36 35 
cell-0-1-10 790 353 36 35 
cell-0-1-11 829 353 36 35 
cell-0-1-12 868 353 36 35 
cell-0-2-0 400 405 36 35 
cell-0-2-1 439 405 36 35 
cell-0-2-2 478 405 36 35 
cell-0-2-3 517 405 36 35 
cell-0-2-4 556 405 36 35 
cell-0-2-5 595 405 36 35 
cell-0-2-6 634 405 36 35 
cell-0-2-7 673 405 36 35 
cell-0-2-8 712 405 36 35 
cell-0-2-9 751 405 36 35 
cell-0-2-10 790 405 36 35 
cell-0-2-11 829 405 36 35 
cell-0-2-12 868 405 36 35 
cell-0-3-0 400 457 36 35 
cell-0-3-1 439 457 36 35 
cell-0-3-2 478 457 36 35 
cell-0-3-3 517 457 36 35 
cell-0-3-4 556 457 36 35 
cell-0-3-5 595 457 36 35 
cell-0-3-6 634 457 36 35 
cell-0-3-7 673 457 36 35 
cell-0-3-8 712 457 36 35 
cell-0-3-9 751 457 36 35 
cell-0-3-10 790 457 36 35 
cell-0-3-11 829 457 36 35 
cell-0-3-12 868 457 36 35 
cell-0-4-0 400 509 36 35 
cell-0-4-1 439 509 36 35 
cell-0-4-2 478 509 36 35 
cell-0-4-3 517 509 36 35 
cell-0-4-4 556 509 36 35 
cell-0-4-5 595 509 36 35 
cell-0-4-6 634 509 36 35 
cell-0-4-7 673 509 36 35 
cell-0-4-8 712 509 36 35 
cell-0-4-9 751 509 36 35 
cell-0-4-10 790 509 36 35 
cell-0-4-11 829 509 36 35 
cell-0-4-12 868 509 36 35 
cell-0-5-0 400 561 36 35 
cell-0-5-1 439 561 36 35 
cell-0-5-2 478 561 36 35 
cell-0-5-3 517 561 36 35 
cell-0-5-4 556 561 36 35 
cell-0-5-5 595 561 36 35 
cell-0-5-6 634 561 36 35 
cell-0-5-7 673 561 36 35 
cell-0-5-8 712 561 36 35 
cell-0-5-9 751 561 36 35 
cell-0-5-10 790 561 36 35 
cell-0-5-11 829 561 36 35 
cell-0-5-12 868 561 36 35 
cell-0-6-0 400 613 36 35 
cell-0-6-1 439 613 36 35 
cell-0-6-2 478 613 36 35 
cell-0-6-3 517 613 36 35 
cell-0-6-4 556 613 36 35 
cell-0-6-5 595 613 36 35 
cell-0-6-6 634 613 36 35 
cell-0-6-7 673 613 36 35 
cell-0-6-8 712 613 36 35 
cell-0-6-9 751 613 36 35 
cell-0-6-10 790 613 36 35 
cell-0-6-11 829 613 36 35 
cell-0-6-12 868 613 36 35 
cell-0-7-0 400 665 36 35 
cell-0-7-1 439 665 36 35 
cell-0-7-2 478 665 36 35 
cell-0-7-3 517 665 36 35 
cell-0-7-4 556 665 36 35 
cell-0-7-5 595 665 36 35 
cell-0-7-6 634 665 36 35 
cell-0-7-7 673 665 36 35 
cell-0-7-8 712 665 36 35 
cell-0-7-9 751 665 36 35 
cell-0-7-10 790 665 36 35 
cell-0-7-11 829 665 36 35 
cell-0-7-12 868 665 36 35 
