table-0 62 740 900 396 
cell-0-0-0 62 740 128 45 
cell-0-0-1 190 740 128 45 
cell-0-0-2 318 740 128 45 
cell-0-0-3 446 740 128 45 
cell-0-0-4 574 740 128 45 
cell-0-0-5 702 740 128 45 
cell-0-0-6 830 740 128 45 
cell-0-1-0 62 790 128 45 
cell-0-1-1 190 790 128 45 
cell-0-1-2 318 790 128 45 
cell-0-1-3 446 790 128 45 
cell-0-1-4 574 790 128 45 
cell-0-1-5 702 790 128 45 
cell-0-1-6 830 790 128 45 
cell-0-2-0 62 840 128 45 
cell-0-2-1 190 840 128 45 
cell-0-2-2 318 840 128 45 
cell-0-2-3 446 840 128 45 
cell-0-2-4 574 840 128 45 
cell-0-2-5 702 840 128 45 
cell-0-2-6 830 840 128 45 
cell-0-3-0 62 890 128 45 
cell-0-3-1 190 890 128 45 
cell-0-3-2 318 890 128 45 
cell-0-3-3 446 890 128 45 
cell-0-3-4 574 890 128 45 
cell-0-3-5 702 890 128 45 
cell-0-3-6 830 890 128 45 
cell-0-4-0 62 940 128 45 
cell-0-4-1 190 940 128 45 
cell-0-4-2 318 940 128 45 
cell-0-4-3 446 940 128 45 
cell-0-4-4 574 940 128 45 
cell-0-4-5 702 940 128 45 
cell-0-4-6 830 940 128 45 
cell-0-5-0 62 990 128 45 
cell-0-5-1 190 990 128 45 
cell-0-5-2 318 990 128 45 
cell-0-5-3 446 990 128 45 
cell-0-5-4 574 990 128 45 
cell-0-5-5 702 990 128 45 
cell-0-5-6 830 990 128 45 
cell-0-6-0 62 1040 128 45 
cell-0-6-1 190 1040 128 45 
cell-0-6-2 318 1040 128 45 
cell-0-6-3 446 1040 128 45 
cell-0-6-4 574 1040 128 45 
cell-0-6-5 702 1040 128 45 
cell-0-6-6 830 1040 128 45 
cell-0-7-0 62 1090 128 45 
cell-0-7-1 190 1090 128 45 
cell-0-7-2 318 1090 128 45 
cell-0-7-3 446 1090 128 45 
cell-0-7-4 574 1090 128 45 
cell-0-7-5 702 1090 128 45 
cell-0-7-6 830 1090 128 45 
