table-0 66 830 718 574 
cell-0-0-0 66 830 44 43 
cell-0-0-1 110 830 44 43 
cell-0-0-2 154 830 44 43 
cell-0-0-3 198 830 44 43 
cell-0-0-4 242 830 44 43 
cell-0-0-5 286 830 44 43 
cell-0-0-6 330 830 452 43 
cell-0-1-0 66 874 44 43 
cell-0-1-1 110 874 44 43 
cell-0-1-2 154 874 44 43 
cell-0-1-3 198 874 44 43 
cell-0-1-4 242 874 44 43 
cell-0-1-5 286 874 44 43 
cell-0-1-6 330 874 452 43 
cell-0-2-0 66 918 44 43 
cell-0-2-1 110 918 44 43 
cell-0-2-2 154 918 44 43 
cell-0-2-3 198 918 44 43 
cell-0-2-4 242 918 44 43 
cell-0-2-5 286 918 44 43 
cell-0-2-6 330 918 452 43 
cell-0-3-0 66 962 44 43 
cell-0-3-1 110 962 44 43 
cell-0-3-2 154 962 44 43 
cell-0-3-3 198 962 44 43 
cell-0-3-4 242 962 44 43 
cell-0-3-5 286 962 44 43 
cell-0-3-6 330 962 452 43 
cell-0-4-0 66 1006 44 43 
cell-0-4-1 110 1006 44 43 
cell-0-4-2 154 1006 44 43 
cell-0-4-3 198 1006 44 43 
cell-0-4-4 242 1006 44 43 
cell-0-4-5 286 1006 44 43 
cell-0-4-6 330 1006 452 43 
cell-0-5-0 66 1050 44 43 
cell-0-5-1 110 1050 44 43 
cell-0-5-2 154 1050 44 43 
cell-0-5-3 198 1050 44 43 
cell-0-5-4 242 1050 44 43 
cell-0-5-5 286 1050 44 43 
cell-0-5-6 330 1050 452 43 
cell-0-6-0 66 1094 44 43 
cell-0-6-1 110 1094 44 43 
cell-0-6-2 154 1094 44 43 
cell-0-6-3 198 1094 44 43 
cell-0-6-4 242 1094 44 43 
cell-0-6-5 286 1094 44 43 
cell-0-6-6 330 1094 452 43 
cell-0-7-0 66 1138 44 43 
cell-0-7-1 110 1138 44 43 
cell-0-7-2 154 1138 44 43 
cell-0-7-3 198 1138 44 43 
cell-0-7-4 242 1138 44 43 
cell-0-7-5 286 1138 44 43 
cell-0-7-6 330 1138 452 43 
cell-0-8-0 66 1182 44 43 
cell-0-8-1 110 1182 44 43 
cell-0-8-2 154 1182 44 43 
cell-0-8-3 198 1182 44 43 
cell-0-8-4 242 1182 44 43 
cell-0-8-5 286 1182 44 43 
cell-0-8-6 330 1182 452 43 
cell-0-9-0 66 1226 44 43 
cell-0-9-1 110 1226 44 43 
cell-0-9-2 154 1226 44 43 
cell-0-9-3 198 1226 44 43 
cell-0-9-4 242 1226 44 43 
cell-0-9-5 286 1226 44 43 
cell-0-9-6 330 1226 452 43 
cell-0-10-0 66 1270 44 43 
cell-0-10-1 110 1270 44 43 
cell-0-10-2 154 1270 44 43 
cell-0-10-3 198 1270 44 43 
cell-0-10-4 242 1270 44 43 
cell-0-10-5 286 1270 44 43 
cell-0-10-6 330 1270 452 43 
cell-0-11-0 66 1314 44 43 
cell-0-11-1 110 1314 44 43 
cell-0-11-2 154 1314 44 43 
cell-0-11-3 198 1314 44 43 
cell-0-11-4 242 1314 44 43 
cell-0-11-5 286 1314 44 43 
cell-0-11-6 330 1314 452 43 
cell-0-12-0 66 1358 44 43 
cell-0-12-1 110 1358 44 43 
cell-0-12-2 154 1358 44 43 
cell-0-12-3 198 1358 44 43 
cell-0-12-4 242 1358 44 43 
cell-0-12-5 286 1358 44 43 
cell-0-12-6 330 1358 452 43 
header-1 154 325 905 193 
row-1-1 154 325 316 40 
row-1-2 490 325 382 40 
row-2-1 154 375 415 40 
row-2-2 589 375 464 40 
row-3-1 154 425 646 40 
row-4-1 154 475 481 40 
