table-0 293 525 621 225 
cell-0-1-0 293 525 36 35 
cell-0-1-1 332 525 36 35 
cell-0-1-2 371 525 36 35 
cell-0-1-3 410 525 36 35 
cell-0-1-4 449 525 36 35 
cell-0-1-5 488 525 36 35 
cell-0-1-6 527 525 36 35 
cell-0-1-7 566 525 36 35 
cell-0-1-8 605 525 36 35 
cell-0-1-9 644 525 36 35 
cell-0-1-10 683 525 36 35 
cell-0-1-11 722 525 36 35 
cell-0-1-12 761 525 36 35 
cell-0-1-13 800 525 36 35 
cell-0-1-14 839 525 36 35 
cell-0-1-15 878 525 36 35 
cell-0-2-0 293 572 36 35 
cell-0-2-1 332 572 36 35 
cell-0-2-2 371 572 36 35 
cell-0-2-3 410 572 36 35 
cell-0-2-4 449 572 36 35 
cell-0-2-5 488 572 36 35 
cell-0-2-6 527 572 36 35 
cell-0-2-7 566 572 36 35 
cell-0-2-8 605 572 36 35 
cell-0-2-9 644 572 36 35 
cell-0-2-10 683 572 36 35 
cell-0-2-11 722 572 36 35 
cell-0-2-12 761 572 36 35 
cell-0-2-13 800 572 36 35 
cell-0-2-14 839 572 36 35 
cell-0-2-15 878 572 36 35 
cell-0-3-0 293 619 36 35 
cell-0-3-1 332 619 36 35 
cell-0-3-2 371 619 36 35 
cell-0-3-3 410 619 36 35 
cell-0-3-4 449 619 36 35 
cell-0-3-5 488 619 36 35 
cell-0-3-6 527 619 36 35 
cell-0-3-7 566 619 36 35 
cell-0-3-8 605 619 36 35 
cell-0-3-9 644 619 36 35 
cell-0-3-10 683 619 36 35 
cell-0-3-11 722 619 36 35 
cell-0-3-12 761 619 36 35 
cell-0-3-13 800 619 36 35 
cell-0-3-14 839 619 36 35 
cell-0-3-15 878 619 36 35 
cell-0-4-0 293 666 36 35 
cell-0-4-1 332 666 36 35 
cell-0-4-2 371 666 36 35 
cell-0-4-3 410 666 36 35 
cell-0-4-4 449 666 36 35 
cell-0-4-5 488 666 36 35 
cell-0-4-6 527 666 36 35 
cell-0-4-7 566 666 36 35 
cell-0-4-8 605 666 36 35 
cell-0-4-9 644 666 36 35 
cell-0-4-10 683 666 36 35 
cell-0-4-11 722 666 36 35 
cell-0-4-12 761 666 36 35 
cell-0-4-13 800 666 36 35 
cell-0-4-14 839 666 36 35 
cell-0-4-15 878 666 36 35 
cell-0-5-0 293 713 36 35 
cell-0-5-1 332 713 36 35 
cell-0-5-2 371 713 36 35 
cell-0-5-3 410 713 36 35 
cell-0-5-4 449 713 36 35 
cell-0-5-5 488 713 36 35 
cell-0-5-6 527 713 36 35 
cell-0-5-7 566 713 36 35 
cell-0-5-8 605 713 36 35 
cell-0-5-9 644 713 36 35 
cell-0-5-10 683 713 36 35 
cell-0-5-11 722 713 36 35 
cell-0-5-12 761 713 36 35 
cell-0-5-13 800 713 36 35 
cell-0-5-14 839 713 36 35 
cell-0-5-15 878 713 36 35 
