table-0 806 646 183 438 
cell-0-0-0 806 646 45 35 
cell-0-0-1 851 646 45 35 
cell-0-0-2 896 646 45 35 
cell-0-0-3 941 646 45 35 
cell-0-1-0 806 686 45 35 
cell-0-1-1 851 686 45 35 
cell-0-1-2 896 686 45 35 
cell-0-1-3 941 686 45 35 
cell-0-2-0 806 726 45 35 
cell-0-2-1 851 726 45 35 
cell-0-2-2 896 726 45 35 
cell-0-2-3 941 726 45 35 
cell-0-3-0 806 766 45 35 
cell-0-3-1 851 766 45 35 
cell-0-3-2 896 766 45 35 
cell-0-3-3 941 766 45 35 
cell-0-4-0 806 806 45 35 
cell-0-4-1 851 806 45 35 
cell-0-4-2 896 806 45 35 
cell-0-4-3 941 806 45 35 
cell-0-5-0 806 846 45 35 
cell-0-5-1 851 846 45 35 
cell-0-5-2 896 846 45 35 
cell-0-5-3 941 846 45 35 
cell-0-6-0 806 886 45 35 
cell-0-6-1 851 886 45 35 
cell-0-6-2 896 886 45 35 
cell-0-6-3 941 886 45 35 
cell-0-7-0 806 926 45 35 
cell-0-7-1 851 926 45 35 
cell-0-7-2 896 926 45 35 
cell-0-7-3 941 926 45 35 
cell-0-8-0 806 966 45 35 
cell-0-8-1 851 966 45 35 
cell-0-8-2 896 966 45 35 
cell-0-8-3 941 966 45 35 
cell-0-9-0 806 1006 45 35 
cell-0-9-1 851 1006 45 35 
cell-0-9-2 896 1006 45 35 
cell-0-9-3 941 1006 45 35 
cell-0-10-0 806 1046 45 35 
cell-0-10-1 851 1046 45 35 
cell-0-10-2 896 1046 45 35 
cell-0-10-3 941 1046 45 35 
table-2 303 95 273 636 
cell-2-0-0 303 95 45 35 
cell-2-0-1 348 95 45 35 
cell-2-0-2 393 95 45 35 
cell-2-0-3 438 95 45 35 
cell-2-0-4 483 95 45 35 
cell-2-0-5 528 95 45 35 
cell-2-1-0 303 141 45 35 
cell-2-1-1 348 141 45 35 
cell-2-1-2 393 141 45 35 
cell-2-1-3 438 141 45 35 
cell-2-1-4 483 141 45 35 
cell-2-1-5 528 141 45 35 
cell-2-2-0 303 187 45 35 
cell-2-2-1 348 187 45 35 
cell-2-2-2 393 187 45 35 
cell-2-2-3 438 187 45 35 
cell-2-2-4 483 187 45 35 
cell-2-2-5 528 187 45 35 
cell-2-3-0 303 233 45 35 
cell-2-3-1 348 233 45 35 
cell-2-3-2 393 233 45 35 
cell-2-3-3 438 233 45 35 
cell-2-3-4 483 233 45 35 
cell-2-3-5 528 233 45 35 
cell-2-4-0 303 279 45 35 
cell-2-4-1 348 279 45 35 
cell-2-4-2 393 279 45 35 
cell-2-4-3 438 279 45 35 
cell-2-4-4 483 279 45 35 
cell-2-4-5 528 279 45 35 
cell-2-5-0 303 325 45 35 
cell-2-5-1 348 325 45 35 
cell-2-5-2 393 325 45 35 
cell-2-5-3 438 325 45 35 
cell-2-5-4 483 325 45 35 
cell-2-5-5 528 325 45 35 
cell-2-6-0 303 371 45 35 
cell-2-6-1 348 371 45 35 
cell-2-6-2 393 371 45 35 
cell-2-6-3 438 371 45 35 
cell-2-6-4 483 371 45 35 
cell-2-6-5 528 371 45 35 
cell-2-7-0 303 417 45 35 
cell-2-7-1 348 417 45 35 
cell-2-7-2 393 417 45 35 
cell-2-7-3 438 417 45 35 
cell-2-7-4 483 417 45 35 
cell-2-7-5 528 417 45 35 
cell-2-8-0 303 463 45 35 
cell-2-8-1 348 463 45 35 
cell-2-8-2 393 463 45 35 
cell-2-8-3 438 463 45 35 
cell-2-8-4 483 463 45 35 
cell-2-8-5 528 463 45 35 
cell-2-9-0 303 509 45 35 
cell-2-9-1 348 509 45 35 
cell-2-9-2 393 509 45 35 
cell-2-9-3 438 509 45 35 
cell-2-9-4 483 509 45 35 
cell-2-9-5 528 509 45 35 
cell-2-10-0 303 555 45 35 
cell-2-10-1 348 555 45 35 
cell-2-10-2 393 555 45 35 
cell-2-10-3 438 555 45 35 
cell-2-10-4 483 555 45 35 
cell-2-10-5 528 555 45 35 
cell-2-11-0 303 601 45 35 
cell-2-11-1 348 601 45 35 
cell-2-11-2 393 601 45 35 
cell-2-11-3 438 601 45 35 
cell-2-11-4 483 601 45 35 
cell-2-11-5 528 601 45 35 
cell-2-12-0 303 647 45 35 
cell-2-12-1 348 647 45 35 
cell-2-12-2 393 647 45 35 
cell-2-12-3 438 647 45 35 
cell-2-12-4 483 647 45 35 
cell-2-12-5 528 647 45 35 
cell-2-13-0 303 693 45 35 
cell-2-13-1 348 693 45 35 
cell-2-13-2 393 693 45 35 
cell-2-13-3 438 693 45 35 
cell-2-13-4 483 693 45 35 
cell-2-13-5 528 693 45 35 
