table-0 524 660 353 350 
cell-0-1-0 524 660 35 35 
cell-0-1-1 559 660 35 35 
cell-0-1-2 594 660 35 35 
cell-0-1-3 629 660 35 35 
cell-0-1-4 664 660 35 35 
cell-0-1-5 699 660 35 35 
cell-0-1-6 734 660 35 35 
cell-0-1-7 769 660 35 35 
cell-0-1-8 804 660 35 35 
cell-0-1-9 839 660 35 35 
cell-0-2-0 524 712 35 35 
cell-0-2-1 559 712 35 35 
cell-0-2-2 594 712 35 35 
cell-0-2-3 629 712 35 35 
cell-0-2-4 664 712 35 35 
cell-0-2-5 699 712 35 35 
cell-0-2-6 734 712 35 35 
cell-0-2-7 769 712 35 35 
cell-0-2-8 804 712 35 35 
cell-0-2-9 839 712 35 35 
cell-0-3-0 524 764 35 35 
cell-0-3-1 559 764 35 35 
cell-0-3-2 594 764 35 35 
cell-0-3-3 629 764 35 35 
cell-0-3-4 664 764 35 35 
cell-0-3-5 699 764 35 35 
cell-0-3-6 734 764 35 35 
cell-0-3-7 769 764 35 35 
cell-0-3-8 804 764 35 35 
cell-0-3-9 839 764 35 35 
cell-0-4-0 524 816 35 35 
cell-0-4-1 559 816 35 35 
cell-0-4-2 594 816 35 35 
cell-0-4-3 629 816 35 35 
cell-0-4-4 664 816 35 35 
cell-0-4-5 699 816 35 35 
cell-0-4-6 734 816 35 35 
cell-0-4-7 769 816 35 35 
cell-0-4-8 804 816 35 35 
cell-0-4-9 839 816 35 35 
cell-0-5-0 524 868 35 35 
cell-0-5-1 559 868 35 35 
cell-0-5-2 594 868 35 35 
cell-0-5-3 629 868 35 35 
cell-0-5-4 664 868 35 35 
cell-0-5-5 699 868 35 35 
cell-0-5-6 734 868 35 35 
cell-0-5-7 769 868 35 35 
cell-0-5-8 804 868 35 35 
cell-0-5-9 839 868 35 35 
cell-0-6-0 524 920 35 35 
cell-0-6-1 559 920 35 35 
cell-0-6-2 594 920 35 35 
cell-0-6-3 629 920 35 35 
cell-0-6-4 664 920 35 35 
cell-0-6-5 699 920 35 35 
cell-0-6-6 734 920 35 35 
cell-0-6-7 769 920 35 35 
cell-0-6-8 804 920 35 35 
cell-0-6-9 839 920 35 35 
cell-0-7-0 524 972 35 35 
cell-0-7-1 559 972 35 35 
cell-0-7-2 594 972 35 35 
cell-0-7-3 629 972 35 35 
cell-0-7-4 664 972 35 35 
cell-0-7-5 699 972 35 35 
cell-0-7-6 734 972 35 35 
cell-0-7-7 769 972 35 35 
cell-0-7-8 804 972 35 35 
cell-0-7-9 839 972 35 35 
