header-0 89 817 858 195 
row-1-1 89 817 328 41 
row-1-2 437 817 295 41 
row-2-1 89 868 394 41 
row-2-2 503 868 435 41 
row-3-1 89 919 460 41 
row-4-1 89 970 724 41 
table-2 849 64 178 417 
cell-2-0-0 849 64 44 35 
cell-2-0-1 893 64 44 35 
cell-2-0-2 937 64 44 35 
cell-2-0-3 981 64 44 35 
cell-2-1-0 849 102 44 35 
cell-2-1-1 893 102 44 35 
cell-2-1-2 937 102 44 35 
cell-2-1-3 981 102 44 35 
cell-2-2-0 849 140 44 35 
cell-2-2-1 893 140 44 35 
cell-2-2-2 937 140 44 35 
cell-2-2-3 981 140 44 35 
cell-2-3-0 849 178 44 35 
cell-2-3-1 893 178 44 35 
cell-2-3-2 937 178 44 35 
cell-2-3-3 981 178 44 35 
cell-2-4-0 849 216 44 35 
cell-2-4-1 893 216 44 35 
cell-2-4-2 937 216 44 35 
cell-2-4-3 981 216 44 35 
cell-2-5-0 849 254 44 35 
cell-2-5-1 893 254 44 35 
cell-2-5-2 937 254 44 35 
cell-2-5-3 981 254 44 35 
cell-2-6-0 849 292 44 35 
cell-2-6-1 893 292 44 35 
cell-2-6-2 937 292 44 35 
cell-2-6-3 981 292 44 35 
cell-2-7-0 849 330 44 35 
cell-2-7-1 893 330 44 35 
cell-2-7-2 937 330 44 35 
cell-2-7-3 981 330 44 35 
cell-2-8-0 849 368 44 35 
cell-2-8-1 893 368 44 35 
cell-2-8-2 937 368 44 35 
cell-2-8-3 981 368 44 35 
cell-2-9-0 849 406 44 35 
cell-2-9-1 893 406 44 35 
cell-2-9-2 937 406 44 35 
cell-2-9-3 981 406 44 35 
cell-2-10-0 849 444 44 35 
cell-2-10-1 893 444 44 35 
cell-2-10-2 937 444 44 35 
cell-2-10-3 981 444 44 35 
