table-0 207 407 624 651 
cell-0-0-0 207 407 45 43 
cell-0-0-1 252 407 45 43 
cell-0-0-2 297 407 45 43 
cell-0-0-3 342 407 45 43 
cell-0-0-4 387 407 442 43 
cell-0-1-0 207 462 45 43 
cell-0-1-1 252 462 45 43 
cell-0-1-2 297 462 45 43 
cell-0-1-3 342 462 45 43 
cell-0-1-4 387 462 442 43 
cell-0-2-0 207 517 45 43 
cell-0-2-1 252 517 45 43 
cell-0-2-2 297 517 45 43 
cell-0-2-3 342 517 45 43 
cell-0-2-4 387 517 442 43 
cell-0-3-0 207 572 45 43 
cell-0-3-1 252 572 45 43 
cell-0-3-2 297 572 45 43 
cell-0-3-3 342 572 45 43 
cell-0-3-4 387 572 442 43 
cell-0-4-0 207 627 45 43 
cell-0-4-1 252 627 45 43 
cell-0-4-2 297 627 45 43 
cell-0-4-3 342 627 45 43 
cell-0-4-4 387 627 442 43 
cell-0-5-0 207 682 45 43 
cell-0-5-1 252 682 45 43 
cell-0-5-2 297 682 45 43 
cell-0-5-3 342 682 45 43 
cell-0-5-4 387 682 442 43 
cell-0-6-0 207 737 45 43 
cell-0-6-1 252 737 45 43 
cell-0-6-2 297 737 45 43 
cell-0-6-3 342 737 45 43 
cell-0-6-4 387 737 442 43 
cell-0-7-0 207 792 45 43 
cell-0-7-1 252 792 45 43 
cell-0-7-2 297 792 45 43 
cell-0-7-3 342 792 45 43 
cell-0-7-4 387 792 442 43 
cell-0-8-0 207 847 45 43 
cell-0-8-1 252 847 45 43 
cell-0-8-2 297 847 45 43 
cell-0-8-3 342 847 45 43 
cell-0-8-4 387 847 442 43 
cell-0-9-0 207 902 45 43 
cell-0-9-1 252 902 45 43 
cell-0-9-2 297 902 45 43 
cell-0-9-3 342 902 45 43 
cell-0-9-4 387 902 442 43 
cell-0-10-0 207 957 45 43 
cell-0-10-1 252 957 45 43 
cell-0-10-2 297 957 45 43 
cell-0-10-3 342 957 45 43 
cell-0-10-4 387 957 442 43 
cell-0-11-0 207 1012 45 43 
cell-0-11-1 252 1012 45 43 
cell-0-11-2 297 1012 45 43 
cell-0-11-3 342 1012 45 43 
cell-0-11-4 387 1012 442 43 
