table-0 247 654 259 736 
cell-0-0-0 247 654 43 35 
cell-0-0-1 290 654 43 35 
cell-0-0-2 333 654 43 35 
cell-0-0-3 376 654 43 35 
cell-0-0-4 419 654 43 35 
cell-0-0-5 462 654 43 35 
cell-0-1-0 247 704 43 35 
cell-0-1-1 290 704 43 35 
cell-0-1-2 333 704 43 35 
cell-0-1-3 376 704 43 35 
cell-0-1-4 419 704 43 35 
cell-0-1-5 462 704 43 35 
cell-0-2-0 247 754 43 35 
cell-0-2-1 290 754 43 35 
cell-0-2-2 333 754 43 35 
cell-0-2-3 376 754 43 35 
cell-0-2-4 419 754 43 35 
cell-0-2-5 462 754 43 35 
cell-0-3-0 247 804 43 35 
cell-0-3-1 290 804 43 35 
cell-0-3-2 333 804 43 35 
cell-0-3-3 376 804 43 35 
cell-0-3-4 419 804 43 35 
cell-0-3-5 462 804 43 35 
cell-0-4-0 247 854 43 35 
cell-0-4-1 290 854 43 35 
cell-0-4-2 333 854 43 35 
cell-0-4-3 376 854 43 35 
cell-0-4-4 419 854 43 35 
cell-0-4-5 462 854 43 35 
cell-0-5-0 247 904 43 35 
cell-0-5-1 290 904 43 35 
cell-0-5-2 333 904 43 35 
cell-0-5-3 376 904 43 35 
cell-0-5-4 419 904 43 35 
cell-0-5-5 462 904 43 35 
cell-0-6-0 247 954 43 35 
cell-0-6-1 290 954 43 35 
cell-0-6-2 333 954 43 35 
cell-0-6-3 376 954 43 35 
cell-0-6-4 419 954 43 35 
cell-0-6-5 462 954 43 35 
cell-0-7-0 247 1004 43 35 
cell-0-7-1 290 1004 43 35 
cell-0-7-2 333 1004 43 35 
cell-0-7-3 376 1004 43 35 
cell-0-7-4 419 1004 43 35 
cell-0-7-5 462 1004 43 35 
cell-0-8-0 247 1054 43 35 
cell-0-8-1 290 1054 43 35 
cell-0-8-2 333 1054 43 35 
cell-0-8-3 376 1054 43 35 
cell-0-8-4 419 1054 43 35 
cell-0-8-5 462 1054 43 35 
cell-0-9-0 247 1104 43 35 
cell-0-9-1 290 1104 43 35 
cell-0-9-2 333 1104 43 35 
cell-0-9-3 376 1104 43 35 
cell-0-9-4 419 1104 43 35 
cell-0-9-5 462 1104 43 35 
cell-0-10-0 247 1154 43 35 
cell-0-10-1 290 1154 43 35 
cell-0-10-2 333 1154 43 35 
cell-0-10-3 376 1154 43 35 
cell-0-10-4 419 1154 43 35 
cell-0-10-5 462 1154 43 35 
cell-0-11-0 247 1204 43 35 
cell-0-11-1 290 1204 43 35 
cell-0-11-2 333 1204 43 35 
cell-0-11-3 376 1204 43 35 
cell-0-11-4 419 1204 43 35 
cell-0-11-5 462 1204 43 35 
cell-0-12-0 247 1254 43 35 
cell-0-12-1 290 1254 43 35 
cell-0-12-2 333 1254 43 35 
cell-0-12-3 376 1254 43 35 
cell-0-12-4 419 1254 43 35 
cell-0-12-5 462 1254 43 35 
cell-0-13-0 247 1304 43 35 
cell-0-13-1 290 1304 43 35 
cell-0-13-2 333 1304 43 35 
cell-0-13-3 376 1304 43 35 
cell-0-13-4 419 1304 43 35 
cell-0-13-5 462 1304 43 35 
cell-0-14-0 247 1354 43 35 
cell-0-14-1 290 1354 43 35 
cell-0-14-2 333 1354 43 35 
cell-0-14-3 376 1354 43 35 
cell-0-14-4 419 1354 43 35 
cell-0-14-5 462 1354 43 35 
table-2 666 590 266 565 
cell-2-0-0 666 590 44 35 
cell-2-0-1 710 590 44 35 
cell-2-0-2 754 590 44 35 
cell-2-0-3 798 590 44 35 
cell-2-0-4 842 590 44 35 
cell-2-0-5 886 590 44 35 
cell-2-1-0 666 634 44 35 
cell-2-1-1 710 634 44 35 
cell-2-1-2 754 634 44 35 
cell-2-1-3 798 634 44 35 
cell-2-1-4 842 634 44 35 
cell-2-1-5 886 634 44 35 
cell-2-2-0 666 678 44 35 
cell-2-2-1 710 678 44 35 
cell-2-2-2 754 678 44 35 
cell-2-2-3 798 678 44 35 
cell-2-2-4 842 678 44 35 
cell-2-2-5 886 678 44 35 
cell-2-3-0 666 722 44 35 
cell-2-3-1 710 722 44 35 
cell-2-3-2 754 722 44 35 
cell-2-3-3 798 722 44 35 
cell-2-3-4 842 722 44 35 
cell-2-3-5 886 722 44 35 
cell-2-4-0 666 766 44 35 
cell-2-4-1 710 766 44 35 
cell-2-4-2 754 766 44 35 
cell-2-4-3 798 766 44 35 
cell-2-4-4 842 766 44 35 
cell-2-4-5 886 766 44 35 
cell-2-5-0 666 810 44 35 
cell-2-5-1 710 810 44 35 
cell-2-5-2 754 810 44 35 
cell-2-5-3 798 810 44 35 
cell-2-5-4 842 810 44 35 
cell-2-5-5 886 810 44 35 
cell-2-6-0 666 854 44 35 
cell-2-6-1 710 854 44 35 
cell-2-6-2 754 854 44 35 
cell-2-6-3 798 854 44 35 
cell-2-6-4 842 854 44 35 
cell-2-6-5 886 854 44 35 
cell-2-7-0 666 898 44 35 
cell-2-7-1 710 898 44 35 
cell-2-7-2 754 898 44 35 
cell-2-7-3 798 898 44 35 
cell-2-7-4 842 898 44 35 
cell-2-7-5 886 898 44 35 
cell-2-8-0 666 942 44 35 
cell-2-8-1 710 942 44 35 
cell-2-8-2 754 942 44 35 
cell-2-8-3 798 942 44 35 
cell-2-8-4 842 942 44 35 
cell-2-8-5 886 942 44 35 
cell-2-9-0 666 986 44 35 
cell-2-9-1 710 986 44 35 
cell-2-9-2 754 986 44 35 
cell-2-9-3 798 986 44 35 
cell-2-9-4 842 986 44 35 
cell-2-9-5 886 986 44 35 
cell-2-10-0 666 1030 44 35 
cell-2-10-1 710 1030 44 35 
cell-2-10-2 754 1030 44 35 
cell-2-10-3 798 1030 44 35 
cell-2-10-4 842 1030 44 35 
cell-2-10-5 886 1030 44 35 
cell-2-11-0 666 1074 44 35 
cell-2-11-1 710 1074 44 35 
cell-2-11-2 754 1074 44 35 
cell-2-11-3 798 1074 44 35 
cell-2-11-4 842 1074 44 35 
cell-2-11-5 886 1074 44 35 
cell-2-12-0 666 1118 44 35 
cell-2-12-1 710 1118 44 35 
cell-2-12-2 754 1118 44 35 
cell-2-12-3 798 1118 44 35 
cell-2-12-4 842 1118 44 35 
cell-2-12-5 886 1118 44 35 
