table-0 62 125 668 182 
cell-0-1-0 62 125 35 35 
cell-0-1-1 97 125 35 35 
cell-0-1-2 132 125 35 35 
cell-0-1-3 167 125 35 35 
cell-0-1-4 202 125 35 35 
cell-0-1-5 237 125 35 35 
cell-0-1-6 272 125 35 35 
cell-0-1-7 307 125 35 35 
cell-0-1-8 342 125 35 35 
cell-0-1-9 377 125 35 35 
cell-0-1-10 412 125 35 35 
cell-0-1-11 447 125 35 35 
cell-0-1-12 482 125 35 35 
cell-0-1-13 517 125 35 35 
cell-0-1-14 552 125 35 35 
cell-0-1-15 587 125 35 35 
cell-0-1-16 622 125 35 35 
cell-0-1-17 657 125 35 35 
cell-0-1-18 692 125 35 35 
cell-0-2-0 62 161 35 35 
cell-0-2-1 97 161 35 35 
cell-0-2-2 132 161 35 35 
cell-0-2-3 167 161 35 35 
cell-0-2-4 202 161 35 35 
cell-0-2-5 237 161 35 35 
cell-0-2-6 272 161 35 35 
cell-0-2-7 307 161 35 35 
cell-0-2-8 342 161 35 35 
cell-0-2-9 377 161 35 35 
cell-0-2-10 412 161 35 35 
cell-0-2-11 447 161 35 35 
cell-0-2-12 482 161 35 35 
cell-0-2-13 517 161 35 35 
cell-0-2-14 552 161 35 35 
cell-0-2-15 587 161 35 35 
cell-0-2-16 622 161 35 35 
cell-0-2-17 657 161 35 35 
cell-0-2-18 692 161 35 35 
cell-0-3-0 62 197 35 35 
cell-0-3-1 97 197 35 35 
cell-0-3-2 132 197 35 35 
cell-0-3-3 167 197 35 35 
cell-0-3-4 202 197 35 35 
cell-0-3-5 237 197 35 35 
cell-0-3-6 272 197 35 35 
cell-0-3-7 307 197 35 35 
cell-0-3-8 342 197 35 35 
cell-0-3-9 377 197 35 35 
cell-0-3-10 412 197 35 35 
cell-0-3-11 447 197 35 35 
cell-0-3-12 482 197 35 35 
cell-0-3-13 517 197 35 35 
cell-0-3-14 552 197 35 35 
cell-0-3-15 587 197 35 35 
cell-0-3-16 622 197 35 35 
cell-0-3-17 657 197 35 35 
cell-0-3-18 692 197 35 35 
cell-0-4-0 62 233 35 35 
cell-0-4-1 97 233 35 35 
cell-0-4-2 132 233 35 35 
cell-0-4-3 167 233 35 35 
cell-0-4-4 202 233 35 35 
cell-0-4-5 237 233 35 35 
cell-0-4-6 272 233 35 35 
cell-0-4-7 307 233 35 35 
cell-0-4-8 342 233 35 35 
cell-0-4-9 377 233 35 35 
cell-0-4-10 412 233 35 35 
cell-0-4-11 447 233 35 35 
cell-0-4-12 482 233 35 35 
cell-0-4-13 517 233 35 35 
cell-0-4-14 552 233 35 35 
cell-0-4-15 587 233 35 35 
cell-0-4-16 622 233 35 35 
cell-0-4-17 657 233 35 35 
cell-0-4-18 692 233 35 35 
cell-0-5-0 62 269 35 35 
cell-0-5-1 97 269 35 35 
cell-0-5-2 132 269 35 35 
cell-0-5-3 167 269 35 35 
cell-0-5-4 202 269 35 35 
cell-0-5-5 237 269 35 35 
cell-0-5-6 272 269 35 35 
cell-0-5-7 307 269 35 35 
cell-0-5-8 342 269 35 35 
cell-0-5-9 377 269 35 35 
cell-0-5-10 412 269 35 35 
cell-0-5-11 447 269 35 35 
cell-0-5-12 482 269 35 35 
cell-0-5-13 517 269 35 35 
cell-0-5-14 552 269 35 35 
cell-0-5-15 587 269 35 35 
cell-0-5-16 622 269 35 35 
cell-0-5-17 657 269 35 35 
cell-0-5-18 692 269 35 35 
