table-0 262 802 700 591 
cell-0-0-0 262 802 87 57 
cell-0-0-1 349 802 87 57 
cell-0-0-2 436 802 87 57 
cell-0-0-3 523 802 87 57 
cell-0-0-4 610 802 87 57 
cell-0-0-5 697 802 87 57 
cell-0-0-6 784 802 87 57 
cell-0-0-7 871 802 87 57 
cell-0-1-0 262 861 87 57 
cell-0-1-1 349 861 87 57 
cell-0-1-2 436 861 87 57 
cell-0-1-3 523 861 87 57 
cell-0-1-4 610 861 87 57 
cell-0-1-5 697 861 87 57 
cell-0-1-6 784 861 87 57 
cell-0-1-7 871 861 87 57 
cell-0-2-0 262 920 87 57 
cell-0-2-1 349 920 87 57 
cell-0-2-2 436 920 87 57 
cell-0-2-3 523 920 87 57 
cell-0-2-4 610 920 87 57 
cell-0-2-5 697 920 87 57 
cell-0-2-6 784 920 87 57 
cell-0-2-7 871 920 87 57 
cell-0-3-0 262 979 87 57 
cell-0-3-1 349 979 87 57 
cell-0-3-2 436 979 87 57 
cell-0-3-3 523 979 87 57 
cell-0-3-4 610 979 87 57 
cell-0-3-5 697 979 87 57 
cell-0-3-6 784 979 87 57 
cell-0-3-7 871 979 87 57 
cell-0-4-0 262 1038 87 57 
cell-0-4-1 349 1038 87 57 
cell-0-4-2 436 1038 87 57 
cell-0-4-3 523 1038 87 57 
cell-0-4-4 610 1038 87 57 
cell-0-4-5 697 1038 87 57 
cell-0-4-6 784 1038 87 57 
cell-0-4-7 871 1038 87 57 
cell-0-5-0 262 1097 87 57 
cell-0-5-1 349 1097 87 57 
cell-0-5-2 436 1097 87 57 
cell-0-5-3 523 1097 87 57 
cell-0-5-4 610 1097 87 57 
cell-0-5-5 697 1097 87 57 
cell-0-5-6 784 1097 87 57 
cell-0-5-7 871 1097 87 57 
cell-0-6-0 262 1156 87 57 
cell-0-6-1 349 1156 87 57 
cell-0-6-2 436 1156 87 57 
cell-0-6-3 523 1156 87 57 
cell-0-6-4 610 1156 87 57 
cell-0-6-5 697 1156 87 57 
cell-0-6-6 784 1156 87 57 
cell-0-6-7 871 1156 87 57 
cell-0-7-0 262 1215 87 57 
cell-0-7-1 349 1215 87 57 
cell-0-7-2 436 1215 87 57 
cell-0-7-3 523 1215 87 57 
cell-0-7-4 610 1215 87 57 
cell-0-7-5 697 1215 87 57 
cell-0-7-6 784 1215 87 57 
cell-0-7-7 871 1215 87 57 
cell-0-8-0 262 1274 87 57 
cell-0-8-1 349 1274 87 57 
cell-0-8-2 436 1274 87 57 
cell-0-8-3 523 1274 87 57 
cell-0-8-4 610 1274 87 57 
cell-0-8-5 697 1274 87 57 
cell-0-8-6 784 1274 87 57 
cell-0-8-7 871 1274 87 57 
cell-0-9-0 262 1333 87 57 
cell-0-9-1 349 1333 87 57 
cell-0-9-2 436 1333 87 57 
cell-0-9-3 523 1333 87 57 
cell-0-9-4 610 1333 87 57 
cell-0-9-5 697 1333 87 57 
cell-0-9-6 784 1333 87 57 
cell-0-9-7 871 1333 87 57 
