table-0 250 285 659 433 
cell-0-0-0 250 285 45 43 
cell-0-0-1 295 285 45 43 
cell-0-0-2 340 285 45 43 
cell-0-0-3 385 285 45 43 
cell-0-0-4 430 285 477 43 
cell-0-1-0 250 328 45 43 
cell-0-1-1 295 328 45 43 
cell-0-1-2 340 328 45 43 
cell-0-1-3 385 328 45 43 
cell-0-1-4 430 328 477 43 
cell-0-2-0 250 371 45 43 
cell-0-2-1 295 371 45 43 
cell-0-2-2 340 371 45 43 
cell-0-2-3 385 371 45 43 
cell-0-2-4 430 371 477 43 
cell-0-3-0 250 414 45 43 
cell-0-3-1 295 414 45 43 
cell-0-3-2 340 414 45 43 
cell-0-3-3 385 414 45 43 
cell-0-3-4 430 414 477 43 
cell-0-4-0 250 457 45 43 
cell-0-4-1 295 457 45 43 
cell-0-4-2 340 457 45 43 
cell-0-4-3 385 457 45 43 
cell-0-4-4 430 457 477 43 
cell-0-5-0 250 500 45 43 
cell-0-5-1 295 500 45 43 
cell-0-5-2 340 500 45 43 
cell-0-5-3 385 500 45 43 
cell-0-5-4 430 500 477 43 
cell-0-6-0 250 543 45 43 
cell-0-6-1 295 543 45 43 
cell-0-6-2 340 543 45 43 
cell-0-6-3 385 543 45 43 
cell-0-6-4 430 543 477 43 
cell-0-7-0 250 586 45 43 
cell-0-7-1 295 586 45 43 
cell-0-7-2 340 586 45 43 
cell-0-7-3 385 586 45 43 
cell-0-7-4 430 586 477 43 
cell-0-8-0 250 629 45 43 
cell-0-8-1 295 629 45 43 
cell-0-8-2 340 629 45 43 
cell-0-8-3 385 629 45 43 
cell-0-8-4 430 629 477 43 
cell-0-9-0 250 672 45 43 
cell-0-9-1 295 672 45 43 
cell-0-9-2 340 672 45 43 
cell-0-9-3 385 672 45 43 
cell-0-9-4 430 672 477 43 
