table-0 327 648 700 501 
cell-0-0-0 327 648 175 59 
cell-0-0-1 502 648 175 59 
cell-0-0-2 677 648 175 59 
cell-0-0-3 852 648 175 59 
cell-0-1-0 327 711 175 59 
cell-0-1-1 502 711 175 59 
cell-0-1-2 677 711 175 59 
cell-0-1-3 852 711 175 59 
cell-0-2-0 327 774 175 59 
cell-0-2-1 502 774 175 59 
cell-0-2-2 677 774 175 59 
cell-0-2-3 852 774 175 59 
cell-0-3-0 327 837 175 59 
cell-0-3-1 502 837 175 59 
cell-0-3-2 677 837 175 59 
cell-0-3-3 852 837 175 59 
cell-0-4-0 327 900 175 59 
cell-0-4-1 502 900 175 59 
cell-0-4-2 677 900 175 59 
cell-0-4-3 852 900 175 59 
cell-0-5-0 327 963 175 59 
cell-0-5-1 502 963 175 59 
cell-0-5-2 677 963 175 59 
cell-0-5-3 852 963 175 59 
cell-0-6-0 327 1026 175 59 
cell-0-6-1 502 1026 175 59 
cell-0-6-2 677 1026 175 59 
cell-0-6-3 852 1026 175 59 
cell-0-7-0 327 1089 175 59 
cell-0-7-1 502 1089 175 59 
cell-0-7-2 677 1089 175 59 
cell-0-7-3 852 1089 175 59 
