table-0 410 208 614 595 
cell-0-1-0 410 208 34 35 
cell-0-1-1 444 208 34 35 
cell-0-1-2 478 208 34 35 
cell-0-1-3 512 208 34 35 
cell-0-1-4 546 208 34 35 
cell-0-1-5 580 208 34 35 
cell-0-1-6 614 208 34 35 
cell-0-1-7 648 208 34 35 
cell-0-1-8 682 208 34 35 
cell-0-1-9 716 208 34 35 
cell-0-1-10 750 208 34 35 
cell-0-1-11 784 208 34 35 
cell-0-1-12 818 208 34 35 
cell-0-1-13 852 208 34 35 
cell-0-1-14 886 208 34 35 
cell-0-1-15 920 208 34 35 
cell-0-1-16 954 208 34 35 
cell-0-1-17 988 208 34 35 
cell-0-2-0 410 270 34 35 
cell-0-2-1 444 270 34 35 
cell-0-2-2 478 270 34 35 
cell-0-2-3 512 270 34 35 
cell-0-2-4 546 270 34 35 
cell-0-2-5 580 270 34 35 
cell-0-2-6 614 270 34 35 
cell-0-2-7 648 270 34 35 
cell-0-2-8 682 270 34 35 
cell-0-2-9 716 270 34 35 
cell-0-2-10 750 270 34 35 
cell-0-2-11 784 270 34 35 
cell-0-2-12 818 270 34 35 
cell-0-2-13 852 270 34 35 
cell-0-2-14 886 270 34 35 
cell-0-2-15 920 270 34 35 
cell-0-2-16 954 270 34 35 
cell-0-2-17 988 270 34 35 
cell-0-3-0 410 332 34 35 
cell-0-3-1 444 332 34 35 
cell-0-3-2 478 332 34 35 
cell-0-3-3 512 332 34 35 
cell-0-3-4 546 332 34 35 
cell-0-3-5 580 332 34 35 
cell-0-3-6 614 332 34 35 
cell-0-3-7 648 332 34 35 
cell-0-3-8 682 332 34 35 
cell-0-3-9 716 332 34 35 
cell-0-3-10 750 332 34 35 
cell-0-3-11 784 332 34 35 
cell-0-3-12 818 332 34 35 
cell-0-3-13 852 332 34 35 
cell-0-3-14 886 332 34 35 
cell-0-3-15 920 332 34 35 
cell-0-3-16 954 332 34 35 
cell-0-3-17 988 332 34 35 
cell-0-4-0 410 394 34 35 
cell-0-4-1 444 394 34 35 
cell-0-4-2 478 394 34 35 
cell-0-4-3 512 394 34 35 
cell-0-4-4 546 394 34 35 
cell-0-4-5 580 394 34 35 
cell-0-4-6 614 394 34 35 
cell-0-4-7 648 394 34 35 
cell-0-4-8 682 394 34 35 
cell-0-4-9 716 394 34 35 
cell-0-4-10 750 394 34 35 
cell-0-4-11 784 394 34 35 
cell-0-4-12 818 394 34 35 
cell-0-4-13 852 394 34 35 
cell-0-4-14 886 394 34 35 
cell-0-4-15 920 394 34 35 
cell-0-4-16 954 394 34 35 
cell-0-4-17 988 394 34 35 
cell-0-5-0 410 456 34 35 
cell-0-5-1 444 456 34 35 
cell-0-5-2 478 456 34 35 
cell-0-5-3 512 456 34 35 
cell-0-5-4 546 456 34 35 
cell-0-5-5 580 456 34 35 
cell-0-5-6 614 456 34 35 
cell-0-5-7 648 456 34 35 
cell-0-5-8 682 456 34 35 
cell-0-5-9 716 456 34 35 
cell-0-5-10 750 456 34 35 
cell-0-5-11 784 456 34 35 
cell-0-5-12 818 456 34 35 
cell-0-5-13 852 456 34 35 
cell-0-5-14 886 456 34 35 
cell-0-5-15 920 456 34 35 
cell-0-5-16 954 456 34 35 
cell-0-5-17 988 456 34 35 
cell-0-6-0 410 518 34 35 
cell-0-6-1 444 518 34 35 
cell-0-6-2 478 518 34 35 
cell-0-6-3 512 518 34 35 
cell-0-6-4 546 518 34 35 
cell-0-6-5 580 518 34 35 
cell-0-6-6 614 518 34 35 
cell-0-6-7 648 518 34 35 
cell-0-6-8 682 518 34 35 
cell-0-6-9 716 518 34 35 
cell-0-6-10 750 518 34 35 
cell-0-6-11 784 518 34 35 
cell-0-6-12 818 518 34 35 
cell-0-6-13 852 518 34 35 
cell-0-6-14 886 518 34 35 
cell-0-6-15 920 518 34 35 
cell-0-6-16 954 518 34 35 
cell-0-6-17 988 518 34 35 
cell-0-7-0 410 580 34 35 
cell-0-7-1 444 580 34 35 
cell-0-7-2 478 580 34 35 
cell-0-7-3 512 580 34 35 
cell-0-7-4 546 580 34 35 
cell-0-7-5 580 580 34 35 
cell-0-7-6 614 580 34 35 
cell-0-7-7 648 580 34 35 
cell-0-7-8 682 580 34 35 
cell-0-7-9 716 580 34 35 
cell-0-7-10 750 580 34 35 
cell-0-7-11 784 580 34 35 
cell-0-7-12 818 580 34 35 
cell-0-7-13 852 580 34 35 
cell-0-7-14 886 580 34 35 
cell-0-7-15 920 580 34 35 
cell-0-7-16 954 580 34 35 
cell-0-7-17 988 580 34 35 
cell-0-8-0 410 642 34 35 
cell-0-8-1 444 642 34 35 
cell-0-8-2 478 642 34 35 
cell-0-8-3 512 642 34 35 
cell-0-8-4 546 642 34 35 
cell-0-8-5 580 642 34 35 
cell-0-8-6 614 642 34 35 
cell-0-8-7 648 642 34 35 
cell-0-8-8 682 642 34 35 
cell-0-8-9 716 642 34 35 
cell-0-8-10 750 642 34 35 
cell-0-8-11 784 642 34 35 
cell-0-8-12 818 642 34 35 
cell-0-8-13 852 642 34 35 
cell-0-8-14 886 642 34 35 
cell-0-8-15 920 642 34 35 
cell-0-8-16 954 642 34 35 
cell-0-8-17 988 642 34 35 
cell-0-9-0 410 704 34 35 
cell-0-9-1 444 704 34 35 
cell-0-9-2 478 704 34 35 
cell-0-9-3 512 704 34 35 
cell-0-9-4 546 704 34 35 
cell-0-9-5 580 704 34 35 
cell-0-9-6 614 704 34 35 
cell-0-9-7 648 704 34 35 
cell-0-9-8 682 704 34 35 
cell-0-9-9 716 704 34 35 
cell-0-9-10 750 704 34 35 
cell-0-9-11 784 704 34 35 
cell-0-9-12 818 704 34 35 
cell-0-9-13 852 704 34 35 
cell-0-9-14 886 704 34 35 
cell-0-9-15 920 704 34 35 
cell-0-9-16 954 704 34 35 
cell-0-9-17 988 704 34 35 
cell-0-10-0 410 766 34 35 
cell-0-10-1 444 766 34 35 
cell-0-10-2 478 766 34 35 
cell-0-10-3 512 766 34 35 
cell-0-10-4 546 766 34 35 
cell-0-10-5 580 766 34 35 
cell-0-10-6 614 766 34 35 
cell-0-10-7 648 766 34 35 
cell-0-10-8 682 766 34 35 
cell-0-10-9 716 766 34 35 
cell-0-10-10 750 766 34 35 
cell-0-10-11 784 766 34 35 
cell-0-10-12 818 766 34 35 
cell-0-10-13 852 766 34 35 
cell-0-10-14 886 766 34 35 
cell-0-10-15 920 766 34 35 
cell-0-10-16 954 766 34 35 
cell-0-10-17 988 766 34 35 
table-4 79 1085 900 340 
cell-4-0-0 79 1085 180 57 
cell-4-0-1 259 1085 180 57 
cell-4-0-2 439 1085 180 57 
cell-4-0-3 619 1085 180 57 
cell-4-0-4 799 1085 180 57 
cell-4-1-0 79 1155 180 57 
cell-4-1-1 259 1155 180 57 
cell-4-1-2 439 1155 180 57 
cell-4-1-3 619 1155 180 57 
cell-4-1-4 799 1155 180 57 
cell-4-2-0 79 1225 180 57 
cell-4-2-1 259 1225 180 57 
cell-4-2-2 439 1225 180 57 
cell-4-2-3 619 1225 180 57 
cell-4-2-4 799 1225 180 57 
cell-4-3-0 79 1295 180 57 
cell-4-3-1 259 1295 180 57 
cell-4-3-2 439 1295 180 57 
cell-4-3-3 619 1295 180 57 
cell-4-3-4 799 1295 180 57 
cell-4-4-0 79 1365 180 57 
cell-4-4-1 259 1365 180 57 
cell-4-4-2 439 1365 180 57 
cell-4-4-3 619 1365 180 57 
cell-4-4-4 799 1365 180 57 
