header-0 211 1102 799 193 
row-1-1 211 1102 406 40 
row-1-2 637 1102 373 40 
row-2-1 211 1152 274 40 
row-2-2 505 1152 475 40 
row-3-1 211 1202 769 40 
row-4-1 211 1252 637 40 
table-1 76 289 534 676 
cell-1-0-0 76 289 45 43 
cell-1-0-1 121 289 45 43 
cell-1-0-2 166 289 45 43 
cell-1-0-3 211 289 45 43 
cell-1-0-4 256 289 352 43 
cell-1-1-0 76 334 45 43 
cell-1-1-1 121 334 45 43 
cell-1-1-2 166 334 45 43 
cell-1-1-3 211 334 45 43 
cell-1-1-4 256 334 352 43 
cell-1-2-0 76 379 45 43 
cell-1-2-1 121 379 45 43 
cell-1-2-2 166 379 45 43 
cell-1-2-3 211 379 45 43 
cell-1-2-4 256 379 352 43 
cell-1-3-0 76 424 45 43 
cell-1-3-1 121 424 45 43 
cell-1-3-2 166 424 45 43 
cell-1-3-3 211 424 45 43 
cell-1-3-4 256 424 352 43 
cell-1-4-0 76 469 45 43 
cell-1-4-1 121 469 45 43 
cell-1-4-2 166 469 45 43 
cell-1-4-3 211 469 45 43 
cell-1-4-4 256 469 352 43 
cell-1-5-0 76 514 45 43 
cell-1-5-1 121 514 45 43 
cell-1-5-2 166 514 45 43 
cell-1-5-3 211 514 45 43 
cell-1-5-4 256 514 352 43 
cell-1-6-0 76 559 45 43 
cell-1-6-1 121 559 45 43 
cell-1-6-2 166 559 45 43 
cell-1-6-3 211 559 45 43 
cell-1-6-4 256 559 352 43 
cell-1-7-0 76 604 45 43 
cell-1-7-1 121 604 45 43 
cell-1-7-2 166 604 45 43 
cell-1-7-3 211 604 45 43 
cell-1-7-4 256 604 352 43 
cell-1-8-0 76 649 45 43 
cell-1-8-1 121 649 45 43 
cell-1-8-2 166 649 45 43 
cell-1-8-3 211 649 45 43 
cell-1-8-4 256 649 352 43 
cell-1-9-0 76 694 45 43 
cell-1-9-1 121 694 45 43 
cell-1-9-2 166 694 45 43 
cell-1-9-3 211 694 45 43 
cell-1-9-4 256 694 352 43 
cell-1-10-0 76 739 45 43 
cell-1-10-1 121 739 45 43 
cell-1-10-2 166 739 45 43 
cell-1-10-3 211 739 45 43 
cell-1-10-4 256 739 352 43 
cell-1-11-0 76 784 45 43 
cell-1-11-1 121 784 45 43 
cell-1-11-2 166 784 45 43 
cell-1-11-3 211 784 45 43 
cell-1-11-4 256 784 352 43 
cell-1-12-0 76 829 45 43 
cell-1-12-1 121 829 45 43 
cell-1-12-2 166 829 45 43 
cell-1-12-3 211 829 45 43 
cell-1-12-4 256 829 352 43 
cell-1-13-0 76 874 45 43 
cell-1-13-1 121 874 45 43 
cell-1-13-2 166 874 45 43 
cell-1-13-3 211 874 45 43 
cell-1-13-4 256 874 352 43 
cell-1-14-0 76 919 45 43 
cell-1-14-1 121 919 45 43 
cell-1-14-2 166 919 45 43 
cell-1-14-3 211 919 45 43 
cell-1-14-4 256 919 352 43 
