table-0 477 896 511 560 
cell-0-0-0 477 896 44 42 
cell-0-0-1 521 896 44 42 
cell-0-0-2 565 896 44 42 
cell-0-0-3 609 896 44 42 
cell-0-0-4 653 896 333 42 
cell-0-1-0 477 939 44 42 
cell-0-1-1 521 939 44 42 
cell-0-1-2 565 939 44 42 
cell-0-1-3 609 939 44 42 
cell-0-1-4 653 939 333 42 
cell-0-2-0 477 982 44 42 
cell-0-2-1 521 982 44 42 
cell-0-2-2 565 982 44 42 
cell-0-2-3 609 982 44 42 
cell-0-2-4 653 982 333 42 
cell-0-3-0 477 1025 44 42 
cell-0-3-1 521 1025 44 42 
cell-0-3-2 565 1025 44 42 
cell-0-3-3 609 1025 44 42 
cell-0-3-4 653 1025 333 42 
cell-0-4-0 477 1068 44 42 
cell-0-4-1 521 1068 44 42 
cell-0-4-2 565 1068 44 42 
cell-0-4-3 609 1068 44 42 
cell-0-4-4 653 1068 333 42 
cell-0-5-0 477 1111 44 42 
cell-0-5-1 521 1111 44 42 
cell-0-5-2 565 1111 44 42 
cell-0-5-3 609 1111 44 42 
cell-0-5-4 653 1111 333 42 
cell-0-6-0 477 1154 44 42 
cell-0-6-1 521 1154 44 42 
cell-0-6-2 565 1154 44 42 
cell-0-6-3 609 1154 44 42 
cell-0-6-4 653 1154 333 42 
cell-0-7-0 477 1197 44 42 
cell-0-7-1 521 1197 44 42 
cell-0-7-2 565 1197 44 42 
cell-0-7-3 609 1197 44 42 
cell-0-7-4 653 1197 333 42 
cell-0-8-0 477 1240 44 42 
cell-0-8-1 521 1240 44 42 
cell-0-8-2 565 1240 44 42 
cell-0-8-3 609 1240 44 42 
cell-0-8-4 653 1240 333 42 
cell-0-9-0 477 1283 44 42 
cell-0-9-1 521 1283 44 42 
cell-0-9-2 565 1283 44 42 
cell-0-9-3 609 1283 44 42 
cell-0-9-4 653 1283 333 42 
cell-0-10-0 477 1326 44 42 
cell-0-10-1 521 1326 44 42 
cell-0-10-2 565 1326 44 42 
cell-0-10-3 609 1326 44 42 
cell-0-10-4 653 1326 333 42 
cell-0-11-0 477 1369 44 42 
cell-0-11-1 521 1369 44 42 
cell-0-11-2 565 1369 44 42 
cell-0-11-3 609 1369 44 42 
cell-0-11-4 653 1369 333 42 
cell-0-12-0 477 1412 44 42 
cell-0-12-1 521 1412 44 42 
cell-0-12-2 565 1412 44 42 
cell-0-12-3 609 1412 44 42 
cell-0-12-4 653 1412 333 42 
header-3 159 213 818 195 
row-1-1 159 213 326 41 
row-1-2 505 213 326 41 
row-2-1 159 264 359 41 
row-2-2 538 264 438 41 
row-3-1 159 315 788 41 
row-4-1 159 366 656 41 
