table-0 508 749 441 316 
cell-0-1-0 508 749 34 35 
cell-0-1-1 545 749 34 35 
cell-0-1-2 582 749 34 35 
cell-0-1-3 619 749 34 35 
cell-0-1-4 656 749 34 35 
cell-0-1-5 693 749 34 35 
cell-0-1-6 730 749 34 35 
cell-0-1-7 767 749 34 35 
cell-0-1-8 804 749 34 35 
cell-0-1-9 841 749 34 35 
cell-0-1-10 878 749 34 35 
cell-0-1-11 915 749 34 35 
cell-0-2-0 508 805 34 35 
cell-0-2-1 545 805 34 35 
cell-0-2-2 582 805 34 35 
cell-0-2-3 619 805 34 35 
cell-0-2-4 656 805 34 35 
cell-0-2-5 693 805 34 35 
cell-0-2-6 730 805 34 35 
cell-0-2-7 767 805 34 35 
cell-0-2-8 804 805 34 35 
cell-0-2-9 841 805 34 35 
cell-0-2-10 878 805 34 35 
cell-0-2-11 915 805 34 35 
cell-0-3-0 508 861 34 35 
cell-0-3-1 545 861 34 35 
cell-0-3-2 582 861 34 35 
cell-0-3-3 619 861 34 35 
cell-0-3-4 656 861 34 35 
cell-0-3-5 693 861 34 35 
cell-0-3-6 730 861 34 35 
cell-0-3-7 767 861 34 35 
cell-0-3-8 804 861 34 35 
cell-0-3-9 841 861 34 35 
cell-0-3-10 878 861 34 35 
cell-0-3-11 915 861 34 35 
cell-0-4-0 508 917 34 35 
cell-0-4-1 545 917 34 35 
cell-0-4-2 582 917 34 35 
cell-0-4-3 619 917 34 35 
cell-0-4-4 656 917 34 35 
cell-0-4-5 693 917 34 35 
cell-0-4-6 730 917 34 35 
cell-0-4-7 767 917 34 35 
cell-0-4-8 804 917 34 35 
cell-0-4-9 841 917 34 35 
cell-0-4-10 878 917 34 35 
cell-0-4-11 915 917 34 35 
cell-0-5-0 508 973 34 35 
cell-0-5-1 545 973 34 35 
cell-0-5-2 582 973 34 35 
cell-0-5-3 619 973 34 35 
cell-0-5-4 656 973 34 35 
cell-0-5-5 693 973 34 35 
cell-0-5-6 730 973 34 35 
cell-0-5-7 767 973 34 35 
cell-0-5-8 804 973 34 35 
cell-0-5-9 841 973 34 35 
cell-0-5-10 878 973 34 35 
cell-0-5-11 915 973 34 35 
cell-0-6-0 508 1029 34 35 
cell-0-6-1 545 1029 34 35 
cell-0-6-2 582 1029 34 35 
cell-0-6-3 619 1029 34 35 
cell-0-6-4 656 1029 34 35 
cell-0-6-5 693 1029 34 35 
cell-0-6-6 730 1029 34 35 
cell-0-6-7 767 1029 34 35 
cell-0-6-8 804 1029 34 35 
cell-0-6-9 841 1029 34 35 
cell-0-6-10 878 1029 34 35 
cell-0-6-11 915 1029 34 35 
table-1 367 175 562 316 
cell-1-1-0 367 175 33 35 
cell-1-1-1 400 175 33 35 
cell-1-1-2 433 175 33 35 
cell-1-1-3 466 175 33 35 
cell-1-1-4 499 175 33 35 
cell-1-1-5 532 175 33 35 
cell-1-1-6 565 175 33 35 
cell-1-1-7 598 175 33 35 
cell-1-1-8 631 175 33 35 
cell-1-1-9 664 175 33 35 
cell-1-1-10 697 175 33 35 
cell-1-1-11 730 175 33 35 
cell-1-1-12 763 175 33 35 
cell-1-1-13 796 175 33 35 
cell-1-1-14 829 175 33 35 
cell-1-1-15 862 175 33 35 
cell-1-1-16 895 175 33 35 
cell-1-2-0 367 215 33 35 
cell-1-2-1 400 215 33 35 
cell-1-2-2 433 215 33 35 
cell-1-2-3 466 215 33 35 
cell-1-2-4 499 215 33 35 
cell-1-2-5 532 215 33 35 
cell-1-2-6 565 215 33 35 
cell-1-2-7 598 215 33 35 
cell-1-2-8 631 215 33 35 
cell-1-2-9 664 215 33 35 
cell-1-2-10 697 215 33 35 
cell-1-2-11 730 215 33 35 
cell-1-2-12 763 215 33 35 
cell-1-2-13 796 215 33 35 
cell-1-2-14 829 215 33 35 
cell-1-2-15 862 215 33 35 
cell-1-2-16 895 215 33 35 
cell-1-3-0 367 255 33 35 
cell-1-3-1 400 255 33 35 
cell-1-3-2 433 255 33 35 
cell-1-3-3 466 255 33 35 
cell-1-3-4 499 255 33 35 
cell-1-3-5 532 255 33 35 
cell-1-3-6 565 255 33 35 
cell-1-3-7 598 255 33 35 
cell-1-3-8 631 255 33 35 
cell-1-3-9 664 255 33 35 
cell-1-3-10 697 255 33 35 
cell-1-3-11 730 255 33 35 
cell-1-3-12 763 255 33 35 
cell-1-3-13 796 255 33 35 
cell-1-3-14 829 255 33 35 
cell-1-3-15 862 255 33 35 
cell-1-3-16 895 255 33 35 
cell-1-4-0 367 295 33 35 
cell-1-4-1 400 295 33 35 
cell-1-4-2 433 295 33 35 
cell-1-4-3 466 295 33 35 
cell-1-4-4 499 295 33 35 
cell-1-4-5 532 295 33 35 
cell-1-4-6 565 295 33 35 
cell-1-4-7 598 295 33 35 
cell-1-4-8 631 295 33 35 
cell-1-4-9 664 295 33 35 
cell-1-4-10 697 295 33 35 
cell-1-4-11 730 295 33 35 
cell-1-4-12 763 295 33 35 
cell-1-4-13 796 295 33 35 
cell-1-4-14 829 295 33 35 
cell-1-4-15 862 295 33 35 
cell-1-4-16 895 295 33 35 
cell-1-5-0 367 335 33 35 
cell-1-5-1 400 335 33 35 
cell-1-5-2 433 335 33 35 
cell-1-5-3 466 335 33 35 
cell-1-5-4 499 335 33 35 
cell-1-5-5 532 335 33 35 
cell-1-5-6 565 335 33 35 
cell-1-5-7 598 335 33 35 
cell-1-5-8 631 335 33 35 
cell-1-5-9 664 335 33 35 
cell-1-5-10 697 335 33 35 
cell-1-5-11 730 335 33 35 
cell-1-5-12 763 335 33 35 
cell-1-5-13 796 335 33 35 
cell-1-5-14 829 335 33 35 
cell-1-5-15 862 335 33 35 
cell-1-5-16 895 335 33 35 
cell-1-6-0 367 375 33 35 
cell-1-6-1 400 375 33 35 
cell-1-6-2 433 375 33 35 
cell-1-6-3 466 375 33 35 
cell-1-6-4 499 375 33 35 
cell-1-6-5 532 375 33 35 
cell-1-6-6 565 375 33 35 
cell-1-6-7 598 375 33 35 
cell-1-6-8 631 375 33 35 
cell-1-6-9 664 375 33 35 
cell-1-6-10 697 375 33 35 
cell-1-6-11 730 375 33 35 
cell-1-6-12 763 375 33 35 
cell-1-6-13 796 375 33 35 
cell-1-6-14 829 375 33 35 
cell-1-6-15 862 375 33 35 
cell-1-6-16 895 375 33 35 
cell-1-7-0 367 415 33 35 
cell-1-7-1 400 415 33 35 
cell-1-7-2 433 415 33 35 
cell-1-7-3 466 415 33 35 
cell-1-7-4 499 415 33 35 
cell-1-7-5 532 415 33 35 
cell-1-7-6 565 415 33 35 
cell-1-7-7 598 415 33 35 
cell-1-7-8 631 415 33 35 
cell-1-7-9 664 415 33 35 
cell-1-7-10 697 415 33 35 
cell-1-7-11 730 415 33 35 
cell-1-7-12 763 415 33 35 
cell-1-7-13 796 415 33 35 
cell-1-7-14 829 415 33 35 
cell-1-7-15 862 415 33 35 
cell-1-7-16 895 415 33 35 
cell-1-8-0 367 455 33 35 
cell-1-8-1 400 455 33 35 
cell-1-8-2 433 455 33 35 
cell-1-8-3 466 455 33 35 
cell-1-8-4 499 455 33 35 
cell-1-8-5 532 455 33 35 
cell-1-8-6 565 455 33 35 
cell-1-8-7 598 455 33 35 
cell-1-8-8 631 455 33 35 
cell-1-8-9 664 455 33 35 
cell-1-8-10 697 455 33 35 
cell-1-8-11 730 455 33 35 
cell-1-8-12 763 455 33 35 
cell-1-8-13 796 455 33 35 
cell-1-8-14 829 455 33 35 
cell-1-8-15 862 455 33 35 
cell-1-8-16 895 455 33 35 
