table-0 297 645 500 481 
cell-0-0-0 297 645 83 37 
cell-0-0-1 380 645 83 37 
cell-0-0-2 463 645 83 37 
cell-0-0-3 546 645 83 37 
cell-0-0-4 629 645 83 37 
cell-0-0-5 712 645 83 37 
cell-0-1-0 297 694 83 37 
cell-0-1-1 380 694 83 37 
cell-0-1-2 463 694 83 37 
cell-0-1-3 546 694 83 37 
cell-0-1-4 629 694 83 37 
cell-0-1-5 712 694 83 37 
cell-0-2-0 297 743 83 37 
cell-0-2-1 380 743 83 37 
cell-0-2-2 463 743 83 37 
cell-0-2-3 546 743 83 37 
cell-0-2-4 629 743 83 37 
cell-0-2-5 712 743 83 37 
cell-0-3-0 297 792 83 37 
cell-0-3-1 380 792 83 37 
cell-0-3-2 463 792 83 37 
cell-0-3-3 546 792 83 37 
cell-0-3-4 629 792 83 37 
cell-0-3-5 712 792 83 37 
cell-0-4-0 297 841 83 37 
cell-0-4-1 380 841 83 37 
cell-0-4-2 463 841 83 37 
cell-0-4-3 546 841 83 37 
cell-0-4-4 629 841 83 37 
cell-0-4-5 712 841 83 37 
cell-0-5-0 297 890 83 37 
cell-0-5-1 380 890 83 37 
cell-0-5-2 463 890 83 37 
cell-0-5-3 546 890 83 37 
cell-0-5-4 629 890 83 37 
cell-0-5-5 712 890 83 37 
cell-0-6-0 297 939 83 37 
cell-0-6-1 380 939 83 37 
cell-0-6-2 463 939 83 37 
cell-0-6-3 546 939 83 37 
cell-0-6-4 629 939 83 37 
cell-0-6-5 712 939 83 37 
cell-0-7-0 297 988 83 37 
cell-0-7-1 380 988 83 37 
cell-0-7-2 463 988 83 37 
cell-0-7-3 546 988 83 37 
cell-0-7-4 629 988 83 37 
cell-0-7-5 712 988 83 37 
cell-0-8-0 297 1037 83 37 
cell-0-8-1 380 1037 83 37 
cell-0-8-2 463 1037 83 37 
cell-0-8-3 546 1037 83 37 
cell-0-8-4 629 1037 83 37 
cell-0-8-5 712 1037 83 37 
cell-0-9-0 297 1086 83 37 
cell-0-9-1 380 1086 83 37 
cell-0-9-2 463 1086 83 37 
cell-0-9-3 546 1086 83 37 
cell-0-9-4 629 1086 83 37 
cell-0-9-5 712 1086 83 37 
