table-0 398 753 645 523 
cell-0-0-0 398 753 44 43 
cell-0-0-1 442 753 44 43 
cell-0-0-2 486 753 44 43 
cell-0-0-3 530 753 44 43 
cell-0-0-4 574 753 44 43 
cell-0-0-5 618 753 421 43 
cell-0-1-0 398 806 44 43 
cell-0-1-1 442 806 44 43 
cell-0-1-2 486 806 44 43 
cell-0-1-3 530 806 44 43 
cell-0-1-4 574 806 44 43 
cell-0-1-5 618 806 421 43 
cell-0-2-0 398 859 44 43 
cell-0-2-1 442 859 44 43 
cell-0-2-2 486 859 44 43 
cell-0-2-3 530 859 44 43 
cell-0-2-4 574 859 44 43 
cell-0-2-5 618 859 421 43 
cell-0-3-0 398 912 44 43 
cell-0-3-1 442 912 44 43 
cell-0-3-2 486 912 44 43 
cell-0-3-3 530 912 44 43 
cell-0-3-4 574 912 44 43 
cell-0-3-5 618 912 421 43 
cell-0-4-0 398 965 44 43 
cell-0-4-1 442 965 44 43 
cell-0-4-2 486 965 44 43 
cell-0-4-3 530 965 44 43 
cell-0-4-4 574 965 44 43 
cell-0-4-5 618 965 421 43 
cell-0-5-0 398 1018 44 43 
cell-0-5-1 442 1018 44 43 
cell-0-5-2 486 1018 44 43 
cell-0-5-3 530 1018 44 43 
cell-0-5-4 574 1018 44 43 
cell-0-5-5 618 1018 421 43 
cell-0-6-0 398 1071 44 43 
cell-0-6-1 442 1071 44 43 
cell-0-6-2 486 1071 44 43 
cell-0-6-3 530 1071 44 43 
cell-0-6-4 574 1071 44 43 
cell-0-6-5 618 1071 421 43 
cell-0-7-0 398 1124 44 43 
cell-0-7-1 442 1124 44 43 
cell-0-7-2 486 1124 44 43 
cell-0-7-3 530 1124 44 43 
cell-0-7-4 574 1124 44 43 
cell-0-7-5 618 1124 421 43 
cell-0-8-0 398 1177 44 43 
cell-0-8-1 442 1177 44 43 
cell-0-8-2 486 1177 44 43 
cell-0-8-3 530 1177 44 43 
cell-0-8-4 574 1177 44 43 
cell-0-8-5 618 1177 421 43 
cell-0-9-0 398 1230 44 43 
cell-0-9-1 442 1230 44 43 
cell-0-9-2 486 1230 44 43 
cell-0-9-3 530 1230 44 43 
cell-0-9-4 574 1230 44 43 
cell-0-9-5 618 1230 421 43 
table-1 282 317 735 278 
cell-1-1-0 282 317 38 35 
cell-1-1-1 323 317 38 35 
cell-1-1-2 364 317 38 35 
cell-1-1-3 405 317 38 35 
cell-1-1-4 446 317 38 35 
cell-1-1-5 487 317 38 35 
cell-1-1-6 528 317 38 35 
cell-1-1-7 569 317 38 35 
cell-1-1-8 610 317 38 35 
cell-1-1-9 651 317 38 35 
cell-1-1-10 692 317 38 35 
cell-1-1-11 733 317 38 35 
cell-1-1-12 774 317 38 35 
cell-1-1-13 815 317 38 35 
cell-1-1-14 856 317 38 35 
cell-1-1-15 897 317 38 35 
cell-1-1-16 938 317 38 35 
cell-1-1-17 979 317 38 35 
cell-1-2-0 282 365 38 35 
cell-1-2-1 323 365 38 35 
cell-1-2-2 364 365 38 35 
cell-1-2-3 405 365 38 35 
cell-1-2-4 446 365 38 35 
cell-1-2-5 487 365 38 35 
cell-1-2-6 528 365 38 35 
cell-1-2-7 569 365 38 35 
cell-1-2-8 610 365 38 35 
cell-1-2-9 651 365 38 35 
cell-1-2-10 692 365 38 35 
cell-1-2-11 733 365 38 35 
cell-1-2-12 774 365 38 35 
cell-1-2-13 815 365 38 35 
cell-1-2-14 856 365 38 35 
cell-1-2-15 897 365 38 35 
cell-1-2-16 938 365 38 35 
cell-1-2-17 979 365 38 35 
cell-1-3-0 282 413 38 35 
cell-1-3-1 323 413 38 35 
cell-1-3-2 364 413 38 35 
cell-1-3-3 405 413 38 35 
cell-1-3-4 446 413 38 35 
cell-1-3-5 487 413 38 35 
cell-1-3-6 528 413 38 35 
cell-1-3-7 569 413 38 35 
cell-1-3-8 610 413 38 35 
cell-1-3-9 651 413 38 35 
cell-1-3-10 692 413 38 35 
cell-1-3-11 733 413 38 35 
cell-1-3-12 774 413 38 35 
cell-1-3-13 815 413 38 35 
cell-1-3-14 856 413 38 35 
cell-1-3-15 897 413 38 35 
cell-1-3-16 938 413 38 35 
cell-1-3-17 979 413 38 35 
cell-1-4-0 282 461 38 35 
cell-1-4-1 323 461 38 35 
cell-1-4-2 364 461 38 35 
cell-1-4-3 405 461 38 35 
cell-1-4-4 446 461 38 35 
cell-1-4-5 487 461 38 35 
cell-1-4-6 528 461 38 35 
cell-1-4-7 569 461 38 35 
cell-1-4-8 610 461 38 35 
cell-1-4-9 651 461 38 35 
cell-1-4-10 692 461 38 35 
cell-1-4-11 733 461 38 35 
cell-1-4-12 774 461 38 35 
cell-1-4-13 815 461 38 35 
cell-1-4-14 856 461 38 35 
cell-1-4-15 897 461 38 35 
cell-1-4-16 938 461 38 35 
cell-1-4-17 979 461 38 35 
cell-1-5-0 282 509 38 35 
cell-1-5-1 323 509 38 35 
cell-1-5-2 364 509 38 35 
cell-1-5-3 405 509 38 35 
cell-1-5-4 446 509 38 35 
cell-1-5-5 487 509 38 35 
cell-1-5-6 528 509 38 35 
cell-1-5-7 569 509 38 35 
cell-1-5-8 610 509 38 35 
cell-1-5-9 651 509 38 35 
cell-1-5-10 692 509 38 35 
cell-1-5-11 733 509 38 35 
cell-1-5-12 774 509 38 35 
cell-1-5-13 815 509 38 35 
cell-1-5-14 856 509 38 35 
cell-1-5-15 897 509 38 35 
cell-1-5-16 938 509 38 35 
cell-1-5-17 979 509 38 35 
cell-1-6-0 282 557 38 35 
cell-1-6-1 323 557 38 35 
cell-1-6-2 364 557 38 35 
cell-1-6-3 405 557 38 35 
cell-1-6-4 446 557 38 35 
cell-1-6-5 487 557 38 35 
cell-1-6-6 528 557 38 35 
cell-1-6-7 569 557 38 35 
cell-1-6-8 610 557 38 35 
cell-1-6-9 651 557 38 35 
cell-1-6-10 692 557 38 35 
cell-1-6-11 733 557 38 35 
cell-1-6-12 774 557 38 35 
cell-1-6-13 815 557 38 35 
cell-1-6-14 856 557 38 35 
cell-1-6-15 897 557 38 35 
cell-1-6-16 938 557 38 35 
cell-1-6-17 979 557 38 35 
