header-0 74 1139 871 195 
row-1-1 74 1139 391 41 
row-1-2 485 1139 358 41 
row-2-1 74 1190 391 41 
row-2-2 485 1190 459 41 
row-3-1 74 1241 457 41 
row-4-1 74 1292 589 41 
table-2 110 168 636 800 
cell-2-0-0 110 168 43 42 
cell-2-0-1 153 168 43 42 
cell-2-0-2 196 168 43 42 
cell-2-0-3 239 168 43 42 
cell-2-0-4 282 168 43 42 
cell-2-0-5 325 168 43 42 
cell-2-0-6 368 168 374 42 
cell-2-1-0 110 222 43 42 
cell-2-1-1 153 222 43 42 
cell-2-1-2 196 222 43 42 
cell-2-1-3 239 222 43 42 
cell-2-1-4 282 222 43 42 
cell-2-1-5 325 222 43 42 
cell-2-1-6 368 222 374 42 
cell-2-2-0 110 276 43 42 
cell-2-2-1 153 276 43 42 
cell-2-2-2 196 276 43 42 
cell-2-2-3 239 276 43 42 
cell-2-2-4 282 276 43 42 
cell-2-2-5 325 276 43 42 
cell-2-2-6 368 276 374 42 
cell-2-3-0 110 330 43 42 
cell-2-3-1 153 330 43 42 
cell-2-3-2 196 330 43 42 
cell-2-3-3 239 330 43 42 
cell-2-3-4 282 330 43 42 
cell-2-3-5 325 330 43 42 
cell-2-3-6 368 330 374 42 
cell-2-4-0 110 384 43 42 
cell-2-4-1 153 384 43 42 
cell-2-4-2 196 384 43 42 
cell-2-4-3 239 384 43 42 
cell-2-4-4 282 384 43 42 
cell-2-4-5 325 384 43 42 
cell-2-4-6 368 384 374 42 
cell-2-5-0 110 438 43 42 
cell-2-5-1 153 438 43 42 
cell-2-5-2 196 438 43 42 
cell-2-5-3 239 438 43 42 
cell-2-5-4 282 438 43 42 
cell-2-5-5 325 438 43 42 
cell-2-5-6 368 438 374 42 
cell-2-6-0 110 492 43 42 
cell-2-6-1 153 492 43 42 
cell-2-6-2 196 492 43 42 
cell-2-6-3 239 492 43 42 
cell-2-6-4 282 492 43 42 
cell-2-6-5 325 492 43 42 
cell-2-6-6 368 492 374 42 
cell-2-7-0 110 546 43 42 
cell-2-7-1 153 546 43 42 
cell-2-7-2 196 546 43 42 
cell-2-7-3 239 546 43 42 
cell-2-7-4 282 546 43 42 
cell-2-7-5 325 546 43 42 
cell-2-7-6 368 546 374 42 
cell-2-8-0 110 600 43 42 
cell-2-8-1 153 600 43 42 
cell-2-8-2 196 600 43 42 
cell-2-8-3 239 600 43 42 
cell-2-8-4 282 600 43 42 
cell-2-8-5 325 600 43 42 
cell-2-8-6 368 600 374 42 
cell-2-9-0 110 654 43 42 
cell-2-9-1 153 654 43 42 
cell-2-9-2 196 654 43 42 
cell-2-9-3 239 654 43 42 
cell-2-9-4 282 654 43 42 
cell-2-9-5 325 654 43 42 
cell-2-9-6 368 654 374 42 
cell-2-10-0 110 708 43 42 
cell-2-10-1 153 708 43 42 
cell-2-10-2 196 708 43 42 
cell-2-10-3 239 708 43 42 
cell-2-10-4 282 708 43 42 
cell-2-10-5 325 708 43 42 
cell-2-10-6 368 708 374 42 
cell-2-11-0 110 762 43 42 
cell-2-11-1 153 762 43 42 
cell-2-11-2 196 762 43 42 
cell-2-11-3 239 762 43 42 
cell-2-11-4 282 762 43 42 
cell-2-11-5 325 762 43 42 
cell-2-11-6 368 762 374 42 
cell-2-12-0 110 816 43 42 
cell-2-12-1 153 816 43 42 
cell-2-12-2 196 816 43 42 
cell-2-12-3 239 816 43 42 
cell-2-12-4 282 816 43 42 
cell-2-12-5 325 816 43 42 
cell-2-12-6 368 816 374 42 
cell-2-13-0 110 870 43 42 
cell-2-13-1 153 870 43 42 
cell-2-13-2 196 870 43 42 
cell-2-13-3 239 870 43 42 
cell-2-13-4 282 870 43 42 
cell-2-13-5 325 870 43 42 
cell-2-13-6 368 870 374 42 
cell-2-14-0 110 924 43 42 
cell-2-14-1 153 924 43 42 
cell-2-14-2 196 924 43 42 
cell-2-14-3 239 924 43 42 
cell-2-14-4 282 924 43 42 
cell-2-14-5 325 924 43 42 
cell-2-14-6 368 924 374 42 
