table-0 116 411 735 578 
cell-0-1-0 116 411 38 35 
cell-0-1-1 157 411 38 35 
cell-0-1-2 198 411 38 35 
cell-0-1-3 239 411 38 35 
cell-0-1-4 280 411 38 35 
cell-0-1-5 321 411 38 35 
cell-0-1-6 362 411 38 35 
cell-0-1-7 403 411 38 35 
cell-0-1-8 444 411 38 35 
cell-0-1-9 485 411 38 35 
cell-0-1-10 526 411 38 35 
cell-0-1-11 567 411 38 35 
cell-0-1-12 608 411 38 35 
cell-0-1-13 649 411 38 35 
cell-0-1-14 690 411 38 35 
cell-0-1-15 731 411 38 35 
cell-0-1-16 772 411 38 35 
cell-0-1-17 813 411 38 35 
cell-0-2-0 116 471 38 35 
cell-0-2-1 157 471 38 35 
cell-0-2-2 198 471 38 35 
cell-0-2-3 239 471 38 35 
cell-0-2-4 280 471 38 35 
cell-0-2-5 321 471 38 35 
cell-0-2-6 362 471 38 35 
cell-0-2-7 403 471 38 35 
cell-0-2-8 444 471 38 35 
cell-0-2-9 485 471 38 35 
cell-0-2-10 526 471 38 35 
cell-0-2-11 567 471 38 35 
cell-0-2-12 608 471 38 35 
cell-0-2-13 649 471 38 35 
cell-0-2-14 690 471 38 35 
cell-0-2-15 731 471 38 35 
cell-0-2-16 772 471 38 35 
cell-0-2-17 813 471 38 35 
cell-0-3-0 116 531 38 35 
cell-0-3-1 157 531 38 35 
cell-0-3-2 198 531 38 35 
cell-0-3-3 239 531 38 35 
cell-0-3-4 280 531 38 35 
cell-0-3-5 321 531 38 35 
cell-0-3-6 362 531 38 35 
cell-0-3-7 403 531 38 35 
cell-0-3-8 444 531 38 35 
cell-0-3-9 485 531 38 35 
cell-0-3-10 526 531 38 35 
cell-0-3-11 567 531 38 35 
cell-0-3-12 608 531 38 35 
cell-0-3-13 649 531 38 35 
cell-0-3-14 690 531 38 35 
cell-0-3-15 731 531 38 35 
cell-0-3-16 772 531 38 35 
cell-0-3-17 813 531 38 35 
cell-0-4-0 116 591 38 35 
cell-0-4-1 157 591 38 35 
cell-0-4-2 198 591 38 35 
cell-0-4-3 239 591 38 35 
cell-0-4-4 280 591 38 35 
cell-0-4-5 321 591 38 35 
cell-0-4-6 362 591 38 35 
cell-0-4-7 403 591 38 35 
cell-0-4-8 444 591 38 35 
cell-0-4-9 485 591 38 35 
cell-0-4-10 526 591 38 35 
cell-0-4-11 567 591 38 35 
cell-0-4-12 608 591 38 35 
cell-0-4-13 649 591 38 35 
cell-0-4-14 690 591 38 35 
cell-0-4-15 731 591 38 35 
cell-0-4-16 772 591 38 35 
cell-0-4-17 813 591 38 35 
cell-0-5-0 116 651 38 35 
cell-0-5-1 157 651 38 35 
cell-0-5-2 198 651 38 35 
cell-0-5-3 239 651 38 35 
cell-0-5-4 280 651 38 35 
cell-0-5-5 321 651 38 35 
cell-0-5-6 362 651 38 35 
cell-0-5-7 403 651 38 35 
cell-0-5-8 444 651 38 35 
cell-0-5-9 485 651 38 35 
cell-0-5-10 526 651 38 35 
cell-0-5-11 567 651 38 35 
cell-0-5-12 608 651 38 35 
cell-0-5-13 649 651 38 35 
cell-0-5-14 690 651 38 35 
cell-0-5-15 731 651 38 35 
cell-0-5-16 772 651 38 35 
cell-0-5-17 813 651 38 35 
cell-0-6-0 116 711 38 35 
cell-0-6-1 157 711 38 35 
cell-0-6-2 198 711 38 35 
cell-0-6-3 239 711 38 35 
cell-0-6-4 280 711 38 35 
cell-0-6-5 321 711 38 35 
cell-0-6-6 362 711 38 35 
cell-0-6-7 403 711 38 35 
cell-0-6-8 444 711 38 35 
cell-0-6-9 485 711 38 35 
cell-0-6-10 526 711 38 35 
cell-0-6-11 567 711 38 35 
cell-0-6-12 608 711 38 35 
cell-0-6-13 649 711 38 35 
cell-0-6-14 690 711 38 35 
cell-0-6-15 731 711 38 35 
cell-0-6-16 772 711 38 35 
cell-0-6-17 813 711 38 35 
cell-0-7-0 116 771 38 35 
cell-0-7-1 157 771 38 35 
cell-0-7-2 198 771 38 35 
cell-0-7-3 239 771 38 35 
cell-0-7-4 280 771 38 35 
cell-0-7-5 321 771 38 35 
cell-0-7-6 362 771 38 35 
cell-0-7-7 403 771 38 35 
cell-0-7-8 444 771 38 35 
cell-0-7-9 485 771 38 35 
cell-0-7-10 526 771 38 35 
cell-0-7-11 567 771 38 35 
cell-0-7-12 608 771 38 35 
cell-0-7-13 649 771 38 35 
cell-0-7-14 690 771 38 35 
cell-0-7-15 731 771 38 35 
cell-0-7-16 772 771 38 35 
cell-0-7-17 813 771 38 35 
cell-0-8-0 116 831 38 35 
cell-0-8-1 157 831 38 35 
cell-0-8-2 198 831 38 35 
cell-0-8-3 239 831 38 35 
cell-0-8-4 280 831 38 35 
cell-0-8-5 321 831 38 35 
cell-0-8-6 362 831 38 35 
cell-0-8-7 403 831 38 35 
cell-0-8-8 444 831 38 35 
cell-0-8-9 485 831 38 35 
cell-0-8-10 526 831 38 35 
cell-0-8-11 567 831 38 35 
cell-0-8-12 608 831 38 35 
cell-0-8-13 649 831 38 35 
cell-0-8-14 690 831 38 35 
cell-0-8-15 731 831 38 35 
cell-0-8-16 772 831 38 35 
cell-0-8-17 813 831 38 35 
cell-0-9-0 116 891 38 35 
cell-0-9-1 157 891 38 35 
cell-0-9-2 198 891 38 35 
cell-0-9-3 239 891 38 35 
cell-0-9-4 280 891 38 35 
cell-0-9-5 321 891 38 35 
cell-0-9-6 362 891 38 35 
cell-0-9-7 403 891 38 35 
cell-0-9-8 444 891 38 35 
cell-0-9-9 485 891 38 35 
cell-0-9-10 526 891 38 35 
cell-0-9-11 567 891 38 35 
cell-0-9-12 608 891 38 35 
cell-0-9-13 649 891 38 35 
cell-0-9-14 690 891 38 35 
cell-0-9-15 731 891 38 35 
cell-0-9-16 772 891 38 35 
cell-0-9-17 813 891 38 35 
cell-0-10-0 116 951 38 35 
cell-0-10-1 157 951 38 35 
cell-0-10-2 198 951 38 35 
cell-0-10-3 239 951 38 35 
cell-0-10-4 280 951 38 35 
cell-0-10-5 321 951 38 35 
cell-0-10-6 362 951 38 35 
cell-0-10-7 403 951 38 35 
cell-0-10-8 444 951 38 35 
cell-0-10-9 485 951 38 35 
cell-0-10-10 526 951 38 35 
cell-0-10-11 567 951 38 35 
cell-0-10-12 608 951 38 35 
cell-0-10-13 649 951 38 35 
cell-0-10-14 690 951 38 35 
cell-0-10-15 731 951 38 35 
cell-0-10-16 772 951 38 35 
cell-0-10-17 813 951 38 35 
