table-0 60 161 1000 252 
cell-0-0-0 60 161 111 35 
cell-0-0-1 171 161 111 35 
cell-0-0-2 282 161 111 35 
cell-0-0-3 393 161 111 35 
cell-0-0-4 504 161 111 35 
cell-0-0-5 615 161 111 35 
cell-0-0-6 726 161 111 35 
cell-0-0-7 837 161 111 35 
cell-0-0-8 948 161 111 35 
cell-0-1-0 60 197 111 35 
cell-0-1-1 171 197 111 35 
cell-0-1-2 282 197 111 35 
cell-0-1-3 393 197 111 35 
cell-0-1-4 504 197 111 35 
cell-0-1-5 615 197 111 35 
cell-0-1-6 726 197 111 35 
cell-0-1-7 837 197 111 35 
cell-0-1-8 948 197 111 35 
cell-0-2-0 60 233 111 35 
cell-0-2-1 171 233 111 35 
cell-0-2-2 282 233 111 35 
cell-0-2-3 393 233 111 35 
cell-0-2-4 504 233 111 35 
cell-0-2-5 615 233 111 35 
cell-0-2-6 726 233 111 35 
cell-0-2-7 837 233 111 35 
cell-0-2-8 948 233 111 35 
cell-0-3-0 60 269 111 35 
cell-0-3-1 171 269 111 35 
cell-0-3-2 282 269 111 35 
cell-0-3-3 393 269 111 35 
cell-0-3-4 504 269 111 35 
cell-0-3-5 615 269 111 35 
cell-0-3-6 726 269 111 35 
cell-0-3-7 837 269 111 35 
cell-0-3-8 948 269 111 35 
cell-0-4-0 60 305 111 35 
cell-0-4-1 171 305 111 35 
cell-0-4-2 282 305 111 35 
cell-0-4-3 393 305 111 35 
cell-0-4-4 504 305 111 35 
cell-0-4-5 615 305 111 35 
cell-0-4-6 726 305 111 35 
cell-0-4-7 837 305 111 35 
cell-0-4-8 948 305 111 35 
cell-0-5-0 60 341 111 35 
cell-0-5-1 171 341 111 35 
cell-0-5-2 282 341 111 35 
cell-0-5-3 393 341 111 35 
cell-0-5-4 504 341 111 35 
cell-0-5-5 615 341 111 35 
cell-0-5-6 726 341 111 35 
cell-0-5-7 837 341 111 35 
cell-0-5-8 948 341 111 35 
cell-0-6-0 60 377 111 35 
cell-0-6-1 171 377 111 35 
cell-0-6-2 282 377 111 35 
cell-0-6-3 393 377 111 35 
cell-0-6-4 504 377 111 35 
cell-0-6-5 615 377 111 35 
cell-0-6-6 726 377 111 35 
cell-0-6-7 837 377 111 35 
cell-0-6-8 948 377 111 35 
