table-0 60 869 1000 230 
cell-0-0-0 60 869 250 30 
cell-0-0-1 310 869 250 30 
cell-0-0-2 560 869 250 30 
cell-0-0-3 810 869 250 30 
cell-0-1-0 60 902 250 30 
cell-0-1-1 310 902 250 30 
cell-0-1-2 560 902 250 30 
cell-0-1-3 810 902 250 30 
cell-0-2-0 60 935 250 30 
cell-0-2-1 310 935 250 30 
cell-0-2-2 560 935 250 30 
cell-0-2-3 810 935 250 30 
cell-0-3-0 60 968 250 30 
cell-0-3-1 310 968 250 30 
cell-0-3-2 560 968 250 30 
cell-0-3-3 810 968 250 30 
cell-0-4-0 60 1001 250 30 
cell-0-4-1 310 1001 250 30 
cell-0-4-2 560 1001 250 30 
cell-0-4-3 810 1001 250 30 
cell-0-5-0 60 1034 250 30 
cell-0-5-1 310 1034 250 30 
cell-0-5-2 560 1034 250 30 
cell-0-5-3 810 1034 250 30 
cell-0-6-0 60 1067 250 30 
cell-0-6-1 310 1067 250 30 
cell-0-6-2 560 1067 250 30 
cell-0-6-3 810 1067 250 30 
table-1 133 222 800 464 
cell-1-0-0 133 222 100 38 
cell-1-0-1 233 222 100 38 
cell-1-0-2 333 222 100 38 
cell-1-0-3 433 222 100 38 
cell-1-0-4 533 222 100 38 
cell-1-0-5 633 222 100 38 
cell-1-0-6 733 222 100 38 
cell-1-0-7 833 222 100 38 
cell-1-1-0 133 275 100 38 
cell-1-1-1 233 275 100 38 
cell-1-1-2 333 275 100 38 
cell-1-1-3 433 275 100 38 
cell-1-1-4 533 275 100 38 
cell-1-1-5 633 275 100 38 
cell-1-1-6 733 275 100 38 
cell-1-1-7 833 275 100 38 
cell-1-2-0 133 328 100 38 
cell-1-2-1 233 328 100 38 
cell-1-2-2 333 328 100 38 
cell-1-2-3 433 328 100 38 
cell-1-2-4 533 328 100 38 
cell-1-2-5 633 328 100 38 
cell-1-2-6 733 328 100 38 
cell-1-2-7 833 328 100 38 
cell-1-3-0 133 381 100 38 
cell-1-3-1 233 381 100 38 
cell-1-3-2 333 381 100 38 
cell-1-3-3 433 381 100 38 
cell-1-3-4 533 381 100 38 
cell-1-3-5 633 381 100 38 
cell-1-3-6 733 381 100 38 
cell-1-3-7 833 381 100 38 
cell-1-4-0 133 434 100 38 
cell-1-4-1 233 434 100 38 
cell-1-4-2 333 434 100 38 
cell-1-4-3 433 434 100 38 
cell-1-4-4 533 434 100 38 
cell-1-4-5 633 434 100 38 
cell-1-4-6 733 434 100 38 
cell-1-4-7 833 434 100 38 
cell-1-5-0 133 487 100 38 
cell-1-5-1 233 487 100 38 
cell-1-5-2 333 487 100 38 
cell-1-5-3 433 487 100 38 
cell-1-5-4 533 487 100 38 
cell-1-5-5 633 487 100 38 
cell-1-5-6 733 487 100 38 
cell-1-5-7 833 487 100 38 
cell-1-6-0 133 540 100 38 
cell-1-6-1 233 540 100 38 
cell-1-6-2 333 540 100 38 
cell-1-6-3 433 540 100 38 
cell-1-6-4 533 540 100 38 
cell-1-6-5 633 540 100 38 
cell-1-6-6 733 540 100 38 
cell-1-6-7 833 540 100 38 
cell-1-7-0 133 593 100 38 
cell-1-7-1 233 593 100 38 
cell-1-7-2 333 593 100 38 
cell-1-7-3 433 593 100 38 
cell-1-7-4 533 593 100 38 
cell-1-7-5 633 593 100 38 
cell-1-7-6 733 593 100 38 
cell-1-7-7 833 593 100 38 
cell-1-8-0 133 646 100 38 
cell-1-8-1 233 646 100 38 
cell-1-8-2 333 646 100 38 
cell-1-8-3 433 646 100 38 
cell-1-8-4 533 646 100 38 
cell-1-8-5 633 646 100 38 
cell-1-8-6 733 646 100 38 
cell-1-8-7 833 646 100 38 
