table-0 338 200 700 325 
cell-0-0-0 338 200 77 60 
cell-0-0-1 415 200 77 60 
cell-0-0-2 492 200 77 60 
cell-0-0-3 569 200 77 60 
cell-0-0-4 646 200 77 60 
cell-0-0-5 723 200 77 60 
cell-0-0-6 800 200 77 60 
cell-0-0-7 877 200 77 60 
cell-0-0-8 954 200 77 60 
cell-0-1-0 338 266 77 60 
cell-0-1-1 415 266 77 60 
cell-0-1-2 492 266 77 60 
cell-0-1-3 569 266 77 60 
cell-0-1-4 646 266 77 60 
cell-0-1-5 723 266 77 60 
cell-0-1-6 800 266 77 60 
cell-0-1-7 877 266 77 60 
cell-0-1-8 954 266 77 60 
cell-0-2-0 338 332 77 60 
cell-0-2-1 415 332 77 60 
cell-0-2-2 492 332 77 60 
cell-0-2-3 569 332 77 60 
cell-0-2-4 646 332 77 60 
cell-0-2-5 723 332 77 60 
cell-0-2-6 800 332 77 60 
cell-0-2-7 877 332 77 60 
cell-0-2-8 954 332 77 60 
cell-0-3-0 338 398 77 60 
cell-0-3-1 415 398 77 60 
cell-0-3-2 492 398 77 60 
cell-0-3-3 569 398 77 60 
cell-0-3-4 646 398 77 60 
cell-0-3-5 723 398 77 60 
cell-0-3-6 800 398 77 60 
cell-0-3-7 877 398 77 60 
cell-0-3-8 954 398 77 60 
cell-0-4-0 338 464 77 60 
cell-0-4-1 415 464 77 60 
cell-0-4-2 492 464 77 60 
cell-0-4-3 569 464 77 60 
cell-0-4-4 646 464 77 60 
cell-0-4-5 723 464 77 60 
cell-0-4-6 800 464 77 60 
cell-0-4-7 877 464 77 60 
cell-0-4-8 954 464 77 60 
table-2 97 725 800 668 
cell-2-0-0 97 725 88 54 
cell-2-0-1 185 725 88 54 
cell-2-0-2 273 725 88 54 
cell-2-0-3 361 725 88 54 
cell-2-0-4 449 725 88 54 
cell-2-0-5 537 725 88 54 
cell-2-0-6 625 725 88 54 
cell-2-0-7 713 725 88 54 
cell-2-0-8 801 725 88 54 
cell-2-1-0 97 793 88 54 
cell-2-1-1 185 793 88 54 
cell-2-1-2 273 793 88 54 
cell-2-1-3 361 793 88 54 
cell-2-1-4 449 793 88 54 
cell-2-1-5 537 793 88 54 
cell-2-1-6 625 793 88 54 
cell-2-1-7 713 793 88 54 
cell-2-1-8 801 793 88 54 
cell-2-2-0 97 861 88 54 
cell-2-2-1 185 861 88 54 
cell-2-2-2 273 861 88 54 
cell-2-2-3 361 861 88 54 
cell-2-2-4 449 861 88 54 
cell-2-2-5 537 861 88 54 
cell-2-2-6 625 861 88 54 
cell-2-2-7 713 861 88 54 
cell-2-2-8 801 861 88 54 
cell-2-3-0 97 929 88 54 
cell-2-3-1 185 929 88 54 
cell-2-3-2 273 929 88 54 
cell-2-3-3 361 929 88 54 
cell-2-3-4 449 929 88 54 
cell-2-3-5 537 929 88 54 
cell-2-3-6 625 929 88 54 
cell-2-3-7 713 929 88 54 
cell-2-3-8 801 929 88 54 
cell-2-4-0 97 997 88 54 
cell-2-4-1 185 997 88 54 
cell-2-4-2 273 997 88 54 
cell-2-4-3 361 997 88 54 
cell-2-4-4 449 997 88 54 
cell-2-4-5 537 997 88 54 
cell-2-4-6 625 997 88 54 
cell-2-4-7 713 997 88 54 
cell-2-4-8 801 997 88 54 
cell-2-5-0 97 1065 88 54 
cell-2-5-1 185 1065 88 54 
cell-2-5-2 273 1065 88 54 
cell-2-5-3 361 1065 88 54 
cell-2-5-4 449 1065 88 54 
cell-2-5-5 537 1065 88 54 
cell-2-5-6 625 1065 88 54 
cell-2-5-7 713 1065 88 54 
cell-2-5-8 801 1065 88 54 
cell-2-6-0 97 1133 88 54 
cell-2-6-1 185 1133 88 54 
cell-2-6-2 273 1133 88 54 
cell-2-6-3 361 1133 88 54 
cell-2-6-4 449 1133 88 54 
cell-2-6-5 537 1133 88 54 
cell-2-6-6 625 1133 88 54 
cell-2-6-7 713 1133 88 54 
cell-2-6-8 801 1133 88 54 
cell-2-7-0 97 1201 88 54 
cell-2-7-1 185 1201 88 54 
cell-2-7-2 273 1201 88 54 
cell-2-7-3 361 1201 88 54 
cell-2-7-4 449 1201 88 54 
cell-2-7-5 537 1201 88 54 
cell-2-7-6 625 1201 88 54 
cell-2-7-7 713 1201 88 54 
cell-2-7-8 801 1201 88 54 
cell-2-8-0 97 1269 88 54 
cell-2-8-1 185 1269 88 54 
cell-2-8-2 273 1269 88 54 
cell-2-8-3 361 1269 88 54 
cell-2-8-4 449 1269 88 54 
cell-2-8-5 537 1269 88 54 
cell-2-8-6 625 1269 88 54 
cell-2-8-7 713 1269 88 54 
cell-2-8-8 801 1269 88 54 
cell-2-9-0 97 1337 88 54 
cell-2-9-1 185 1337 88 54 
cell-2-9-2 273 1337 88 54 
cell-2-9-3 361 1337 88 54 
cell-2-9-4 449 1337 88 54 
cell-2-9-5 537 1337 88 54 
cell-2-9-6 625 1337 88 54 
cell-2-9-7 713 1337 88 54 
cell-2-9-8 801 1337 88 54 
