table-0 385 61 266 587 
cell-0-0-0 385 61 44 35 
cell-0-0-1 429 61 44 35 
cell-0-0-2 473 61 44 35 
cell-0-0-3 517 61 44 35 
cell-0-0-4 561 61 44 35 
cell-0-0-5 605 61 44 35 
cell-0-1-0 385 111 44 35 
cell-0-1-1 429 111 44 35 
cell-0-1-2 473 111 44 35 
cell-0-1-3 517 111 44 35 
cell-0-1-4 561 111 44 35 
cell-0-1-5 605 111 44 35 
cell-0-2-0 385 161 44 35 
cell-0-2-1 429 161 44 35 
cell-0-2-2 473 161 44 35 
cell-0-2-3 517 161 44 35 
cell-0-2-4 561 161 44 35 
cell-0-2-5 605 161 44 35 
cell-0-3-0 385 211 44 35 
cell-0-3-1 429 211 44 35 
cell-0-3-2 473 211 44 35 
cell-0-3-3 517 211 44 35 
cell-0-3-4 561 211 44 35 
cell-0-3-5 605 211 44 35 
cell-0-4-0 385 261 44 35 
cell-0-4-1 429 261 44 35 
cell-0-4-2 473 261 44 35 
cell-0-4-3 517 261 44 35 
cell-0-4-4 561 261 44 35 
cell-0-4-5 605 261 44 35 
cell-0-5-0 385 311 44 35 
cell-0-5-1 429 311 44 35 
cell-0-5-2 473 311 44 35 
cell-0-5-3 517 311 44 35 
cell-0-5-4 561 311 44 35 
cell-0-5-5 605 311 44 35 
cell-0-6-0 385 361 44 35 
cell-0-6-1 429 361 44 35 
cell-0-6-2 473 361 44 35 
cell-0-6-3 517 361 44 35 
cell-0-6-4 561 361 44 35 
cell-0-6-5 605 361 44 35 
cell-0-7-0 385 411 44 35 
cell-0-7-1 429 411 44 35 
cell-0-7-2 473 411 44 35 
cell-0-7-3 517 411 44 35 
cell-0-7-4 561 411 44 35 
cell-0-7-5 605 411 44 35 
cell-0-8-0 385 461 44 35 
cell-0-8-1 429 461 44 35 
cell-0-8-2 473 461 44 35 
cell-0-8-3 517 461 44 35 
cell-0-8-4 561 461 44 35 
cell-0-8-5 605 461 44 35 
cell-0-9-0 385 511 44 35 
cell-0-9-1 429 511 44 35 
cell-0-9-2 473 511 44 35 
cell-0-9-3 517 511 44 35 
cell-0-9-4 561 511 44 35 
cell-0-9-5 605 511 44 35 
cell-0-10-0 385 561 44 35 
cell-0-10-1 429 561 44 35 
cell-0-10-2 473 561 44 35 
cell-0-10-3 517 561 44 35 
cell-0-10-4 561 561 44 35 
cell-0-10-5 605 561 44 35 
cell-0-11-0 385 611 44 35 
cell-0-11-1 429 611 44 35 
cell-0-11-2 473 611 44 35 
cell-0-11-3 517 611 44 35 
cell-0-11-4 561 611 44 35 
cell-0-11-5 605 611 44 35 
table-4 124 1031 776 407 
cell-4-1-0 124 1031 38 35 
cell-4-1-1 165 1031 38 35 
cell-4-1-2 206 1031 38 35 
cell-4-1-3 247 1031 38 35 
cell-4-1-4 288 1031 38 35 
cell-4-1-5 329 1031 38 35 
cell-4-1-6 370 1031 38 35 
cell-4-1-7 411 1031 38 35 
cell-4-1-8 452 1031 38 35 
cell-4-1-9 493 1031 38 35 
cell-4-1-10 534 1031 38 35 
cell-4-1-11 575 1031 38 35 
cell-4-1-12 616 1031 38 35 
cell-4-1-13 657 1031 38 35 
cell-4-1-14 698 1031 38 35 
cell-4-1-15 739 1031 38 35 
cell-4-1-16 780 1031 38 35 
cell-4-1-17 821 1031 38 35 
cell-4-1-18 862 1031 38 35 
cell-4-2-0 124 1072 38 35 
cell-4-2-1 165 1072 38 35 
cell-4-2-2 206 1072 38 35 
cell-4-2-3 247 1072 38 35 
cell-4-2-4 288 1072 38 35 
cell-4-2-5 329 1072 38 35 
cell-4-2-6 370 1072 38 35 
cell-4-2-7 411 1072 38 35 
cell-4-2-8 452 1072 38 35 
cell-4-2-9 493 1072 38 35 
cell-4-2-10 534 1072 38 35 
cell-4-2-11 575 1072 38 35 
cell-4-2-12 616 1072 38 35 
cell-4-2-13 657 1072 38 35 
cell-4-2-14 698 1072 38 35 
cell-4-2-15 739 1072 38 35 
cell-4-2-16 780 1072 38 35 
cell-4-2-17 821 1072 38 35 
cell-4-2-18 862 1072 38 35 
cell-4-3-0 124 1113 38 35 
cell-4-3-1 165 1113 38 35 
cell-4-3-2 206 1113 38 35 
cell-4-3-3 247 1113 38 35 
cell-4-3-4 288 1113 38 35 
cell-4-3-5 329 1113 38 35 
cell-4-3-6 370 1113 38 35 
cell-4-3-7 411 1113 38 35 
cell-4-3-8 452 1113 38 35 
cell-4-3-9 493 1113 38 35 
cell-4-3-10 534 1113 38 35 
cell-4-3-11 575 1113 38 35 
cell-4-3-12 616 1113 38 35 
cell-4-3-13 657 1113 38 35 
cell-4-3-14 698 1113 38 35 
cell-4-3-15 739 1113 38 35 
cell-4-3-16 780 1113 38 35 
cell-4-3-17 821 1113 38 35 
cell-4-3-18 862 1113 38 35 
cell-4-4-0 124 1154 38 35 
cell-4-4-1 165 1154 38 35 
cell-4-4-2 206 1154 38 35 
cell-4-4-3 247 1154 38 35 
cell-4-4-4 288 1154 38 35 
cell-4-4-5 329 1154 38 35 
cell-4-4-6 370 1154 38 35 
cell-4-4-7 411 1154 38 35 
cell-4-4-8 452 1154 38 35 
cell-4-4-9 493 1154 38 35 
cell-4-4-10 534 1154 38 35 
cell-4-4-11 575 1154 38 35 
cell-4-4-12 616 1154 38 35 
cell-4-4-13 657 1154 38 35 
cell-4-4-14 698 1154 38 35 
cell-4-4-15 739 1154 38 35 
cell-4-4-16 780 1154 38 35 
cell-4-4-17 821 1154 38 35 
cell-4-4-18 862 1154 38 35 
cell-4-5-0 124 1195 38 35 
cell-4-5-1 165 1195 38 35 
cell-4-5-2 206 1195 38 35 
cell-4-5-3 247 1195 38 35 
cell-4-5-4 288 1195 38 35 
cell-4-5-5 329 1195 38 35 
cell-4-5-6 370 1195 38 35 
cell-4-5-7 411 1195 38 35 
cell-4-5-8 452 1195 38 35 
cell-4-5-9 493 1195 38 35 
cell-4-5-10 534 1195 38 35 
cell-4-5-11 575 1195 38 35 
cell-4-5-12 616 1195 38 35 
cell-4-5-13 657 1195 38 35 
cell-4-5-14 698 1195 38 35 
cell-4-5-15 739 1195 38 35 
cell-4-5-16 780 1195 38 35 
cell-4-5-17 821 1195 38 35 
cell-4-5-18 862 1195 38 35 
cell-4-6-0 124 1236 38 35 
cell-4-6-1 165 1236 38 35 
cell-4-6-2 206 1236 38 35 
cell-4-6-3 247 1236 38 35 
cell-4-6-4 288 1236 38 35 
cell-4-6-5 329 1236 38 35 
cell-4-6-6 370 1236 38 35 
cell-4-6-7 411 1236 38 35 
cell-4-6-8 452 1236 38 35 
cell-4-6-9 493 1236 38 35 
cell-4-6-10 534 1236 38 35 
cell-4-6-11 575 1236 38 35 
cell-4-6-12 616 1236 38 35 
cell-4-6-13 657 1236 38 35 
cell-4-6-14 698 1236 38 35 
cell-4-6-15 739 1236 38 35 
cell-4-6-16 780 1236 38 35 
cell-4-6-17 821 1236 38 35 
cell-4-6-18 862 1236 38 35 
cell-4-7-0 124 1277 38 35 
cell-4-7-1 165 1277 38 35 
cell-4-7-2 206 1277 38 35 
cell-4-7-3 247 1277 38 35 
cell-4-7-4 288 1277 38 35 
cell-4-7-5 329 1277 38 35 
cell-4-7-6 370 1277 38 35 
cell-4-7-7 411 1277 38 35 
cell-4-7-8 452 1277 38 35 
cell-4-7-9 493 1277 38 35 
cell-4-7-10 534 1277 38 35 
cell-4-7-11 575 1277 38 35 
cell-4-7-12 616 1277 38 35 
cell-4-7-13 657 1277 38 35 
cell-4-7-14 698 1277 38 35 
cell-4-7-15 739 1277 38 35 
cell-4-7-16 780 1277 38 35 
cell-4-7-17 821 1277 38 35 
cell-4-7-18 862 1277 38 35 
cell-4-8-0 124 1318 38 35 
cell-4-8-1 165 1318 38 35 
cell-4-8-2 206 1318 38 35 
cell-4-8-3 247 1318 38 35 
cell-4-8-4 288 1318 38 35 
cell-4-8-5 329 1318 38 35 
cell-4-8-6 370 1318 38 35 
cell-4-8-7 411 1318 38 35 
cell-4-8-8 452 1318 38 35 
cell-4-8-9 493 1318 38 35 
cell-4-8-10 534 1318 38 35 
cell-4-8-11 575 1318 38 35 
cell-4-8-12 616 1318 38 35 
cell-4-8-13 657 1318 38 35 
cell-4-8-14 698 1318 38 35 
cell-4-8-15 739 1318 38 35 
cell-4-8-16 780 1318 38 35 
cell-4-8-17 821 1318 38 35 
cell-4-8-18 862 1318 38 35 
cell-4-9-0 124 1359 38 35 
cell-4-9-1 165 1359 38 35 
cell-4-9-2 206 1359 38 35 
cell-4-9-3 247 1359 38 35 
cell-4-9-4 288 1359 38 35 
cell-4-9-5 329 1359 38 35 
cell-4-9-6 370 1359 38 35 
cell-4-9-7 411 1359 38 35 
cell-4-9-8 452 1359 38 35 
cell-4-9-9 493 1359 38 35 
cell-4-9-10 534 1359 38 35 
cell-4-9-11 575 1359 38 35 
cell-4-9-12 616 1359 38 35 
cell-4-9-13 657 1359 38 35 
cell-4-9-14 698 1359 38 35 
cell-4-9-15 739 1359 38 35 
cell-4-9-16 780 1359 38 35 
cell-4-9-17 821 1359 38 35 
cell-4-9-18 862 1359 38 35 
cell-4-10-0 124 1400 38 35 
cell-4-10-1 165 1400 38 35 
cell-4-10-2 206 1400 38 35 
cell-4-10-3 247 1400 38 35 
cell-4-10-4 288 1400 38 35 
cell-4-10-5 329 1400 38 35 
cell-4-10-6 370 1400 38 35 
cell-4-10-7 411 1400 38 35 
cell-4-10-8 452 1400 38 35 
cell-4-10-9 493 1400 38 35 
cell-4-10-10 534 1400 38 35 
cell-4-10-11 575 1400 38 35 
cell-4-10-12 616 1400 38 35 
cell-4-10-13 657 1400 38 35 
cell-4-10-14 698 1400 38 35 
cell-4-10-15 739 1400 38 35 
cell-4-10-16 780 1400 38 35 
cell-4-10-17 821 1400 38 35 
cell-4-10-18 862 1400 38 35 
