table-0 165 560 500 260 
cell-0-0-0 165 560 125 43 
cell-0-0-1 290 560 125 43 
cell-0-0-2 415 560 125 43 
cell-0-0-3 540 560 125 43 
cell-0-1-0 165 614 125 43 
cell-0-1-1 290 614 125 43 
cell-0-1-2 415 614 125 43 
cell-0-1-3 540 614 125 43 
cell-0-2-0 165 668 125 43 
cell-0-2-1 290 668 125 43 
cell-0-2-2 415 668 125 43 
cell-0-2-3 540 668 125 43 
cell-0-3-0 165 722 125 43 
cell-0-3-1 290 722 125 43 
cell-0-3-2 415 722 125 43 
cell-0-3-3 540 722 125 43 
cell-0-4-0 165 776 125 43 
cell-0-4-1 290 776 125 43 
cell-0-4-2 415 776 125 43 
cell-0-4-3 540 776 125 43 
table-1 60 80 1000 170 
cell-1-0-0 60 80 111 33 
cell-1-0-1 171 80 111 33 
cell-1-0-2 282 80 111 33 
cell-1-0-3 393 80 111 33 
cell-1-0-4 504 80 111 33 
cell-1-0-5 615 80 111 33 
cell-1-0-6 726 80 111 33 
cell-1-0-7 837 80 111 33 
cell-1-0-8 948 80 111 33 
cell-1-1-0 60 114 111 33 
cell-1-1-1 171 114 111 33 
cell-1-1-2 282 114 111 33 
cell-1-1-3 393 114 111 33 
cell-1-1-4 504 114 111 33 
cell-1-1-5 615 114 111 33 
cell-1-1-6 726 114 111 33 
cell-1-1-7 837 114 111 33 
cell-1-1-8 948 114 111 33 
cell-1-2-0 60 148 111 33 
cell-1-2-1 171 148 111 33 
cell-1-2-2 282 148 111 33 
cell-1-2-3 393 148 111 33 
cell-1-2-4 504 148 111 33 
cell-1-2-5 615 148 111 33 
cell-1-2-6 726 148 111 33 
cell-1-2-7 837 148 111 33 
cell-1-2-8 948 148 111 33 
cell-1-3-0 60 182 111 33 
cell-1-3-1 171 182 111 33 
cell-1-3-2 282 182 111 33 
cell-1-3-3 393 182 111 33 
cell-1-3-4 504 182 111 33 
cell-1-3-5 615 182 111 33 
cell-1-3-6 726 182 111 33 
cell-1-3-7 837 182 111 33 
cell-1-3-8 948 182 111 33 
cell-1-4-0 60 216 111 33 
cell-1-4-1 171 216 111 33 
cell-1-4-2 282 216 111 33 
cell-1-4-3 393 216 111 33 
cell-1-4-4 504 216 111 33 
cell-1-4-5 615 216 111 33 
cell-1-4-6 726 216 111 33 
cell-1-4-7 837 216 111 33 
cell-1-4-8 948 216 111 33 
