table-0 231 896 600 383 
cell-0-0-0 231 896 150 37 
cell-0-0-1 381 896 150 37 
cell-0-0-2 531 896 150 37 
cell-0-0-3 681 896 150 37 
cell-0-1-0 231 939 150 37 
cell-0-1-1 381 939 150 37 
cell-0-1-2 531 939 150 37 
cell-0-1-3 681 939 150 37 
cell-0-2-0 231 982 150 37 
cell-0-2-1 381 982 150 37 
cell-0-2-2 531 982 150 37 
cell-0-2-3 681 982 150 37 
cell-0-3-0 231 1025 150 37 
cell-0-3-1 381 1025 150 37 
cell-0-3-2 531 1025 150 37 
cell-0-3-3 681 1025 150 37 
cell-0-4-0 231 1068 150 37 
cell-0-4-1 381 1068 150 37 
cell-0-4-2 531 1068 150 37 
cell-0-4-3 681 1068 150 37 
cell-0-5-0 231 1111 150 37 
cell-0-5-1 381 1111 150 37 
cell-0-5-2 531 1111 150 37 
cell-0-5-3 681 1111 150 37 
cell-0-6-0 231 1154 150 37 
cell-0-6-1 381 1154 150 37 
cell-0-6-2 531 1154 150 37 
cell-0-6-3 681 1154 150 37 
cell-0-7-0 231 1197 150 37 
cell-0-7-1 381 1197 150 37 
cell-0-7-2 531 1197 150 37 
cell-0-7-3 681 1197 150 37 
cell-0-8-0 231 1240 150 37 
cell-0-8-1 381 1240 150 37 
cell-0-8-2 531 1240 150 37 
cell-0-8-3 681 1240 150 37 
