table-0 60 448 1000 343 
cell-0-0-0 60 448 111 36 
cell-0-0-1 171 448 111 36 
cell-0-0-2 282 448 111 36 
cell-0-0-3 393 448 111 36 
cell-0-0-4 504 448 111 36 
cell-0-0-5 615 448 111 36 
cell-0-0-6 726 448 111 36 
cell-0-0-7 837 448 111 36 
cell-0-0-8 948 448 111 36 
cell-0-1-0 60 499 111 36 
cell-0-1-1 171 499 111 36 
cell-0-1-2 282 499 111 36 
cell-0-1-3 393 499 111 36 
cell-0-1-4 504 499 111 36 
cell-0-1-5 615 499 111 36 
cell-0-1-6 726 499 111 36 
cell-0-1-7 837 499 111 36 
cell-0-1-8 948 499 111 36 
cell-0-2-0 60 550 111 36 
cell-0-2-1 171 550 111 36 
cell-0-2-2 282 550 111 36 
cell-0-2-3 393 550 111 36 
cell-0-2-4 504 550 111 36 
cell-0-2-5 615 550 111 36 
cell-0-2-6 726 550 111 36 
cell-0-2-7 837 550 111 36 
cell-0-2-8 948 550 111 36 
cell-0-3-0 60 601 111 36 
cell-0-3-1 171 601 111 36 
cell-0-3-2 282 601 111 36 
cell-0-3-3 393 601 111 36 
cell-0-3-4 504 601 111 36 
cell-0-3-5 615 601 111 36 
cell-0-3-6 726 601 111 36 
cell-0-3-7 837 601 111 36 
cell-0-3-8 948 601 111 36 
cell-0-4-0 60 652 111 36 
cell-0-4-1 171 652 111 36 
cell-0-4-2 282 652 111 36 
cell-0-4-3 393 652 111 36 
cell-0-4-4 504 652 111 36 
cell-0-4-5 615 652 111 36 
cell-0-4-6 726 652 111 36 
cell-0-4-7 837 652 111 36 
cell-0-4-8 948 652 111 36 
cell-0-5-0 60 703 111 36 
cell-0-5-1 171 703 111 36 
cell-0-5-2 282 703 111 36 
cell-0-5-3 393 703 111 36 
cell-0-5-4 504 703 111 36 
cell-0-5-5 615 703 111 36 
cell-0-5-6 726 703 111 36 
cell-0-5-7 837 703 111 36 
cell-0-5-8 948 703 111 36 
cell-0-6-0 60 754 111 36 
cell-0-6-1 171 754 111 36 
cell-0-6-2 282 754 111 36 
cell-0-6-3 393 754 111 36 
cell-0-6-4 504 754 111 36 
cell-0-6-5 615 754 111 36 
cell-0-6-6 726 754 111 36 
cell-0-6-7 837 754 111 36 
cell-0-6-8 948 754 111 36 
header-4 75 1002 919 193 
row-1-1 75 1002 284 40 
row-1-2 379 1002 284 40 
row-2-1 75 1052 416 40 
row-2-2 511 1052 478 40 
row-3-1 75 1102 713 40 
row-4-1 75 1152 515 40 
