table-0 560 500 448 298 
cell-0-1-0 560 500 38 35 
cell-0-1-1 601 500 38 35 
cell-0-1-2 642 500 38 35 
cell-0-1-3 683 500 38 35 
cell-0-1-4 724 500 38 35 
cell-0-1-5 765 500 38 35 
cell-0-1-6 806 500 38 35 
cell-0-1-7 847 500 38 35 
cell-0-1-8 888 500 38 35 
cell-0-1-9 929 500 38 35 
cell-0-1-10 970 500 38 35 
cell-0-2-0 560 552 38 35 
cell-0-2-1 601 552 38 35 
cell-0-2-2 642 552 38 35 
cell-0-2-3 683 552 38 35 
cell-0-2-4 724 552 38 35 
cell-0-2-5 765 552 38 35 
cell-0-2-6 806 552 38 35 
cell-0-2-7 847 552 38 35 
cell-0-2-8 888 552 38 35 
cell-0-2-9 929 552 38 35 
cell-0-2-10 970 552 38 35 
cell-0-3-0 560 604 38 35 
cell-0-3-1 601 604 38 35 
cell-0-3-2 642 604 38 35 
cell-0-3-3 683 604 38 35 
cell-0-3-4 724 604 38 35 
cell-0-3-5 765 604 38 35 
cell-0-3-6 806 604 38 35 
cell-0-3-7 847 604 38 35 
cell-0-3-8 888 604 38 35 
cell-0-3-9 929 604 38 35 
cell-0-3-10 970 604 38 35 
cell-0-4-0 560 656 38 35 
cell-0-4-1 601 656 38 35 
cell-0-4-2 642 656 38 35 
cell-0-4-3 683 656 38 35 
cell-0-4-4 724 656 38 35 
cell-0-4-5 765 656 38 35 
cell-0-4-6 806 656 38 35 
cell-0-4-7 847 656 38 35 
cell-0-4-8 888 656 38 35 
cell-0-4-9 929 656 38 35 
cell-0-4-10 970 656 38 35 
cell-0-5-0 560 708 38 35 
cell-0-5-1 601 708 38 35 
cell-0-5-2 642 708 38 35 
cell-0-5-3 683 708 38 35 
cell-0-5-4 724 708 38 35 
cell-0-5-5 765 708 38 35 
cell-0-5-6 806 708 38 35 
cell-0-5-7 847 708 38 35 
cell-0-5-8 888 708 38 35 
cell-0-5-9 929 708 38 35 
cell-0-5-10 970 708 38 35 
cell-0-6-0 560 760 38 35 
cell-0-6-1 601 760 38 35 
cell-0-6-2 642 760 38 35 
cell-0-6-3 683 760 38 35 
cell-0-6-4 724 760 38 35 
cell-0-6-5 765 760 38 35 
cell-0-6-6 806 760 38 35 
cell-0-6-7 847 760 38 35 
cell-0-6-8 888 760 38 35 
cell-0-6-9 929 760 38 35 
cell-0-6-10 970 760 38 35 
table-5 164 880 500 284 
cell-5-0-0 164 880 62 36 
cell-5-0-1 226 880 62 36 
cell-5-0-2 288 880 62 36 
cell-5-0-3 350 880 62 36 
cell-5-0-4 412 880 62 36 
cell-5-0-5 474 880 62 36 
cell-5-0-6 536 880 62 36 
cell-5-0-7 598 880 62 36 
cell-5-1-0 164 929 62 36 
cell-5-1-1 226 929 62 36 
cell-5-1-2 288 929 62 36 
cell-5-1-3 350 929 62 36 
cell-5-1-4 412 929 62 36 
cell-5-1-5 474 929 62 36 
cell-5-1-6 536 929 62 36 
cell-5-1-7 598 929 62 36 
cell-5-2-0 164 978 62 36 
cell-5-2-1 226 978 62 36 
cell-5-2-2 288 978 62 36 
cell-5-2-3 350 978 62 36 
cell-5-2-4 412 978 62 36 
cell-5-2-5 474 978 62 36 
cell-5-2-6 536 978 62 36 
cell-5-2-7 598 978 62 36 
cell-5-3-0 164 1027 62 36 
cell-5-3-1 226 1027 62 36 
cell-5-3-2 288 1027 62 36 
cell-5-3-3 350 1027 62 36 
cell-5-3-4 412 1027 62 36 
cell-5-3-5 474 1027 62 36 
cell-5-3-6 536 1027 62 36 
cell-5-3-7 598 1027 62 36 
cell-5-4-0 164 1076 62 36 
cell-5-4-1 226 1076 62 36 
cell-5-4-2 288 1076 62 36 
cell-5-4-3 350 1076 62 36 
cell-5-4-4 412 1076 62 36 
cell-5-4-5 474 1076 62 36 
cell-5-4-6 536 1076 62 36 
cell-5-4-7 598 1076 62 36 
cell-5-5-0 164 1125 62 36 
cell-5-5-1 226 1125 62 36 
cell-5-5-2 288 1125 62 36 
cell-5-5-3 350 1125 62 36 
cell-5-5-4 412 1125 62 36 
cell-5-5-5 474 1125 62 36 
cell-5-5-6 536 1125 62 36 
cell-5-5-7 598 1125 62 36 
