table-0 770 246 183 626 
cell-0-0-0 770 246 45 35 
cell-0-0-1 815 246 45 35 
cell-0-0-2 860 246 45 35 
cell-0-0-3 905 246 45 35 
cell-0-1-0 770 295 45 35 
cell-0-1-1 815 295 45 35 
cell-0-1-2 860 295 45 35 
cell-0-1-3 905 295 45 35 
cell-0-2-0 770 344 45 35 
cell-0-2-1 815 344 45 35 
cell-0-2-2 860 344 45 35 
cell-0-2-3 905 344 45 35 
cell-0-3-0 770 393 45 35 
cell-0-3-1 815 393 45 35 
cell-0-3-2 860 393 45 35 
cell-0-3-3 905 393 45 35 
cell-0-4-0 770 442 45 35 
cell-0-4-1 815 442 45 35 
cell-0-4-2 860 442 45 35 
cell-0-4-3 905 442 45 35 
cell-0-5-0 770 491 45 35 
cell-0-5-1 815 491 45 35 
cell-0-5-2 860 491 45 35 
cell-0-5-3 905 491 45 35 
cell-0-6-0 770 540 45 35 
cell-0-6-1 815 540 45 35 
cell-0-6-2 860 540 45 35 
cell-0-6-3 905 540 45 35 
cell-0-7-0 770 589 45 35 
cell-0-7-1 815 589 45 35 
cell-0-7-2 860 589 45 35 
cell-0-7-3 905 589 45 35 
cell-0-8-0 770 638 45 35 
cell-0-8-1 815 638 45 35 
cell-0-8-2 860 638 45 35 
cell-0-8-3 905 638 45 35 
cell-0-9-0 770 687 45 35 
cell-0-9-1 815 687 45 35 
cell-0-9-2 860 687 45 35 
cell-0-9-3 905 687 45 35 
cell-0-10-0 770 736 45 35 
cell-0-10-1 815 736 45 35 
cell-0-10-2 860 736 45 35 
cell-0-10-3 905 736 45 35 
cell-0-11-0 770 785 45 35 
cell-0-11-1 815 785 45 35 
cell-0-11-2 860 785 45 35 
cell-0-11-3 905 785 45 35 
cell-0-12-0 770 834 45 35 
cell-0-12-1 815 834 45 35 
cell-0-12-2 860 834 45 35 
cell-0-12-3 905 834 45 35 
