table-0 738 528 222 424 
cell-0-0-0 738 528 44 35 
cell-0-0-1 782 528 44 35 
cell-0-0-2 826 528 44 35 
cell-0-0-3 870 528 44 35 
cell-0-0-4 914 528 44 35 
cell-0-1-0 738 571 44 35 
cell-0-1-1 782 571 44 35 
cell-0-1-2 826 571 44 35 
cell-0-1-3 870 571 44 35 
cell-0-1-4 914 571 44 35 
cell-0-2-0 738 614 44 35 
cell-0-2-1 782 614 44 35 
cell-0-2-2 826 614 44 35 
cell-0-2-3 870 614 44 35 
cell-0-2-4 914 614 44 35 
cell-0-3-0 738 657 44 35 
cell-0-3-1 782 657 44 35 
cell-0-3-2 826 657 44 35 
cell-0-3-3 870 657 44 35 
cell-0-3-4 914 657 44 35 
cell-0-4-0 738 700 44 35 
cell-0-4-1 782 700 44 35 
cell-0-4-2 826 700 44 35 
cell-0-4-3 870 700 44 35 
cell-0-4-4 914 700 44 35 
cell-0-5-0 738 743 44 35 
cell-0-5-1 782 743 44 35 
cell-0-5-2 826 743 44 35 
cell-0-5-3 870 743 44 35 
cell-0-5-4 914 743 44 35 
cell-0-6-0 738 786 44 35 
cell-0-6-1 782 786 44 35 
cell-0-6-2 826 786 44 35 
cell-0-6-3 870 786 44 35 
cell-0-6-4 914 786 44 35 
cell-0-7-0 738 829 44 35 
cell-0-7-1 782 829 44 35 
cell-0-7-2 826 829 44 35 
cell-0-7-3 870 829 44 35 
cell-0-7-4 914 829 44 35 
cell-0-8-0 738 872 44 35 
cell-0-8-1 782 872 44 35 
cell-0-8-2 826 872 44 35 
cell-0-8-3 870 872 44 35 
cell-0-8-4 914 872 44 35 
cell-0-9-0 738 915 44 35 
cell-0-9-1 782 915 44 35 
cell-0-9-2 826 915 44 35 
cell-0-9-3 870 915 44 35 
cell-0-9-4 914 915 44 35 
