table-0 415 632 600 488 
cell-0-0-0 415 632 75 58 
cell-0-0-1 490 632 75 58 
cell-0-0-2 565 632 75 58 
cell-0-0-3 640 632 75 58 
cell-0-0-4 715 632 75 58 
cell-0-0-5 790 632 75 58 
cell-0-0-6 865 632 75 58 
cell-0-0-7 940 632 75 58 
cell-0-1-0 415 693 75 58 
cell-0-1-1 490 693 75 58 
cell-0-1-2 565 693 75 58 
cell-0-1-3 640 693 75 58 
cell-0-1-4 715 693 75 58 
cell-0-1-5 790 693 75 58 
cell-0-1-6 865 693 75 58 
cell-0-1-7 940 693 75 58 
cell-0-2-0 415 754 75 58 
cell-0-2-1 490 754 75 58 
cell-0-2-2 565 754 75 58 
cell-0-2-3 640 754 75 58 
cell-0-2-4 715 754 75 58 
cell-0-2-5 790 754 75 58 
cell-0-2-6 865 754 75 58 
cell-0-2-7 940 754 75 58 
cell-0-3-0 415 815 75 58 
cell-0-3-1 490 815 75 58 
cell-0-3-2 565 815 75 58 
cell-0-3-3 640 815 75 58 
cell-0-3-4 715 815 75 58 
cell-0-3-5 790 815 75 58 
cell-0-3-6 865 815 75 58 
cell-0-3-7 940 815 75 58 
cell-0-4-0 415 876 75 58 
cell-0-4-1 490 876 75 58 
cell-0-4-2 565 876 75 58 
cell-0-4-3 640 876 75 58 
cell-0-4-4 715 876 75 58 
cell-0-4-5 790 876 75 58 
cell-0-4-6 865 876 75 58 
cell-0-4-7 940 876 75 58 
cell-0-5-0 415 937 75 58 
cell-0-5-1 490 937 75 58 
cell-0-5-2 565 937 75 58 
cell-0-5-3 640 937 75 58 
cell-0-5-4 715 937 75 58 
cell-0-5-5 790 937 75 58 
cell-0-5-6 865 937 75 58 
cell-0-5-7 940 937 75 58 
cell-0-6-0 415 998 75 58 
cell-0-6-1 490 998 75 58 
cell-0-6-2 565 998 75 58 
cell-0-6-3 640 998 75 58 
cell-0-6-4 715 998 75 58 
cell-0-6-5 790 998 75 58 
cell-0-6-6 865 998 75 58 
cell-0-6-7 940 998 75 58 
cell-0-7-0 415 1059 75 58 
cell-0-7-1 490 1059 75 58 
cell-0-7-2 565 1059 75 58 
cell-0-7-3 640 1059 75 58 
cell-0-7-4 715 1059 75 58 
cell-0-7-5 790 1059 75 58 
cell-0-7-6 865 1059 75 58 
cell-0-7-7 940 1059 75 58 
