table-0 185 754 700 559 
cell-0-0-0 185 754 116 52 
cell-0-0-1 301 754 116 52 
cell-0-0-2 417 754 116 52 
cell-0-0-3 533 754 116 52 
cell-0-0-4 649 754 116 52 
cell-0-0-5 765 754 116 52 
cell-0-1-0 185 810 116 52 
cell-0-1-1 301 810 116 52 
cell-0-1-2 417 810 116 52 
cell-0-1-3 533 810 116 52 
cell-0-1-4 649 810 116 52 
cell-0-1-5 765 810 116 52 
cell-0-2-0 185 866 116 52 
cell-0-2-1 301 866 116 52 
cell-0-2-2 417 866 116 52 
cell-0-2-3 533 866 116 52 
cell-0-2-4 649 866 116 52 
cell-0-2-5 765 866 116 52 
cell-0-3-0 185 922 116 52 
cell-0-3-1 301 922 116 52 
cell-0-3-2 417 922 116 52 
cell-0-3-3 533 922 116 52 
cell-0-3-4 649 922 116 52 
cell-0-3-5 765 922 116 52 
cell-0-4-0 185 978 116 52 
cell-0-4-1 301 978 116 52 
cell-0-4-2 417 978 116 52 
cell-0-4-3 533 978 116 52 
cell-0-4-4 649 978 116 52 
cell-0-4-5 765 978 116 52 
cell-0-5-0 185 1034 116 52 
cell-0-5-1 301 1034 116 52 
cell-0-5-2 417 1034 116 52 
cell-0-5-3 533 1034 116 52 
cell-0-5-4 649 1034 116 52 
cell-0-5-5 765 1034 116 52 
cell-0-6-0 185 1090 116 52 
cell-0-6-1 301 1090 116 52 
cell-0-6-2 417 1090 116 52 
cell-0-6-3 533 1090 116 52 
cell-0-6-4 649 1090 116 52 
cell-0-6-5 765 1090 116 52 
cell-0-7-0 185 1146 116 52 
cell-0-7-1 301 1146 116 52 
cell-0-7-2 417 1146 116 52 
cell-0-7-3 533 1146 116 52 
cell-0-7-4 649 1146 116 52 
cell-0-7-5 765 1146 116 52 
cell-0-8-0 185 1202 116 52 
cell-0-8-1 301 1202 116 52 
cell-0-8-2 417 1202 116 52 
cell-0-8-3 533 1202 116 52 
cell-0-8-4 649 1202 116 52 
cell-0-8-5 765 1202 116 52 
cell-0-9-0 185 1258 116 52 
cell-0-9-1 301 1258 116 52 
cell-0-9-2 417 1258 116 52 
cell-0-9-3 533 1258 116 52 
cell-0-9-4 649 1258 116 52 
cell-0-9-5 765 1258 116 52 
