table-0 290 218 672 702 
cell-0-0-0 290 218 43 41 
cell-0-0-1 333 218 43 41 
cell-0-0-2 376 218 43 41 
cell-0-0-3 419 218 43 41 
cell-0-0-4 462 218 498 41 
cell-0-1-0 290 273 43 41 
cell-0-1-1 333 273 43 41 
cell-0-1-2 376 273 43 41 
cell-0-1-3 419 273 43 41 
cell-0-1-4 462 273 498 41 
cell-0-2-0 290 328 43 41 
cell-0-2-1 333 328 43 41 
cell-0-2-2 376 328 43 41 
cell-0-2-3 419 328 43 41 
cell-0-2-4 462 328 498 41 
cell-0-3-0 290 383 43 41 
cell-0-3-1 333 383 43 41 
cell-0-3-2 376 383 43 41 
cell-0-3-3 419 383 43 41 
cell-0-3-4 462 383 498 41 
cell-0-4-0 290 438 43 41 
cell-0-4-1 333 438 43 41 
cell-0-4-2 376 438 43 41 
cell-0-4-3 419 438 43 41 
cell-0-4-4 462 438 498 41 
cell-0-5-0 290 493 43 41 
cell-0-5-1 333 493 43 41 
cell-0-5-2 376 493 43 41 
cell-0-5-3 419 493 43 41 
cell-0-5-4 462 493 498 41 
cell-0-6-0 290 548 43 41 
cell-0-6-1 333 548 43 41 
cell-0-6-2 376 548 43 41 
cell-0-6-3 419 548 43 41 
cell-0-6-4 462 548 498 41 
cell-0-7-0 290 603 43 41 
cell-0-7-1 333 603 43 41 
cell-0-7-2 376 603 43 41 
cell-0-7-3 419 603 43 41 
cell-0-7-4 462 603 498 41 
cell-0-8-0 290 658 43 41 
cell-0-8-1 333 658 43 41 
cell-0-8-2 376 658 43 41 
cell-0-8-3 419 658 43 41 
cell-0-8-4 462 658 498 41 
cell-0-9-0 290 713 43 41 
cell-0-9-1 333 713 43 41 
cell-0-9-2 376 713 43 41 
cell-0-9-3 419 713 43 41 
cell-0-9-4 462 713 498 41 
cell-0-10-0 290 768 43 41 
cell-0-10-1 333 768 43 41 
cell-0-10-2 376 768 43 41 
cell-0-10-3 419 768 43 41 
cell-0-10-4 462 768 498 41 
cell-0-11-0 290 823 43 41 
cell-0-11-1 333 823 43 41 
cell-0-11-2 376 823 43 41 
cell-0-11-3 419 823 43 41 
cell-0-11-4 462 823 498 41 
cell-0-12-0 290 878 43 41 
cell-0-12-1 333 878 43 41 
cell-0-12-2 376 878 43 41 
cell-0-12-3 419 878 43 41 
cell-0-12-4 462 878 498 41 
