table-0 181 432 342 160 
cell-0-1-0 181 432 34 35 
cell-0-1-1 215 432 34 35 
cell-0-1-2 249 432 34 35 
cell-0-1-3 283 432 34 35 
cell-0-1-4 317 432 34 35 
cell-0-1-5 351 432 34 35 
cell-0-1-6 385 432 34 35 
cell-0-1-7 419 432 34 35 
cell-0-1-8 453 432 34 35 
cell-0-1-9 487 432 34 35 
cell-0-2-0 181 473 34 35 
cell-0-2-1 215 473 34 35 
cell-0-2-2 249 473 34 35 
cell-0-2-3 283 473 34 35 
cell-0-2-4 317 473 34 35 
cell-0-2-5 351 473 34 35 
cell-0-2-6 385 473 34 35 
cell-0-2-7 419 473 34 35 
cell-0-2-8 453 473 34 35 
cell-0-2-9 487 473 34 35 
cell-0-3-0 181 514 34 35 
cell-0-3-1 215 514 34 35 
cell-0-3-2 249 514 34 35 
cell-0-3-3 283 514 34 35 
cell-0-3-4 317 514 34 35 
cell-0-3-5 351 514 34 35 
cell-0-3-6 385 514 34 35 
cell-0-3-7 419 514 34 35 
cell-0-3-8 453 514 34 35 
cell-0-3-9 487 514 34 35 
cell-0-4-0 181 555 34 35 
cell-0-4-1 215 555 34 35 
cell-0-4-2 249 555 34 35 
cell-0-4-3 283 555 34 35 
cell-0-4-4 317 555 34 35 
cell-0-4-5 351 555 34 35 
cell-0-4-6 385 555 34 35 
cell-0-4-7 419 555 34 35 
cell-0-4-8 453 555 34 35 
cell-0-4-9 487 555 34 35 
header-1 207 1127 709 195 
row-1-1 207 1127 328 41 
row-1-2 555 1127 295 41 
row-2-1 207 1178 262 41 
row-2-2 489 1178 418 41 
row-3-1 207 1229 559 41 
row-4-1 207 1280 592 41 
