header-0 110 938 878 193 
row-1-1 110 938 280 40 
row-1-2 410 938 346 40 
row-2-1 110 988 379 40 
row-2-2 509 988 472 40 
row-3-1 110 1038 643 40 
row-4-1 110 1088 676 40 
table-1 373 223 615 616 
cell-1-0-0 373 223 43 42 
cell-1-0-1 416 223 43 42 
cell-1-0-2 459 223 43 42 
cell-1-0-3 502 223 43 42 
cell-1-0-4 545 223 43 42 
cell-1-0-5 588 223 43 42 
cell-1-0-6 631 223 353 42 
cell-1-1-0 373 275 43 42 
cell-1-1-1 416 275 43 42 
cell-1-1-2 459 275 43 42 
cell-1-1-3 502 275 43 42 
cell-1-1-4 545 275 43 42 
cell-1-1-5 588 275 43 42 
cell-1-1-6 631 275 353 42 
cell-1-2-0 373 327 43 42 
cell-1-2-1 416 327 43 42 
cell-1-2-2 459 327 43 42 
cell-1-2-3 502 327 43 42 
cell-1-2-4 545 327 43 42 
cell-1-2-5 588 327 43 42 
cell-1-2-6 631 327 353 42 
cell-1-3-0 373 379 43 42 
cell-1-3-1 416 379 43 42 
cell-1-3-2 459 379 43 42 
cell-1-3-3 502 379 43 42 
cell-1-3-4 545 379 43 42 
cell-1-3-5 588 379 43 42 
cell-1-3-6 631 379 353 42 
cell-1-4-0 373 431 43 42 
cell-1-4-1 416 431 43 42 
cell-1-4-2 459 431 43 42 
cell-1-4-3 502 431 43 42 
cell-1-4-4 545 431 43 42 
cell-1-4-5 588 431 43 42 
cell-1-4-6 631 431 353 42 
cell-1-5-0 373 483 43 42 
cell-1-5-1 416 483 43 42 
cell-1-5-2 459 483 43 42 
cell-1-5-3 502 483 43 42 
cell-1-5-4 545 483 43 42 
cell-1-5-5 588 483 43 42 
cell-1-5-6 631 483 353 42 
cell-1-6-0 373 535 43 42 
cell-1-6-1 416 535 43 42 
cell-1-6-2 459 535 43 42 
cell-1-6-3 502 535 43 42 
cell-1-6-4 545 535 43 42 
cell-1-6-5 588 535 43 42 
cell-1-6-6 631 535 353 42 
cell-1-7-0 373 587 43 42 
cell-1-7-1 416 587 43 42 
cell-1-7-2 459 587 43 42 
cell-1-7-3 502 587 43 42 
cell-1-7-4 545 587 43 42 
cell-1-7-5 588 587 43 42 
cell-1-7-6 631 587 353 42 
cell-1-8-0 373 639 43 42 
cell-1-8-1 416 639 43 42 
cell-1-8-2 459 639 43 42 
cell-1-8-3 502 639 43 42 
cell-1-8-4 545 639 43 42 
cell-1-8-5 588 639 43 42 
cell-1-8-6 631 639 353 42 
cell-1-9-0 373 691 43 42 
cell-1-9-1 416 691 43 42 
cell-1-9-2 459 691 43 42 
cell-1-9-3 502 691 43 42 
cell-1-9-4 545 691 43 42 
cell-1-9-5 588 691 43 42 
cell-1-9-6 631 691 353 42 
cell-1-10-0 373 743 43 42 
cell-1-10-1 416 743 43 42 
cell-1-10-2 459 743 43 42 
cell-1-10-3 502 743 43 42 
cell-1-10-4 545 743 43 42 
cell-1-10-5 588 743 43 42 
cell-1-10-6 631 743 353 42 
cell-1-11-0 373 795 43 42 
cell-1-11-1 416 795 43 42 
cell-1-11-2 459 795 43 42 
cell-1-11-3 502 795 43 42 
cell-1-11-4 545 795 43 42 
cell-1-11-5 588 795 43 42 
cell-1-11-6 631 795 353 42 
