table-0 108 309 489 179 
cell-0-1-0 108 309 38 35 
cell-0-1-1 149 309 38 35 
cell-0-1-2 190 309 38 35 
cell-0-1-3 231 309 38 35 
cell-0-1-4 272 309 38 35 
cell-0-1-5 313 309 38 35 
cell-0-1-6 354 309 38 35 
cell-0-1-7 395 309 38 35 
cell-0-1-8 436 309 38 35 
cell-0-1-9 477 309 38 35 
cell-0-1-10 518 309 38 35 
cell-0-1-11 559 309 38 35 
cell-0-2-0 108 356 38 35 
cell-0-2-1 149 356 38 35 
cell-0-2-2 190 356 38 35 
cell-0-2-3 231 356 38 35 
cell-0-2-4 272 356 38 35 
cell-0-2-5 313 356 38 35 
cell-0-2-6 354 356 38 35 
cell-0-2-7 395 356 38 35 
cell-0-2-8 436 356 38 35 
cell-0-2-9 477 356 38 35 
cell-0-2-10 518 356 38 35 
cell-0-2-11 559 356 38 35 
cell-0-3-0 108 403 38 35 
cell-0-3-1 149 403 38 35 
cell-0-3-2 190 403 38 35 
cell-0-3-3 231 403 38 35 
cell-0-3-4 272 403 38 35 
cell-0-3-5 313 403 38 35 
cell-0-3-6 354 403 38 35 
cell-0-3-7 395 403 38 35 
cell-0-3-8 436 403 38 35 
cell-0-3-9 477 403 38 35 
cell-0-3-10 518 403 38 35 
cell-0-3-11 559 403 38 35 
cell-0-4-0 108 450 38 35 
cell-0-4-1 149 450 38 35 
cell-0-4-2 190 450 38 35 
cell-0-4-3 231 450 38 35 
cell-0-4-4 272 450 38 35 
cell-0-4-5 313 450 38 35 
cell-0-4-6 354 450 38 35 
cell-0-4-7 395 450 38 35 
cell-0-4-8 436 450 38 35 
cell-0-4-9 477 450 38 35 
cell-0-4-10 518 450 38 35 
cell-0-4-11 559 450 38 35 
table-2 493 768 488 478 
cell-2-0-0 493 768 45 43 
cell-2-0-1 538 768 45 43 
cell-2-0-2 583 768 45 43 
cell-2-0-3 628 768 45 43 
cell-2-0-4 673 768 306 43 
cell-2-1-0 493 816 45 43 
cell-2-1-1 538 816 45 43 
cell-2-1-2 583 816 45 43 
cell-2-1-3 628 816 45 43 
cell-2-1-4 673 816 306 43 
cell-2-2-0 493 864 45 43 
cell-2-2-1 538 864 45 43 
cell-2-2-2 583 864 45 43 
cell-2-2-3 628 864 45 43 
cell-2-2-4 673 864 306 43 
cell-2-3-0 493 912 45 43 
cell-2-3-1 538 912 45 43 
cell-2-3-2 583 912 45 43 
cell-2-3-3 628 912 45 43 
cell-2-3-4 673 912 306 43 
cell-2-4-0 493 960 45 43 
cell-2-4-1 538 960 45 43 
cell-2-4-2 583 960 45 43 
cell-2-4-3 628 960 45 43 
cell-2-4-4 673 960 306 43 
cell-2-5-0 493 1008 45 43 
cell-2-5-1 538 1008 45 43 
cell-2-5-2 583 1008 45 43 
cell-2-5-3 628 1008 45 43 
cell-2-5-4 673 1008 306 43 
cell-2-6-0 493 1056 45 43 
cell-2-6-1 538 1056 45 43 
cell-2-6-2 583 1056 45 43 
cell-2-6-3 628 1056 45 43 
cell-2-6-4 673 1056 306 43 
cell-2-7-0 493 1104 45 43 
cell-2-7-1 538 1104 45 43 
cell-2-7-2 583 1104 45 43 
cell-2-7-3 628 1104 45 43 
cell-2-7-4 673 1104 306 43 
cell-2-8-0 493 1152 45 43 
cell-2-8-1 538 1152 45 43 
cell-2-8-2 583 1152 45 43 
cell-2-8-3 628 1152 45 43 
cell-2-8-4 673 1152 306 43 
cell-2-9-0 493 1200 45 43 
cell-2-9-1 538 1200 45 43 
cell-2-9-2 583 1200 45 43 
cell-2-9-3 628 1200 45 43 
cell-2-9-4 673 1200 306 43 
