header-0 98 861 817 193 
row-1-1 98 861 396 40 
row-1-2 514 861 396 40 
row-2-1 98 911 330 40 
row-2-2 448 911 458 40 
row-3-1 98 961 726 40 
row-4-1 98 1011 726 40 
table-2 276 172 713 467 
cell-2-0-0 276 172 44 42 
cell-2-0-1 320 172 44 42 
cell-2-0-2 364 172 44 42 
cell-2-0-3 408 172 44 42 
cell-2-0-4 452 172 44 42 
cell-2-0-5 496 172 493 42 
cell-2-1-0 276 219 44 42 
cell-2-1-1 320 219 44 42 
cell-2-1-2 364 219 44 42 
cell-2-1-3 408 219 44 42 
cell-2-1-4 452 219 44 42 
cell-2-1-5 496 219 493 42 
cell-2-2-0 276 266 44 42 
cell-2-2-1 320 266 44 42 
cell-2-2-2 364 266 44 42 
cell-2-2-3 408 266 44 42 
cell-2-2-4 452 266 44 42 
cell-2-2-5 496 266 493 42 
cell-2-3-0 276 313 44 42 
cell-2-3-1 320 313 44 42 
cell-2-3-2 364 313 44 42 
cell-2-3-3 408 313 44 42 
cell-2-3-4 452 313 44 42 
cell-2-3-5 496 313 493 42 
cell-2-4-0 276 360 44 42 
cell-2-4-1 320 360 44 42 
cell-2-4-2 364 360 44 42 
cell-2-4-3 408 360 44 42 
cell-2-4-4 452 360 44 42 
cell-2-4-5 496 360 493 42 
cell-2-5-0 276 407 44 42 
cell-2-5-1 320 407 44 42 
cell-2-5-2 364 407 44 42 
cell-2-5-3 408 407 44 42 
cell-2-5-4 452 407 44 42 
cell-2-5-5 496 407 493 42 
cell-2-6-0 276 454 44 42 
cell-2-6-1 320 454 44 42 
cell-2-6-2 364 454 44 42 
cell-2-6-3 408 454 44 42 
cell-2-6-4 452 454 44 42 
cell-2-6-5 496 454 493 42 
cell-2-7-0 276 501 44 42 
cell-2-7-1 320 501 44 42 
cell-2-7-2 364 501 44 42 
cell-2-7-3 408 501 44 42 
cell-2-7-4 452 501 44 42 
cell-2-7-5 496 501 493 42 
cell-2-8-0 276 548 44 42 
cell-2-8-1 320 548 44 42 
cell-2-8-2 364 548 44 42 
cell-2-8-3 408 548 44 42 
cell-2-8-4 452 548 44 42 
cell-2-8-5 496 548 493 42 
cell-2-9-0 276 595 44 42 
cell-2-9-1 320 595 44 42 
cell-2-9-2 364 595 44 42 
cell-2-9-3 408 595 44 42 
cell-2-9-4 452 595 44 42 
cell-2-9-5 496 595 493 42 
