table-0 95 578 800 280 
cell-0-0-0 95 578 160 37 
cell-0-0-1 255 578 160 37 
cell-0-0-2 415 578 160 37 
cell-0-0-3 575 578 160 37 
cell-0-0-4 735 578 160 37 
cell-0-1-0 95 626 160 37 
cell-0-1-1 255 626 160 37 
cell-0-1-2 415 626 160 37 
cell-0-1-3 575 626 160 37 
cell-0-1-4 735 626 160 37 
cell-0-2-0 95 674 160 37 
cell-0-2-1 255 674 160 37 
cell-0-2-2 415 674 160 37 
cell-0-2-3 575 674 160 37 
cell-0-2-4 735 674 160 37 
cell-0-3-0 95 722 160 37 
cell-0-3-1 255 722 160 37 
cell-0-3-2 415 722 160 37 
cell-0-3-3 575 722 160 37 
cell-0-3-4 735 722 160 37 
cell-0-4-0 95 770 160 37 
cell-0-4-1 255 770 160 37 
cell-0-4-2 415 770 160 37 
cell-0-4-3 575 770 160 37 
cell-0-4-4 735 770 160 37 
cell-0-5-0 95 818 160 37 
cell-0-5-1 255 818 160 37 
cell-0-5-2 415 818 160 37 
cell-0-5-3 575 818 160 37 
cell-0-5-4 735 818 160 37 
