header-0 65 616 834 195 
row-1-1 65 616 261 41 
row-1-2 346 616 261 41 
row-2-1 65 667 360 41 
row-2-2 445 667 445 41 
row-3-1 65 718 756 41 
row-4-1 65 769 492 41 
table-4 326 236 543 163 
cell-4-1-0 326 236 36 35 
cell-4-1-1 365 236 36 35 
cell-4-1-2 404 236 36 35 
cell-4-1-3 443 236 36 35 
cell-4-1-4 482 236 36 35 
cell-4-1-5 521 236 36 35 
cell-4-1-6 560 236 36 35 
cell-4-1-7 599 236 36 35 
cell-4-1-8 638 236 36 35 
cell-4-1-9 677 236 36 35 
cell-4-1-10 716 236 36 35 
cell-4-1-11 755 236 36 35 
cell-4-1-12 794 236 36 35 
cell-4-1-13 833 236 36 35 
cell-4-2-0 326 278 36 35 
cell-4-2-1 365 278 36 35 
cell-4-2-2 404 278 36 35 
cell-4-2-3 443 278 36 35 
cell-4-2-4 482 278 36 35 
cell-4-2-5 521 278 36 35 
cell-4-2-6 560 278 36 35 
cell-4-2-7 599 278 36 35 
cell-4-2-8 638 278 36 35 
cell-4-2-9 677 278 36 35 
cell-4-2-10 716 278 36 35 
cell-4-2-11 755 278 36 35 
cell-4-2-12 794 278 36 35 
cell-4-2-13 833 278 36 35 
cell-4-3-0 326 320 36 35 
cell-4-3-1 365 320 36 35 
cell-4-3-2 404 320 36 35 
cell-4-3-3 443 320 36 35 
cell-4-3-4 482 320 36 35 
cell-4-3-5 521 320 36 35 
cell-4-3-6 560 320 36 35 
cell-4-3-7 599 320 36 35 
cell-4-3-8 638 320 36 35 
cell-4-3-9 677 320 36 35 
cell-4-3-10 716 320 36 35 
cell-4-3-11 755 320 36 35 
cell-4-3-12 794 320 36 35 
cell-4-3-13 833 320 36 35 
cell-4-4-0 326 362 36 35 
cell-4-4-1 365 362 36 35 
cell-4-4-2 404 362 36 35 
cell-4-4-3 443 362 36 35 
cell-4-4-4 482 362 36 35 
cell-4-4-5 521 362 36 35 
cell-4-4-6 560 362 36 35 
cell-4-4-7 599 362 36 35 
cell-4-4-8 638 362 36 35 
cell-4-4-9 677 362 36 35 
cell-4-4-10 716 362 36 35 
cell-4-4-11 755 362 36 35 
cell-4-4-12 794 362 36 35 
cell-4-4-13 833 362 36 35 
