table-0 234 338 675 592 
cell-0-0-0 234 338 43 41 
cell-0-0-1 277 338 43 41 
cell-0-0-2 320 338 43 41 
cell-0-0-3 363 338 43 41 
cell-0-0-4 406 338 43 41 
cell-0-0-5 449 338 459 41 
cell-0-1-0 234 393 43 41 
cell-0-1-1 277 393 43 41 
cell-0-1-2 320 393 43 41 
cell-0-1-3 363 393 43 41 
cell-0-1-4 406 393 43 41 
cell-0-1-5 449 393 459 41 
cell-0-2-0 234 448 43 41 
cell-0-2-1 277 448 43 41 
cell-0-2-2 320 448 43 41 
cell-0-2-3 363 448 43 41 
cell-0-2-4 406 448 43 41 
cell-0-2-5 449 448 459 41 
cell-0-3-0 234 503 43 41 
cell-0-3-1 277 503 43 41 
cell-0-3-2 320 503 43 41 
cell-0-3-3 363 503 43 41 
cell-0-3-4 406 503 43 41 
cell-0-3-5 449 503 459 41 
cell-0-4-0 234 558 43 41 
cell-0-4-1 277 558 43 41 
cell-0-4-2 320 558 43 41 
cell-0-4-3 363 558 43 41 
cell-0-4-4 406 558 43 41 
cell-0-4-5 449 558 459 41 
cell-0-5-0 234 613 43 41 
cell-0-5-1 277 613 43 41 
cell-0-5-2 320 613 43 41 
cell-0-5-3 363 613 43 41 
cell-0-5-4 406 613 43 41 
cell-0-5-5 449 613 459 41 
cell-0-6-0 234 668 43 41 
cell-0-6-1 277 668 43 41 
cell-0-6-2 320 668 43 41 
cell-0-6-3 363 668 43 41 
cell-0-6-4 406 668 43 41 
cell-0-6-5 449 668 459 41 
cell-0-7-0 234 723 43 41 
cell-0-7-1 277 723 43 41 
cell-0-7-2 320 723 43 41 
cell-0-7-3 363 723 43 41 
cell-0-7-4 406 723 43 41 
cell-0-7-5 449 723 459 41 
cell-0-8-0 234 778 43 41 
cell-0-8-1 277 778 43 41 
cell-0-8-2 320 778 43 41 
cell-0-8-3 363 778 43 41 
cell-0-8-4 406 778 43 41 
cell-0-8-5 449 778 459 41 
cell-0-9-0 234 833 43 41 
cell-0-9-1 277 833 43 41 
cell-0-9-2 320 833 43 41 
cell-0-9-3 363 833 43 41 
cell-0-9-4 406 833 43 41 
cell-0-9-5 449 833 459 41 
cell-0-10-0 234 888 43 41 
cell-0-10-1 277 888 43 41 
cell-0-10-2 320 888 43 41 
cell-0-10-3 363 888 43 41 
cell-0-10-4 406 888 43 41 
cell-0-10-5 449 888 459 41 
