table-0 151 237 571 558 
cell-0-1-0 151 237 38 35 
cell-0-1-1 192 237 38 35 
cell-0-1-2 233 237 38 35 
cell-0-1-3 274 237 38 35 
cell-0-1-4 315 237 38 35 
cell-0-1-5 356 237 38 35 
cell-0-1-6 397 237 38 35 
cell-0-1-7 438 237 38 35 
cell-0-1-8 479 237 38 35 
cell-0-1-9 520 237 38 35 
cell-0-1-10 561 237 38 35 
cell-0-1-11 602 237 38 35 
cell-0-1-12 643 237 38 35 
cell-0-1-13 684 237 38 35 
cell-0-2-0 151 289 38 35 
cell-0-2-1 192 289 38 35 
cell-0-2-2 233 289 38 35 
cell-0-2-3 274 289 38 35 
cell-0-2-4 315 289 38 35 
cell-0-2-5 356 289 38 35 
cell-0-2-6 397 289 38 35 
cell-0-2-7 438 289 38 35 
cell-0-2-8 479 289 38 35 
cell-0-2-9 520 289 38 35 
cell-0-2-10 561 289 38 35 
cell-0-2-11 602 289 38 35 
cell-0-2-12 643 289 38 35 
cell-0-2-13 684 289 38 35 
cell-0-3-0 151 341 38 35 
cell-0-3-1 192 341 38 35 
cell-0-3-2 233 341 38 35 
cell-0-3-3 274 341 38 35 
cell-0-3-4 315 341 38 35 
cell-0-3-5 356 341 38 35 
cell-0-3-6 397 341 38 35 
cell-0-3-7 438 341 38 35 
cell-0-3-8 479 341 38 35 
cell-0-3-9 520 341 38 35 
cell-0-3-10 561 341 38 35 
cell-0-3-11 602 341 38 35 
cell-0-3-12 643 341 38 35 
cell-0-3-13 684 341 38 35 
cell-0-4-0 151 393 38 35 
cell-0-4-1 192 393 38 35 
cell-0-4-2 233 393 38 35 
cell-0-4-3 274 393 38 35 
cell-0-4-4 315 393 38 35 
cell-0-4-5 356 393 38 35 
cell-0-4-6 397 393 38 35 
cell-0-4-7 438 393 38 35 
cell-0-4-8 479 393 38 35 
cell-0-4-9 520 393 38 35 
cell-0-4-10 561 393 38 35 
cell-0-4-11 602 393 38 35 
cell-0-4-12 643 393 38 35 
cell-0-4-13 684 393 38 35 
cell-0-5-0 151 445 38 35 
cell-0-5-1 192 445 38 35 
cell-0-5-2 233 445 38 35 
cell-0-5-3 274 445 38 35 
cell-0-5-4 315 445 38 35 
cell-0-5-5 356 445 38 35 
cell-0-5-6 397 445 38 35 
cell-0-5-7 438 445 38 35 
cell-0-5-8 479 445 38 35 
cell-0-5-9 520 445 38 35 
cell-0-5-10 561 445 38 35 
cell-0-5-11 602 445 38 35 
cell-0-5-12 643 445 38 35 
cell-0-5-13 684 445 38 35 
cell-0-6-0 151 497 38 35 
cell-0-6-1 192 497 38 35 
cell-0-6-2 233 497 38 35 
cell-0-6-3 274 497 38 35 
cell-0-6-4 315 497 38 35 
cell-0-6-5 356 497 38 35 
cell-0-6-6 397 497 38 35 
cell-0-6-7 438 497 38 35 
cell-0-6-8 479 497 38 35 
cell-0-6-9 520 497 38 35 
cell-0-6-10 561 497 38 35 
cell-0-6-11 602 497 38 35 
cell-0-6-12 643 497 38 35 
cell-0-6-13 684 497 38 35 
cell-0-7-0 151 549 38 35 
cell-0-7-1 192 549 38 35 
cell-0-7-2 233 549 38 35 
cell-0-7-3 274 549 38 35 
cell-0-7-4 315 549 38 35 
cell-0-7-5 356 549 38 35 
cell-0-7-6 397 549 38 35 
cell-0-7-7 438 549 38 35 
cell-0-7-8 479 549 38 35 
cell-0-7-9 520 549 38 35 
cell-0-7-10 561 549 38 35 
cell-0-7-11 602 549 38 35 
cell-0-7-12 643 549 38 35 
cell-0-7-13 684 549 38 35 
cell-0-8-0 151 601 38 35 
cell-0-8-1 192 601 38 35 
cell-0-8-2 233 601 38 35 
cell-0-8-3 274 601 38 35 
cell-0-8-4 315 601 38 35 
cell-0-8-5 356 601 38 35 
cell-0-8-6 397 601 38 35 
cell-0-8-7 438 601 38 35 
cell-0-8-8 479 601 38 35 
cell-0-8-9 520 601 38 35 
cell-0-8-10 561 601 38 35 
cell-0-8-11 602 601 38 35 
cell-0-8-12 643 601 38 35 
cell-0-8-13 684 601 38 35 
cell-0-9-0 151 653 38 35 
cell-0-9-1 192 653 38 35 
cell-0-9-2 233 653 38 35 
cell-0-9-3 274 653 38 35 
cell-0-9-4 315 653 38 35 
cell-0-9-5 356 653 38 35 
cell-0-9-6 397 653 38 35 
cell-0-9-7 438 653 38 35 
cell-0-9-8 479 653 38 35 
cell-0-9-9 520 653 38 35 
cell-0-9-10 561 653 38 35 
cell-0-9-11 602 653 38 35 
cell-0-9-12 643 653 38 35 
cell-0-9-13 684 653 38 35 
cell-0-10-0 151 705 38 35 
cell-0-10-1 192 705 38 35 
cell-0-10-2 233 705 38 35 
cell-0-10-3 274 705 38 35 
cell-0-10-4 315 705 38 35 
cell-0-10-5 356 705 38 35 
cell-0-10-6 397 705 38 35 
cell-0-10-7 438 705 38 35 
cell-0-10-8 479 705 38 35 
cell-0-10-9 520 705 38 35 
cell-0-10-10 561 705 38 35 
cell-0-10-11 602 705 38 35 
cell-0-10-12 643 705 38 35 
cell-0-10-13 684 705 38 35 
cell-0-11-0 151 757 38 35 
cell-0-11-1 192 757 38 35 
cell-0-11-2 233 757 38 35 
cell-0-11-3 274 757 38 35 
cell-0-11-4 315 757 38 35 
cell-0-11-5 356 757 38 35 
cell-0-11-6 397 757 38 35 
cell-0-11-7 438 757 38 35 
cell-0-11-8 479 757 38 35 
cell-0-11-9 520 757 38 35 
cell-0-11-10 561 757 38 35 
cell-0-11-11 602 757 38 35 
cell-0-11-12 643 757 38 35 
cell-0-11-13 684 757 38 35 
header-3 70 914 862 195 
row-1-1 70 914 361 41 
row-1-2 451 914 394 41 
row-2-1 70 965 361 41 
row-2-2 451 965 472 41 
row-3-1 70 1016 691 41 
row-4-1 70 1067 460 41 
