table-0 677 267 216 621 
cell-0-0-0 677 267 43 35 
cell-0-0-1 720 267 43 35 
cell-0-0-2 763 267 43 35 
cell-0-0-3 806 267 43 35 
cell-0-0-4 849 267 43 35 
cell-0-1-0 677 312 43 35 
cell-0-1-1 720 312 43 35 
cell-0-1-2 763 312 43 35 
cell-0-1-3 806 312 43 35 
cell-0-1-4 849 312 43 35 
cell-0-2-0 677 357 43 35 
cell-0-2-1 720 357 43 35 
cell-0-2-2 763 357 43 35 
cell-0-2-3 806 357 43 35 
cell-0-2-4 849 357 43 35 
cell-0-3-0 677 402 43 35 
cell-0-3-1 720 402 43 35 
cell-0-3-2 763 402 43 35 
cell-0-3-3 806 402 43 35 
cell-0-3-4 849 402 43 35 
cell-0-4-0 677 447 43 35 
cell-0-4-1 720 447 43 35 
cell-0-4-2 763 447 43 35 
cell-0-4-3 806 447 43 35 
cell-0-4-4 849 447 43 35 
cell-0-5-0 677 492 43 35 
cell-0-5-1 720 492 43 35 
cell-0-5-2 763 492 43 35 
cell-0-5-3 806 492 43 35 
cell-0-5-4 849 492 43 35 
cell-0-6-0 677 537 43 35 
cell-0-6-1 720 537 43 35 
cell-0-6-2 763 537 43 35 
cell-0-6-3 806 537 43 35 
cell-0-6-4 849 537 43 35 
cell-0-7-0 677 582 43 35 
cell-0-7-1 720 582 43 35 
cell-0-7-2 763 582 43 35 
cell-0-7-3 806 582 43 35 
cell-0-7-4 849 582 43 35 
cell-0-8-0 677 627 43 35 
cell-0-8-1 720 627 43 35 
cell-0-8-2 763 627 43 35 
cell-0-8-3 806 627 43 35 
cell-0-8-4 849 627 43 35 
cell-0-9-0 677 672 43 35 
cell-0-9-1 720 672 43 35 
cell-0-9-2 763 672 43 35 
cell-0-9-3 806 672 43 35 
cell-0-9-4 849 672 43 35 
cell-0-10-0 677 717 43 35 
cell-0-10-1 720 717 43 35 
cell-0-10-2 763 717 43 35 
cell-0-10-3 806 717 43 35 
cell-0-10-4 849 717 43 35 
cell-0-11-0 677 762 43 35 
cell-0-11-1 720 762 43 35 
cell-0-11-2 763 762 43 35 
cell-0-11-3 806 762 43 35 
cell-0-11-4 849 762 43 35 
cell-0-12-0 677 807 43 35 
cell-0-12-1 720 807 43 35 
cell-0-12-2 763 807 43 35 
cell-0-12-3 806 807 43 35 
cell-0-12-4 849 807 43 35 
cell-0-13-0 677 852 43 35 
cell-0-13-1 720 852 43 35 
cell-0-13-2 763 852 43 35 
cell-0-13-3 806 852 43 35 
cell-0-13-4 849 852 43 35 
table-1 171 799 216 582 
cell-1-0-0 171 799 43 35 
cell-1-0-1 214 799 43 35 
cell-1-0-2 257 799 43 35 
cell-1-0-3 300 799 43 35 
cell-1-0-4 343 799 43 35 
cell-1-1-0 171 838 43 35 
cell-1-1-1 214 838 43 35 
cell-1-1-2 257 838 43 35 
cell-1-1-3 300 838 43 35 
cell-1-1-4 343 838 43 35 
cell-1-2-0 171 877 43 35 
cell-1-2-1 214 877 43 35 
cell-1-2-2 257 877 43 35 
cell-1-2-3 300 877 43 35 
cell-1-2-4 343 877 43 35 
cell-1-3-0 171 916 43 35 
cell-1-3-1 214 916 43 35 
cell-1-3-2 257 916 43 35 
cell-1-3-3 300 916 43 35 
cell-1-3-4 343 916 43 35 
cell-1-4-0 171 955 43 35 
cell-1-4-1 214 955 43 35 
cell-1-4-2 257 955 43 35 
cell-1-4-3 300 955 43 35 
cell-1-4-4 343 955 43 35 
cell-1-5-0 171 994 43 35 
cell-1-5-1 214 994 43 35 
cell-1-5-2 257 994 43 35 
cell-1-5-3 300 994 43 35 
cell-1-5-4 343 994 43 35 
cell-1-6-0 171 1033 43 35 
cell-1-6-1 214 1033 43 35 
cell-1-6-2 257 1033 43 35 
cell-1-6-3 300 1033 43 35 
cell-1-6-4 343 1033 43 35 
cell-1-7-0 171 1072 43 35 
cell-1-7-1 214 1072 43 35 
cell-1-7-2 257 1072 43 35 
cell-1-7-3 300 1072 43 35 
cell-1-7-4 343 1072 43 35 
cell-1-8-0 171 1111 43 35 
cell-1-8-1 214 1111 43 35 
cell-1-8-2 257 1111 43 35 
cell-1-8-3 300 1111 43 35 
cell-1-8-4 343 1111 43 35 
cell-1-9-0 171 1150 43 35 
cell-1-9-1 214 1150 43 35 
cell-1-9-2 257 1150 43 35 
cell-1-9-3 300 1150 43 35 
cell-1-9-4 343 1150 43 35 
cell-1-10-0 171 1189 43 35 
cell-1-10-1 214 1189 43 35 
cell-1-10-2 257 1189 43 35 
cell-1-10-3 300 1189 43 35 
cell-1-10-4 343 1189 43 35 
cell-1-11-0 171 1228 43 35 
cell-1-11-1 214 1228 43 35 
cell-1-11-2 257 1228 43 35 
cell-1-11-3 300 1228 43 35 
cell-1-11-4 343 1228 43 35 
cell-1-12-0 171 1267 43 35 
cell-1-12-1 214 1267 43 35 
cell-1-12-2 257 1267 43 35 
cell-1-12-3 300 1267 43 35 
cell-1-12-4 343 1267 43 35 
cell-1-13-0 171 1306 43 35 
cell-1-13-1 214 1306 43 35 
cell-1-13-2 257 1306 43 35 
cell-1-13-3 300 1306 43 35 
cell-1-13-4 343 1306 43 35 
cell-1-14-0 171 1345 43 35 
cell-1-14-1 214 1345 43 35 
cell-1-14-2 257 1345 43 35 
cell-1-14-3 300 1345 43 35 
cell-1-14-4 343 1345 43 35 
