table-0 110 239 621 380 
cell-0-1-0 110 239 36 35 
cell-0-1-1 149 239 36 35 
cell-0-1-2 188 239 36 35 
cell-0-1-3 227 239 36 35 
cell-0-1-4 266 239 36 35 
cell-0-1-5 305 239 36 35 
cell-0-1-6 344 239 36 35 
cell-0-1-7 383 239 36 35 
cell-0-1-8 422 239 36 35 
cell-0-1-9 461 239 36 35 
cell-0-1-10 500 239 36 35 
cell-0-1-11 539 239 36 35 
cell-0-1-12 578 239 36 35 
cell-0-1-13 617 239 36 35 
cell-0-1-14 656 239 36 35 
cell-0-1-15 695 239 36 35 
cell-0-2-0 110 288 36 35 
cell-0-2-1 149 288 36 35 
cell-0-2-2 188 288 36 35 
cell-0-2-3 227 288 36 35 
cell-0-2-4 266 288 36 35 
cell-0-2-5 305 288 36 35 
cell-0-2-6 344 288 36 35 
cell-0-2-7 383 288 36 35 
cell-0-2-8 422 288 36 35 
cell-0-2-9 461 288 36 35 
cell-0-2-10 500 288 36 35 
cell-0-2-11 539 288 36 35 
cell-0-2-12 578 288 36 35 
cell-0-2-13 617 288 36 35 
cell-0-2-14 656 288 36 35 
cell-0-2-15 695 288 36 35 
cell-0-3-0 110 337 36 35 
cell-0-3-1 149 337 36 35 
cell-0-3-2 188 337 36 35 
cell-0-3-3 227 337 36 35 
cell-0-3-4 266 337 36 35 
cell-0-3-5 305 337 36 35 
cell-0-3-6 344 337 36 35 
cell-0-3-7 383 337 36 35 
cell-0-3-8 422 337 36 35 
cell-0-3-9 461 337 36 35 
cell-0-3-10 500 337 36 35 
cell-0-3-11 539 337 36 35 
cell-0-3-12 578 337 36 35 
cell-0-3-13 617 337 36 35 
cell-0-3-14 656 337 36 35 
cell-0-3-15 695 337 36 35 
cell-0-4-0 110 386 36 35 
cell-0-4-1 149 386 36 35 
cell-0-4-2 188 386 36 35 
cell-0-4-3 227 386 36 35 
cell-0-4-4 266 386 36 35 
cell-0-4-5 305 386 36 35 
cell-0-4-6 344 386 36 35 
cell-0-4-7 383 386 36 35 
cell-0-4-8 422 386 36 35 
cell-0-4-9 461 386 36 35 
cell-0-4-10 500 386 36 35 
cell-0-4-11 539 386 36 35 
cell-0-4-12 578 386 36 35 
cell-0-4-13 617 386 36 35 
cell-0-4-14 656 386 36 35 
cell-0-4-15 695 386 36 35 
cell-0-5-0 110 435 36 35 
cell-0-5-1 149 435 36 35 
cell-0-5-2 188 435 36 35 
cell-0-5-3 227 435 36 35 
cell-0-5-4 266 435 36 35 
cell-0-5-5 305 435 36 35 
cell-0-5-6 344 435 36 35 
cell-0-5-7 383 435 36 35 
cell-0-5-8 422 435 36 35 
cell-0-5-9 461 435 36 35 
cell-0-5-10 500 435 36 35 
cell-0-5-11 539 435 36 35 
cell-0-5-12 578 435 36 35 
cell-0-5-13 617 435 36 35 
cell-0-5-14 656 435 36 35 
cell-0-5-15 695 435 36 35 
cell-0-6-0 110 484 36 35 
cell-0-6-1 149 484 36 35 
cell-0-6-2 188 484 36 35 
cell-0-6-3 227 484 36 35 
cell-0-6-4 266 484 36 35 
cell-0-6-5 305 484 36 35 
cell-0-6-6 344 484 36 35 
cell-0-6-7 383 484 36 35 
cell-0-6-8 422 484 36 35 
cell-0-6-9 461 484 36 35 
cell-0-6-10 500 484 36 35 
cell-0-6-11 539 484 36 35 
cell-0-6-12 578 484 36 35 
cell-0-6-13 617 484 36 35 
cell-0-6-14 656 484 36 35 
cell-0-6-15 695 484 36 35 
cell-0-7-0 110 533 36 35 
cell-0-7-1 149 533 36 35 
cell-0-7-2 188 533 36 35 
cell-0-7-3 227 533 36 35 
cell-0-7-4 266 533 36 35 
cell-0-7-5 305 533 36 35 
cell-0-7-6 344 533 36 35 
cell-0-7-7 383 533 36 35 
cell-0-7-8 422 533 36 35 
cell-0-7-9 461 533 36 35 
cell-0-7-10 500 533 36 35 
cell-0-7-11 539 533 36 35 
cell-0-7-12 578 533 36 35 
cell-0-7-13 617 533 36 35 
cell-0-7-14 656 533 36 35 
cell-0-7-15 695 533 36 35 
cell-0-8-0 110 582 36 35 
cell-0-8-1 149 582 36 35 
cell-0-8-2 188 582 36 35 
cell-0-8-3 227 582 36 35 
cell-0-8-4 266 582 36 35 
cell-0-8-5 305 582 36 35 
cell-0-8-6 344 582 36 35 
cell-0-8-7 383 582 36 35 
cell-0-8-8 422 582 36 35 
cell-0-8-9 461 582 36 35 
cell-0-8-10 500 582 36 35 
cell-0-8-11 539 582 36 35 
cell-0-8-12 578 582 36 35 
cell-0-8-13 617 582 36 35 
cell-0-8-14 656 582 36 35 
cell-0-8-15 695 582 36 35 
