table-0 60 418 1000 619 
cell-0-0-0 60 418 111 49 
cell-0-0-1 171 418 111 49 
cell-0-0-2 282 418 111 49 
cell-0-0-3 393 418 111 49 
cell-0-0-4 504 418 111 49 
cell-0-0-5 615 418 111 49 
cell-0-0-6 726 418 111 49 
cell-0-0-7 837 418 111 49 
cell-0-0-8 948 418 111 49 
cell-0-1-0 60 481 111 49 
cell-0-1-1 171 481 111 49 
cell-0-1-2 282 481 111 49 
cell-0-1-3 393 481 111 49 
cell-0-1-4 504 481 111 49 
cell-0-1-5 615 481 111 49 
cell-0-1-6 726 481 111 49 
cell-0-1-7 837 481 111 49 
cell-0-1-8 948 481 111 49 
cell-0-2-0 60 544 111 49 
cell-0-2-1 171 544 111 49 
cell-0-2-2 282 544 111 49 
cell-0-2-3 393 544 111 49 
cell-0-2-4 504 544 111 49 
cell-0-2-5 615 544 111 49 
cell-0-2-6 726 544 111 49 
cell-0-2-7 837 544 111 49 
cell-0-2-8 948 544 111 49 
cell-0-3-0 60 607 111 49 
cell-0-3-1 171 607 111 49 
cell-0-3-2 282 607 111 49 
cell-0-3-3 393 607 111 49 
cell-0-3-4 504 607 111 49 
cell-0-3-5 615 607 111 49 
cell-0-3-6 726 607 111 49 
cell-0-3-7 837 607 111 49 
cell-0-3-8 948 607 111 49 
cell-0-4-0 60 670 111 49 
cell-0-4-1 171 670 111 49 
cell-0-4-2 282 670 111 49 
cell-0-4-3 393 670 111 49 
cell-0-4-4 504 670 111 49 
cell-0-4-5 615 670 111 49 
cell-0-4-6 726 670 111 49 
cell-0-4-7 837 670 111 49 
cell-0-4-8 948 670 111 49 
cell-0-5-0 60 733 111 49 
cell-0-5-1 171 733 111 49 
cell-0-5-2 282 733 111 49 
cell-0-5-3 393 733 111 49 
cell-0-5-4 504 733 111 49 
cell-0-5-5 615 733 111 49 
cell-0-5-6 726 733 111 49 
cell-0-5-7 837 733 111 49 
cell-0-5-8 948 733 111 49 
cell-0-6-0 60 796 111 49 
cell-0-6-1 171 796 111 49 
cell-0-6-2 282 796 111 49 
cell-0-6-3 393 796 111 49 
cell-0-6-4 504 796 111 49 
cell-0-6-5 615 796 111 49 
cell-0-6-6 726 796 111 49 
cell-0-6-7 837 796 111 49 
cell-0-6-8 948 796 111 49 
cell-0-7-0 60 859 111 49 
cell-0-7-1 171 859 111 49 
cell-0-7-2 282 859 111 49 
cell-0-7-3 393 859 111 49 
cell-0-7-4 504 859 111 49 
cell-0-7-5 615 859 111 49 
cell-0-7-6 726 859 111 49 
cell-0-7-7 837 859 111 49 
cell-0-7-8 948 859 111 49 
cell-0-8-0 60 922 111 49 
cell-0-8-1 171 922 111 49 
cell-0-8-2 282 922 111 49 
cell-0-8-3 393 922 111 49 
cell-0-8-4 504 922 111 49 
cell-0-8-5 615 922 111 49 
cell-0-8-6 726 922 111 49 
cell-0-8-7 837 922 111 49 
cell-0-8-8 948 922 111 49 
cell-0-9-0 60 985 111 49 
cell-0-9-1 171 985 111 49 
cell-0-9-2 282 985 111 49 
cell-0-9-3 393 985 111 49 
cell-0-9-4 504 985 111 49 
cell-0-9-5 615 985 111 49 
cell-0-9-6 726 985 111 49 
cell-0-9-7 837 985 111 49 
cell-0-9-8 948 985 111 49 
