header-0 103 309 809 193 
row-1-1 103 309 275 40 
row-1-2 398 309 374 40 
row-2-1 103 359 308 40 
row-2-2 431 359 479 40 
row-3-1 103 409 506 40 
row-4-1 103 459 737 40 
table-1 487 988 500 326 
cell-1-0-0 487 988 55 35 
cell-1-0-1 542 988 55 35 
cell-1-0-2 597 988 55 35 
cell-1-0-3 652 988 55 35 
cell-1-0-4 707 988 55 35 
cell-1-0-5 762 988 55 35 
cell-1-0-6 817 988 55 35 
cell-1-0-7 872 988 55 35 
cell-1-0-8 927 988 55 35 
cell-1-1-0 487 1036 55 35 
cell-1-1-1 542 1036 55 35 
cell-1-1-2 597 1036 55 35 
cell-1-1-3 652 1036 55 35 
cell-1-1-4 707 1036 55 35 
cell-1-1-5 762 1036 55 35 
cell-1-1-6 817 1036 55 35 
cell-1-1-7 872 1036 55 35 
cell-1-1-8 927 1036 55 35 
cell-1-2-0 487 1084 55 35 
cell-1-2-1 542 1084 55 35 
cell-1-2-2 597 1084 55 35 
cell-1-2-3 652 1084 55 35 
cell-1-2-4 707 1084 55 35 
cell-1-2-5 762 1084 55 35 
cell-1-2-6 817 1084 55 35 
cell-1-2-7 872 1084 55 35 
cell-1-2-8 927 1084 55 35 
cell-1-3-0 487 1132 55 35 
cell-1-3-1 542 1132 55 35 
cell-1-3-2 597 1132 55 35 
cell-1-3-3 652 1132 55 35 
cell-1-3-4 707 1132 55 35 
cell-1-3-5 762 1132 55 35 
cell-1-3-6 817 1132 55 35 
cell-1-3-7 872 1132 55 35 
cell-1-3-8 927 1132 55 35 
cell-1-4-0 487 1180 55 35 
cell-1-4-1 542 1180 55 35 
cell-1-4-2 597 1180 55 35 
cell-1-4-3 652 1180 55 35 
cell-1-4-4 707 1180 55 35 
cell-1-4-5 762 1180 55 35 
cell-1-4-6 817 1180 55 35 
cell-1-4-7 872 1180 55 35 
cell-1-4-8 927 1180 55 35 
cell-1-5-0 487 1228 55 35 
cell-1-5-1 542 1228 55 35 
cell-1-5-2 597 1228 55 35 
cell-1-5-3 652 1228 55 35 
cell-1-5-4 707 1228 55 35 
cell-1-5-5 762 1228 55 35 
cell-1-5-6 817 1228 55 35 
cell-1-5-7 872 1228 55 35 
cell-1-5-8 927 1228 55 35 
cell-1-6-0 487 1276 55 35 
cell-1-6-1 542 1276 55 35 
cell-1-6-2 597 1276 55 35 
cell-1-6-3 652 1276 55 35 
cell-1-6-4 707 1276 55 35 
cell-1-6-5 762 1276 55 35 
cell-1-6-6 817 1276 55 35 
cell-1-6-7 872 1276 55 35 
cell-1-6-8 927 1276 55 35 
