table-0 647 768 273 566 
cell-0-0-0 647 768 45 35 
cell-0-0-1 692 768 45 35 
cell-0-0-2 737 768 45 35 
cell-0-0-3 782 768 45 35 
cell-0-0-4 827 768 45 35 
cell-0-0-5 872 768 45 35 
cell-0-1-0 647 812 45 35 
cell-0-1-1 692 812 45 35 
cell-0-1-2 737 812 45 35 
cell-0-1-3 782 812 45 35 
cell-0-1-4 827 812 45 35 
cell-0-1-5 872 812 45 35 
cell-0-2-0 647 856 45 35 
cell-0-2-1 692 856 45 35 
cell-0-2-2 737 856 45 35 
cell-0-2-3 782 856 45 35 
cell-0-2-4 827 856 45 35 
cell-0-2-5 872 856 45 35 
cell-0-3-0 647 900 45 35 
cell-0-3-1 692 900 45 35 
cell-0-3-2 737 900 45 35 
cell-0-3-3 782 900 45 35 
cell-0-3-4 827 900 45 35 
cell-0-3-5 872 900 45 35 
cell-0-4-0 647 944 45 35 
cell-0-4-1 692 944 45 35 
cell-0-4-2 737 944 45 35 
cell-0-4-3 782 944 45 35 
cell-0-4-4 827 944 45 35 
cell-0-4-5 872 944 45 35 
cell-0-5-0 647 988 45 35 
cell-0-5-1 692 988 45 35 
cell-0-5-2 737 988 45 35 
cell-0-5-3 782 988 45 35 
cell-0-5-4 827 988 45 35 
cell-0-5-5 872 988 45 35 
cell-0-6-0 647 1032 45 35 
cell-0-6-1 692 1032 45 35 
cell-0-6-2 737 1032 45 35 
cell-0-6-3 782 1032 45 35 
cell-0-6-4 827 1032 45 35 
cell-0-6-5 872 1032 45 35 
cell-0-7-0 647 1076 45 35 
cell-0-7-1 692 1076 45 35 
cell-0-7-2 737 1076 45 35 
cell-0-7-3 782 1076 45 35 
cell-0-7-4 827 1076 45 35 
cell-0-7-5 872 1076 45 35 
cell-0-8-0 647 1120 45 35 
cell-0-8-1 692 1120 45 35 
cell-0-8-2 737 1120 45 35 
cell-0-8-3 782 1120 45 35 
cell-0-8-4 827 1120 45 35 
cell-0-8-5 872 1120 45 35 
cell-0-9-0 647 1164 45 35 
cell-0-9-1 692 1164 45 35 
cell-0-9-2 737 1164 45 35 
cell-0-9-3 782 1164 45 35 
cell-0-9-4 827 1164 45 35 
cell-0-9-5 872 1164 45 35 
cell-0-10-0 647 1208 45 35 
cell-0-10-1 692 1208 45 35 
cell-0-10-2 737 1208 45 35 
cell-0-10-3 782 1208 45 35 
cell-0-10-4 827 1208 45 35 
cell-0-10-5 872 1208 45 35 
cell-0-11-0 647 1252 45 35 
cell-0-11-1 692 1252 45 35 
cell-0-11-2 737 1252 45 35 
cell-0-11-3 782 1252 45 35 
cell-0-11-4 827 1252 45 35 
cell-0-11-5 872 1252 45 35 
cell-0-12-0 647 1296 45 35 
cell-0-12-1 692 1296 45 35 
cell-0-12-2 737 1296 45 35 
cell-0-12-3 782 1296 45 35 
cell-0-12-4 827 1296 45 35 
cell-0-12-5 872 1296 45 35 
