table-0 60 773 1000 337 
cell-0-0-0 60 773 142 59 
cell-0-0-1 202 773 142 59 
cell-0-0-2 344 773 142 59 
cell-0-0-3 486 773 142 59 
cell-0-0-4 628 773 142 59 
cell-0-0-5 770 773 142 59 
cell-0-0-6 912 773 142 59 
cell-0-1-0 60 842 142 59 
cell-0-1-1 202 842 142 59 
cell-0-1-2 344 842 142 59 
cell-0-1-3 486 842 142 59 
cell-0-1-4 628 842 142 59 
cell-0-1-5 770 842 142 59 
cell-0-1-6 912 842 142 59 
cell-0-2-0 60 911 142 59 
cell-0-2-1 202 911 142 59 
cell-0-2-2 344 911 142 59 
cell-0-2-3 486 911 142 59 
cell-0-2-4 628 911 142 59 
cell-0-2-5 770 911 142 59 
cell-0-2-6 912 911 142 59 
cell-0-3-0 60 980 142 59 
cell-0-3-1 202 980 142 59 
cell-0-3-2 344 980 142 59 
cell-0-3-3 486 980 142 59 
cell-0-3-4 628 980 142 59 
cell-0-3-5 770 980 142 59 
cell-0-3-6 912 980 142 59 
cell-0-4-0 60 1049 142 59 
cell-0-4-1 202 1049 142 59 
cell-0-4-2 344 1049 142 59 
cell-0-4-3 486 1049 142 59 
cell-0-4-4 628 1049 142 59 
cell-0-4-5 770 1049 142 59 
cell-0-4-6 912 1049 142 59 
table-2 74 267 900 258 
cell-2-0-0 74 267 100 34 
cell-2-0-1 174 267 100 34 
cell-2-0-2 274 267 100 34 
cell-2-0-3 374 267 100 34 
cell-2-0-4 474 267 100 34 
cell-2-0-5 574 267 100 34 
cell-2-0-6 674 267 100 34 
cell-2-0-7 774 267 100 34 
cell-2-0-8 874 267 100 34 
cell-2-1-0 74 304 100 34 
cell-2-1-1 174 304 100 34 
cell-2-1-2 274 304 100 34 
cell-2-1-3 374 304 100 34 
cell-2-1-4 474 304 100 34 
cell-2-1-5 574 304 100 34 
cell-2-1-6 674 304 100 34 
cell-2-1-7 774 304 100 34 
cell-2-1-8 874 304 100 34 
cell-2-2-0 74 341 100 34 
cell-2-2-1 174 341 100 34 
cell-2-2-2 274 341 100 34 
cell-2-2-3 374 341 100 34 
cell-2-2-4 474 341 100 34 
cell-2-2-5 574 341 100 34 
cell-2-2-6 674 341 100 34 
cell-2-2-7 774 341 100 34 
cell-2-2-8 874 341 100 34 
cell-2-3-0 74 378 100 34 
cell-2-3-1 174 378 100 34 
cell-2-3-2 274 378 100 34 
cell-2-3-3 374 378 100 34 
cell-2-3-4 474 378 100 34 
cell-2-3-5 574 378 100 34 
cell-2-3-6 674 378 100 34 
cell-2-3-7 774 378 100 34 
cell-2-3-8 874 378 100 34 
cell-2-4-0 74 415 100 34 
cell-2-4-1 174 415 100 34 
cell-2-4-2 274 415 100 34 
cell-2-4-3 374 415 100 34 
cell-2-4-4 474 415 100 34 
cell-2-4-5 574 415 100 34 
cell-2-4-6 674 415 100 34 
cell-2-4-7 774 415 100 34 
cell-2-4-8 874 415 100 34 
cell-2-5-0 74 452 100 34 
cell-2-5-1 174 452 100 34 
cell-2-5-2 274 452 100 34 
cell-2-5-3 374 452 100 34 
cell-2-5-4 474 452 100 34 
cell-2-5-5 574 452 100 34 
cell-2-5-6 674 452 100 34 
cell-2-5-7 774 452 100 34 
cell-2-5-8 874 452 100 34 
cell-2-6-0 74 489 100 34 
cell-2-6-1 174 489 100 34 
cell-2-6-2 274 489 100 34 
cell-2-6-3 374 489 100 34 
cell-2-6-4 474 489 100 34 
cell-2-6-5 574 489 100 34 
cell-2-6-6 674 489 100 34 
cell-2-6-7 774 489 100 34 
cell-2-6-8 874 489 100 34 
