table-0 108 791 628 504 
cell-0-0-0 108 791 43 41 
cell-0-0-1 151 791 43 41 
cell-0-0-2 194 791 43 41 
cell-0-0-3 237 791 43 41 
cell-0-0-4 280 791 43 41 
cell-0-0-5 323 791 43 41 
cell-0-0-6 366 791 370 41 
cell-0-1-0 108 833 43 41 
cell-0-1-1 151 833 43 41 
cell-0-1-2 194 833 43 41 
cell-0-1-3 237 833 43 41 
cell-0-1-4 280 833 43 41 
cell-0-1-5 323 833 43 41 
cell-0-1-6 366 833 370 41 
cell-0-2-0 108 875 43 41 
cell-0-2-1 151 875 43 41 
cell-0-2-2 194 875 43 41 
cell-0-2-3 237 875 43 41 
cell-0-2-4 280 875 43 41 
cell-0-2-5 323 875 43 41 
cell-0-2-6 366 875 370 41 
cell-0-3-0 108 917 43 41 
cell-0-3-1 151 917 43 41 
cell-0-3-2 194 917 43 41 
cell-0-3-3 237 917 43 41 
cell-0-3-4 280 917 43 41 
cell-0-3-5 323 917 43 41 
cell-0-3-6 366 917 370 41 
cell-0-4-0 108 959 43 41 
cell-0-4-1 151 959 43 41 
cell-0-4-2 194 959 43 41 
cell-0-4-3 237 959 43 41 
cell-0-4-4 280 959 43 41 
cell-0-4-5 323 959 43 41 
cell-0-4-6 366 959 370 41 
cell-0-5-0 108 1001 43 41 
cell-0-5-1 151 1001 43 41 
cell-0-5-2 194 1001 43 41 
cell-0-5-3 237 1001 43 41 
cell-0-5-4 280 1001 43 41 
cell-0-5-5 323 1001 43 41 
cell-0-5-6 366 1001 370 41 
cell-0-6-0 108 1043 43 41 
cell-0-6-1 151 1043 43 41 
cell-0-6-2 194 1043 43 41 
cell-0-6-3 237 1043 43 41 
cell-0-6-4 280 1043 43 41 
cell-0-6-5 323 1043 43 41 
cell-0-6-6 366 1043 370 41 
cell-0-7-0 108 1085 43 41 
cell-0-7-1 151 1085 43 41 
cell-0-7-2 194 1085 43 41 
cell-0-7-3 237 1085 43 41 
cell-0-7-4 280 1085 43 41 
cell-0-7-5 323 1085 43 41 
cell-0-7-6 366 1085 370 41 
cell-0-8-0 108 1127 43 41 
cell-0-8-1 151 1127 43 41 
cell-0-8-2 194 1127 43 41 
cell-0-8-3 237 1127 43 41 
cell-0-8-4 280 1127 43 41 
cell-0-8-5 323 1127 43 41 
cell-0-8-6 366 1127 370 41 
cell-0-9-0 108 1169 43 41 
cell-0-9-1 151 1169 43 41 
cell-0-9-2 194 1169 43 41 
cell-0-9-3 237 1169 43 41 
cell-0-9-4 280 1169 43 41 
cell-0-9-5 323 1169 43 41 
cell-0-9-6 366 1169 370 41 
cell-0-10-0 108 1211 43 41 
cell-0-10-1 151 1211 43 41 
cell-0-10-2 194 1211 43 41 
cell-0-10-3 237 1211 43 41 
cell-0-10-4 280 1211 43 41 
cell-0-10-5 323 1211 43 41 
cell-0-10-6 366 1211 370 41 
cell-0-11-0 108 1253 43 41 
cell-0-11-1 151 1253 43 41 
cell-0-11-2 194 1253 43 41 
cell-0-11-3 237 1253 43 41 
cell-0-11-4 280 1253 43 41 
cell-0-11-5 323 1253 43 41 
cell-0-11-6 366 1253 370 41 
