table-0 67 867 900 436 
cell-0-0-0 67 867 128 60 
cell-0-0-1 195 867 128 60 
cell-0-0-2 323 867 128 60 
cell-0-0-3 451 867 128 60 
cell-0-0-4 579 867 128 60 
cell-0-0-5 707 867 128 60 
cell-0-0-6 835 867 128 60 
cell-0-1-0 67 942 128 60 
cell-0-1-1 195 942 128 60 
cell-0-1-2 323 942 128 60 
cell-0-1-3 451 942 128 60 
cell-0-1-4 579 942 128 60 
cell-0-1-5 707 942 128 60 
cell-0-1-6 835 942 128 60 
cell-0-2-0 67 1017 128 60 
cell-0-2-1 195 1017 128 60 
cell-0-2-2 323 1017 128 60 
cell-0-2-3 451 1017 128 60 
cell-0-2-4 579 1017 128 60 
cell-0-2-5 707 1017 128 60 
cell-0-2-6 835 1017 128 60 
cell-0-3-0 67 1092 128 60 
cell-0-3-1 195 1092 128 60 
cell-0-3-2 323 1092 128 60 
cell-0-3-3 451 1092 128 60 
cell-0-3-4 579 1092 128 60 
cell-0-3-5 707 1092 128 60 
cell-0-3-6 835 1092 128 60 
cell-0-4-0 67 1167 128 60 
cell-0-4-1 195 1167 128 60 
cell-0-4-2 323 1167 128 60 
cell-0-4-3 451 1167 128 60 
cell-0-4-4 579 1167 128 60 
cell-0-4-5 707 1167 128 60 
cell-0-4-6 835 1167 128 60 
cell-0-5-0 67 1242 128 60 
cell-0-5-1 195 1242 128 60 
cell-0-5-2 323 1242 128 60 
cell-0-5-3 451 1242 128 60 
cell-0-5-4 579 1242 128 60 
cell-0-5-5 707 1242 128 60 
cell-0-5-6 835 1242 128 60 
