header-0 242 871 795 193 
row-1-1 242 871 320 40 
row-1-2 582 871 386 40 
row-2-1 242 921 320 40 
row-2-2 582 921 451 40 
row-3-1 242 971 617 40 
row-4-1 242 1021 749 40 
table-2 598 174 228 423 
cell-2-0-0 598 174 45 35 
cell-2-0-1 643 174 45 35 
cell-2-0-2 688 174 45 35 
cell-2-0-3 733 174 45 35 
cell-2-0-4 778 174 45 35 
cell-2-1-0 598 209 45 35 
cell-2-1-1 643 209 45 35 
cell-2-1-2 688 209 45 35 
cell-2-1-3 733 209 45 35 
cell-2-1-4 778 209 45 35 
cell-2-2-0 598 244 45 35 
cell-2-2-1 643 244 45 35 
cell-2-2-2 688 244 45 35 
cell-2-2-3 733 244 45 35 
cell-2-2-4 778 244 45 35 
cell-2-3-0 598 279 45 35 
cell-2-3-1 643 279 45 35 
cell-2-3-2 688 279 45 35 
cell-2-3-3 733 279 45 35 
cell-2-3-4 778 279 45 35 
cell-2-4-0 598 314 45 35 
cell-2-4-1 643 314 45 35 
cell-2-4-2 688 314 45 35 
cell-2-4-3 733 314 45 35 
cell-2-4-4 778 314 45 35 
cell-2-5-0 598 349 45 35 
cell-2-5-1 643 349 45 35 
cell-2-5-2 688 349 45 35 
cell-2-5-3 733 349 45 35 
cell-2-5-4 778 349 45 35 
cell-2-6-0 598 384 45 35 
cell-2-6-1 643 384 45 35 
cell-2-6-2 688 384 45 35 
cell-2-6-3 733 384 45 35 
cell-2-6-4 778 384 45 35 
cell-2-7-0 598 419 45 35 
cell-2-7-1 643 419 45 35 
cell-2-7-2 688 419 45 35 
cell-2-7-3 733 419 45 35 
cell-2-7-4 778 419 45 35 
cell-2-8-0 598 454 45 35 
cell-2-8-1 643 454 45 35 
cell-2-8-2 688 454 45 35 
cell-2-8-3 733 454 45 35 
cell-2-8-4 778 454 45 35 
cell-2-9-0 598 489 45 35 
cell-2-9-1 643 489 45 35 
cell-2-9-2 688 489 45 35 
cell-2-9-3 733 489 45 35 
cell-2-9-4 778 489 45 35 
cell-2-10-0 598 524 45 35 
cell-2-10-1 643 524 45 35 
cell-2-10-2 688 524 45 35 
cell-2-10-3 733 524 45 35 
cell-2-10-4 778 524 45 35 
cell-2-11-0 598 559 45 35 
cell-2-11-1 643 559 45 35 
cell-2-11-2 688 559 45 35 
cell-2-11-3 733 559 45 35 
cell-2-11-4 778 559 45 35 
