table-0 587 522 228 506 
cell-0-0-0 587 522 45 35 
cell-0-0-1 632 522 45 35 
cell-0-0-2 677 522 45 35 
cell-0-0-3 722 522 45 35 
cell-0-0-4 767 522 45 35 
cell-0-1-0 587 558 45 35 
cell-0-1-1 632 558 45 35 
cell-0-1-2 677 558 45 35 
cell-0-1-3 722 558 45 35 
cell-0-1-4 767 558 45 35 
cell-0-2-0 587 594 45 35 
cell-0-2-1 632 594 45 35 
cell-0-2-2 677 594 45 35 
cell-0-2-3 722 594 45 35 
cell-0-2-4 767 594 45 35 
cell-0-3-0 587 630 45 35 
cell-0-3-1 632 630 45 35 
cell-0-3-2 677 630 45 35 
cell-0-3-3 722 630 45 35 
cell-0-3-4 767 630 45 35 
cell-0-4-0 587 666 45 35 
cell-0-4-1 632 666 45 35 
cell-0-4-2 677 666 45 35 
cell-0-4-3 722 666 45 35 
cell-0-4-4 767 666 45 35 
cell-0-5-0 587 702 45 35 
cell-0-5-1 632 702 45 35 
cell-0-5-2 677 702 45 35 
cell-0-5-3 722 702 45 35 
cell-0-5-4 767 702 45 35 
cell-0-6-0 587 738 45 35 
cell-0-6-1 632 738 45 35 
cell-0-6-2 677 738 45 35 
cell-0-6-3 722 738 45 35 
cell-0-6-4 767 738 45 35 
cell-0-7-0 587 774 45 35 
cell-0-7-1 632 774 45 35 
cell-0-7-2 677 774 45 35 
cell-0-7-3 722 774 45 35 
cell-0-7-4 767 774 45 35 
cell-0-8-0 587 810 45 35 
cell-0-8-1 632 810 45 35 
cell-0-8-2 677 810 45 35 
cell-0-8-3 722 810 45 35 
cell-0-8-4 767 810 45 35 
cell-0-9-0 587 846 45 35 
cell-0-9-1 632 846 45 35 
cell-0-9-2 677 846 45 35 
cell-0-9-3 722 846 45 35 
cell-0-9-4 767 846 45 35 
cell-0-10-0 587 882 45 35 
cell-0-10-1 632 882 45 35 
cell-0-10-2 677 882 45 35 
cell-0-10-3 722 882 45 35 
cell-0-10-4 767 882 45 35 
cell-0-11-0 587 918 45 35 
cell-0-11-1 632 918 45 35 
cell-0-11-2 677 918 45 35 
cell-0-11-3 722 918 45 35 
cell-0-11-4 767 918 45 35 
cell-0-12-0 587 954 45 35 
cell-0-12-1 632 954 45 35 
cell-0-12-2 677 954 45 35 
cell-0-12-3 722 954 45 35 
cell-0-12-4 767 954 45 35 
cell-0-13-0 587 990 45 35 
cell-0-13-1 632 990 45 35 
cell-0-13-2 677 990 45 35 
cell-0-13-3 722 990 45 35 
cell-0-13-4 767 990 45 35 
