table-0 345 824 626 506 
cell-0-0-0 345 824 45 43 
cell-0-0-1 390 824 45 43 
cell-0-0-2 435 824 45 43 
cell-0-0-3 480 824 45 43 
cell-0-0-4 525 824 444 43 
cell-0-1-0 345 870 45 43 
cell-0-1-1 390 870 45 43 
cell-0-1-2 435 870 45 43 
cell-0-1-3 480 870 45 43 
cell-0-1-4 525 870 444 43 
cell-0-2-0 345 916 45 43 
cell-0-2-1 390 916 45 43 
cell-0-2-2 435 916 45 43 
cell-0-2-3 480 916 45 43 
cell-0-2-4 525 916 444 43 
cell-0-3-0 345 962 45 43 
cell-0-3-1 390 962 45 43 
cell-0-3-2 435 962 45 43 
cell-0-3-3 480 962 45 43 
cell-0-3-4 525 962 444 43 
cell-0-4-0 345 1008 45 43 
cell-0-4-1 390 1008 45 43 
cell-0-4-2 435 1008 45 43 
cell-0-4-3 480 1008 45 43 
cell-0-4-4 525 1008 444 43 
cell-0-5-0 345 1054 45 43 
cell-0-5-1 390 1054 45 43 
cell-0-5-2 435 1054 45 43 
cell-0-5-3 480 1054 45 43 
cell-0-5-4 525 1054 444 43 
cell-0-6-0 345 1100 45 43 
cell-0-6-1 390 1100 45 43 
cell-0-6-2 435 1100 45 43 
cell-0-6-3 480 1100 45 43 
cell-0-6-4 525 1100 444 43 
cell-0-7-0 345 1146 45 43 
cell-0-7-1 390 1146 45 43 
cell-0-7-2 435 1146 45 43 
cell-0-7-3 480 1146 45 43 
cell-0-7-4 525 1146 444 43 
cell-0-8-0 345 1192 45 43 
cell-0-8-1 390 1192 45 43 
cell-0-8-2 435 1192 45 43 
cell-0-8-3 480 1192 45 43 
cell-0-8-4 525 1192 444 43 
cell-0-9-0 345 1238 45 43 
cell-0-9-1 390 1238 45 43 
cell-0-9-2 435 1238 45 43 
cell-0-9-3 480 1238 45 43 
cell-0-9-4 525 1238 444 43 
cell-0-10-0 345 1284 45 43 
cell-0-10-1 390 1284 45 43 
cell-0-10-2 435 1284 45 43 
cell-0-10-3 480 1284 45 43 
cell-0-10-4 525 1284 444 43 
header-3 194 85 784 195 
row-1-1 194 85 326 41 
row-1-2 540 85 359 41 
row-2-1 194 136 293 41 
row-2-2 507 136 459 41 
row-3-1 194 187 623 41 
row-4-1 194 238 788 41 
