table-0 229 793 660 193 
cell-0-1-0 229 793 36 35 
cell-0-1-1 268 793 36 35 
cell-0-1-2 307 793 36 35 
cell-0-1-3 346 793 36 35 
cell-0-1-4 385 793 36 35 
cell-0-1-5 424 793 36 35 
cell-0-1-6 463 793 36 35 
cell-0-1-7 502 793 36 35 
cell-0-1-8 541 793 36 35 
cell-0-1-9 580 793 36 35 
cell-0-1-10 619 793 36 35 
cell-0-1-11 658 793 36 35 
cell-0-1-12 697 793 36 35 
cell-0-1-13 736 793 36 35 
cell-0-1-14 775 793 36 35 
cell-0-1-15 814 793 36 35 
cell-0-1-16 853 793 36 35 
cell-0-2-0 229 832 36 35 
cell-0-2-1 268 832 36 35 
cell-0-2-2 307 832 36 35 
cell-0-2-3 346 832 36 35 
cell-0-2-4 385 832 36 35 
cell-0-2-5 424 832 36 35 
cell-0-2-6 463 832 36 35 
cell-0-2-7 502 832 36 35 
cell-0-2-8 541 832 36 35 
cell-0-2-9 580 832 36 35 
cell-0-2-10 619 832 36 35 
cell-0-2-11 658 832 36 35 
cell-0-2-12 697 832 36 35 
cell-0-2-13 736 832 36 35 
cell-0-2-14 775 832 36 35 
cell-0-2-15 814 832 36 35 
cell-0-2-16 853 832 36 35 
cell-0-3-0 229 871 36 35 
cell-0-3-1 268 871 36 35 
cell-0-3-2 307 871 36 35 
cell-0-3-3 346 871 36 35 
cell-0-3-4 385 871 36 35 
cell-0-3-5 424 871 36 35 
cell-0-3-6 463 871 36 35 
cell-0-3-7 502 871 36 35 
cell-0-3-8 541 871 36 35 
cell-0-3-9 580 871 36 35 
cell-0-3-10 619 871 36 35 
cell-0-3-11 658 871 36 35 
cell-0-3-12 697 871 36 35 
cell-0-3-13 736 871 36 35 
cell-0-3-14 775 871 36 35 
cell-0-3-15 814 871 36 35 
cell-0-3-16 853 871 36 35 
cell-0-4-0 229 910 36 35 
cell-0-4-1 268 910 36 35 
cell-0-4-2 307 910 36 35 
cell-0-4-3 346 910 36 35 
cell-0-4-4 385 910 36 35 
cell-0-4-5 424 910 36 35 
cell-0-4-6 463 910 36 35 
cell-0-4-7 502 910 36 35 
cell-0-4-8 541 910 36 35 
cell-0-4-9 580 910 36 35 
cell-0-4-10 619 910 36 35 
cell-0-4-11 658 910 36 35 
cell-0-4-12 697 910 36 35 
cell-0-4-13 736 910 36 35 
cell-0-4-14 775 910 36 35 
cell-0-4-15 814 910 36 35 
cell-0-4-16 853 910 36 35 
cell-0-5-0 229 949 36 35 
cell-0-5-1 268 949 36 35 
cell-0-5-2 307 949 36 35 
cell-0-5-3 346 949 36 35 
cell-0-5-4 385 949 36 35 
cell-0-5-5 424 949 36 35 
cell-0-5-6 463 949 36 35 
cell-0-5-7 502 949 36 35 
cell-0-5-8 541 949 36 35 
cell-0-5-9 580 949 36 35 
cell-0-5-10 619 949 36 35 
cell-0-5-11 658 949 36 35 
cell-0-5-12 697 949 36 35 
cell-0-5-13 736 949 36 35 
cell-0-5-14 775 949 36 35 
cell-0-5-15 814 949 36 35 
cell-0-5-16 853 949 36 35 
table-3 224 426 777 227 
cell-3-1-0 224 426 36 35 
cell-3-1-1 263 426 36 35 
cell-3-1-2 302 426 36 35 
cell-3-1-3 341 426 36 35 
cell-3-1-4 380 426 36 35 
cell-3-1-5 419 426 36 35 
cell-3-1-6 458 426 36 35 
cell-3-1-7 497 426 36 35 
cell-3-1-8 536 426 36 35 
cell-3-1-9 575 426 36 35 
cell-3-1-10 614 426 36 35 
cell-3-1-11 653 426 36 35 
cell-3-1-12 692 426 36 35 
cell-3-1-13 731 426 36 35 
cell-3-1-14 770 426 36 35 
cell-3-1-15 809 426 36 35 
cell-3-1-16 848 426 36 35 
cell-3-1-17 887 426 36 35 
cell-3-1-18 926 426 36 35 
cell-3-1-19 965 426 36 35 
cell-3-2-0 224 464 36 35 
cell-3-2-1 263 464 36 35 
cell-3-2-2 302 464 36 35 
cell-3-2-3 341 464 36 35 
cell-3-2-4 380 464 36 35 
cell-3-2-5 419 464 36 35 
cell-3-2-6 458 464 36 35 
cell-3-2-7 497 464 36 35 
cell-3-2-8 536 464 36 35 
cell-3-2-9 575 464 36 35 
cell-3-2-10 614 464 36 35 
cell-3-2-11 653 464 36 35 
cell-3-2-12 692 464 36 35 
cell-3-2-13 731 464 36 35 
cell-3-2-14 770 464 36 35 
cell-3-2-15 809 464 36 35 
cell-3-2-16 848 464 36 35 
cell-3-2-17 887 464 36 35 
cell-3-2-18 926 464 36 35 
cell-3-2-19 965 464 36 35 
cell-3-3-0 224 502 36 35 
cell-3-3-1 263 502 36 35 
cell-3-3-2 302 502 36 35 
cell-3-3-3 341 502 36 35 
cell-3-3-4 380 502 36 35 
cell-3-3-5 419 502 36 35 
cell-3-3-6 458 502 36 35 
cell-3-3-7 497 502 36 35 
cell-3-3-8 536 502 36 35 
cell-3-3-9 575 502 36 35 
cell-3-3-10 614 502 36 35 
cell-3-3-11 653 502 36 35 
cell-3-3-12 692 502 36 35 
cell-3-3-13 731 502 36 35 
cell-3-3-14 770 502 36 35 
cell-3-3-15 809 502 36 35 
cell-3-3-16 848 502 36 35 
cell-3-3-17 887 502 36 35 
cell-3-3-18 926 502 36 35 
cell-3-3-19 965 502 36 35 
cell-3-4-0 224 540 36 35 
cell-3-4-1 263 540 36 35 
cell-3-4-2 302 540 36 35 
cell-3-4-3 341 540 36 35 
cell-3-4-4 380 540 36 35 
cell-3-4-5 419 540 36 35 
cell-3-4-6 458 540 36 35 
cell-3-4-7 497 540 36 35 
cell-3-4-8 536 540 36 35 
cell-3-4-9 575 540 36 35 
cell-3-4-10 614 540 36 35 
cell-3-4-11 653 540 36 35 
cell-3-4-12 692 540 36 35 
cell-3-4-13 731 540 36 35 
cell-3-4-14 770 540 36 35 
cell-3-4-15 809 540 36 35 
cell-3-4-16 848 540 36 35 
cell-3-4-17 887 540 36 35 
cell-3-4-18 926 540 36 35 
cell-3-4-19 965 540 36 35 
cell-3-5-0 224 578 36 35 
cell-3-5-1 263 578 36 35 
cell-3-5-2 302 578 36 35 
cell-3-5-3 341 578 36 35 
cell-3-5-4 380 578 36 35 
cell-3-5-5 419 578 36 35 
cell-3-5-6 458 578 36 35 
cell-3-5-7 497 578 36 35 
cell-3-5-8 536 578 36 35 
cell-3-5-9 575 578 36 35 
cell-3-5-10 614 578 36 35 
cell-3-5-11 653 578 36 35 
cell-3-5-12 692 578 36 35 
cell-3-5-13 731 578 36 35 
cell-3-5-14 770 578 36 35 
cell-3-5-15 809 578 36 35 
cell-3-5-16 848 578 36 35 
cell-3-5-17 887 578 36 35 
cell-3-5-18 926 578 36 35 
cell-3-5-19 965 578 36 35 
cell-3-6-0 224 616 36 35 
cell-3-6-1 263 616 36 35 
cell-3-6-2 302 616 36 35 
cell-3-6-3 341 616 36 35 
cell-3-6-4 380 616 36 35 
cell-3-6-5 419 616 36 35 
cell-3-6-6 458 616 36 35 
cell-3-6-7 497 616 36 35 
cell-3-6-8 536 616 36 35 
cell-3-6-9 575 616 36 35 
cell-3-6-10 614 616 36 35 
cell-3-6-11 653 616 36 35 
cell-3-6-12 692 616 36 35 
cell-3-6-13 731 616 36 35 
cell-3-6-14 770 616 36 35 
cell-3-6-15 809 616 36 35 
cell-3-6-16 848 616 36 35 
cell-3-6-17 887 616 36 35 
cell-3-6-18 926 616 36 35 
cell-3-6-19 965 616 36 35 
