table-0 77 1076 653 350 
cell-0-1-0 77 1076 38 35 
cell-0-1-1 118 1076 38 35 
cell-0-1-2 159 1076 38 35 
cell-0-1-3 200 1076 38 35 
cell-0-1-4 241 1076 38 35 
cell-0-1-5 282 1076 38 35 
cell-0-1-6 323 1076 38 35 
cell-0-1-7 364 1076 38 35 
cell-0-1-8 405 1076 38 35 
cell-0-1-9 446 1076 38 35 
cell-0-1-10 487 1076 38 35 
cell-0-1-11 528 1076 38 35 
cell-0-1-12 569 1076 38 35 
cell-0-1-13 610 1076 38 35 
cell-0-1-14 651 1076 38 35 
cell-0-1-15 692 1076 38 35 
cell-0-2-0 77 1115 38 35 
cell-0-2-1 118 1115 38 35 
cell-0-2-2 159 1115 38 35 
cell-0-2-3 200 1115 38 35 
cell-0-2-4 241 1115 38 35 
cell-0-2-5 282 1115 38 35 
cell-0-2-6 323 1115 38 35 
cell-0-2-7 364 1115 38 35 
cell-0-2-8 405 1115 38 35 
cell-0-2-9 446 1115 38 35 
cell-0-2-10 487 1115 38 35 
cell-0-2-11 528 1115 38 35 
cell-0-2-12 569 1115 38 35 
cell-0-2-13 610 1115 38 35 
cell-0-2-14 651 1115 38 35 
cell-0-2-15 692 1115 38 35 
cell-0-3-0 77 1154 38 35 
cell-0-3-1 118 1154 38 35 
cell-0-3-2 159 1154 38 35 
cell-0-3-3 200 1154 38 35 
cell-0-3-4 241 1154 38 35 
cell-0-3-5 282 1154 38 35 
cell-0-3-6 323 1154 38 35 
cell-0-3-7 364 1154 38 35 
cell-0-3-8 405 1154 38 35 
cell-0-3-9 446 1154 38 35 
cell-0-3-10 487 1154 38 35 
cell-0-3-11 528 1154 38 35 
cell-0-3-12 569 1154 38 35 
cell-0-3-13 610 1154 38 35 
cell-0-3-14 651 1154 38 35 
cell-0-3-15 692 1154 38 35 
cell-0-4-0 77 1193 38 35 
cell-0-4-1 118 1193 38 35 
cell-0-4-2 159 1193 38 35 
cell-0-4-3 200 1193 38 35 
cell-0-4-4 241 1193 38 35 
cell-0-4-5 282 1193 38 35 
cell-0-4-6 323 1193 38 35 
cell-0-4-7 364 1193 38 35 
cell-0-4-8 405 1193 38 35 
cell-0-4-9 446 1193 38 35 
cell-0-4-10 487 1193 38 35 
cell-0-4-11 528 1193 38 35 
cell-0-4-12 569 1193 38 35 
cell-0-4-13 610 1193 38 35 
cell-0-4-14 651 1193 38 35 
cell-0-4-15 692 1193 38 35 
cell-0-5-0 77 1232 38 35 
cell-0-5-1 118 1232 38 35 
cell-0-5-2 159 1232 38 35 
cell-0-5-3 200 1232 38 35 
cell-0-5-4 241 1232 38 35 
cell-0-5-5 282 1232 38 35 
cell-0-5-6 323 1232 38 35 
cell-0-5-7 364 1232 38 35 
cell-0-5-8 405 1232 38 35 
cell-0-5-9 446 1232 38 35 
cell-0-5-10 487 1232 38 35 
cell-0-5-11 528 1232 38 35 
cell-0-5-12 569 1232 38 35 
cell-0-5-13 610 1232 38 35 
cell-0-5-14 651 1232 38 35 
cell-0-5-15 692 1232 38 35 
cell-0-6-0 77 1271 38 35 
cell-0-6-1 118 1271 38 35 
cell-0-6-2 159 1271 38 35 
cell-0-6-3 200 1271 38 35 
cell-0-6-4 241 1271 38 35 
cell-0-6-5 282 1271 38 35 
cell-0-6-6 323 1271 38 35 
cell-0-6-7 364 1271 38 35 
cell-0-6-8 405 1271 38 35 
cell-0-6-9 446 1271 38 35 
cell-0-6-10 487 1271 38 35 
cell-0-6-11 528 1271 38 35 
cell-0-6-12 569 1271 38 35 
cell-0-6-13 610 1271 38 35 
cell-0-6-14 651 1271 38 35 
cell-0-6-15 692 1271 38 35 
cell-0-7-0 77 1310 38 35 
cell-0-7-1 118 1310 38 35 
cell-0-7-2 159 1310 38 35 
cell-0-7-3 200 1310 38 35 
cell-0-7-4 241 1310 38 35 
cell-0-7-5 282 1310 38 35 
cell-0-7-6 323 1310 38 35 
cell-0-7-7 364 1310 38 35 
cell-0-7-8 405 1310 38 35 
cell-0-7-9 446 1310 38 35 
cell-0-7-10 487 1310 38 35 
cell-0-7-11 528 1310 38 35 
cell-0-7-12 569 1310 38 35 
cell-0-7-13 610 1310 38 35 
cell-0-7-14 651 1310 38 35 
cell-0-7-15 692 1310 38 35 
cell-0-8-0 77 1349 38 35 
cell-0-8-1 118 1349 38 35 
cell-0-8-2 159 1349 38 35 
cell-0-8-3 200 1349 38 35 
cell-0-8-4 241 1349 38 35 
cell-0-8-5 282 1349 38 35 
cell-0-8-6 323 1349 38 35 
cell-0-8-7 364 1349 38 35 
cell-0-8-8 405 1349 38 35 
cell-0-8-9 446 1349 38 35 
cell-0-8-10 487 1349 38 35 
cell-0-8-11 528 1349 38 35 
cell-0-8-12 569 1349 38 35 
cell-0-8-13 610 1349 38 35 
cell-0-8-14 651 1349 38 35 
cell-0-8-15 692 1349 38 35 
cell-0-9-0 77 1388 38 35 
cell-0-9-1 118 1388 38 35 
cell-0-9-2 159 1388 38 35 
cell-0-9-3 200 1388 38 35 
cell-0-9-4 241 1388 38 35 
cell-0-9-5 282 1388 38 35 
cell-0-9-6 323 1388 38 35 
cell-0-9-7 364 1388 38 35 
cell-0-9-8 405 1388 38 35 
cell-0-9-9 446 1388 38 35 
cell-0-9-10 487 1388 38 35 
cell-0-9-11 528 1388 38 35 
cell-0-9-12 569 1388 38 35 
cell-0-9-13 610 1388 38 35 
cell-0-9-14 651 1388 38 35 
cell-0-9-15 692 1388 38 35 
table-3 164 375 667 581 
cell-3-0-0 164 375 43 41 
cell-3-0-1 207 375 43 41 
cell-3-0-2 250 375 43 41 
cell-3-0-3 293 375 43 41 
cell-3-0-4 336 375 43 41 
cell-3-0-5 379 375 43 41 
cell-3-0-6 422 375 409 41 
cell-3-1-0 164 424 43 41 
cell-3-1-1 207 424 43 41 
cell-3-1-2 250 424 43 41 
cell-3-1-3 293 424 43 41 
cell-3-1-4 336 424 43 41 
cell-3-1-5 379 424 43 41 
cell-3-1-6 422 424 409 41 
cell-3-2-0 164 473 43 41 
cell-3-2-1 207 473 43 41 
cell-3-2-2 250 473 43 41 
cell-3-2-3 293 473 43 41 
cell-3-2-4 336 473 43 41 
cell-3-2-5 379 473 43 41 
cell-3-2-6 422 473 409 41 
cell-3-3-0 164 522 43 41 
cell-3-3-1 207 522 43 41 
cell-3-3-2 250 522 43 41 
cell-3-3-3 293 522 43 41 
cell-3-3-4 336 522 43 41 
cell-3-3-5 379 522 43 41 
cell-3-3-6 422 522 409 41 
cell-3-4-0 164 571 43 41 
cell-3-4-1 207 571 43 41 
cell-3-4-2 250 571 43 41 
cell-3-4-3 293 571 43 41 
cell-3-4-4 336 571 43 41 
cell-3-4-5 379 571 43 41 
cell-3-4-6 422 571 409 41 
cell-3-5-0 164 620 43 41 
cell-3-5-1 207 620 43 41 
cell-3-5-2 250 620 43 41 
cell-3-5-3 293 620 43 41 
cell-3-5-4 336 620 43 41 
cell-3-5-5 379 620 43 41 
cell-3-5-6 422 620 409 41 
cell-3-6-0 164 669 43 41 
cell-3-6-1 207 669 43 41 
cell-3-6-2 250 669 43 41 
cell-3-6-3 293 669 43 41 
cell-3-6-4 336 669 43 41 
cell-3-6-5 379 669 43 41 
cell-3-6-6 422 669 409 41 
cell-3-7-0 164 718 43 41 
cell-3-7-1 207 718 43 41 
cell-3-7-2 250 718 43 41 
cell-3-7-3 293 718 43 41 
cell-3-7-4 336 718 43 41 
cell-3-7-5 379 718 43 41 
cell-3-7-6 422 718 409 41 
cell-3-8-0 164 767 43 41 
cell-3-8-1 207 767 43 41 
cell-3-8-2 250 767 43 41 
cell-3-8-3 293 767 43 41 
cell-3-8-4 336 767 43 41 
cell-3-8-5 379 767 43 41 
cell-3-8-6 422 767 409 41 
cell-3-9-0 164 816 43 41 
cell-3-9-1 207 816 43 41 
cell-3-9-2 250 816 43 41 
cell-3-9-3 293 816 43 41 
cell-3-9-4 336 816 43 41 
cell-3-9-5 379 816 43 41 
cell-3-9-6 422 816 409 41 
cell-3-10-0 164 865 43 41 
cell-3-10-1 207 865 43 41 
cell-3-10-2 250 865 43 41 
cell-3-10-3 293 865 43 41 
cell-3-10-4 336 865 43 41 
cell-3-10-5 379 865 43 41 
cell-3-10-6 422 865 409 41 
cell-3-11-0 164 914 43 41 
cell-3-11-1 207 914 43 41 
cell-3-11-2 250 914 43 41 
cell-3-11-3 293 914 43 41 
cell-3-11-4 336 914 43 41 
cell-3-11-5 379 914 43 41 
cell-3-11-6 422 914 409 41 
