table-0 98 203 222 597 
cell-0-0-0 98 203 44 35 
cell-0-0-1 142 203 44 35 
cell-0-0-2 186 203 44 35 
cell-0-0-3 230 203 44 35 
cell-0-0-4 274 203 44 35 
cell-0-1-0 98 243 44 35 
cell-0-1-1 142 243 44 35 
cell-0-1-2 186 243 44 35 
cell-0-1-3 230 243 44 35 
cell-0-1-4 274 243 44 35 
cell-0-2-0 98 283 44 35 
cell-0-2-1 142 283 44 35 
cell-0-2-2 186 283 44 35 
cell-0-2-3 230 283 44 35 
cell-0-2-4 274 283 44 35 
cell-0-3-0 98 323 44 35 
cell-0-3-1 142 323 44 35 
cell-0-3-2 186 323 44 35 
cell-0-3-3 230 323 44 35 
cell-0-3-4 274 323 44 35 
cell-0-4-0 98 363 44 35 
cell-0-4-1 142 363 44 35 
cell-0-4-2 186 363 44 35 
cell-0-4-3 230 363 44 35 
cell-0-4-4 274 363 44 35 
cell-0-5-0 98 403 44 35 
cell-0-5-1 142 403 44 35 
cell-0-5-2 186 403 44 35 
cell-0-5-3 230 403 44 35 
cell-0-5-4 274 403 44 35 
cell-0-6-0 98 443 44 35 
cell-0-6-1 142 443 44 35 
cell-0-6-2 186 443 44 35 
cell-0-6-3 230 443 44 35 
cell-0-6-4 274 443 44 35 
cell-0-7-0 98 483 44 35 
cell-0-7-1 142 483 44 35 
cell-0-7-2 186 483 44 35 
cell-0-7-3 230 483 44 35 
cell-0-7-4 274 483 44 35 
cell-0-8-0 98 523 44 35 
cell-0-8-1 142 523 44 35 
cell-0-8-2 186 523 44 35 
cell-0-8-3 230 523 44 35 
cell-0-8-4 274 523 44 35 
cell-0-9-0 98 563 44 35 
cell-0-9-1 142 563 44 35 
cell-0-9-2 186 563 44 35 
cell-0-9-3 230 563 44 35 
cell-0-9-4 274 563 44 35 
cell-0-10-0 98 603 44 35 
cell-0-10-1 142 603 44 35 
cell-0-10-2 186 603 44 35 
cell-0-10-3 230 603 44 35 
cell-0-10-4 274 603 44 35 
cell-0-11-0 98 643 44 35 
cell-0-11-1 142 643 44 35 
cell-0-11-2 186 643 44 35 
cell-0-11-3 230 643 44 35 
cell-0-11-4 274 643 44 35 
cell-0-12-0 98 683 44 35 
cell-0-12-1 142 683 44 35 
cell-0-12-2 186 683 44 35 
cell-0-12-3 230 683 44 35 
cell-0-12-4 274 683 44 35 
cell-0-13-0 98 723 44 35 
cell-0-13-1 142 723 44 35 
cell-0-13-2 186 723 44 35 
cell-0-13-3 230 723 44 35 
cell-0-13-4 274 723 44 35 
cell-0-14-0 98 763 44 35 
cell-0-14-1 142 763 44 35 
cell-0-14-2 186 763 44 35 
cell-0-14-3 230 763 44 35 
cell-0-14-4 274 763 44 35 
header-1 271 1246 727 195 
row-1-1 271 1246 360 41 
row-1-2 651 1246 294 41 
row-2-1 271 1297 261 41 
row-2-2 552 1297 421 41 
row-3-1 271 1348 492 41 
row-4-1 271 1399 723 41 
