table-0 358 523 654 627 
cell-0-0-0 358 523 43 42 
cell-0-0-1 401 523 43 42 
cell-0-0-2 444 523 43 42 
cell-0-0-3 487 523 43 42 
cell-0-0-4 530 523 43 42 
cell-0-0-5 573 523 43 42 
cell-0-0-6 616 523 392 42 
cell-0-1-0 358 576 43 42 
cell-0-1-1 401 576 43 42 
cell-0-1-2 444 576 43 42 
cell-0-1-3 487 576 43 42 
cell-0-1-4 530 576 43 42 
cell-0-1-5 573 576 43 42 
cell-0-1-6 616 576 392 42 
cell-0-2-0 358 629 43 42 
cell-0-2-1 401 629 43 42 
cell-0-2-2 444 629 43 42 
cell-0-2-3 487 629 43 42 
cell-0-2-4 530 629 43 42 
cell-0-2-5 573 629 43 42 
cell-0-2-6 616 629 392 42 
cell-0-3-0 358 682 43 42 
cell-0-3-1 401 682 43 42 
cell-0-3-2 444 682 43 42 
cell-0-3-3 487 682 43 42 
cell-0-3-4 530 682 43 42 
cell-0-3-5 573 682 43 42 
cell-0-3-6 616 682 392 42 
cell-0-4-0 358 735 43 42 
cell-0-4-1 401 735 43 42 
cell-0-4-2 444 735 43 42 
cell-0-4-3 487 735 43 42 
cell-0-4-4 530 735 43 42 
cell-0-4-5 573 735 43 42 
cell-0-4-6 616 735 392 42 
cell-0-5-0 358 788 43 42 
cell-0-5-1 401 788 43 42 
cell-0-5-2 444 788 43 42 
cell-0-5-3 487 788 43 42 
cell-0-5-4 530 788 43 42 
cell-0-5-5 573 788 43 42 
cell-0-5-6 616 788 392 42 
cell-0-6-0 358 841 43 42 
cell-0-6-1 401 841 43 42 
cell-0-6-2 444 841 43 42 
cell-0-6-3 487 841 43 42 
cell-0-6-4 530 841 43 42 
cell-0-6-5 573 841 43 42 
cell-0-6-6 616 841 392 42 
cell-0-7-0 358 894 43 42 
cell-0-7-1 401 894 43 42 
cell-0-7-2 444 894 43 42 
cell-0-7-3 487 894 43 42 
cell-0-7-4 530 894 43 42 
cell-0-7-5 573 894 43 42 
cell-0-7-6 616 894 392 42 
cell-0-8-0 358 947 43 42 
cell-0-8-1 401 947 43 42 
cell-0-8-2 444 947 43 42 
cell-0-8-3 487 947 43 42 
cell-0-8-4 530 947 43 42 
cell-0-8-5 573 947 43 42 
cell-0-8-6 616 947 392 42 
cell-0-9-0 358 1000 43 42 
cell-0-9-1 401 1000 43 42 
cell-0-9-2 444 1000 43 42 
cell-0-9-3 487 1000 43 42 
cell-0-9-4 530 1000 43 42 
cell-0-9-5 573 1000 43 42 
cell-0-9-6 616 1000 392 42 
cell-0-10-0 358 1053 43 42 
cell-0-10-1 401 1053 43 42 
cell-0-10-2 444 1053 43 42 
cell-0-10-3 487 1053 43 42 
cell-0-10-4 530 1053 43 42 
cell-0-10-5 573 1053 43 42 
cell-0-10-6 616 1053 392 42 
cell-0-11-0 358 1106 43 42 
cell-0-11-1 401 1106 43 42 
cell-0-11-2 444 1106 43 42 
cell-0-11-3 487 1106 43 42 
cell-0-11-4 530 1106 43 42 
cell-0-11-5 573 1106 43 42 
cell-0-11-6 616 1106 392 42 
