table-0 129 164 659 714 
cell-0-0-0 129 164 43 41 
cell-0-0-1 172 164 43 41 
cell-0-0-2 215 164 43 41 
cell-0-0-3 258 164 43 41 
cell-0-0-4 301 164 43 41 
cell-0-0-5 344 164 443 41 
cell-0-1-0 129 212 43 41 
cell-0-1-1 172 212 43 41 
cell-0-1-2 215 212 43 41 
cell-0-1-3 258 212 43 41 
cell-0-1-4 301 212 43 41 
cell-0-1-5 344 212 443 41 
cell-0-2-0 129 260 43 41 
cell-0-2-1 172 260 43 41 
cell-0-2-2 215 260 43 41 
cell-0-2-3 258 260 43 41 
cell-0-2-4 301 260 43 41 
cell-0-2-5 344 260 443 41 
cell-0-3-0 129 308 43 41 
cell-0-3-1 172 308 43 41 
cell-0-3-2 215 308 43 41 
cell-0-3-3 258 308 43 41 
cell-0-3-4 301 308 43 41 
cell-0-3-5 344 308 443 41 
cell-0-4-0 129 356 43 41 
cell-0-4-1 172 356 43 41 
cell-0-4-2 215 356 43 41 
cell-0-4-3 258 356 43 41 
cell-0-4-4 301 356 43 41 
cell-0-4-5 344 356 443 41 
cell-0-5-0 129 404 43 41 
cell-0-5-1 172 404 43 41 
cell-0-5-2 215 404 43 41 
cell-0-5-3 258 404 43 41 
cell-0-5-4 301 404 43 41 
cell-0-5-5 344 404 443 41 
cell-0-6-0 129 452 43 41 
cell-0-6-1 172 452 43 41 
cell-0-6-2 215 452 43 41 
cell-0-6-3 258 452 43 41 
cell-0-6-4 301 452 43 41 
cell-0-6-5 344 452 443 41 
cell-0-7-0 129 500 43 41 
cell-0-7-1 172 500 43 41 
cell-0-7-2 215 500 43 41 
cell-0-7-3 258 500 43 41 
cell-0-7-4 301 500 43 41 
cell-0-7-5 344 500 443 41 
cell-0-8-0 129 548 43 41 
cell-0-8-1 172 548 43 41 
cell-0-8-2 215 548 43 41 
cell-0-8-3 258 548 43 41 
cell-0-8-4 301 548 43 41 
cell-0-8-5 344 548 443 41 
cell-0-9-0 129 596 43 41 
cell-0-9-1 172 596 43 41 
cell-0-9-2 215 596 43 41 
cell-0-9-3 258 596 43 41 
cell-0-9-4 301 596 43 41 
cell-0-9-5 344 596 443 41 
cell-0-10-0 129 644 43 41 
cell-0-10-1 172 644 43 41 
cell-0-10-2 215 644 43 41 
cell-0-10-3 258 644 43 41 
cell-0-10-4 301 644 43 41 
cell-0-10-5 344 644 443 41 
cell-0-11-0 129 692 43 41 
cell-0-11-1 172 692 43 41 
cell-0-11-2 215 692 43 41 
cell-0-11-3 258 692 43 41 
cell-0-11-4 301 692 43 41 
cell-0-11-5 344 692 443 41 
cell-0-12-0 129 740 43 41 
cell-0-12-1 172 740 43 41 
cell-0-12-2 215 740 43 41 
cell-0-12-3 258 740 43 41 
cell-0-12-4 301 740 43 41 
cell-0-12-5 344 740 443 41 
cell-0-13-0 129 788 43 41 
cell-0-13-1 172 788 43 41 
cell-0-13-2 215 788 43 41 
cell-0-13-3 258 788 43 41 
cell-0-13-4 301 788 43 41 
cell-0-13-5 344 788 443 41 
cell-0-14-0 129 836 43 41 
cell-0-14-1 172 836 43 41 
cell-0-14-2 215 836 43 41 
cell-0-14-3 258 836 43 41 
cell-0-14-4 301 836 43 41 
cell-0-14-5 344 836 443 41 
