table-0 165 437 682 415 
cell-0-1-0 165 437 34 35 
cell-0-1-1 199 437 34 35 
cell-0-1-2 233 437 34 35 
cell-0-1-3 267 437 34 35 
cell-0-1-4 301 437 34 35 
cell-0-1-5 335 437 34 35 
cell-0-1-6 369 437 34 35 
cell-0-1-7 403 437 34 35 
cell-0-1-8 437 437 34 35 
cell-0-1-9 471 437 34 35 
cell-0-1-10 505 437 34 35 
cell-0-1-11 539 437 34 35 
cell-0-1-12 573 437 34 35 
cell-0-1-13 607 437 34 35 
cell-0-1-14 641 437 34 35 
cell-0-1-15 675 437 34 35 
cell-0-1-16 709 437 34 35 
cell-0-1-17 743 437 34 35 
cell-0-1-18 777 437 34 35 
cell-0-1-19 811 437 34 35 
cell-0-2-0 165 500 34 35 
cell-0-2-1 199 500 34 35 
cell-0-2-2 233 500 34 35 
cell-0-2-3 267 500 34 35 
cell-0-2-4 301 500 34 35 
cell-0-2-5 335 500 34 35 
cell-0-2-6 369 500 34 35 
cell-0-2-7 403 500 34 35 
cell-0-2-8 437 500 34 35 
cell-0-2-9 471 500 34 35 
cell-0-2-10 505 500 34 35 
cell-0-2-11 539 500 34 35 
cell-0-2-12 573 500 34 35 
cell-0-2-13 607 500 34 35 
cell-0-2-14 641 500 34 35 
cell-0-2-15 675 500 34 35 
cell-0-2-16 709 500 34 35 
cell-0-2-17 743 500 34 35 
cell-0-2-18 777 500 34 35 
cell-0-2-19 811 500 34 35 
cell-0-3-0 165 563 34 35 
cell-0-3-1 199 563 34 35 
cell-0-3-2 233 563 34 35 
cell-0-3-3 267 563 34 35 
cell-0-3-4 301 563 34 35 
cell-0-3-5 335 563 34 35 
cell-0-3-6 369 563 34 35 
cell-0-3-7 403 563 34 35 
cell-0-3-8 437 563 34 35 
cell-0-3-9 471 563 34 35 
cell-0-3-10 505 563 34 35 
cell-0-3-11 539 563 34 35 
cell-0-3-12 573 563 34 35 
cell-0-3-13 607 563 34 35 
cell-0-3-14 641 563 34 35 
cell-0-3-15 675 563 34 35 
cell-0-3-16 709 563 34 35 
cell-0-3-17 743 563 34 35 
cell-0-3-18 777 563 34 35 
cell-0-3-19 811 563 34 35 
cell-0-4-0 165 626 34 35 
cell-0-4-1 199 626 34 35 
cell-0-4-2 233 626 34 35 
cell-0-4-3 267 626 34 35 
cell-0-4-4 301 626 34 35 
cell-0-4-5 335 626 34 35 
cell-0-4-6 369 626 34 35 
cell-0-4-7 403 626 34 35 
cell-0-4-8 437 626 34 35 
cell-0-4-9 471 626 34 35 
cell-0-4-10 505 626 34 35 
cell-0-4-11 539 626 34 35 
cell-0-4-12 573 626 34 35 
cell-0-4-13 607 626 34 35 
cell-0-4-14 641 626 34 35 
cell-0-4-15 675 626 34 35 
cell-0-4-16 709 626 34 35 
cell-0-4-17 743 626 34 35 
cell-0-4-18 777 626 34 35 
cell-0-4-19 811 626 34 35 
cell-0-5-0 165 689 34 35 
cell-0-5-1 199 689 34 35 
cell-0-5-2 233 689 34 35 
cell-0-5-3 267 689 34 35 
cell-0-5-4 301 689 34 35 
cell-0-5-5 335 689 34 35 
cell-0-5-6 369 689 34 35 
cell-0-5-7 403 689 34 35 
cell-0-5-8 437 689 34 35 
cell-0-5-9 471 689 34 35 
cell-0-5-10 505 689 34 35 
cell-0-5-11 539 689 34 35 
cell-0-5-12 573 689 34 35 
cell-0-5-13 607 689 34 35 
cell-0-5-14 641 689 34 35 
cell-0-5-15 675 689 34 35 
cell-0-5-16 709 689 34 35 
cell-0-5-17 743 689 34 35 
cell-0-5-18 777 689 34 35 
cell-0-5-19 811 689 34 35 
cell-0-6-0 165 752 34 35 
cell-0-6-1 199 752 34 35 
cell-0-6-2 233 752 34 35 
cell-0-6-3 267 752 34 35 
cell-0-6-4 301 752 34 35 
cell-0-6-5 335 752 34 35 
cell-0-6-6 369 752 34 35 
cell-0-6-7 403 752 34 35 
cell-0-6-8 437 752 34 35 
cell-0-6-9 471 752 34 35 
cell-0-6-10 505 752 34 35 
cell-0-6-11 539 752 34 35 
cell-0-6-12 573 752 34 35 
cell-0-6-13 607 752 34 35 
cell-0-6-14 641 752 34 35 
cell-0-6-15 675 752 34 35 
cell-0-6-16 709 752 34 35 
cell-0-6-17 743 752 34 35 
cell-0-6-18 777 752 34 35 
cell-0-6-19 811 752 34 35 
cell-0-7-0 165 815 34 35 
cell-0-7-1 199 815 34 35 
cell-0-7-2 233 815 34 35 
cell-0-7-3 267 815 34 35 
cell-0-7-4 301 815 34 35 
cell-0-7-5 335 815 34 35 
cell-0-7-6 369 815 34 35 
cell-0-7-7 403 815 34 35 
cell-0-7-8 437 815 34 35 
cell-0-7-9 471 815 34 35 
cell-0-7-10 505 815 34 35 
cell-0-7-11 539 815 34 35 
cell-0-7-12 573 815 34 35 
cell-0-7-13 607 815 34 35 
cell-0-7-14 641 815 34 35 
cell-0-7-15 675 815 34 35 
cell-0-7-16 709 815 34 35 
cell-0-7-17 743 815 34 35 
cell-0-7-18 777 815 34 35 
cell-0-7-19 811 815 34 35 
table-3 253 1054 458 224 
cell-3-1-0 253 1054 35 35 
cell-3-1-1 288 1054 35 35 
cell-3-1-2 323 1054 35 35 
cell-3-1-3 358 1054 35 35 
cell-3-1-4 393 1054 35 35 
cell-3-1-5 428 1054 35 35 
cell-3-1-6 463 1054 35 35 
cell-3-1-7 498 1054 35 35 
cell-3-1-8 533 1054 35 35 
cell-3-1-9 568 1054 35 35 
cell-3-1-10 603 1054 35 35 
cell-3-1-11 638 1054 35 35 
cell-3-1-12 673 1054 35 35 
cell-3-2-0 253 1116 35 35 
cell-3-2-1 288 1116 35 35 
cell-3-2-2 323 1116 35 35 
cell-3-2-3 358 1116 35 35 
cell-3-2-4 393 1116 35 35 
cell-3-2-5 428 1116 35 35 
cell-3-2-6 463 1116 35 35 
cell-3-2-7 498 1116 35 35 
cell-3-2-8 533 1116 35 35 
cell-3-2-9 568 1116 35 35 
cell-3-2-10 603 1116 35 35 
cell-3-2-11 638 1116 35 35 
cell-3-2-12 673 1116 35 35 
cell-3-3-0 253 1178 35 35 
cell-3-3-1 288 1178 35 35 
cell-3-3-2 323 1178 35 35 
cell-3-3-3 358 1178 35 35 
cell-3-3-4 393 1178 35 35 
cell-3-3-5 428 1178 35 35 
cell-3-3-6 463 1178 35 35 
cell-3-3-7 498 1178 35 35 
cell-3-3-8 533 1178 35 35 
cell-3-3-9 568 1178 35 35 
cell-3-3-10 603 1178 35 35 
cell-3-3-11 638 1178 35 35 
cell-3-3-12 673 1178 35 35 
cell-3-4-0 253 1240 35 35 
cell-3-4-1 288 1240 35 35 
cell-3-4-2 323 1240 35 35 
cell-3-4-3 358 1240 35 35 
cell-3-4-4 393 1240 35 35 
cell-3-4-5 428 1240 35 35 
cell-3-4-6 463 1240 35 35 
cell-3-4-7 498 1240 35 35 
cell-3-4-8 533 1240 35 35 
cell-3-4-9 568 1240 35 35 
cell-3-4-10 603 1240 35 35 
cell-3-4-11 638 1240 35 35 
cell-3-4-12 673 1240 35 35 
