header-0 138 1233 832 193 
row-1-1 138 1233 405 40 
row-1-2 563 1233 273 40 
row-2-1 138 1283 372 40 
row-2-2 530 1283 437 40 
row-3-1 138 1333 504 40 
row-4-1 138 1383 801 40 
table-1 174 982 800 160 
cell-1-0-0 174 982 133 31 
cell-1-0-1 307 982 133 31 
cell-1-0-2 440 982 133 31 
cell-1-0-3 573 982 133 31 
cell-1-0-4 706 982 133 31 
cell-1-0-5 839 982 133 31 
cell-1-1-0 174 1014 133 31 
cell-1-1-1 307 1014 133 31 
cell-1-1-2 440 1014 133 31 
cell-1-1-3 573 1014 133 31 
cell-1-1-4 706 1014 133 31 
cell-1-1-5 839 1014 133 31 
cell-1-2-0 174 1046 133 31 
cell-1-2-1 307 1046 133 31 
cell-1-2-2 440 1046 133 31 
cell-1-2-3 573 1046 133 31 
cell-1-2-4 706 1046 133 31 
cell-1-2-5 839 1046 133 31 
cell-1-3-0 174 1078 133 31 
cell-1-3-1 307 1078 133 31 
cell-1-3-2 440 1078 133 31 
cell-1-3-3 573 1078 133 31 
cell-1-3-4 706 1078 133 31 
cell-1-3-5 839 1078 133 31 
cell-1-4-0 174 1110 133 31 
cell-1-4-1 307 1110 133 31 
cell-1-4-2 440 1110 133 31 
cell-1-4-3 573 1110 133 31 
cell-1-4-4 706 1110 133 31 
cell-1-4-5 839 1110 133 31 
header-3 67 508 897 193 
row-1-1 67 508 353 40 
row-1-2 440 508 419 40 
row-2-1 67 558 419 40 
row-2-2 506 558 454 40 
row-3-1 67 608 749 40 
row-4-1 67 658 650 40 
