table-0 646 714 216 436 
cell-0-0-0 646 714 43 35 
cell-0-0-1 689 714 43 35 
cell-0-0-2 732 714 43 35 
cell-0-0-3 775 714 43 35 
cell-0-0-4 818 714 43 35 
cell-0-1-0 646 754 43 35 
cell-0-1-1 689 754 43 35 
cell-0-1-2 732 754 43 35 
cell-0-1-3 775 754 43 35 
cell-0-1-4 818 754 43 35 
cell-0-2-0 646 794 43 35 
cell-0-2-1 689 794 43 35 
cell-0-2-2 732 794 43 35 
cell-0-2-3 775 794 43 35 
cell-0-2-4 818 794 43 35 
cell-0-3-0 646 834 43 35 
cell-0-3-1 689 834 43 35 
cell-0-3-2 732 834 43 35 
cell-0-3-3 775 834 43 35 
cell-0-3-4 818 834 43 35 
cell-0-4-0 646 874 43 35 
cell-0-4-1 689 874 43 35 
cell-0-4-2 732 874 43 35 
cell-0-4-3 775 874 43 35 
cell-0-4-4 818 874 43 35 
cell-0-5-0 646 914 43 35 
cell-0-5-1 689 914 43 35 
cell-0-5-2 732 914 43 35 
cell-0-5-3 775 914 43 35 
cell-0-5-4 818 914 43 35 
cell-0-6-0 646 954 43 35 
cell-0-6-1 689 954 43 35 
cell-0-6-2 732 954 43 35 
cell-0-6-3 775 954 43 35 
cell-0-6-4 818 954 43 35 
cell-0-7-0 646 994 43 35 
cell-0-7-1 689 994 43 35 
cell-0-7-2 732 994 43 35 
cell-0-7-3 775 994 43 35 
cell-0-7-4 818 994 43 35 
cell-0-8-0 646 1034 43 35 
cell-0-8-1 689 1034 43 35 
cell-0-8-2 732 1034 43 35 
cell-0-8-3 775 1034 43 35 
cell-0-8-4 818 1034 43 35 
cell-0-9-0 646 1074 43 35 
cell-0-9-1 689 1074 43 35 
cell-0-9-2 732 1074 43 35 
cell-0-9-3 775 1074 43 35 
cell-0-9-4 818 1074 43 35 
cell-0-10-0 646 1114 43 35 
cell-0-10-1 689 1114 43 35 
cell-0-10-2 732 1114 43 35 
cell-0-10-3 775 1114 43 35 
cell-0-10-4 818 1114 43 35 
table-3 527 99 500 401 
cell-3-0-0 527 99 83 39 
cell-3-0-1 610 99 83 39 
cell-3-0-2 693 99 83 39 
cell-3-0-3 776 99 83 39 
cell-3-0-4 859 99 83 39 
cell-3-0-5 942 99 83 39 
cell-3-1-0 527 139 83 39 
cell-3-1-1 610 139 83 39 
cell-3-1-2 693 139 83 39 
cell-3-1-3 776 139 83 39 
cell-3-1-4 859 139 83 39 
cell-3-1-5 942 139 83 39 
cell-3-2-0 527 179 83 39 
cell-3-2-1 610 179 83 39 
cell-3-2-2 693 179 83 39 
cell-3-2-3 776 179 83 39 
cell-3-2-4 859 179 83 39 
cell-3-2-5 942 179 83 39 
cell-3-3-0 527 219 83 39 
cell-3-3-1 610 219 83 39 
cell-3-3-2 693 219 83 39 
cell-3-3-3 776 219 83 39 
cell-3-3-4 859 219 83 39 
cell-3-3-5 942 219 83 39 
cell-3-4-0 527 259 83 39 
cell-3-4-1 610 259 83 39 
cell-3-4-2 693 259 83 39 
cell-3-4-3 776 259 83 39 
cell-3-4-4 859 259 83 39 
cell-3-4-5 942 259 83 39 
cell-3-5-0 527 299 83 39 
cell-3-5-1 610 299 83 39 
cell-3-5-2 693 299 83 39 
cell-3-5-3 776 299 83 39 
cell-3-5-4 859 299 83 39 
cell-3-5-5 942 299 83 39 
cell-3-6-0 527 339 83 39 
cell-3-6-1 610 339 83 39 
cell-3-6-2 693 339 83 39 
cell-3-6-3 776 339 83 39 
cell-3-6-4 859 339 83 39 
cell-3-6-5 942 339 83 39 
cell-3-7-0 527 379 83 39 
cell-3-7-1 610 379 83 39 
cell-3-7-2 693 379 83 39 
cell-3-7-3 776 379 83 39 
cell-3-7-4 859 379 83 39 
cell-3-7-5 942 379 83 39 
cell-3-8-0 527 419 83 39 
cell-3-8-1 610 419 83 39 
cell-3-8-2 693 419 83 39 
cell-3-8-3 776 419 83 39 
cell-3-8-4 859 419 83 39 
cell-3-8-5 942 419 83 39 
cell-3-9-0 527 459 83 39 
cell-3-9-1 610 459 83 39 
cell-3-9-2 693 459 83 39 
cell-3-9-3 776 459 83 39 
cell-3-9-4 859 459 83 39 
cell-3-9-5 942 459 83 39 
