table-0 151 1112 900 189 
cell-0-0-0 151 1112 225 31 
cell-0-0-1 376 1112 225 31 
cell-0-0-2 601 1112 225 31 
cell-0-0-3 826 1112 225 31 
cell-0-1-0 151 1143 225 31 
cell-0-1-1 376 1143 225 31 
cell-0-1-2 601 1143 225 31 
cell-0-1-3 826 1143 225 31 
cell-0-2-0 151 1174 225 31 
cell-0-2-1 376 1174 225 31 
cell-0-2-2 601 1174 225 31 
cell-0-2-3 826 1174 225 31 
cell-0-3-0 151 1205 225 31 
cell-0-3-1 376 1205 225 31 
cell-0-3-2 601 1205 225 31 
cell-0-3-3 826 1205 225 31 
cell-0-4-0 151 1236 225 31 
cell-0-4-1 376 1236 225 31 
cell-0-4-2 601 1236 225 31 
cell-0-4-3 826 1236 225 31 
cell-0-5-0 151 1267 225 31 
cell-0-5-1 376 1267 225 31 
cell-0-5-2 601 1267 225 31 
cell-0-5-3 826 1267 225 31 
