table-0 84 889 900 564 
cell-0-0-0 84 889 100 58 
cell-0-0-1 184 889 100 58 
cell-0-0-2 284 889 100 58 
cell-0-0-3 384 889 100 58 
cell-0-0-4 484 889 100 58 
cell-0-0-5 584 889 100 58 
cell-0-0-6 684 889 100 58 
cell-0-0-7 784 889 100 58 
cell-0-0-8 884 889 100 58 
cell-0-1-0 84 952 100 58 
cell-0-1-1 184 952 100 58 
cell-0-1-2 284 952 100 58 
cell-0-1-3 384 952 100 58 
cell-0-1-4 484 952 100 58 
cell-0-1-5 584 952 100 58 
cell-0-1-6 684 952 100 58 
cell-0-1-7 784 952 100 58 
cell-0-1-8 884 952 100 58 
cell-0-2-0 84 1015 100 58 
cell-0-2-1 184 1015 100 58 
cell-0-2-2 284 1015 100 58 
cell-0-2-3 384 1015 100 58 
cell-0-2-4 484 1015 100 58 
cell-0-2-5 584 1015 100 58 
cell-0-2-6 684 1015 100 58 
cell-0-2-7 784 1015 100 58 
cell-0-2-8 884 1015 100 58 
cell-0-3-0 84 1078 100 58 
cell-0-3-1 184 1078 100 58 
cell-0-3-2 284 1078 100 58 
cell-0-3-3 384 1078 100 58 
cell-0-3-4 484 1078 100 58 
cell-0-3-5 584 1078 100 58 
cell-0-3-6 684 1078 100 58 
cell-0-3-7 784 1078 100 58 
cell-0-3-8 884 1078 100 58 
cell-0-4-0 84 1141 100 58 
cell-0-4-1 184 1141 100 58 
cell-0-4-2 284 1141 100 58 
cell-0-4-3 384 1141 100 58 
cell-0-4-4 484 1141 100 58 
cell-0-4-5 584 1141 100 58 
cell-0-4-6 684 1141 100 58 
cell-0-4-7 784 1141 100 58 
cell-0-4-8 884 1141 100 58 
cell-0-5-0 84 1204 100 58 
cell-0-5-1 184 1204 100 58 
cell-0-5-2 284 1204 100 58 
cell-0-5-3 384 1204 100 58 
cell-0-5-4 484 1204 100 58 
cell-0-5-5 584 1204 100 58 
cell-0-5-6 684 1204 100 58 
cell-0-5-7 784 1204 100 58 
cell-0-5-8 884 1204 100 58 
cell-0-6-0 84 1267 100 58 
cell-0-6-1 184 1267 100 58 
cell-0-6-2 284 1267 100 58 
cell-0-6-3 384 1267 100 58 
cell-0-6-4 484 1267 100 58 
cell-0-6-5 584 1267 100 58 
cell-0-6-6 684 1267 100 58 
cell-0-6-7 784 1267 100 58 
cell-0-6-8 884 1267 100 58 
cell-0-7-0 84 1330 100 58 
cell-0-7-1 184 1330 100 58 
cell-0-7-2 284 1330 100 58 
cell-0-7-3 384 1330 100 58 
cell-0-7-4 484 1330 100 58 
cell-0-7-5 584 1330 100 58 
cell-0-7-6 684 1330 100 58 
cell-0-7-7 784 1330 100 58 
cell-0-7-8 884 1330 100 58 
cell-0-8-0 84 1393 100 58 
cell-0-8-1 184 1393 100 58 
cell-0-8-2 284 1393 100 58 
cell-0-8-3 384 1393 100 58 
cell-0-8-4 484 1393 100 58 
cell-0-8-5 584 1393 100 58 
cell-0-8-6 684 1393 100 58 
cell-0-8-7 784 1393 100 58 
cell-0-8-8 884 1393 100 58 
table-1 117 416 478 277 
cell-1-1-0 117 416 34 35 
cell-1-1-1 151 416 34 35 
cell-1-1-2 185 416 34 35 
cell-1-1-3 219 416 34 35 
cell-1-1-4 253 416 34 35 
cell-1-1-5 287 416 34 35 
cell-1-1-6 321 416 34 35 
cell-1-1-7 355 416 34 35 
cell-1-1-8 389 416 34 35 
cell-1-1-9 423 416 34 35 
cell-1-1-10 457 416 34 35 
cell-1-1-11 491 416 34 35 
cell-1-1-12 525 416 34 35 
cell-1-1-13 559 416 34 35 
cell-1-2-0 117 456 34 35 
cell-1-2-1 151 456 34 35 
cell-1-2-2 185 456 34 35 
cell-1-2-3 219 456 34 35 
cell-1-2-4 253 456 34 35 
cell-1-2-5 287 456 34 35 
cell-1-2-6 321 456 34 35 
cell-1-2-7 355 456 34 35 
cell-1-2-8 389 456 34 35 
cell-1-2-9 423 456 34 35 
cell-1-2-10 457 456 34 35 
cell-1-2-11 491 456 34 35 
cell-1-2-12 525 456 34 35 
cell-1-2-13 559 456 34 35 
cell-1-3-0 117 496 34 35 
cell-1-3-1 151 496 34 35 
cell-1-3-2 185 496 34 35 
cell-1-3-3 219 496 34 35 
cell-1-3-4 253 496 34 35 
cell-1-3-5 287 496 34 35 
cell-1-3-6 321 496 34 35 
cell-1-3-7 355 496 34 35 
cell-1-3-8 389 496 34 35 
cell-1-3-9 423 496 34 35 
cell-1-3-10 457 496 34 35 
cell-1-3-11 491 496 34 35 
cell-1-3-12 525 496 34 35 
cell-1-3-13 559 496 34 35 
cell-1-4-0 117 536 34 35 
cell-1-4-1 151 536 34 35 
cell-1-4-2 185 536 34 35 
cell-1-4-3 219 536 34 35 
cell-1-4-4 253 536 34 35 
cell-1-4-5 287 536 34 35 
cell-1-4-6 321 536 34 35 
cell-1-4-7 355 536 34 35 
cell-1-4-8 389 536 34 35 
cell-1-4-9 423 536 34 35 
cell-1-4-10 457 536 34 35 
cell-1-4-11 491 536 34 35 
cell-1-4-12 525 536 34 35 
cell-1-4-13 559 536 34 35 
cell-1-5-0 117 576 34 35 
cell-1-5-1 151 576 34 35 
cell-1-5-2 185 576 34 35 
cell-1-5-3 219 576 34 35 
cell-1-5-4 253 576 34 35 
cell-1-5-5 287 576 34 35 
cell-1-5-6 321 576 34 35 
cell-1-5-7 355 576 34 35 
cell-1-5-8 389 576 34 35 
cell-1-5-9 423 576 34 35 
cell-1-5-10 457 576 34 35 
cell-1-5-11 491 576 34 35 
cell-1-5-12 525 576 34 35 
cell-1-5-13 559 576 34 35 
cell-1-6-0 117 616 34 35 
cell-1-6-1 151 616 34 35 
cell-1-6-2 185 616 34 35 
cell-1-6-3 219 616 34 35 
cell-1-6-4 253 616 34 35 
cell-1-6-5 287 616 34 35 
cell-1-6-6 321 616 34 35 
cell-1-6-7 355 616 34 35 
cell-1-6-8 389 616 34 35 
cell-1-6-9 423 616 34 35 
cell-1-6-10 457 616 34 35 
cell-1-6-11 491 616 34 35 
cell-1-6-12 525 616 34 35 
cell-1-6-13 559 616 34 35 
cell-1-7-0 117 656 34 35 
cell-1-7-1 151 656 34 35 
cell-1-7-2 185 656 34 35 
cell-1-7-3 219 656 34 35 
cell-1-7-4 253 656 34 35 
cell-1-7-5 287 656 34 35 
cell-1-7-6 321 656 34 35 
cell-1-7-7 355 656 34 35 
cell-1-7-8 389 656 34 35 
cell-1-7-9 423 656 34 35 
cell-1-7-10 457 656 34 35 
cell-1-7-11 491 656 34 35 
cell-1-7-12 525 656 34 35 
cell-1-7-13 559 656 34 35 
