table-0 561 469 490 660 
cell-0-0-0 561 469 44 42 
cell-0-0-1 605 469 44 42 
cell-0-0-2 649 469 44 42 
cell-0-0-3 693 469 44 42 
cell-0-0-4 737 469 312 42 
cell-0-1-0 561 513 44 42 
cell-0-1-1 605 513 44 42 
cell-0-1-2 649 513 44 42 
cell-0-1-3 693 513 44 42 
cell-0-1-4 737 513 312 42 
cell-0-2-0 561 557 44 42 
cell-0-2-1 605 557 44 42 
cell-0-2-2 649 557 44 42 
cell-0-2-3 693 557 44 42 
cell-0-2-4 737 557 312 42 
cell-0-3-0 561 601 44 42 
cell-0-3-1 605 601 44 42 
cell-0-3-2 649 601 44 42 
cell-0-3-3 693 601 44 42 
cell-0-3-4 737 601 312 42 
cell-0-4-0 561 645 44 42 
cell-0-4-1 605 645 44 42 
cell-0-4-2 649 645 44 42 
cell-0-4-3 693 645 44 42 
cell-0-4-4 737 645 312 42 
cell-0-5-0 561 689 44 42 
cell-0-5-1 605 689 44 42 
cell-0-5-2 649 689 44 42 
cell-0-5-3 693 689 44 42 
cell-0-5-4 737 689 312 42 
cell-0-6-0 561 733 44 42 
cell-0-6-1 605 733 44 42 
cell-0-6-2 649 733 44 42 
cell-0-6-3 693 733 44 42 
cell-0-6-4 737 733 312 42 
cell-0-7-0 561 777 44 42 
cell-0-7-1 605 777 44 42 
cell-0-7-2 649 777 44 42 
cell-0-7-3 693 777 44 42 
cell-0-7-4 737 777 312 42 
cell-0-8-0 561 821 44 42 
cell-0-8-1 605 821 44 42 
cell-0-8-2 649 821 44 42 
cell-0-8-3 693 821 44 42 
cell-0-8-4 737 821 312 42 
cell-0-9-0 561 865 44 42 
cell-0-9-1 605 865 44 42 
cell-0-9-2 649 865 44 42 
cell-0-9-3 693 865 44 42 
cell-0-9-4 737 865 312 42 
cell-0-10-0 561 909 44 42 
cell-0-10-1 605 909 44 42 
cell-0-10-2 649 909 44 42 
cell-0-10-3 693 909 44 42 
cell-0-10-4 737 909 312 42 
cell-0-11-0 561 953 44 42 
cell-0-11-1 605 953 44 42 
cell-0-11-2 649 953 44 42 
cell-0-11-3 693 953 44 42 
cell-0-11-4 737 953 312 42 
cell-0-12-0 561 997 44 42 
cell-0-12-1 605 997 44 42 
cell-0-12-2 649 997 44 42 
cell-0-12-3 693 997 44 42 
cell-0-12-4 737 997 312 42 
cell-0-13-0 561 1041 44 42 
cell-0-13-1 605 1041 44 42 
cell-0-13-2 649 1041 44 42 
cell-0-13-3 693 1041 44 42 
cell-0-13-4 737 1041 312 42 
cell-0-14-0 561 1085 44 42 
cell-0-14-1 605 1085 44 42 
cell-0-14-2 649 1085 44 42 
cell-0-14-3 693 1085 44 42 
cell-0-14-4 737 1085 312 42 
table-5 156 461 259 610 
cell-5-0-0 156 461 43 35 
cell-5-0-1 199 461 43 35 
cell-5-0-2 242 461 43 35 
cell-5-0-3 285 461 43 35 
cell-5-0-4 328 461 43 35 
cell-5-0-5 371 461 43 35 
cell-5-1-0 156 502 43 35 
cell-5-1-1 199 502 43 35 
cell-5-1-2 242 502 43 35 
cell-5-1-3 285 502 43 35 
cell-5-1-4 328 502 43 35 
cell-5-1-5 371 502 43 35 
cell-5-2-0 156 543 43 35 
cell-5-2-1 199 543 43 35 
cell-5-2-2 242 543 43 35 
cell-5-2-3 285 543 43 35 
cell-5-2-4 328 543 43 35 
cell-5-2-5 371 543 43 35 
cell-5-3-0 156 584 43 35 
cell-5-3-1 199 584 43 35 
cell-5-3-2 242 584 43 35 
cell-5-3-3 285 584 43 35 
cell-5-3-4 328 584 43 35 
cell-5-3-5 371 584 43 35 
cell-5-4-0 156 625 43 35 
cell-5-4-1 199 625 43 35 
cell-5-4-2 242 625 43 35 
cell-5-4-3 285 625 43 35 
cell-5-4-4 328 625 43 35 
cell-5-4-5 371 625 43 35 
cell-5-5-0 156 666 43 35 
cell-5-5-1 199 666 43 35 
cell-5-5-2 242 666 43 35 
cell-5-5-3 285 666 43 35 
cell-5-5-4 328 666 43 35 
cell-5-5-5 371 666 43 35 
cell-5-6-0 156 707 43 35 
cell-5-6-1 199 707 43 35 
cell-5-6-2 242 707 43 35 
cell-5-6-3 285 707 43 35 
cell-5-6-4 328 707 43 35 
cell-5-6-5 371 707 43 35 
cell-5-7-0 156 748 43 35 
cell-5-7-1 199 748 43 35 
cell-5-7-2 242 748 43 35 
cell-5-7-3 285 748 43 35 
cell-5-7-4 328 748 43 35 
cell-5-7-5 371 748 43 35 
cell-5-8-0 156 789 43 35 
cell-5-8-1 199 789 43 35 
cell-5-8-2 242 789 43 35 
cell-5-8-3 285 789 43 35 
cell-5-8-4 328 789 43 35 
cell-5-8-5 371 789 43 35 
cell-5-9-0 156 830 43 35 
cell-5-9-1 199 830 43 35 
cell-5-9-2 242 830 43 35 
cell-5-9-3 285 830 43 35 
cell-5-9-4 328 830 43 35 
cell-5-9-5 371 830 43 35 
cell-5-10-0 156 871 43 35 
cell-5-10-1 199 871 43 35 
cell-5-10-2 242 871 43 35 
cell-5-10-3 285 871 43 35 
cell-5-10-4 328 871 43 35 
cell-5-10-5 371 871 43 35 
cell-5-11-0 156 912 43 35 
cell-5-11-1 199 912 43 35 
cell-5-11-2 242 912 43 35 
cell-5-11-3 285 912 43 35 
cell-5-11-4 328 912 43 35 
cell-5-11-5 371 912 43 35 
cell-5-12-0 156 953 43 35 
cell-5-12-1 199 953 43 35 
cell-5-12-2 242 953 43 35 
cell-5-12-3 285 953 43 35 
cell-5-12-4 328 953 43 35 
cell-5-12-5 371 953 43 35 
cell-5-13-0 156 994 43 35 
cell-5-13-1 199 994 43 35 
cell-5-13-2 242 994 43 35 
cell-5-13-3 285 994 43 35 
cell-5-13-4 328 994 43 35 
cell-5-13-5 371 994 43 35 
cell-5-14-0 156 1035 43 35 
cell-5-14-1 199 1035 43 35 
cell-5-14-2 242 1035 43 35 
cell-5-14-3 285 1035 43 35 
cell-5-14-4 328 1035 43 35 
cell-5-14-5 371 1035 43 35 
