table-0 60 673 1000 338 
cell-0-0-0 60 673 111 56 
cell-0-0-1 171 673 111 56 
cell-0-0-2 282 673 111 56 
cell-0-0-3 393 673 111 56 
cell-0-0-4 504 673 111 56 
cell-0-0-5 615 673 111 56 
cell-0-0-6 726 673 111 56 
cell-0-0-7 837 673 111 56 
cell-0-0-8 948 673 111 56 
cell-0-1-0 60 743 111 56 
cell-0-1-1 171 743 111 56 
cell-0-1-2 282 743 111 56 
cell-0-1-3 393 743 111 56 
cell-0-1-4 504 743 111 56 
cell-0-1-5 615 743 111 56 
cell-0-1-6 726 743 111 56 
cell-0-1-7 837 743 111 56 
cell-0-1-8 948 743 111 56 
cell-0-2-0 60 813 111 56 
cell-0-2-1 171 813 111 56 
cell-0-2-2 282 813 111 56 
cell-0-2-3 393 813 111 56 
cell-0-2-4 504 813 111 56 
cell-0-2-5 615 813 111 56 
cell-0-2-6 726 813 111 56 
cell-0-2-7 837 813 111 56 
cell-0-2-8 948 813 111 56 
cell-0-3-0 60 883 111 56 
cell-0-3-1 171 883 111 56 
cell-0-3-2 282 883 111 56 
cell-0-3-3 393 883 111 56 
cell-0-3-4 504 883 111 56 
cell-0-3-5 615 883 111 56 
cell-0-3-6 726 883 111 56 
cell-0-3-7 837 883 111 56 
cell-0-3-8 948 883 111 56 
cell-0-4-0 60 953 111 56 
cell-0-4-1 171 953 111 56 
cell-0-4-2 282 953 111 56 
cell-0-4-3 393 953 111 56 
cell-0-4-4 504 953 111 56 
cell-0-4-5 615 953 111 56 
cell-0-4-6 726 953 111 56 
cell-0-4-7 837 953 111 56 
cell-0-4-8 948 953 111 56 
