table-0 448 712 543 577 
cell-0-1-0 448 712 36 35 
cell-0-1-1 487 712 36 35 
cell-0-1-2 526 712 36 35 
cell-0-1-3 565 712 36 35 
cell-0-1-4 604 712 36 35 
cell-0-1-5 643 712 36 35 
cell-0-1-6 682 712 36 35 
cell-0-1-7 721 712 36 35 
cell-0-1-8 760 712 36 35 
cell-0-1-9 799 712 36 35 
cell-0-1-10 838 712 36 35 
cell-0-1-11 877 712 36 35 
cell-0-1-12 916 712 36 35 
cell-0-1-13 955 712 36 35 
cell-0-2-0 448 766 36 35 
cell-0-2-1 487 766 36 35 
cell-0-2-2 526 766 36 35 
cell-0-2-3 565 766 36 35 
cell-0-2-4 604 766 36 35 
cell-0-2-5 643 766 36 35 
cell-0-2-6 682 766 36 35 
cell-0-2-7 721 766 36 35 
cell-0-2-8 760 766 36 35 
cell-0-2-9 799 766 36 35 
cell-0-2-10 838 766 36 35 
cell-0-2-11 877 766 36 35 
cell-0-2-12 916 766 36 35 
cell-0-2-13 955 766 36 35 
cell-0-3-0 448 820 36 35 
cell-0-3-1 487 820 36 35 
cell-0-3-2 526 820 36 35 
cell-0-3-3 565 820 36 35 
cell-0-3-4 604 820 36 35 
cell-0-3-5 643 820 36 35 
cell-0-3-6 682 820 36 35 
cell-0-3-7 721 820 36 35 
cell-0-3-8 760 820 36 35 
cell-0-3-9 799 820 36 35 
cell-0-3-10 838 820 36 35 
cell-0-3-11 877 820 36 35 
cell-0-3-12 916 820 36 35 
cell-0-3-13 955 820 36 35 
cell-0-4-0 448 874 36 35 
cell-0-4-1 487 874 36 35 
cell-0-4-2 526 874 36 35 
cell-0-4-3 565 874 36 35 
cell-0-4-4 604 874 36 35 
cell-0-4-5 643 874 36 35 
cell-0-4-6 682 874 36 35 
cell-0-4-7 721 874 36 35 
cell-0-4-8 760 874 36 35 
cell-0-4-9 799 874 36 35 
cell-0-4-10 838 874 36 35 
cell-0-4-11 877 874 36 35 
cell-0-4-12 916 874 36 35 
cell-0-4-13 955 874 36 35 
cell-0-5-0 448 928 36 35 
cell-0-5-1 487 928 36 35 
cell-0-5-2 526 928 36 35 
cell-0-5-3 565 928 36 35 
cell-0-5-4 604 928 36 35 
cell-0-5-5 643 928 36 35 
cell-0-5-6 682 928 36 35 
cell-0-5-7 721 928 36 35 
cell-0-5-8 760 928 36 35 
cell-0-5-9 799 928 36 35 
cell-0-5-10 838 928 36 35 
cell-0-5-11 877 928 36 35 
cell-0-5-12 916 928 36 35 
cell-0-5-13 955 928 36 35 
cell-0-6-0 448 982 36 35 
cell-0-6-1 487 982 36 35 
cell-0-6-2 526 982 36 35 
cell-0-6-3 565 982 36 35 
cell-0-6-4 604 982 36 35 
cell-0-6-5 643 982 36 35 
cell-0-6-6 682 982 36 35 
cell-0-6-7 721 982 36 35 
cell-0-6-8 760 982 36 35 
cell-0-6-9 799 982 36 35 
cell-0-6-10 838 982 36 35 
cell-0-6-11 877 982 36 35 
cell-0-6-12 916 982 36 35 
cell-0-6-13 955 982 36 35 
cell-0-7-0 448 1036 36 35 
cell-0-7-1 487 1036 36 35 
cell-0-7-2 526 1036 36 35 
cell-0-7-3 565 1036 36 35 
cell-0-7-4 604 1036 36 35 
cell-0-7-5 643 1036 36 35 
cell-0-7-6 682 1036 36 35 
cell-0-7-7 721 1036 36 35 
cell-0-7-8 760 1036 36 35 
cell-0-7-9 799 1036 36 35 
cell-0-7-10 838 1036 36 35 
cell-0-7-11 877 1036 36 35 
cell-0-7-12 916 1036 36 35 
cell-0-7-13 955 1036 36 35 
cell-0-8-0 448 1090 36 35 
cell-0-8-1 487 1090 36 35 
cell-0-8-2 526 1090 36 35 
cell-0-8-3 565 1090 36 35 
cell-0-8-4 604 1090 36 35 
cell-0-8-5 643 1090 36 35 
cell-0-8-6 682 1090 36 35 
cell-0-8-7 721 1090 36 35 
cell-0-8-8 760 1090 36 35 
cell-0-8-9 799 1090 36 35 
cell-0-8-10 838 1090 36 35 
cell-0-8-11 877 1090 36 35 
cell-0-8-12 916 1090 36 35 
cell-0-8-13 955 1090 36 35 
cell-0-9-0 448 1144 36 35 
cell-0-9-1 487 1144 36 35 
cell-0-9-2 526 1144 36 35 
cell-0-9-3 565 1144 36 35 
cell-0-9-4 604 1144 36 35 
cell-0-9-5 643 1144 36 35 
cell-0-9-6 682 1144 36 35 
cell-0-9-7 721 1144 36 35 
cell-0-9-8 760 1144 36 35 
cell-0-9-9 799 1144 36 35 
cell-0-9-10 838 1144 36 35 
cell-0-9-11 877 1144 36 35 
cell-0-9-12 916 1144 36 35 
cell-0-9-13 955 1144 36 35 
cell-0-10-0 448 1198 36 35 
cell-0-10-1 487 1198 36 35 
cell-0-10-2 526 1198 36 35 
cell-0-10-3 565 1198 36 35 
cell-0-10-4 604 1198 36 35 
cell-0-10-5 643 1198 36 35 
cell-0-10-6 682 1198 36 35 
cell-0-10-7 721 1198 36 35 
cell-0-10-8 760 1198 36 35 
cell-0-10-9 799 1198 36 35 
cell-0-10-10 838 1198 36 35 
cell-0-10-11 877 1198 36 35 
cell-0-10-12 916 1198 36 35 
cell-0-10-13 955 1198 36 35 
cell-0-11-0 448 1252 36 35 
cell-0-11-1 487 1252 36 35 
cell-0-11-2 526 1252 36 35 
cell-0-11-3 565 1252 36 35 
cell-0-11-4 604 1252 36 35 
cell-0-11-5 643 1252 36 35 
cell-0-11-6 682 1252 36 35 
cell-0-11-7 721 1252 36 35 
cell-0-11-8 760 1252 36 35 
cell-0-11-9 799 1252 36 35 
cell-0-11-10 838 1252 36 35 
cell-0-11-11 877 1252 36 35 
cell-0-11-12 916 1252 36 35 
cell-0-11-13 955 1252 36 35 
table-1 180 174 458 254 
cell-1-1-0 180 174 35 35 
cell-1-1-1 215 174 35 35 
cell-1-1-2 250 174 35 35 
cell-1-1-3 285 174 35 35 
cell-1-1-4 320 174 35 35 
cell-1-1-5 355 174 35 35 
cell-1-1-6 390 174 35 35 
cell-1-1-7 425 174 35 35 
cell-1-1-8 460 174 35 35 
cell-1-1-9 495 174 35 35 
cell-1-1-10 530 174 35 35 
cell-1-1-11 565 174 35 35 
cell-1-1-12 600 174 35 35 
cell-1-2-0 180 210 35 35 
cell-1-2-1 215 210 35 35 
cell-1-2-2 250 210 35 35 
cell-1-2-3 285 210 35 35 
cell-1-2-4 320 210 35 35 
cell-1-2-5 355 210 35 35 
cell-1-2-6 390 210 35 35 
cell-1-2-7 425 210 35 35 
cell-1-2-8 460 210 35 35 
cell-1-2-9 495 210 35 35 
cell-1-2-10 530 210 35 35 
cell-1-2-11 565 210 35 35 
cell-1-2-12 600 210 35 35 
cell-1-3-0 180 246 35 35 
cell-1-3-1 215 246 35 35 
cell-1-3-2 250 246 35 35 
cell-1-3-3 285 246 35 35 
cell-1-3-4 320 246 35 35 
cell-1-3-5 355 246 35 35 
cell-1-3-6 390 246 35 35 
cell-1-3-7 425 246 35 35 
cell-1-3-8 460 246 35 35 
cell-1-3-9 495 246 35 35 
cell-1-3-10 530 246 35 35 
cell-1-3-11 565 246 35 35 
cell-1-3-12 600 246 35 35 
cell-1-4-0 180 282 35 35 
cell-1-4-1 215 282 35 35 
cell-1-4-2 250 282 35 35 
cell-1-4-3 285 282 35 35 
cell-1-4-4 320 282 35 35 
cell-1-4-5 355 282 35 35 
cell-1-4-6 390 282 35 35 
cell-1-4-7 425 282 35 35 
cell-1-4-8 460 282 35 35 
cell-1-4-9 495 282 35 35 
cell-1-4-10 530 282 35 35 
cell-1-4-11 565 282 35 35 
cell-1-4-12 600 282 35 35 
cell-1-5-0 180 318 35 35 
cell-1-5-1 215 318 35 35 
cell-1-5-2 250 318 35 35 
cell-1-5-3 285 318 35 35 
cell-1-5-4 320 318 35 35 
cell-1-5-5 355 318 35 35 
cell-1-5-6 390 318 35 35 
cell-1-5-7 425 318 35 35 
cell-1-5-8 460 318 35 35 
cell-1-5-9 495 318 35 35 
cell-1-5-10 530 318 35 35 
cell-1-5-11 565 318 35 35 
cell-1-5-12 600 318 35 35 
cell-1-6-0 180 354 35 35 
cell-1-6-1 215 354 35 35 
cell-1-6-2 250 354 35 35 
cell-1-6-3 285 354 35 35 
cell-1-6-4 320 354 35 35 
cell-1-6-5 355 354 35 35 
cell-1-6-6 390 354 35 35 
cell-1-6-7 425 354 35 35 
cell-1-6-8 460 354 35 35 
cell-1-6-9 495 354 35 35 
cell-1-6-10 530 354 35 35 
cell-1-6-11 565 354 35 35 
cell-1-6-12 600 354 35 35 
cell-1-7-0 180 390 35 35 
cell-1-7-1 215 390 35 35 
cell-1-7-2 250 390 35 35 
cell-1-7-3 285 390 35 35 
cell-1-7-4 320 390 35 35 
cell-1-7-5 355 390 35 35 
cell-1-7-6 390 390 35 35 
cell-1-7-7 425 390 35 35 
cell-1-7-8 460 390 35 35 
cell-1-7-9 495 390 35 35 
cell-1-7-10 530 390 35 35 
cell-1-7-11 565 390 35 35 
cell-1-7-12 600 390 35 35 
