table-0 479 378 543 525 
cell-0-1-0 479 378 36 35 
cell-0-1-1 518 378 36 35 
cell-0-1-2 557 378 36 35 
cell-0-1-3 596 378 36 35 
cell-0-1-4 635 378 36 35 
cell-0-1-5 674 378 36 35 
cell-0-1-6 713 378 36 35 
cell-0-1-7 752 378 36 35 
cell-0-1-8 791 378 36 35 
cell-0-1-9 830 378 36 35 
cell-0-1-10 869 378 36 35 
cell-0-1-11 908 378 36 35 
cell-0-1-12 947 378 36 35 
cell-0-1-13 986 378 36 35 
cell-0-2-0 479 439 36 35 
cell-0-2-1 518 439 36 35 
cell-0-2-2 557 439 36 35 
cell-0-2-3 596 439 36 35 
cell-0-2-4 635 439 36 35 
cell-0-2-5 674 439 36 35 
cell-0-2-6 713 439 36 35 
cell-0-2-7 752 439 36 35 
cell-0-2-8 791 439 36 35 
cell-0-2-9 830 439 36 35 
cell-0-2-10 869 439 36 35 
cell-0-2-11 908 439 36 35 
cell-0-2-12 947 439 36 35 
cell-0-2-13 986 439 36 35 
cell-0-3-0 479 500 36 35 
cell-0-3-1 518 500 36 35 
cell-0-3-2 557 500 36 35 
cell-0-3-3 596 500 36 35 
cell-0-3-4 635 500 36 35 
cell-0-3-5 674 500 36 35 
cell-0-3-6 713 500 36 35 
cell-0-3-7 752 500 36 35 
cell-0-3-8 791 500 36 35 
cell-0-3-9 830 500 36 35 
cell-0-3-10 869 500 36 35 
cell-0-3-11 908 500 36 35 
cell-0-3-12 947 500 36 35 
cell-0-3-13 986 500 36 35 
cell-0-4-0 479 561 36 35 
cell-0-4-1 518 561 36 35 
cell-0-4-2 557 561 36 35 
cell-0-4-3 596 561 36 35 
cell-0-4-4 635 561 36 35 
cell-0-4-5 674 561 36 35 
cell-0-4-6 713 561 36 35 
cell-0-4-7 752 561 36 35 
cell-0-4-8 791 561 36 35 
cell-0-4-9 830 561 36 35 
cell-0-4-10 869 561 36 35 
cell-0-4-11 908 561 36 35 
cell-0-4-12 947 561 36 35 
cell-0-4-13 986 561 36 35 
cell-0-5-0 479 622 36 35 
cell-0-5-1 518 622 36 35 
cell-0-5-2 557 622 36 35 
cell-0-5-3 596 622 36 35 
cell-0-5-4 635 622 36 35 
cell-0-5-5 674 622 36 35 
cell-0-5-6 713 622 36 35 
cell-0-5-7 752 622 36 35 
cell-0-5-8 791 622 36 35 
cell-0-5-9 830 622 36 35 
cell-0-5-10 869 622 36 35 
cell-0-5-11 908 622 36 35 
cell-0-5-12 947 622 36 35 
cell-0-5-13 986 622 36 35 
cell-0-6-0 479 683 36 35 
cell-0-6-1 518 683 36 35 
cell-0-6-2 557 683 36 35 
cell-0-6-3 596 683 36 35 
cell-0-6-4 635 683 36 35 
cell-0-6-5 674 683 36 35 
cell-0-6-6 713 683 36 35 
cell-0-6-7 752 683 36 35 
cell-0-6-8 791 683 36 35 
cell-0-6-9 830 683 36 35 
cell-0-6-10 869 683 36 35 
cell-0-6-11 908 683 36 35 
cell-0-6-12 947 683 36 35 
cell-0-6-13 986 683 36 35 
cell-0-7-0 479 744 36 35 
cell-0-7-1 518 744 36 35 
cell-0-7-2 557 744 36 35 
cell-0-7-3 596 744 36 35 
cell-0-7-4 635 744 36 35 
cell-0-7-5 674 744 36 35 
cell-0-7-6 713 744 36 35 
cell-0-7-7 752 744 36 35 
cell-0-7-8 791 744 36 35 
cell-0-7-9 830 744 36 35 
cell-0-7-10 869 744 36 35 
cell-0-7-11 908 744 36 35 
cell-0-7-12 947 744 36 35 
cell-0-7-13 986 744 36 35 
cell-0-8-0 479 805 36 35 
cell-0-8-1 518 805 36 35 
cell-0-8-2 557 805 36 35 
cell-0-8-3 596 805 36 35 
cell-0-8-4 635 805 36 35 
cell-0-8-5 674 805 36 35 
cell-0-8-6 713 805 36 35 
cell-0-8-7 752 805 36 35 
cell-0-8-8 791 805 36 35 
cell-0-8-9 830 805 36 35 
cell-0-8-10 869 805 36 35 
cell-0-8-11 908 805 36 35 
cell-0-8-12 947 805 36 35 
cell-0-8-13 986 805 36 35 
cell-0-9-0 479 866 36 35 
cell-0-9-1 518 866 36 35 
cell-0-9-2 557 866 36 35 
cell-0-9-3 596 866 36 35 
cell-0-9-4 635 866 36 35 
cell-0-9-5 674 866 36 35 
cell-0-9-6 713 866 36 35 
cell-0-9-7 752 866 36 35 
cell-0-9-8 791 866 36 35 
cell-0-9-9 830 866 36 35 
cell-0-9-10 869 866 36 35 
cell-0-9-11 908 866 36 35 
cell-0-9-12 947 866 36 35 
cell-0-9-13 986 866 36 35 
table-2 87 146 222 460 
cell-2-0-0 87 146 44 35 
cell-2-0-1 131 146 44 35 
cell-2-0-2 175 146 44 35 
cell-2-0-3 219 146 44 35 
cell-2-0-4 263 146 44 35 
cell-2-1-0 87 193 44 35 
cell-2-1-1 131 193 44 35 
cell-2-1-2 175 193 44 35 
cell-2-1-3 219 193 44 35 
cell-2-1-4 263 193 44 35 
cell-2-2-0 87 240 44 35 
cell-2-2-1 131 240 44 35 
cell-2-2-2 175 240 44 35 
cell-2-2-3 219 240 44 35 
cell-2-2-4 263 240 44 35 
cell-2-3-0 87 287 44 35 
cell-2-3-1 131 287 44 35 
cell-2-3-2 175 287 44 35 
cell-2-3-3 219 287 44 35 
cell-2-3-4 263 287 44 35 
cell-2-4-0 87 334 44 35 
cell-2-4-1 131 334 44 35 
cell-2-4-2 175 334 44 35 
cell-2-4-3 219 334 44 35 
cell-2-4-4 263 334 44 35 
cell-2-5-0 87 381 44 35 
cell-2-5-1 131 381 44 35 
cell-2-5-2 175 381 44 35 
cell-2-5-3 219 381 44 35 
cell-2-5-4 263 381 44 35 
cell-2-6-0 87 428 44 35 
cell-2-6-1 131 428 44 35 
cell-2-6-2 175 428 44 35 
cell-2-6-3 219 428 44 35 
cell-2-6-4 263 428 44 35 
cell-2-7-0 87 475 44 35 
cell-2-7-1 131 475 44 35 
cell-2-7-2 175 475 44 35 
cell-2-7-3 219 475 44 35 
cell-2-7-4 263 475 44 35 
cell-2-8-0 87 522 44 35 
cell-2-8-1 131 522 44 35 
cell-2-8-2 175 522 44 35 
cell-2-8-3 219 522 44 35 
cell-2-8-4 263 522 44 35 
cell-2-9-0 87 569 44 35 
cell-2-9-1 131 569 44 35 
cell-2-9-2 175 569 44 35 
cell-2-9-3 219 569 44 35 
cell-2-9-4 263 569 44 35 
