table-0 406 782 600 342 
cell-0-0-0 406 782 66 33 
cell-0-0-1 472 782 66 33 
cell-0-0-2 538 782 66 33 
cell-0-0-3 604 782 66 33 
cell-0-0-4 670 782 66 33 
cell-0-0-5 736 782 66 33 
cell-0-0-6 802 782 66 33 
cell-0-0-7 868 782 66 33 
cell-0-0-8 934 782 66 33 
cell-0-1-0 406 826 66 33 
cell-0-1-1 472 826 66 33 
cell-0-1-2 538 826 66 33 
cell-0-1-3 604 826 66 33 
cell-0-1-4 670 826 66 33 
cell-0-1-5 736 826 66 33 
cell-0-1-6 802 826 66 33 
cell-0-1-7 868 826 66 33 
cell-0-1-8 934 826 66 33 
cell-0-2-0 406 870 66 33 
cell-0-2-1 472 870 66 33 
cell-0-2-2 538 870 66 33 
cell-0-2-3 604 870 66 33 
cell-0-2-4 670 870 66 33 
cell-0-2-5 736 870 66 33 
cell-0-2-6 802 870 66 33 
cell-0-2-7 868 870 66 33 
cell-0-2-8 934 870 66 33 
cell-0-3-0 406 914 66 33 
cell-0-3-1 472 914 66 33 
cell-0-3-2 538 914 66 33 
cell-0-3-3 604 914 66 33 
cell-0-3-4 670 914 66 33 
cell-0-3-5 736 914 66 33 
cell-0-3-6 802 914 66 33 
cell-0-3-7 868 914 66 33 
cell-0-3-8 934 914 66 33 
cell-0-4-0 406 958 66 33 
cell-0-4-1 472 958 66 33 
cell-0-4-2 538 958 66 33 
cell-0-4-3 604 958 66 33 
cell-0-4-4 670 958 66 33 
cell-0-4-5 736 958 66 33 
cell-0-4-6 802 958 66 33 
cell-0-4-7 868 958 66 33 
cell-0-4-8 934 958 66 33 
cell-0-5-0 406 1002 66 33 
cell-0-5-1 472 1002 66 33 
cell-0-5-2 538 1002 66 33 
cell-0-5-3 604 1002 66 33 
cell-0-5-4 670 1002 66 33 
cell-0-5-5 736 1002 66 33 
cell-0-5-6 802 1002 66 33 
cell-0-5-7 868 1002 66 33 
cell-0-5-8 934 1002 66 33 
cell-0-6-0 406 1046 66 33 
cell-0-6-1 472 1046 66 33 
cell-0-6-2 538 1046 66 33 
cell-0-6-3 604 1046 66 33 
cell-0-6-4 670 1046 66 33 
cell-0-6-5 736 1046 66 33 
cell-0-6-6 802 1046 66 33 
cell-0-6-7 868 1046 66 33 
cell-0-6-8 934 1046 66 33 
cell-0-7-0 406 1090 66 33 
cell-0-7-1 472 1090 66 33 
cell-0-7-2 538 1090 66 33 
cell-0-7-3 604 1090 66 33 
cell-0-7-4 670 1090 66 33 
cell-0-7-5 736 1090 66 33 
cell-0-7-6 802 1090 66 33 
cell-0-7-7 868 1090 66 33 
cell-0-7-8 934 1090 66 33 
table-1 193 292 800 307 
cell-1-0-0 193 292 160 31 
cell-1-0-1 353 292 160 31 
cell-1-0-2 513 292 160 31 
cell-1-0-3 673 292 160 31 
cell-1-0-4 833 292 160 31 
cell-1-1-0 193 331 160 31 
cell-1-1-1 353 331 160 31 
cell-1-1-2 513 331 160 31 
cell-1-1-3 673 331 160 31 
cell-1-1-4 833 331 160 31 
cell-1-2-0 193 370 160 31 
cell-1-2-1 353 370 160 31 
cell-1-2-2 513 370 160 31 
cell-1-2-3 673 370 160 31 
cell-1-2-4 833 370 160 31 
cell-1-3-0 193 409 160 31 
cell-1-3-1 353 409 160 31 
cell-1-3-2 513 409 160 31 
cell-1-3-3 673 409 160 31 
cell-1-3-4 833 409 160 31 
cell-1-4-0 193 448 160 31 
cell-1-4-1 353 448 160 31 
cell-1-4-2 513 448 160 31 
cell-1-4-3 673 448 160 31 
cell-1-4-4 833 448 160 31 
cell-1-5-0 193 487 160 31 
cell-1-5-1 353 487 160 31 
cell-1-5-2 513 487 160 31 
cell-1-5-3 673 487 160 31 
cell-1-5-4 833 487 160 31 
cell-1-6-0 193 526 160 31 
cell-1-6-1 353 526 160 31 
cell-1-6-2 513 526 160 31 
cell-1-6-3 673 526 160 31 
cell-1-6-4 833 526 160 31 
cell-1-7-0 193 565 160 31 
cell-1-7-1 353 565 160 31 
cell-1-7-2 513 565 160 31 
cell-1-7-3 673 565 160 31 
cell-1-7-4 833 565 160 31 
