header-0 294 358 738 195 
row-1-1 294 358 356 41 
row-1-2 670 358 257 41 
row-2-1 294 409 257 41 
row-2-2 571 409 459 41 
row-3-1 294 460 719 41 
row-4-1 294 511 653 41 
table-3 346 847 700 309 
cell-3-0-0 346 847 77 56 
cell-3-0-1 423 847 77 56 
cell-3-0-2 500 847 77 56 
cell-3-0-3 577 847 77 56 
cell-3-0-4 654 847 77 56 
cell-3-0-5 731 847 77 56 
cell-3-0-6 808 847 77 56 
cell-3-0-7 885 847 77 56 
cell-3-0-8 962 847 77 56 
cell-3-1-0 346 910 77 56 
cell-3-1-1 423 910 77 56 
cell-3-1-2 500 910 77 56 
cell-3-1-3 577 910 77 56 
cell-3-1-4 654 910 77 56 
cell-3-1-5 731 910 77 56 
cell-3-1-6 808 910 77 56 
cell-3-1-7 885 910 77 56 
cell-3-1-8 962 910 77 56 
cell-3-2-0 346 973 77 56 
cell-3-2-1 423 973 77 56 
cell-3-2-2 500 973 77 56 
cell-3-2-3 577 973 77 56 
cell-3-2-4 654 973 77 56 
cell-3-2-5 731 973 77 56 
cell-3-2-6 808 973 77 56 
cell-3-2-7 885 973 77 56 
cell-3-2-8 962 973 77 56 
cell-3-3-0 346 1036 77 56 
cell-3-3-1 423 1036 77 56 
cell-3-3-2 500 1036 77 56 
cell-3-3-3 577 1036 77 56 
cell-3-3-4 654 1036 77 56 
cell-3-3-5 731 1036 77 56 
cell-3-3-6 808 1036 77 56 
cell-3-3-7 885 1036 77 56 
cell-3-3-8 962 1036 77 56 
cell-3-4-0 346 1099 77 56 
cell-3-4-1 423 1099 77 56 
cell-3-4-2 500 1099 77 56 
cell-3-4-3 577 1099 77 56 
cell-3-4-4 654 1099 77 56 
cell-3-4-5 731 1099 77 56 
cell-3-4-6 808 1099 77 56 
cell-3-4-7 885 1099 77 56 
cell-3-4-8 962 1099 77 56 
